1476279422237, 10.280000, 10.260000, 100, 10.310000, 300, -1.910000, -0.200000
1476279429245, 10.260000, 10.260000, 100, 10.300000, 100, -2.100000, -0.220000
1476279429733, 10.260000, 10.260000, 100, 10.300000, 100, -2.100000, -0.220000
1476279431277, 10.260000, 10.260000, 100, 10.300000, 100, -2.100000, -0.220000
1476279433252, 10.260000, 10.260000, 100, 10.290000, 300, -2.100000, -0.220000
1476279435238, 10.260000, 10.260000, 100, 10.280000, 100, -2.100000, -0.220000
1476279437257, 10.260000, 10.260000, 200, 10.280000, 200, -2.100000, -0.220000
1476279439263, 10.260000, 10.260000, 200, 10.280000, 200, -2.100000, -0.220000
1476279441250, 10.260000, 10.260000, 200, 10.280000, 200, -2.100000, -0.220000
1476279443242, 10.269900, 10.260000, 200, 10.270000, 600, -2.000000, -0.210100
1476279445253, 10.266000, 10.260000, 200, 10.270000, 600, -2.040000, -0.214000
1476279447258, 10.266000, 10.260000, 200, 10.270000, 600, -2.040000, -0.214000
1476279448764, 10.266000, 10.260000, 200, 10.270000, 600, -2.040000, -0.214000
1476279451255, 10.270000, 10.260000, 200, 10.300000, 100, -2.000000, -0.210000
1476279453290, 10.270000, 10.260000, 200, 10.300000, 100, -2.000000, -0.210000
1476279455249, 10.270000, 10.260000, 200, 10.300000, 100, -2.000000, -0.210000
1476279457252, 10.260000, 10.260000, 100, 10.290000, 600, -2.100000, -0.220000
1476279459259, 10.269400, 10.260000, 100, 10.290000, 600, -2.010000, -0.210600
1476279460756, 10.270000, 10.270000, 100, 10.290000, 600, -2.000000, -0.210000
1476279463271, 10.270000, 10.260000, 100, 10.290000, 600, -2.000000, -0.210000
1476279465259, 10.270000, 10.260000, 100, 10.290000, 600, -2.000000, -0.210000
1476279466743, 10.270000, 10.260000, 100, 10.290000, 600, -2.000000, -0.210000
1476279469261, 10.270000, 10.260000, 100, 10.290000, 600, -2.000000, -0.210000
1476279471270, 10.270000, 10.260000, 100, 10.280000, 100, -2.000000, -0.210000
1476279473254, 10.270000, 10.260000, 100, 10.280000, 100, -2.000000, -0.210000
1476279475260, 10.260000, 10.260000, 100, 10.270000, 300, -2.100000, -0.220000
1476279477262, 10.260000, 10.260000, 100, 10.270000, 300, -2.100000, -0.220000
1476279479265, 10.260000, 10.260000, 100, 10.270000, 300, -2.100000, -0.220000
1476279480753, 10.260000, 10.260000, 100, 10.270000, 300, -2.100000, -0.220000
1476279483254, 10.270000, 10.260000, 100, 10.300000, 100, -2.000000, -0.210000
1476279485270, 10.270000, 10.260000, 100, 10.300000, 100, -2.000000, -0.210000
1476279487266, 10.290000, 10.260000, 100, 10.290000, 500, -1.810000, -0.190000
1476279489265, 10.290000, 10.260000, 100, 10.290000, 500, -1.810000, -0.190000
1476279491259, 10.290000, 10.260000, 100, 10.290000, 500, -1.810000, -0.190000
1476279493267, 10.290000, 10.260000, 100, 10.290000, 500, -1.810000, -0.190000
1476279495268, 10.290000, 10.260000, 100, 10.290000, 500, -1.810000, -0.190000
1476279497271, 10.290000, 10.260000, 100, 10.290000, 500, -1.810000, -0.190000
1476279499774, 10.290000, 10.260000, 100, 10.290000, 500, -1.810000, -0.190000
1476279501268, 10.290000, 10.260000, 100, 10.290000, 500, -1.810000, -0.190000
1476279503272, 10.290000, 10.260000, 100, 10.290000, 500, -1.810000, -0.190000
1476279505653, 10.290000, 10.260000, 100, 10.290000, 500, -1.810000, -0.190000
1476279507659, 10.290000, 10.260000, 100, 10.290000, 500, -1.810000, -0.190000
1476279509653, 10.290000, 10.260000, 200, 10.290000, 500, -1.810000, -0.190000
1476279511692, 10.290000, 10.260000, 200, 10.290000, 500, -1.810000, -0.190000
1476279513663, 10.290000, 10.260000, 200, 10.290000, 500, -1.810000, -0.190000
1476279515669, 10.290000, 10.260000, 200, 10.290000, 500, -1.810000, -0.190000
1476279517702, 10.290000, 10.260000, 200, 10.290000, 500, -1.810000, -0.190000
1476279519669, 10.290000, 10.260000, 200, 10.290000, 500, -1.810000, -0.190000
1476279521666, 10.290000, 10.270000, 100, 10.290000, 500, -1.810000, -0.190000
1476279523684, 10.290000, 10.270000, 100, 10.290000, 500, -1.810000, -0.190000
1476279525683, 10.290000, 10.270000, 100, 10.290000, 500, -1.810000, -0.190000
1476279527175, 10.290000, 10.270000, 100, 10.290000, 500, -1.810000, -0.190000
1476279529676, 10.290000, 10.270000, 100, 10.290000, 500, -1.810000, -0.190000
1476279531674, 10.289000, 10.270000, 100, 10.290000, 500, -1.820000, -0.191000
1476279533705, 10.289000, 10.270000, 100, 10.290000, 500, -1.820000, -0.191000
1476279535665, 10.289000, 10.270000, 100, 10.290000, 500, -1.820000, -0.191000
1476279537684, 10.282000, 10.270000, 100, 10.290000, 500, -1.890000, -0.198000
1476279539676, 10.282000, 10.270000, 100, 10.290000, 500, -1.890000, -0.198000
1476279541673, 10.282000, 10.270000, 100, 10.290000, 500, -1.890000, -0.198000
1476279543181, 10.290000, 10.270000, 100, 10.290000, 500, -1.810000, -0.190000
1476279545689, 10.290000, 10.270000, 100, 10.290000, 500, -1.810000, -0.190000
1476279549682, 10.290000, 10.270000, 100, 10.290000, 500, -1.810000, -0.190000
1476279551701, 10.290000, 10.270000, 100, 10.290000, 500, -1.810000, -0.190000
1476279553689, 10.290000, 10.270000, 100, 10.290000, 500, -1.810000, -0.190000
1476279555691, 10.290000, 10.270000, 200, 10.290000, 500, -1.810000, -0.190000
1476279557189, 10.290000, 10.270000, 200, 10.290000, 500, -1.810000, -0.190000
1476279559682, 10.290000, 10.270000, 200, 10.290000, 500, -1.810000, -0.190000
1476279561733, 10.270000, 10.260000, 200, 10.280000, 100, -2.000000, -0.210000
1476279563691, 10.270000, 10.260000, 200, 10.280000, 100, -2.000000, -0.210000
1476279565691, 10.270000, 10.260000, 200, 10.280000, 100, -2.000000, -0.210000
1476279567696, 10.260000, 10.260000, 100, 10.280000, 100, -2.100000, -0.220000
1476279568686, 10.260000, 10.260000, 100, 10.280000, 100, -2.100000, -0.220000
1476279571225, 10.260000, 10.260000, 100, 10.270000, 300, -2.100000, -0.220000
1476279573693, 10.260000, 10.260000, 100, 10.270000, 300, -2.100000, -0.220000
1476279575695, 10.260000, 10.260000, 100, 10.270000, 300, -2.100000, -0.220000
1476279577693, 10.260000, 10.260000, 200, 10.270000, 300, -2.100000, -0.220000
1476279579701, 10.260000, 10.260000, 200, 10.270000, 300, -2.100000, -0.220000
1476279581712, 10.270000, 10.260000, 200, 10.270000, 300, -2.000000, -0.210000
1476279583729, 10.280000, 10.280000, 100, 10.300000, 100, -1.910000, -0.200000
1476279585688, 10.280000, 10.280000, 100, 10.300000, 100, -1.910000, -0.200000
1476279587704, 10.280000, 10.280000, 100, 10.300000, 100, -1.910000, -0.200000
1476279589700, 10.280000, 10.270000, 100, 10.300000, 400, -1.910000, -0.200000
1476279591696, 10.280000, 10.280000, 200, 10.300000, 300, -1.910000, -0.200000
1476279593237, 10.280000, 10.280000, 200, 10.300000, 300, -1.910000, -0.200000
1476279595208, 10.280000, 10.280000, 200, 10.300000, 300, -1.910000, -0.200000
1476279597716, 10.280000, 10.280000, 100, 10.300000, 300, -1.910000, -0.200000
1476279599205, 10.280000, 10.280000, 100, 10.300000, 300, -1.910000, -0.200000
1476279601705, 10.280000, 10.280000, 100, 10.300000, 300, -1.910000, -0.200000
1476279603710, 10.280000, 10.280000, 100, 10.300000, 300, -1.910000, -0.200000
1476279605770, 10.280000, 10.280000, 100, 10.300000, 300, -1.910000, -0.200000
1476279607707, 10.280000, 10.280000, 100, 10.300000, 300, -1.910000, -0.200000
1476279609740, 10.280000, 10.280000, 100, 10.300000, 300, -1.910000, -0.200000
1476279611719, 10.280000, 10.280000, 100, 10.300000, 300, -1.910000, -0.200000
1476279613713, 10.280000, 10.280000, 100, 10.300000, 300, -1.910000, -0.200000
1476279615713, 10.280000, 10.280000, 100, 10.300000, 300, -1.910000, -0.200000
1476279617216, 10.280000, 10.280000, 100, 10.300000, 300, -1.910000, -0.200000
1476279619711, 10.280000, 10.280000, 100, 10.300000, 300, -1.910000, -0.200000
1476279621711, 10.280000, 10.280000, 100, 10.300000, 300, -1.910000, -0.200000
1476279623717, 10.280000, 10.270000, 100, 10.300000, 300, -1.910000, -0.200000
1476279624718, 10.280000, 10.270000, 100, 10.300000, 300, -1.910000, -0.200000
1476279627730, 10.280000, 10.270000, 300, 10.300000, 300, -1.910000, -0.200000
1476279629261, 10.280000, 10.270000, 300, 10.300000, 300, -1.910000, -0.200000
1476279631721, 10.270000, 10.260000, 300, 10.290000, 200, -2.000000, -0.210000
1476279633235, 10.270000, 10.260000, 300, 10.290000, 100, -2.000000, -0.210000
1476279635219, 10.270000, 10.260000, 200, 10.290000, 100, -2.000000, -0.210000
1476279636218, 10.270000, 10.260000, 200, 10.290000, 100, -2.000000, -0.210000
1476279639733, 10.270000, 10.260000, 200, 10.290000, 100, -2.000000, -0.210000
1476279641733, 10.270000, 10.260000, 200, 10.280000, 200, -2.000000, -0.210000
1476279643736, 10.270000, 10.260000, 200, 10.280000, 200, -2.000000, -0.210000
1476279645778, 10.280000, 10.270000, 600, 10.290000, 100, -1.910000, -0.200000
1476279647718, 10.319000, 10.270000, 200, 10.320000, 900, -1.540000, -0.161000
1476279649734, 10.319000, 10.270000, 200, 10.320000, 900, -1.540000, -0.161000
1476279651727, 10.319000, 10.270000, 100, 10.320000, 900, -1.540000, -0.161000
1476279653727, 10.319000, 10.270000, 100, 10.320000, 900, -1.540000, -0.161000
1476279655764, 10.319000, 10.270000, 400, 10.320000, 100, -1.540000, -0.161000
1476279657730, 10.319000, 10.270000, 400, 10.320000, 100, -1.540000, -0.161000
1476279659728, 10.319000, 10.270000, 400, 10.320000, 100, -1.540000, -0.161000
1476279661736, 10.319000, 10.270000, 400, 10.320000, 100, -1.540000, -0.161000
1476279663731, 10.319000, 10.270000, 400, 10.320000, 100, -1.540000, -0.161000
1476279665739, 10.319000, 10.300000, 200, 10.330000, 1300, -1.540000, -0.161000
1476279667731, 10.319000, 10.300000, 200, 10.330000, 1400, -1.540000, -0.161000
1476279669761, 10.400000, 10.330000, 400, 10.410000, 200, -0.760000, -0.080000
1476279671225, 10.400000, 10.330000, 400, 10.410000, 200, -0.760000, -0.080000
1476279673729, 10.400000, 10.330000, 400, 10.410000, 200, -0.760000, -0.080000
1476279675742, 10.400000, 10.330000, 400, 10.410000, 200, -0.760000, -0.080000
1476279676736, 10.400000, 10.340000, 400, 10.440000, 200, -0.760000, -0.080000
1476279679738, 10.400000, 10.350000, 400, 10.440000, 200, -0.760000, -0.080000
1476279681744, 10.400000, 10.350000, 500, 10.440000, 200, -0.760000, -0.080000
1476279683754, 10.400000, 10.350000, 500, 10.440000, 200, -0.760000, -0.080000
1476279684771, 10.400000, 10.350000, 500, 10.440000, 200, -0.760000, -0.080000
1476279687737, 10.400000, 10.350000, 500, 10.440000, 200, -0.760000, -0.080000
1476279689752, 10.400000, 10.350000, 500, 10.440000, 200, -0.760000, -0.080000
1476279691254, 10.400000, 10.350000, 500, 10.440000, 200, -0.760000, -0.080000
1476279693768, 10.400000, 10.350000, 500, 10.440000, 200, -0.760000, -0.080000
1476279695748, 10.400000, 10.350000, 500, 10.440000, 200, -0.760000, -0.080000
1476279697781, 10.400000, 10.350000, 500, 10.440000, 200, -0.760000, -0.080000
1476279699753, 10.400000, 10.350000, 500, 10.440000, 200, -0.760000, -0.080000
1476279701247, 10.400000, 10.350000, 500, 10.440000, 200, -0.760000, -0.080000
1476279703741, 10.400000, 10.350000, 500, 10.440000, 200, -0.760000, -0.080000
1476279705246, 10.400000, 10.350000, 500, 10.440000, 200, -0.760000, -0.080000
1476279707749, 10.400000, 10.350000, 500, 10.440000, 200, -0.760000, -0.080000
1476279709787, 10.400000, 10.350000, 400, 10.440000, 200, -0.760000, -0.080000
1476279711780, 10.400000, 10.350000, 400, 10.440000, 200, -0.760000, -0.080000
1476279713772, 10.400000, 10.350000, 400, 10.440000, 200, -0.760000, -0.080000
1476279715737, 10.400000, 10.350000, 400, 10.440000, 200, -0.760000, -0.080000
1476279717739, 10.400000, 10.350000, 400, 10.440000, 200, -0.760000, -0.080000
1476279719776, 10.400000, 10.350000, 400, 10.440000, 200, -0.760000, -0.080000
1476279721762, 10.400000, 10.350000, 400, 10.440000, 200, -0.760000, -0.080000
1476279723762, 10.400000, 10.350000, 300, 10.440000, 200, -0.760000, -0.080000
1476279725785, 10.400000, 10.350000, 300, 10.440000, 200, -0.760000, -0.080000
1476279727293, 10.400000, 10.350000, 300, 10.440000, 200, -0.760000, -0.080000
1476279729744, 10.429100, 10.350000, 300, 10.440000, 200, -0.490000, -0.050900
1476279731778, 10.429100, 10.350000, 300, 10.440000, 200, -0.490000, -0.050900
1476279733766, 10.429100, 10.350000, 300, 10.440000, 500, -0.490000, -0.050900
1476279735266, 10.429100, 10.350000, 300, 10.440000, 500, -0.490000, -0.050900
1476279737755, 10.429100, 10.350000, 300, 10.440000, 400, -0.490000, -0.050900
1476279739759, 10.439900, 10.350000, 500, 10.440000, 400, -0.380000, -0.040100
1476279741777, 10.439900, 10.350000, 500, 10.440000, 400, -0.380000, -0.040100
1476279743253, 10.439900, 10.350000, 500, 10.440000, 400, -0.380000, -0.040100
1476279745770, 10.439900, 10.350000, 300, 10.440000, 400, -0.380000, -0.040100
1476279747778, 10.540000, 10.450000, 300, 10.530000, 100, 0.570000, 0.060000
1476279749270, 10.540000, 10.450000, 300, 10.530000, 1000, 0.570000, 0.060000
1476279751769, 10.540000, 10.450000, 300, 10.530000, 1000, 0.570000, 0.060000
1476279753773, 10.540000, 10.440000, 300, 10.520000, 100, 0.570000, 0.060000
1476279755800, 10.430000, 10.420000, 400, 10.500000, 200, -0.480000, -0.050000
1476279757791, 10.450000, 10.420000, 400, 10.460000, 100, -0.290000, -0.030000
1476279759778, 10.420000, 10.420000, 300, 10.450000, 100, -0.570000, -0.060000
1476279760772, 10.360000, 10.350000, 100, 10.410000, 100, -1.150000, -0.120000
1476279763273, 10.340000, 10.310000, 300, 10.370000, 100, -1.340000, -0.140000
1476279765266, 10.340000, 10.310000, 300, 10.370000, 100, -1.340000, -0.140000
1476279767160, 10.340000, 10.310000, 300, 10.370000, 100, -1.340000, -0.140000
1476279769672, 10.340000, 10.310000, 400, 10.370000, 100, -1.340000, -0.140000
1476279771698, 10.340000, 10.310000, 400, 10.370000, 100, -1.340000, -0.140000
1476279773666, 10.500000, 10.500000, 41700, 10.510000, 100, 0.190000, 0.020000
1476279775666, 10.510000, 10.500000, 41700, 10.570000, 100, 0.290000, 0.030000
1476279777165, 10.510000, 10.500000, 41700, 10.570000, 300, 0.290000, 0.030000
1476279779664, 10.570000, 10.510000, 200, 10.580000, 400, 0.860000, 0.090000
1476279781670, 10.600000, 10.600000, 1800, 10.670000, 200, 1.150000, 0.120000
1476279783669, 10.660000, 10.600000, 1700, 10.670000, 400, 1.720000, 0.180000
1476279785672, 10.660000, 10.600000, 1700, 10.640000, 100, 1.720000, 0.180000
1476279787667, 10.570000, 10.530000, 400, 10.620000, 100, 0.860000, 0.090000
1476279789671, 10.570000, 10.540000, 100, 10.620000, 200, 0.860000, 0.090000
1476279791674, 10.570000, 10.540000, 100, 10.620000, 200, 0.860000, 0.090000
1476279793663, 10.840000, 10.750000, 32500, 10.820000, 200, 3.440000, 0.360000
1476279795673, 10.850000, 10.760000, 200, 10.840000, 2000, 3.530000, 0.370000
1476279797669, 10.850000, 10.760000, 100, 10.840000, 2000, 3.530000, 0.370000
1476279799678, 10.819900, 10.760000, 100, 10.820000, 100, 3.240000, 0.339900
1476279801674, 10.819900, 10.760000, 100, 10.820000, 100, 3.240000, 0.339900
1476279803685, 10.860000, 10.760000, 300, 10.840000, 200, 3.630000, 0.380000
1476279805677, 10.860000, 10.760000, 300, 10.840000, 200, 3.630000, 0.380000
1476279807683, 10.830000, 10.720000, 100, 10.840000, 200, 3.340000, 0.350000
1476279809733, 10.830000, 10.720000, 100, 10.840000, 200, 3.340000, 0.350000
1476279811682, 10.830000, 10.720000, 100, 10.830000, 400, 3.340000, 0.350000
1476279813703, 10.830000, 10.720000, 100, 10.830000, 400, 3.340000, 0.350000
1476279815675, 10.830000, 10.720000, 100, 10.830000, 400, 3.340000, 0.350000
1476279817688, 10.830000, 10.720000, 100, 10.830000, 400, 3.340000, 0.350000
1476279819683, 10.830000, 10.720000, 100, 10.830000, 400, 3.340000, 0.350000
1476279821675, 10.830000, 10.720000, 100, 10.830000, 400, 3.340000, 0.350000
1476279823686, 10.830000, 10.700000, 100, 10.780000, 400, 3.340000, 0.350000
1476279825758, 10.830000, 10.700000, 100, 10.780000, 400, 3.340000, 0.350000
1476279827723, 10.640000, 10.500000, 100, 10.690000, 400, 1.530000, 0.160000
1476279829691, 10.663200, 10.490000, 1000, 10.680000, 200, 1.750000, 0.183200
1476279831671, 10.663200, 10.490000, 1100, 10.680000, 200, 1.750000, 0.183200
1476279833694, 10.663200, 10.490000, 1100, 10.680000, 900, 1.750000, 0.183200
1476279835688, 10.556300, 10.490000, 600, 10.650000, 100, 0.730000, 0.076300
1476279837192, 10.556300, 10.490000, 600, 10.650000, 100, 0.730000, 0.076300
1476279839702, 10.556300, 10.490000, 100, 10.620000, 300, 0.730000, 0.076300
1476279841724, 10.556300, 10.490000, 500, 10.620000, 300, 0.730000, 0.076300
1476279843700, 10.556300, 10.490000, 100, 10.620000, 1000, 0.730000, 0.076300
1476279845192, 10.556300, 10.490000, 100, 10.620000, 1000, 0.730000, 0.076300
1476279847198, 10.556300, 10.490000, 100, 10.620000, 1000, 0.730000, 0.076300
1476279849710, 10.750000, 10.560000, 200, 10.770000, 700, 2.580000, 0.270000
1476279851755, 10.750000, 10.590000, 100, 10.770000, 700, 2.580000, 0.270000
1476279853722, 10.750000, 10.590000, 100, 10.760000, 400, 2.580000, 0.270000
1476279855221, 10.750000, 10.570000, 300, 10.760000, 1000, 2.580000, 0.270000
1476279856695, 10.750000, 10.730000, 200, 10.760000, 200, 2.580000, 0.270000
1476279859700, 10.770000, 10.690000, 400, 10.770000, 200, 2.770000, 0.290000
1476279860714, 10.692500, 10.690000, 400, 10.770000, 200, 2.030000, 0.212500
1476279863698, 10.754000, 10.730000, 100, 10.770000, 200, 2.610000, 0.274000
1476279865685, 10.755000, 10.690000, 200, 10.760000, 100, 2.620000, 0.275000
1476279867708, 10.750000, 10.690000, 200, 10.760000, 100, 2.580000, 0.270000
1476279869735, 10.750000, 10.690000, 200, 10.760000, 100, 2.580000, 0.270000
1476279871709, 10.750000, 10.690000, 200, 10.760000, 100, 2.580000, 0.270000
1476279873692, 10.750000, 10.690000, 200, 10.760000, 100, 2.580000, 0.270000
1476279875710, 10.750000, 10.690000, 200, 10.760000, 100, 2.580000, 0.270000
1476279877708, 10.750000, 10.690000, 200, 10.760000, 100, 2.580000, 0.270000
1476279879699, 10.750000, 10.690000, 200, 10.760000, 100, 2.580000, 0.270000
1476279881717, 10.728500, 10.690000, 200, 10.760000, 100, 2.370000, 0.248500
1476279883728, 10.728500, 10.690000, 200, 10.760000, 100, 2.370000, 0.248500
1476279885711, 10.728500, 10.690000, 200, 10.760000, 100, 2.370000, 0.248500
1476279887709, 10.690000, 10.590000, 100, 10.740000, 600, 2.000000, 0.210000
1476279888713, 10.690000, 10.560000, 200, 10.740000, 600, 2.000000, 0.210000
1476279891700, 10.689600, 10.560000, 200, 10.740000, 600, 2.000000, 0.209600
1476279893689, 10.689600, 10.570000, 400, 10.740000, 600, 2.000000, 0.209600
1476279895711, 10.689600, 10.570000, 500, 10.740000, 600, 2.000000, 0.209600
1476279897696, 10.689600, 10.570000, 700, 10.740000, 600, 2.000000, 0.209600
1476279898715, 10.689600, 10.570000, 700, 10.740000, 600, 2.000000, 0.209600
1476279901712, 10.689600, 10.570000, 400, 10.740000, 600, 2.000000, 0.209600
1476279903717, 10.689600, 10.580000, 400, 10.730000, 700, 2.000000, 0.209600
1476279905719, 10.689600, 10.580000, 400, 10.730000, 700, 2.000000, 0.209600
1476279907709, 10.689600, 10.580000, 400, 10.730000, 700, 2.000000, 0.209600
1476279909765, 10.689600, 10.580000, 400, 10.730000, 700, 2.000000, 0.209600
1476279911714, 10.689600, 10.580000, 400, 10.720000, 200, 2.000000, 0.209600
1476279913720, 10.630000, 10.600000, 400, 10.720000, 100, 1.430000, 0.150000
1476279915727, 10.660000, 10.600000, 500, 10.720000, 100, 1.720000, 0.180000
1476279917712, 10.660000, 10.600000, 500, 10.720000, 100, 1.720000, 0.180000
1476279919713, 10.660000, 10.600000, 500, 10.720000, 100, 1.720000, 0.180000
1476279921720, 10.660000, 10.620000, 200, 10.720000, 100, 1.720000, 0.180000
1476279923726, 10.670000, 10.620000, 200, 10.710000, 300, 1.810000, 0.190000
1476279925734, 10.670000, 10.620000, 300, 10.710000, 300, 1.810000, 0.190000
1476279927715, 10.670000, 10.620000, 300, 10.710000, 300, 1.810000, 0.190000
1476279929725, 10.670000, 10.640000, 200, 10.710000, 300, 1.810000, 0.190000
1476279931722, 10.670000, 10.640000, 200, 10.710000, 300, 1.810000, 0.190000
1476279933730, 10.800000, 10.650000, 500, 10.810000, 300, 3.050000, 0.320000
1476279935730, 10.850000, 10.680000, 300, 10.810000, 300, 3.530000, 0.370000
1476279937222, 10.850000, 10.690000, 100, 10.810000, 300, 3.530000, 0.370000
1476279939763, 10.705000, 10.680000, 400, 10.810000, 300, 2.150000, 0.225000
1476279941732, 10.755000, 10.700000, 300, 10.810000, 300, 2.620000, 0.275000
1476279943744, 10.755000, 10.700000, 200, 10.810000, 300, 2.620000, 0.275000
1476279945229, 10.755000, 10.700000, 400, 10.810000, 300, 2.620000, 0.275000
1476279947767, 10.755000, 10.700000, 400, 10.810000, 300, 2.620000, 0.275000
1476279949727, 10.755000, 10.720000, 200, 10.810000, 300, 2.620000, 0.275000
1476279951747, 10.755000, 10.720000, 200, 10.810000, 300, 2.620000, 0.275000
1476279953751, 10.755000, 10.720000, 200, 10.810000, 300, 2.620000, 0.275000
1476279955229, 10.755000, 10.720000, 200, 10.810000, 300, 2.620000, 0.275000
1476279957720, 10.755100, 10.720000, 300, 10.810000, 300, 2.630000, 0.275100
1476279959743, 10.755100, 10.720000, 200, 10.810000, 300, 2.630000, 0.275100
1476279961729, 10.755100, 10.720000, 200, 10.810000, 300, 2.630000, 0.275100
1476279963236, 10.755100, 10.740000, 200, 10.810000, 300, 2.630000, 0.275100
1476279965760, 10.755100, 10.740000, 200, 10.810000, 300, 2.630000, 0.275100
1476279967765, 10.755100, 10.740000, 200, 10.810000, 300, 2.630000, 0.275100
1476279969744, 10.748800, 10.690000, 400, 10.810000, 300, 2.560000, 0.268800
1476279971741, 10.800000, 10.740000, 1000, 10.810000, 200, 3.050000, 0.320000
1476279973757, 10.770000, 10.740000, 1000, 10.810000, 200, 2.770000, 0.290000
1476279975749, 10.770000, 10.740000, 1000, 10.810000, 200, 2.770000, 0.290000
1476279977244, 10.770000, 10.740000, 1000, 10.810000, 200, 2.770000, 0.290000
1476279979751, 10.770000, 10.740000, 1000, 10.810000, 200, 2.770000, 0.290000
1476279981799, 10.770000, 10.740000, 1000, 10.810000, 200, 2.770000, 0.290000
1476279983766, 10.770000, 10.740000, 1000, 10.810000, 200, 2.770000, 0.290000
1476279985791, 10.770000, 10.740000, 1000, 10.810000, 200, 2.770000, 0.290000
1476279987249, 10.770000, 10.740000, 1000, 10.810000, 200, 2.770000, 0.290000
1476279989756, 10.770000, 10.750000, 300, 10.810000, 200, 2.770000, 0.290000
1476279991764, 10.770000, 10.750000, 300, 10.810000, 300, 2.770000, 0.290000
1476279993787, 10.770000, 10.750000, 300, 10.810000, 100, 2.770000, 0.290000
1476279995745, 10.790200, 10.750000, 300, 10.810000, 100, 2.960000, 0.310200
1476279997838, 10.790200, 10.740000, 1000, 10.810000, 100, 2.960000, 0.310200
1476279999751, 10.790200, 10.750000, 400, 10.800000, 200, 2.960000, 0.310200
1476280001762, 10.790200, 10.750000, 400, 10.800000, 200, 2.960000, 0.310200
1476280003744, 10.790200, 10.750000, 400, 10.800000, 200, 2.960000, 0.310200
1476280005753, 10.790200, 10.750000, 400, 10.800000, 200, 2.960000, 0.310200
1476280007760, 10.790200, 10.740000, 1000, 10.800000, 200, 2.960000, 0.310200
1476280009762, 10.790200, 10.750000, 200, 10.800000, 200, 2.960000, 0.310200
1476280011794, 10.790200, 10.750000, 200, 10.800000, 200, 2.960000, 0.310200
1476280013770, 10.790200, 10.750000, 200, 10.800000, 200, 2.960000, 0.310200
1476280015762, 10.790200, 10.750000, 200, 10.800000, 200, 2.960000, 0.310200
1476280017753, 10.790200, 10.740000, 1000, 10.800000, 400, 2.960000, 0.310200
1476280019766, 10.790200, 10.740000, 1000, 10.800000, 400, 2.960000, 0.310200
1476280021770, 10.790200, 10.740000, 1000, 10.800000, 400, 2.960000, 0.310200
1476280023764, 10.790200, 10.740000, 1000, 10.800000, 400, 2.960000, 0.310200
1476280025812, 10.790200, 10.740000, 1000, 10.800000, 200, 2.960000, 0.310200
1476280027786, 10.790200, 10.740000, 1000, 10.800000, 200, 2.960000, 0.310200
1476280029766, 10.790200, 10.740000, 1000, 10.800000, 100, 2.960000, 0.310200
1476280031770, 10.790200, 10.740000, 1000, 10.800000, 100, 2.960000, 0.310200
1476280033760, 10.790200, 10.740000, 1000, 10.770000, 100, 2.960000, 0.310200
1476280035792, 10.761500, 10.740000, 1000, 10.770000, 100, 2.690000, 0.281500
1476280037660, 10.761500, 10.740000, 1000, 10.770000, 400, 2.690000, 0.281500
1476280039160, 10.761500, 10.740000, 1000, 10.770000, 200, 2.690000, 0.281500
1476280041667, 10.761500, 10.740000, 1000, 10.770000, 200, 2.690000, 0.281500
1476280043658, 10.761500, 10.740000, 1000, 10.770000, 200, 2.690000, 0.281500
1476280045663, 10.761500, 10.740000, 1000, 10.770000, 200, 2.690000, 0.281500
1476280047666, 10.783800, 10.740000, 1000, 10.800000, 100, 2.900000, 0.303800
1476280049664, 10.783800, 10.740000, 1000, 10.790000, 200, 2.900000, 0.303800
1476280051669, 10.783800, 10.740000, 1000, 10.790000, 200, 2.900000, 0.303800
1476280053685, 10.783800, 10.740000, 1000, 10.790000, 300, 2.900000, 0.303800
1476280055664, 10.783800, 10.740000, 1000, 10.790000, 300, 2.900000, 0.303800
1476280057672, 10.783800, 10.740000, 1000, 10.790000, 300, 2.900000, 0.303800
1476280059668, 10.783800, 10.740000, 1000, 10.790000, 300, 2.900000, 0.303800
1476280061173, 10.783800, 10.740000, 1000, 10.790000, 300, 2.900000, 0.303800
1476280063683, 10.783800, 10.740000, 1000, 10.790000, 300, 2.900000, 0.303800
1476280065677, 10.783800, 10.740000, 1000, 10.790000, 300, 2.900000, 0.303800
1476280067690, 10.783800, 10.700000, 300, 10.790000, 300, 2.900000, 0.303800
1476280069677, 10.783800, 10.670000, 400, 10.770000, 200, 2.900000, 0.303800
1476280071678, 10.783800, 10.670000, 400, 10.760000, 300, 2.900000, 0.303800
1476280073170, 10.783800, 10.680000, 800, 10.750000, 100, 2.900000, 0.303800
1476280075685, 10.783800, 10.680000, 800, 10.750000, 100, 2.900000, 0.303800
1476280077681, 10.783800, 10.680000, 800, 10.750000, 200, 2.900000, 0.303800
1476280079178, 10.783800, 10.680000, 800, 10.750000, 200, 2.900000, 0.303800
1476280081711, 10.783800, 10.700000, 400, 10.750000, 200, 2.900000, 0.303800
1476280083682, 10.720000, 10.710000, 100, 10.750000, 300, 2.290000, 0.240000
1476280085683, 10.720000, 10.700000, 400, 10.720000, 100, 2.290000, 0.240000
1476280087685, 10.620000, 10.620000, 300, 10.690000, 100, 1.340000, 0.140000
1476280089185, 10.620000, 10.610000, 300, 10.690000, 200, 1.340000, 0.140000
1476280091684, 10.620000, 10.630000, 200, 10.690000, 200, 1.340000, 0.140000
1476280093761, 10.620000, 10.630000, 300, 10.690000, 200, 1.340000, 0.140000
1476280095694, 10.620000, 10.630000, 400, 10.690000, 400, 1.340000, 0.140000
1476280097683, 10.620000, 10.630000, 300, 10.690000, 400, 1.340000, 0.140000
1476280099690, 10.620000, 10.630000, 300, 10.690000, 400, 1.340000, 0.140000
1476280101694, 10.620000, 10.630000, 300, 10.690000, 400, 1.340000, 0.140000
1476280103691, 10.620000, 10.630000, 300, 10.690000, 400, 1.340000, 0.140000
1476280105187, 10.620000, 10.600000, 100, 10.690000, 400, 1.340000, 0.140000
1476280107687, 10.645000, 10.600000, 300, 10.690000, 400, 1.570000, 0.165000
1476280109725, 10.645000, 10.590000, 200, 10.690000, 400, 1.570000, 0.165000
1476280111705, 10.645000, 10.610000, 300, 10.690000, 400, 1.570000, 0.165000
1476280113696, 10.645000, 10.610000, 300, 10.690000, 400, 1.570000, 0.165000
1476280115687, 10.645000, 10.600000, 300, 10.670000, 300, 1.570000, 0.165000
1476280117685, 10.645000, 10.600000, 300, 10.670000, 300, 1.570000, 0.165000
1476280119703, 10.645000, 10.600000, 300, 10.670000, 300, 1.570000, 0.165000
1476280121691, 10.616900, 10.570000, 300, 10.670000, 300, 1.310000, 0.136900
1476280123717, 10.616900, 10.590000, 300, 10.670000, 300, 1.310000, 0.136900
1476280125734, 10.670000, 10.600000, 300, 10.680000, 100, 1.810000, 0.190000
1476280127744, 10.670000, 10.600000, 500, 10.680000, 100, 1.810000, 0.190000
1476280129702, 10.670000, 10.610000, 200, 10.680000, 200, 1.810000, 0.190000
1476280131203, 10.670000, 10.610000, 200, 10.680000, 200, 1.810000, 0.190000
1476280131203, 10.670000, 10.610000, 200, 10.680000, 200, 1.810000, 0.190000
1476280135690, 10.670000, 10.610000, 400, 10.680000, 200, 1.810000, 0.190000
1476280137245, 10.670000, 10.610000, 300, 10.680000, 200, 1.810000, 0.190000
1476280139756, 10.670000, 10.610000, 300, 10.680000, 200, 1.810000, 0.190000
1476280141707, 10.670000, 10.610000, 300, 10.680000, 200, 1.810000, 0.190000
1476280143728, 10.670000, 10.660000, 500, 10.680000, 200, 1.810000, 0.190000
1476280145207, 10.670000, 10.660000, 500, 10.680000, 200, 1.810000, 0.190000
1476280146719, 10.670000, 10.660000, 500, 10.680000, 200, 1.810000, 0.190000
1476280149204, 10.670000, 10.660000, 500, 10.680000, 200, 1.810000, 0.190000
1476280150700, 10.670000, 10.660000, 500, 10.680000, 200, 1.810000, 0.190000
1476280153715, 10.610000, 10.600000, 400, 10.680000, 200, 1.240000, 0.130000
1476280155720, 10.610000, 10.600000, 100, 10.680000, 100, 1.240000, 0.130000
1476280157719, 10.610000, 10.600000, 100, 10.680000, 100, 1.240000, 0.130000
1476280159719, 10.610000, 10.600000, 100, 10.680000, 100, 1.240000, 0.130000
1476280161714, 10.610000, 10.600000, 100, 10.680000, 100, 1.240000, 0.130000
1476280163714, 10.610000, 10.600000, 100, 10.680000, 200, 1.240000, 0.130000
1476280165713, 10.610000, 10.620000, 300, 10.680000, 200, 1.240000, 0.130000
1476280167710, 10.610000, 10.620000, 300, 10.680000, 200, 1.240000, 0.130000
1476280169720, 10.670000, 10.610000, 1400, 10.670000, 200, 1.810000, 0.190000
1476280171718, 10.670000, 10.610000, 1400, 10.670000, 200, 1.810000, 0.190000
1476280173735, 10.670000, 10.610000, 1000, 10.670000, 300, 1.810000, 0.190000
1476280175731, 10.670000, 10.620000, 1300, 10.670000, 200, 1.810000, 0.190000
1476280177219, 10.670000, 10.630000, 300, 10.670000, 200, 1.810000, 0.190000
1476280179221, 10.670000, 10.630000, 300, 10.670000, 200, 1.810000, 0.190000
1476280181708, 10.670000, 10.630000, 300, 10.670000, 200, 1.810000, 0.190000
1476280183223, 10.670000, 10.630000, 300, 10.670000, 200, 1.810000, 0.190000
1476280185736, 10.670000, 10.630000, 300, 10.660000, 400, 1.810000, 0.190000
1476280187227, 10.670000, 10.630000, 300, 10.660000, 500, 1.810000, 0.190000
1476280189731, 10.670000, 10.610000, 300, 10.660000, 500, 1.810000, 0.190000
1476280191738, 10.670000, 10.630000, 200, 10.660000, 500, 1.810000, 0.190000
1476280193730, 10.670000, 10.630000, 200, 10.660000, 500, 1.810000, 0.190000
1476280195252, 10.670000, 10.630000, 200, 10.660000, 500, 1.810000, 0.190000
1476280197780, 10.670000, 10.630000, 200, 10.660000, 500, 1.810000, 0.190000
1476280199730, 10.670000, 10.600000, 400, 10.660000, 500, 1.810000, 0.190000
1476280201727, 10.670000, 10.600000, 400, 10.660000, 500, 1.810000, 0.190000
1476280203735, 10.670000, 10.600000, 300, 10.660000, 500, 1.810000, 0.190000
1476280205734, 10.660000, 10.620000, 300, 10.670000, 100, 1.720000, 0.180000
1476280207229, 10.660000, 10.620000, 300, 10.670000, 100, 1.720000, 0.180000
1476280209760, 10.669900, 10.660000, 100, 10.670000, 100, 1.810000, 0.189900
1476280211749, 10.669900, 10.660000, 100, 10.670000, 900, 1.810000, 0.189900
1476280213730, 10.660000, 10.660000, 100, 10.670000, 200, 1.720000, 0.180000
1476280215233, 10.660000, 10.660000, 100, 10.670000, 200, 1.720000, 0.180000
1476280217712, 10.660000, 10.660000, 100, 10.670000, 200, 1.720000, 0.180000
1476280219236, 10.660000, 10.660000, 100, 10.670000, 200, 1.720000, 0.180000
1476280221742, 10.670000, 10.660000, 100, 10.690000, 300, 1.810000, 0.190000
1476280223757, 10.670000, 10.670000, 100, 10.690000, 300, 1.810000, 0.190000
1476280225290, 10.670000, 10.670000, 100, 10.690000, 300, 1.810000, 0.190000
1476280227730, 10.670000, 10.660000, 100, 10.680000, 100, 1.810000, 0.190000
1476280229243, 10.670000, 10.660000, 100, 10.680000, 100, 1.810000, 0.190000
1476280231738, 10.670000, 10.660000, 100, 10.680000, 500, 1.810000, 0.190000
1476280233754, 10.670000, 10.660000, 100, 10.670000, 300, 1.810000, 0.190000
1476280235743, 10.670000, 10.660000, 100, 10.670000, 300, 1.810000, 0.190000
1476280237239, 10.660000, 10.600000, 400, 10.670000, 300, 1.720000, 0.180000
1476280239253, 10.660000, 10.600000, 500, 10.660000, 200, 1.720000, 0.180000
1476280241256, 10.660000, 10.600000, 500, 10.660000, 200, 1.720000, 0.180000
1476280242745, 10.660000, 10.620000, 300, 10.660000, 200, 1.720000, 0.180000
1476280245251, 10.660000, 10.620000, 300, 10.660000, 200, 1.720000, 0.180000
1476280247744, 10.660000, 10.630000, 100, 10.660000, 200, 1.720000, 0.180000
1476280249727, 10.660000, 10.630000, 100, 10.660000, 600, 1.720000, 0.180000
1476280251747, 10.650000, 10.650000, 100, 10.660000, 600, 1.620000, 0.170000
1476280253251, 10.650000, 10.650000, 100, 10.660000, 600, 1.620000, 0.170000
1476280255773, 10.650000, 10.650000, 100, 10.660000, 600, 1.620000, 0.170000
1476280257754, 10.650000, 10.650000, 300, 10.660000, 600, 1.620000, 0.170000
1476280259779, 10.650000, 10.650000, 300, 10.660000, 600, 1.620000, 0.170000
1476280261759, 10.650000, 10.650000, 300, 10.660000, 600, 1.620000, 0.170000
1476280263766, 10.650000, 10.650000, 100, 10.660000, 600, 1.620000, 0.170000
1476280265249, 10.650000, 10.650000, 100, 10.660000, 600, 1.620000, 0.170000
1476280267312, 10.650100, 10.650000, 200, 10.660000, 600, 1.620000, 0.170100
1476280269301, 10.650100, 10.650000, 200, 10.660000, 600, 1.620000, 0.170100
1476280271784, 10.650100, 10.650000, 200, 10.660000, 600, 1.620000, 0.170100
1476280273775, 10.650100, 10.650000, 300, 10.660000, 600, 1.620000, 0.170100
1476280275772, 10.650100, 10.650000, 300, 10.660000, 600, 1.620000, 0.170100
1476280277766, 10.650000, 10.650000, 100, 10.660000, 600, 1.620000, 0.170000
1476280279754, 10.650000, 10.650000, 100, 10.660000, 600, 1.620000, 0.170000
1476280281798, 10.650000, 10.650000, 100, 10.660000, 600, 1.620000, 0.170000
1476280283776, 10.650000, 10.650000, 100, 10.660000, 600, 1.620000, 0.170000
1476280285257, 10.650000, 10.650000, 100, 10.660000, 600, 1.620000, 0.170000
1476280287767, 10.650000, 10.650000, 100, 10.660000, 600, 1.620000, 0.170000
1476280289768, 10.650000, 10.650000, 100, 10.660000, 600, 1.620000, 0.170000
1476280291763, 10.650000, 10.650000, 100, 10.660000, 600, 1.620000, 0.170000
1476280293779, 10.690000, 10.650000, 400, 10.680000, 100, 2.000000, 0.210000
1476280295273, 10.680000, 10.660000, 200, 10.690000, 100, 1.910000, 0.200000
1476280297814, 10.680000, 10.660000, 300, 10.690000, 100, 1.910000, 0.200000
1476280299807, 10.680000, 10.660000, 300, 10.690000, 100, 1.910000, 0.200000
1476280301772, 10.690000, 10.660000, 300, 10.700000, 100, 2.000000, 0.210000
1476280304163, 10.700000, 10.660000, 500, 10.700000, 100, 2.100000, 0.220000
1476280306169, 10.700000, 10.660000, 300, 10.700000, 100, 2.100000, 0.220000
1476280308162, 10.700000, 10.670000, 200, 10.700000, 200, 2.100000, 0.220000
1476280310163, 10.700000, 10.670000, 200, 10.700000, 200, 2.100000, 0.220000
1476280311676, 10.700000, 10.670000, 200, 10.700000, 200, 2.100000, 0.220000
1476280314172, 10.700000, 10.670000, 200, 10.700000, 300, 2.100000, 0.220000
1476280316169, 10.700000, 10.670000, 200, 10.700000, 300, 2.100000, 0.220000
1476280318174, 10.700000, 10.670000, 200, 10.700000, 400, 2.100000, 0.220000
1476280320169, 10.694000, 10.670000, 200, 10.700000, 400, 2.040000, 0.214000
1476280322170, 10.694000, 10.670000, 200, 10.700000, 400, 2.040000, 0.214000
1476280324206, 10.694000, 10.660000, 200, 10.700000, 500, 2.040000, 0.214000
1476280326178, 10.697400, 10.660000, 200, 10.700000, 500, 2.070000, 0.217400
1476280328212, 10.697400, 10.660000, 200, 10.700000, 500, 2.070000, 0.217400
1476280330163, 10.697400, 10.660000, 200, 10.700000, 500, 2.070000, 0.217400
1476280332170, 10.697400, 10.660000, 200, 10.700000, 500, 2.070000, 0.217400
1476280334176, 10.697400, 10.670000, 400, 10.700000, 300, 2.070000, 0.217400
1476280336177, 10.697400, 10.670000, 600, 10.700000, 300, 2.070000, 0.217400
1476280338176, 10.697400, 10.670000, 500, 10.700000, 300, 2.070000, 0.217400
1476280340214, 10.697400, 10.670000, 500, 10.700000, 300, 2.070000, 0.217400
1476280342180, 10.697400, 10.670000, 500, 10.700000, 300, 2.070000, 0.217400
1476280344179, 10.697400, 10.670000, 300, 10.700000, 400, 2.070000, 0.217400
1476280346182, 10.697400, 10.670000, 300, 10.700000, 300, 2.070000, 0.217400
1476280347681, 10.697400, 10.670000, 300, 10.700000, 300, 2.070000, 0.217400
1476280350168, 10.697400, 10.670000, 300, 10.700000, 200, 2.070000, 0.217400
1476280352214, 10.697400, 10.670000, 300, 10.700000, 200, 2.070000, 0.217400
1476280354211, 10.697400, 10.670000, 300, 10.700000, 200, 2.070000, 0.217400
1476280356180, 10.697400, 10.670000, 300, 10.700000, 300, 2.070000, 0.217400
1476280357678, 10.697400, 10.670000, 300, 10.700000, 300, 2.070000, 0.217400
1476280360186, 10.697400, 10.670000, 300, 10.700000, 300, 2.070000, 0.217400
1476280362187, 10.700000, 10.680000, 500, 10.710000, 200, 2.100000, 0.220000
1476280364189, 10.710000, 10.680000, 300, 10.710000, 300, 2.190000, 0.230000
1476280366185, 10.710000, 10.680000, 300, 10.710000, 300, 2.190000, 0.230000
1476280368190, 10.710000, 10.680000, 300, 10.710000, 300, 2.190000, 0.230000
1476280370209, 10.710000, 10.680000, 300, 10.710000, 300, 2.190000, 0.230000
1476280372202, 10.710000, 10.680000, 300, 10.710000, 300, 2.190000, 0.230000
1476280374201, 10.710000, 10.680000, 300, 10.700000, 400, 2.190000, 0.230000
1476280376189, 10.700000, 10.680000, 100, 10.700000, 300, 2.100000, 0.220000
1476280378190, 10.692400, 10.680000, 300, 10.700000, 400, 2.030000, 0.212400
1476280380186, 10.692400, 10.680000, 300, 10.700000, 400, 2.030000, 0.212400
1476280382189, 10.692400, 10.680000, 300, 10.700000, 500, 2.030000, 0.212400
1476280384193, 10.692400, 10.680000, 300, 10.700000, 500, 2.030000, 0.212400
1476280386198, 10.692400, 10.680000, 300, 10.700000, 500, 2.030000, 0.212400
1476280388193, 10.692400, 10.680000, 300, 10.700000, 500, 2.030000, 0.212400
1476280390195, 10.692400, 10.680000, 300, 10.700000, 500, 2.030000, 0.212400
1476280392200, 10.692400, 10.680000, 300, 10.700000, 500, 2.030000, 0.212400
1476280393200, 10.686700, 10.680000, 300, 10.700000, 500, 1.970000, 0.206700
1476280396196, 10.680000, 10.680000, 300, 10.700000, 500, 1.910000, 0.200000
1476280397698, 10.680000, 10.680000, 300, 10.700000, 500, 1.910000, 0.200000
1476280400214, 10.680000, 10.680000, 300, 10.700000, 500, 1.910000, 0.200000
1476280402206, 10.700000, 10.680000, 400, 10.690000, 100, 2.100000, 0.220000
1476280404208, 10.700000, 10.680000, 400, 10.690000, 300, 2.100000, 0.220000
1476280405697, 10.700000, 10.680000, 400, 10.690000, 300, 2.100000, 0.220000
1476280408200, 10.680000, 10.680000, 400, 10.690000, 300, 1.910000, 0.200000
1476280410202, 10.680000, 10.680000, 400, 10.690000, 300, 1.910000, 0.200000
1476280412194, 10.690000, 10.680000, 400, 10.700000, 200, 2.000000, 0.210000
1476280414196, 10.690000, 10.680000, 400, 10.700000, 200, 2.000000, 0.210000
1476280416208, 10.690000, 10.680000, 400, 10.700000, 200, 2.000000, 0.210000
1476280418208, 10.692800, 10.680000, 400, 10.700000, 200, 2.030000, 0.212800
1476280420206, 10.692800, 10.680000, 400, 10.700000, 200, 2.030000, 0.212800
1476280422209, 10.692800, 10.680000, 400, 10.700000, 200, 2.030000, 0.212800
1476280424247, 10.692800, 10.680000, 400, 10.700000, 200, 2.030000, 0.212800
1476280426217, 10.692800, 10.680000, 400, 10.700000, 200, 2.030000, 0.212800
1476280428218, 10.692800, 10.680000, 200, 10.690000, 500, 2.030000, 0.212800
1476280430211, 10.692800, 10.680000, 200, 10.690000, 500, 2.030000, 0.212800
1476280432214, 10.692800, 10.680000, 200, 10.690000, 500, 2.030000, 0.212800
1476280433230, 10.692800, 10.680000, 200, 10.690000, 500, 2.030000, 0.212800
1476280436216, 10.692800, 10.680000, 200, 10.690000, 500, 2.030000, 0.212800
1476280438220, 10.692800, 10.680000, 200, 10.690000, 500, 2.030000, 0.212800
1476280440217, 10.692800, 10.680000, 200, 10.690000, 500, 2.030000, 0.212800
1476280442231, 10.680000, 10.680000, 200, 10.690000, 500, 1.910000, 0.200000
1476280444229, 10.690000, 10.680000, 500, 10.710000, 100, 2.000000, 0.210000
1476280446215, 10.690000, 10.680000, 400, 10.700000, 100, 2.000000, 0.210000
1476280448219, 10.700000, 10.680000, 500, 10.720000, 200, 2.100000, 0.220000
1476280450211, 10.700000, 10.680000, 500, 10.720000, 200, 2.100000, 0.220000
1476280452223, 10.720000, 10.680000, 400, 10.720000, 200, 2.290000, 0.240000
1476280454222, 10.720000, 10.680000, 400, 10.720000, 200, 2.290000, 0.240000
1476280456248, 10.720000, 10.700000, 100, 10.730000, 500, 2.290000, 0.240000
1476280458223, 10.720000, 10.700000, 100, 10.730000, 500, 2.290000, 0.240000
1476280460228, 10.720000, 10.700000, 100, 10.730000, 500, 2.290000, 0.240000
1476280462214, 10.720000, 10.700000, 100, 10.730000, 500, 2.290000, 0.240000
1476280464222, 10.720000, 10.700000, 100, 10.730000, 500, 2.290000, 0.240000
1476280465716, 10.720000, 10.700000, 100, 10.730000, 500, 2.290000, 0.240000
1476280467227, 10.720000, 10.700000, 100, 10.730000, 500, 2.290000, 0.240000
1476280470223, 10.720000, 10.700000, 100, 10.730000, 500, 2.290000, 0.240000
1476280472230, 10.720000, 10.700000, 300, 10.730000, 400, 2.290000, 0.240000
1476280474235, 10.720000, 10.700000, 300, 10.730000, 400, 2.290000, 0.240000
1476280476232, 10.730000, 10.710000, 400, 10.730000, 200, 2.390000, 0.250000
1476280478235, 10.730000, 10.710000, 500, 10.730000, 100, 2.390000, 0.250000
1476280479729, 10.730000, 10.710000, 500, 10.730000, 100, 2.390000, 0.250000
1476280482238, 10.730000, 10.710000, 500, 10.730000, 100, 2.390000, 0.250000
1476280484256, 10.730000, 10.740000, 400, 10.770000, 300, 2.390000, 0.250000
1476280486235, 10.730000, 10.740000, 500, 10.770000, 200, 2.390000, 0.250000
1476280488245, 10.730000, 10.740000, 500, 10.770000, 200, 2.390000, 0.250000
1476280489736, 10.730000, 10.740000, 500, 10.770000, 200, 2.390000, 0.250000
1476280492223, 10.730000, 10.740000, 500, 10.770000, 100, 2.390000, 0.250000
1476280494243, 10.730000, 10.740000, 500, 10.770000, 200, 2.390000, 0.250000
1476280495751, 10.730000, 10.740000, 500, 10.770000, 200, 2.390000, 0.250000
1476280497767, 10.730000, 10.740000, 500, 10.770000, 100, 2.390000, 0.250000
1476280500233, 10.730000, 10.740000, 500, 10.770000, 200, 2.390000, 0.250000
1476280502250, 10.770000, 10.760000, 300, 10.810000, 200, 2.770000, 0.290000
1476280503252, 10.770000, 10.760000, 300, 10.810000, 100, 2.770000, 0.290000
1476280505793, 10.770000, 10.760000, 300, 10.810000, 100, 2.770000, 0.290000
1476280508239, 10.770000, 10.760000, 300, 10.810000, 100, 2.770000, 0.290000
1476280509751, 10.810000, 10.760000, 100, 10.810000, 100, 3.150000, 0.330000
1476280512255, 10.810000, 10.760000, 100, 10.810000, 100, 3.150000, 0.330000
1476280514275, 10.810000, 10.760000, 100, 10.810000, 100, 3.150000, 0.330000
1476280516249, 10.809900, 10.800000, 400, 10.850000, 100, 3.150000, 0.329900
1476280518256, 10.809900, 10.800000, 500, 10.840000, 100, 3.150000, 0.329900
1476280519770, 10.809900, 10.800000, 500, 10.840000, 100, 3.150000, 0.329900
1476280522244, 10.809900, 10.800000, 500, 10.840000, 100, 3.150000, 0.329900
1476280522756, 10.809900, 10.800000, 500, 10.840000, 100, 3.150000, 0.329900
1476280525791, 10.809900, 10.800000, 500, 10.840000, 100, 3.150000, 0.329900
1476280528289, 10.809900, 10.800000, 500, 10.840000, 200, 3.150000, 0.329900
1476280529763, 10.809900, 10.800000, 500, 10.840000, 200, 3.150000, 0.329900
1476280532255, 10.809900, 10.800000, 500, 10.840000, 200, 3.150000, 0.329900
1476280534257, 10.839000, 10.800000, 500, 10.840000, 200, 3.430000, 0.359000
1476280536253, 10.839000, 10.800000, 500, 10.840000, 200, 3.430000, 0.359000
1476280537263, 10.839000, 10.800000, 500, 10.840000, 200, 3.430000, 0.359000
1476280540281, 10.839000, 10.800000, 500, 10.840000, 200, 3.430000, 0.359000
1476280541781, 10.839000, 10.800000, 500, 10.840000, 200, 3.430000, 0.359000
1476280544262, 10.840000, 10.820000, 400, 10.890000, 100, 3.440000, 0.360000
1476280546257, 10.820000, 10.810000, 300, 10.880000, 200, 3.240000, 0.340000
1476280548265, 10.880000, 10.810000, 300, 10.870000, 100, 3.820000, 0.400000
1476280550262, 10.880000, 10.800000, 400, 10.870000, 100, 3.820000, 0.400000
1476280551771, 10.880000, 10.800000, 400, 10.870000, 100, 3.820000, 0.400000
1476280553762, 10.880000, 10.800000, 400, 10.870000, 100, 3.820000, 0.400000
1476280556273, 10.880000, 10.800000, 400, 10.870000, 100, 3.820000, 0.400000
1476280557773, 10.880000, 10.800000, 400, 10.870000, 100, 3.820000, 0.400000
1476280560272, 10.880000, 10.800000, 400, 10.870000, 100, 3.820000, 0.400000
1476280562263, 10.800000, 10.800000, 400, 10.860000, 100, 3.050000, 0.320000
1476280563763, 10.800000, 10.800000, 400, 10.860000, 100, 3.050000, 0.320000
1476280565262, 10.800000, 10.800000, 400, 10.850000, 100, 3.050000, 0.320000
1476280568165, 10.800000, 10.800000, 400, 10.850000, 200, 3.050000, 0.320000
1476280570163, 10.800000, 10.800000, 400, 10.850000, 200, 3.050000, 0.320000
1476280572165, 10.800000, 10.800000, 400, 10.850000, 1000, 3.050000, 0.320000
1476280574164, 10.800000, 10.800000, 500, 10.850000, 1000, 3.050000, 0.320000
1476280576167, 10.800000, 10.800000, 500, 10.850000, 1000, 3.050000, 0.320000
1476280578167, 10.800000, 10.800000, 500, 10.850000, 1000, 3.050000, 0.320000
1476280580158, 10.800000, 10.800000, 300, 10.830000, 100, 3.050000, 0.320000
1476280582168, 10.800000, 10.800000, 300, 10.830000, 100, 3.050000, 0.320000
1476280584169, 10.800000, 10.800000, 300, 10.820000, 100, 3.050000, 0.320000
1476280586169, 10.800000, 10.800000, 300, 10.820000, 100, 3.050000, 0.320000
1476280588205, 10.820000, 10.800000, 300, 10.820000, 100, 3.240000, 0.340000
1476280590169, 10.820000, 10.800000, 300, 10.820000, 100, 3.240000, 0.340000
1476280592166, 10.800100, 10.800000, 400, 10.820000, 200, 3.050000, 0.320100
1476280594173, 10.800100, 10.800000, 400, 10.820000, 200, 3.050000, 0.320100
1476280596172, 10.800100, 10.800000, 400, 10.820000, 200, 3.050000, 0.320100
1476280598185, 10.800100, 10.800000, 400, 10.820000, 200, 3.050000, 0.320100
1476280599174, 10.800100, 10.800000, 400, 10.820000, 200, 3.050000, 0.320100
1476280602174, 10.820000, 10.800000, 400, 10.820000, 200, 3.240000, 0.340000
1476280604181, 10.820000, 10.800000, 400, 10.820000, 200, 3.240000, 0.340000
1476280606185, 10.800000, 10.800000, 400, 10.820000, 200, 3.050000, 0.320000
1476280608180, 10.800000, 10.800000, 400, 10.820000, 200, 3.050000, 0.320000
1476280610207, 10.800000, 10.800000, 400, 10.820000, 200, 3.050000, 0.320000
1476280612182, 10.800000, 10.800000, 400, 10.820000, 200, 3.050000, 0.320000
1476280614182, 10.800000, 10.800000, 400, 10.820000, 200, 3.050000, 0.320000
1476280616178, 10.800000, 10.800000, 300, 10.820000, 200, 3.050000, 0.320000
1476280618186, 10.800000, 10.800000, 300, 10.820000, 200, 3.050000, 0.320000
1476280620185, 10.800000, 10.800000, 300, 10.820000, 200, 3.050000, 0.320000
1476280622219, 10.800000, 10.800000, 100, 10.810000, 100, 3.050000, 0.320000
1476280624208, 10.800000, 10.800000, 100, 10.810000, 200, 3.050000, 0.320000
1476280626192, 10.800000, 10.800000, 100, 10.810000, 200, 3.050000, 0.320000
1476280628196, 10.800000, 10.800000, 100, 10.810000, 200, 3.050000, 0.320000
1476280630189, 10.800000, 10.800000, 100, 10.810000, 200, 3.050000, 0.320000
1476280632190, 10.800000, 10.800000, 300, 10.810000, 200, 3.050000, 0.320000
1476280634200, 10.790000, 10.780000, 100, 10.800000, 500, 2.960000, 0.310000
1476280636209, 10.790000, 10.780000, 100, 10.790000, 300, 2.960000, 0.310000
1476280638223, 10.780000, 10.730000, 200, 10.790000, 300, 2.860000, 0.300000
1476280640210, 10.780000, 10.730000, 200, 10.790000, 300, 2.860000, 0.300000
1476280642188, 10.780000, 10.730000, 200, 10.790000, 300, 2.860000, 0.300000
1476280644196, 10.780000, 10.730000, 200, 10.790000, 300, 2.860000, 0.300000
1476280646199, 10.766200, 10.730000, 200, 10.790000, 300, 2.730000, 0.286200
1476280648188, 10.766200, 10.730000, 200, 10.790000, 300, 2.730000, 0.286200
1476280650191, 10.766200, 10.730000, 200, 10.790000, 300, 2.730000, 0.286200
1476280652197, 10.766200, 10.730000, 200, 10.790000, 300, 2.730000, 0.286200
1476280654236, 10.766200, 10.730000, 200, 10.790000, 300, 2.730000, 0.286200
1476280656200, 10.766200, 10.740000, 1200, 10.790000, 300, 2.730000, 0.286200
1476280657711, 10.766200, 10.740000, 1200, 10.790000, 300, 2.730000, 0.286200
1476280660203, 10.766200, 10.740000, 1200, 10.790000, 300, 2.730000, 0.286200
1476280661700, 10.766200, 10.740000, 1200, 10.790000, 300, 2.730000, 0.286200
1476280664196, 10.766200, 10.740000, 1200, 10.790000, 300, 2.730000, 0.286200
1476280665706, 10.766200, 10.740000, 1200, 10.790000, 300, 2.730000, 0.286200
1476280668210, 10.766200, 10.740000, 700, 10.790000, 300, 2.730000, 0.286200
1476280670198, 10.766200, 10.740000, 700, 10.790000, 300, 2.730000, 0.286200
1476280672208, 10.750000, 10.730000, 100, 10.780000, 400, 2.580000, 0.270000
1476280673199, 10.750000, 10.730000, 100, 10.780000, 400, 2.580000, 0.270000
1476280676205, 10.750000, 10.730000, 100, 10.770000, 400, 2.580000, 0.270000
1476280678209, 10.750000, 10.730000, 100, 10.770000, 400, 2.580000, 0.270000
1476280680211, 10.750000, 10.730000, 100, 10.770000, 400, 2.580000, 0.270000
1476280681706, 10.750000, 10.730000, 100, 10.770000, 400, 2.580000, 0.270000
1476280683719, 10.750000, 10.730000, 100, 10.770000, 100, 2.580000, 0.270000
1476280686252, 10.770000, 10.730000, 100, 10.770000, 100, 2.770000, 0.290000
1476280688214, 10.770000, 10.740000, 300, 10.770000, 100, 2.770000, 0.290000
1476280690213, 10.770000, 10.740000, 300, 10.770000, 100, 2.770000, 0.290000
1476280692212, 10.770000, 10.740000, 300, 10.770000, 100, 2.770000, 0.290000
1476280694215, 10.750000, 10.730000, 100, 10.760000, 200, 2.580000, 0.270000
1476280696254, 10.751500, 10.730000, 100, 10.760000, 300, 2.590000, 0.271500
1476280698263, 10.751500, 10.730000, 100, 10.760000, 400, 2.590000, 0.271500
1476280700219, 10.751500, 10.730000, 100, 10.760000, 400, 2.590000, 0.271500
1476280702218, 10.751500, 10.730000, 100, 10.760000, 400, 2.590000, 0.271500
1476280704214, 10.757500, 10.770000, 300, 10.870000, 300, 2.650000, 0.277500
1476280705723, 10.770100, 10.770000, 200, 10.860000, 300, 2.770000, 0.290100
1476280708230, 10.770100, 10.770000, 300, 10.860000, 300, 2.770000, 0.290100
1476280709711, 10.770100, 10.770000, 300, 10.860000, 300, 2.770000, 0.290100
1476280712228, 10.770100, 10.770000, 300, 10.860000, 300, 2.770000, 0.290100
1476280714219, 10.770100, 10.780000, 300, 10.860000, 300, 2.770000, 0.290100
1476280716225, 11.020000, 10.950000, 100, 11.020000, 200, 5.150000, 0.540000
1476280718233, 11.000000, 10.950000, 100, 11.010000, 200, 4.960000, 0.520000
1476280720227, 11.000000, 10.950000, 100, 11.010000, 300, 4.960000, 0.520000
1476280722231, 11.000000, 10.970000, 300, 11.010000, 100, 4.960000, 0.520000
1476280724223, 10.992500, 10.970000, 300, 11.010000, 100, 4.890000, 0.512500
1476280726225, 10.980000, 10.980000, 300, 11.010000, 200, 4.770000, 0.500000
1476280728227, 11.009900, 10.990000, 100, 11.050000, 100, 5.060000, 0.529900
1476280730231, 11.009900, 10.990000, 100, 11.040000, 200, 5.060000, 0.529900
1476280732244, 11.009900, 10.990000, 100, 11.030000, 100, 5.060000, 0.529900
1476280734226, 11.009900, 10.990000, 100, 11.020000, 100, 5.060000, 0.529900
1476280736232, 10.990000, 10.980000, 300, 11.010000, 100, 4.870000, 0.510000
1476280737767, 10.965200, 10.940000, 300, 11.010000, 100, 4.630000, 0.485200
1476280740238, 10.940100, 10.940000, 300, 11.010000, 100, 4.390000, 0.460100
1476280742226, 10.940100, 10.920000, 100, 11.010000, 200, 4.390000, 0.460100
1476280744226, 10.940100, 10.920000, 100, 11.010000, 200, 4.390000, 0.460100
1476280746239, 10.940000, 10.910000, 400, 11.000000, 200, 4.390000, 0.460000
1476280748224, 10.980000, 10.910000, 400, 10.970000, 100, 4.770000, 0.500000
1476280750234, 10.910100, 10.910000, 400, 10.970000, 100, 4.100000, 0.430100
1476280752281, 10.910100, 10.910000, 100, 10.960000, 200, 4.100000, 0.430100
1476280754304, 10.910000, 10.900000, 300, 10.960000, 200, 4.100000, 0.430000
1476280756243, 10.910000, 10.900000, 400, 10.960000, 200, 4.100000, 0.430000
1476280758230, 10.910000, 10.900000, 400, 10.950000, 100, 4.100000, 0.430000
1476280760236, 10.910000, 10.900000, 400, 10.950000, 100, 4.100000, 0.430000
1476280762251, 10.910000, 10.900000, 400, 10.950000, 100, 4.100000, 0.430000
1476280764234, 10.910000, 10.900000, 300, 10.950000, 100, 4.100000, 0.430000
1476280765743, 10.910000, 10.900000, 300, 10.950000, 100, 4.100000, 0.430000
1476280772244, 10.910000, 10.900000, 700, 10.950000, 100, 4.100000, 0.430000
1476280774254, 10.910000, 10.900000, 700, 10.950000, 100, 4.100000, 0.430000
1476280776244, 10.910000, 10.900000, 700, 10.950000, 100, 4.100000, 0.430000
1476280778245, 10.910000, 10.900000, 700, 10.950000, 100, 4.100000, 0.430000
1476280779762, 10.910000, 10.900000, 700, 10.950000, 100, 4.100000, 0.430000
1476280781783, 10.910000, 10.900000, 700, 10.950000, 100, 4.100000, 0.430000
1476280784246, 10.901000, 10.900000, 700, 10.950000, 100, 4.020000, 0.421000
1476280786251, 10.901000, 10.900000, 700, 10.950000, 100, 4.020000, 0.421000
1476280787749, 10.901000, 10.900000, 700, 10.950000, 100, 4.020000, 0.421000
1476280789758, 10.901000, 10.900000, 700, 10.950000, 100, 4.020000, 0.421000
1476280792241, 10.901000, 10.900000, 700, 10.950000, 100, 4.020000, 0.421000
1476280793748, 10.901000, 10.900000, 700, 10.950000, 100, 4.020000, 0.421000
1476280795791, 10.901000, 10.900000, 300, 10.950000, 100, 4.020000, 0.421000
1476280798250, 10.937500, 10.890000, 400, 10.940000, 100, 4.370000, 0.457500
1476280800254, 10.890100, 10.900000, 300, 10.940000, 100, 3.910000, 0.410100
1476280802259, 10.890100, 10.890000, 300, 10.930000, 100, 3.910000, 0.410100
1476280803297, 10.890100, 10.890000, 300, 10.930000, 100, 3.910000, 0.410100
1476280805765, 10.890100, 10.890000, 300, 10.930000, 100, 3.910000, 0.410100
1476280807798, 10.890000, 10.890000, 300, 10.930000, 100, 3.910000, 0.410000
1476280809798, 10.890000, 10.890000, 300, 10.930000, 100, 3.910000, 0.410000
1476280811773, 10.900000, 10.890000, 200, 10.930000, 100, 4.010000, 0.420000
1476280813767, 10.900000, 10.890000, 200, 10.930000, 400, 4.010000, 0.420000
1476280815764, 10.900000, 10.890000, 300, 10.930000, 400, 4.010000, 0.420000
1476280817760, 10.900000, 10.890000, 300, 10.920000, 300, 4.010000, 0.420000
1476280819768, 10.900000, 10.890000, 300, 10.920000, 300, 4.010000, 0.420000
1476280821764, 10.900000, 10.890000, 300, 10.920000, 300, 4.010000, 0.420000
1476280823778, 10.900000, 10.890000, 300, 10.920000, 300, 4.010000, 0.420000
1476280826278, 10.900000, 10.890000, 300, 10.920000, 300, 4.010000, 0.420000
1476280827790, 10.900000, 10.890000, 300, 10.920000, 300, 4.010000, 0.420000
1476280830266, 10.870000, 10.820000, 300, 10.900000, 100, 3.720000, 0.390000
1476280831772, 10.870000, 10.820000, 300, 10.900000, 100, 3.720000, 0.390000
1476280833764, 10.870000, 10.820000, 100, 10.900000, 100, 3.720000, 0.390000
1476280835763, 10.859200, 10.820000, 100, 10.900000, 100, 3.620000, 0.379200
1476280837901, 10.859200, 10.820000, 100, 10.900000, 100, 3.620000, 0.379200
1476280840163, 10.850000, 10.840000, 200, 10.890000, 100, 3.530000, 0.370000
1476280842160, 10.850000, 10.840000, 400, 10.890000, 100, 3.530000, 0.370000
1476280844165, 10.850000, 10.840000, 400, 10.890000, 100, 3.530000, 0.370000
1476280846158, 10.850000, 10.800000, 300, 10.890000, 100, 3.530000, 0.370000
1476280848161, 10.850000, 10.820000, 300, 10.890000, 100, 3.530000, 0.370000
1476280850161, 10.850000, 10.820000, 300, 10.890000, 100, 3.530000, 0.370000
1476280852172, 10.850000, 10.820000, 200, 10.890000, 100, 3.530000, 0.370000
1476280854170, 10.850000, 10.820000, 100, 10.890000, 100, 3.530000, 0.370000
1476280856165, 10.850000, 10.820000, 100, 10.890000, 100, 3.530000, 0.370000
1476280858167, 10.850000, 10.820000, 100, 10.890000, 100, 3.530000, 0.370000
1476280860171, 10.850000, 10.820000, 100, 10.890000, 100, 3.530000, 0.370000
1476280862174, 10.850000, 10.820000, 100, 10.890000, 100, 3.530000, 0.370000
1476280864177, 10.830000, 10.810000, 100, 10.850000, 200, 3.340000, 0.350000
1476280866207, 10.830000, 10.810000, 100, 10.850000, 200, 3.340000, 0.350000
1476280868205, 10.820000, 10.800000, 300, 10.850000, 200, 3.240000, 0.340000
1476280870177, 10.820000, 10.800000, 700, 10.850000, 200, 3.240000, 0.340000
1476280872177, 10.840000, 10.830000, 300, 10.850000, 300, 3.440000, 0.360000
1476280874178, 10.840000, 10.810000, 400, 10.850000, 300, 3.440000, 0.360000
1476280876180, 10.840000, 10.810000, 300, 10.850000, 300, 3.440000, 0.360000
1476280878174, 10.840000, 10.810000, 300, 10.850000, 300, 3.440000, 0.360000
1476280880176, 10.840000, 10.810000, 300, 10.850000, 300, 3.440000, 0.360000
1476280882189, 10.840000, 10.810000, 300, 10.850000, 300, 3.440000, 0.360000
1476280884171, 10.840000, 10.810000, 300, 10.850000, 300, 3.440000, 0.360000
1476280886186, 10.840000, 10.810000, 300, 10.850000, 300, 3.440000, 0.360000
1476280888177, 10.827300, 10.810000, 300, 10.850000, 300, 3.310000, 0.347300
1476280890181, 10.827300, 10.810000, 300, 10.850000, 300, 3.310000, 0.347300
1476280892190, 10.827300, 10.810000, 300, 10.850000, 300, 3.310000, 0.347300
1476280894173, 10.820000, 10.810000, 500, 10.850000, 300, 3.240000, 0.340000
1476280896220, 10.818000, 10.810000, 500, 10.850000, 300, 3.230000, 0.338000
1476280898196, 10.818000, 10.810000, 400, 10.850000, 300, 3.230000, 0.338000
1476280900246, 10.818000, 10.810000, 400, 10.850000, 300, 3.230000, 0.338000
1476280902198, 10.850000, 10.810000, 400, 10.850000, 300, 3.530000, 0.370000
1476280904188, 10.850000, 10.810000, 400, 10.850000, 300, 3.530000, 0.370000
1476280906188, 10.850000, 10.810000, 400, 10.850000, 300, 3.530000, 0.370000
1476280908185, 10.850000, 10.810000, 400, 10.850000, 200, 3.530000, 0.370000
1476280910191, 10.850000, 10.810000, 400, 10.850000, 200, 3.530000, 0.370000
1476280912208, 10.850000, 10.810000, 400, 10.850000, 200, 3.530000, 0.370000
1476280914187, 10.850000, 10.810000, 400, 10.850000, 200, 3.530000, 0.370000
1476280916192, 11.010000, 10.970000, 100, 11.020000, 800, 5.060000, 0.530000
1476280918200, 11.000000, 10.970000, 200, 11.020000, 900, 4.960000, 0.520000
1476280920194, 11.000000, 10.970000, 200, 11.020000, 800, 4.960000, 0.520000
1476280922191, 11.000000, 10.970000, 200, 11.020000, 900, 4.960000, 0.520000
1476280924199, 11.001000, 10.970000, 100, 11.020000, 800, 4.970000, 0.521000
1476280926193, 11.001000, 10.970000, 100, 11.020000, 900, 4.970000, 0.521000
1476280928236, 11.001000, 10.970000, 100, 11.020000, 900, 4.970000, 0.521000
1476280930202, 11.001000, 10.970000, 200, 11.010000, 200, 4.970000, 0.521000
1476280932199, 10.980700, 10.970000, 100, 11.010000, 300, 4.780000, 0.500700
1476280934204, 11.000000, 10.970000, 400, 11.010000, 300, 4.960000, 0.520000
1476280936208, 11.000000, 10.970000, 400, 11.010000, 300, 4.960000, 0.520000
1476280938209, 11.000000, 10.970000, 400, 11.010000, 300, 4.960000, 0.520000
1476280940220, 11.000000, 10.970000, 400, 11.010000, 300, 4.960000, 0.520000
1476280941230, 10.970000, 10.940000, 300, 10.980000, 300, 4.680000, 0.490000
1476280944201, 10.925000, 10.920000, 300, 10.980000, 300, 4.250000, 0.445000
1476280945705, 10.925000, 10.920000, 300, 10.980000, 300, 4.250000, 0.445000
1476280948206, 10.925000, 10.920000, 400, 10.980000, 2300, 4.250000, 0.445000
1476280950204, 10.925000, 10.920000, 500, 10.980000, 2300, 4.250000, 0.445000
1476280952217, 10.925000, 10.920000, 500, 10.980000, 2300, 4.250000, 0.445000
1476280954210, 10.925000, 10.920000, 500, 10.980000, 2300, 4.250000, 0.445000
1476280956191, 10.925000, 10.920000, 500, 10.980000, 2300, 4.250000, 0.445000
1476280958201, 10.920000, 10.920000, 500, 10.980000, 2300, 4.200000, 0.440000
1476280960208, 10.935000, 10.900000, 300, 10.970000, 100, 4.340000, 0.455000
1476280962212, 10.935000, 10.900000, 300, 10.970000, 100, 4.340000, 0.455000
1476280964210, 10.935000, 10.900000, 300, 10.970000, 100, 4.340000, 0.455000
1476280966243, 10.890000, 10.890000, 400, 10.970000, 100, 3.910000, 0.410000
1476280968212, 10.890000, 10.890000, 300, 10.970000, 100, 3.910000, 0.410000
1476280970239, 10.906000, 10.890000, 300, 10.970000, 100, 4.060000, 0.426000
1476280972210, 10.906000, 10.890000, 300, 10.970000, 100, 4.060000, 0.426000
1476280974208, 10.906000, 10.890000, 300, 10.970000, 100, 4.060000, 0.426000
1476280976211, 10.906000, 10.890000, 300, 10.970000, 100, 4.060000, 0.426000
1476280977701, 10.906000, 10.890000, 300, 10.970000, 100, 4.060000, 0.426000
1476280980222, 10.906000, 10.890000, 300, 10.970000, 100, 4.060000, 0.426000
1476280982300, 10.906000, 10.890000, 300, 10.970000, 100, 4.060000, 0.426000
1476280984199, 10.906000, 10.890000, 300, 10.970000, 100, 4.060000, 0.426000
1476280986219, 10.900000, 10.890000, 200, 10.950000, 300, 4.010000, 0.420000
1476280988210, 10.933600, 10.890000, 200, 10.950000, 300, 4.330000, 0.453600
1476280990252, 10.933600, 10.890000, 200, 10.950000, 300, 4.330000, 0.453600
1476280992240, 10.933600, 10.890000, 200, 10.950000, 300, 4.330000, 0.453600
1476280994225, 10.933600, 10.890000, 100, 10.950000, 800, 4.330000, 0.453600
1476280995721, 10.933600, 10.890000, 100, 10.950000, 800, 4.330000, 0.453600
1476280997720, 10.933600, 10.890000, 100, 10.950000, 800, 4.330000, 0.453600
1476281000225, 10.933600, 10.890000, 100, 10.950000, 800, 4.330000, 0.453600
1476281002231, 10.933600, 10.890000, 100, 10.950000, 900, 4.330000, 0.453600
1476281004208, 10.933600, 10.890000, 100, 10.950000, 900, 4.330000, 0.453600
1476281006225, 10.933600, 10.890000, 100, 10.950000, 900, 4.330000, 0.453600
1476281008227, 10.933600, 10.890000, 100, 10.950000, 800, 4.330000, 0.453600
1476281010226, 10.936000, 10.890000, 100, 10.950000, 800, 4.350000, 0.456000
1476281011728, 10.936000, 10.890000, 100, 10.950000, 800, 4.350000, 0.456000
1476281013727, 10.936000, 10.890000, 100, 10.950000, 800, 4.350000, 0.456000
1476281016200, 10.936000, 10.890000, 100, 10.950000, 800, 4.350000, 0.456000
1476281018227, 10.936000, 10.890000, 100, 10.950000, 800, 4.350000, 0.456000
1476281020230, 10.936000, 10.890000, 100, 10.950000, 500, 4.350000, 0.456000
1476281021719, 10.936000, 10.890000, 100, 10.950000, 500, 4.350000, 0.456000
1476281023756, 10.936000, 10.890000, 100, 10.950000, 600, 4.350000, 0.456000
1476281025736, 10.936000, 10.890000, 100, 10.950000, 500, 4.350000, 0.456000
1476281028227, 10.936000, 10.890000, 100, 10.950000, 500, 4.350000, 0.456000
1476281030271, 10.936000, 10.890000, 100, 10.950000, 400, 4.350000, 0.456000
1476281032286, 10.936000, 10.890000, 100, 10.950000, 400, 4.350000, 0.456000
1476281034238, 10.920000, 10.900000, 300, 10.950000, 300, 4.200000, 0.440000
1476281036282, 10.920000, 10.900000, 300, 10.950000, 300, 4.200000, 0.440000
1476281038229, 10.920000, 10.900000, 600, 10.950000, 300, 4.200000, 0.440000
1476281040234, 10.900000, 10.900000, 600, 10.950000, 300, 4.010000, 0.420000
1476281042240, 10.900000, 10.890000, 100, 10.950000, 300, 4.010000, 0.420000
1476281043784, 10.900000, 10.890000, 100, 10.950000, 300, 4.010000, 0.420000
1476281045814, 10.900000, 10.890000, 100, 10.950000, 300, 4.010000, 0.420000
1476281048248, 10.900000, 10.890000, 100, 10.940000, 500, 4.010000, 0.420000
1476281050238, 10.900000, 10.890000, 100, 10.940000, 600, 4.010000, 0.420000
1476281051747, 10.900000, 10.890000, 100, 10.940000, 600, 4.010000, 0.420000
1476281053253, 10.900000, 10.890000, 100, 10.940000, 600, 4.010000, 0.420000
1476281056241, 10.900000, 10.890000, 100, 10.940000, 600, 4.010000, 0.420000
1476281058254, 10.900000, 10.890000, 100, 10.940000, 600, 4.010000, 0.420000
1476281060262, 10.900000, 10.890000, 100, 10.940000, 600, 4.010000, 0.420000
1476281062262, 10.900000, 10.890000, 100, 10.940000, 600, 4.010000, 0.420000
1476281064248, 10.900000, 10.890000, 100, 10.940000, 600, 4.010000, 0.420000
1476281066259, 10.900000, 10.890000, 100, 10.940000, 600, 4.010000, 0.420000
1476281068243, 10.900000, 10.890000, 100, 10.940000, 600, 4.010000, 0.420000
1476281070249, 10.900000, 10.890000, 100, 10.940000, 600, 4.010000, 0.420000
1476281072251, 10.900000, 10.890000, 100, 10.940000, 600, 4.010000, 0.420000
1476281074301, 10.900000, 10.890000, 100, 10.940000, 600, 4.010000, 0.420000
1476281076245, 10.900000, 10.890000, 100, 10.940000, 600, 4.010000, 0.420000
1476281078236, 10.900000, 10.890000, 100, 10.940000, 200, 4.010000, 0.420000
1476281079254, 10.900000, 10.890000, 100, 10.940000, 200, 4.010000, 0.420000
1476281082254, 10.900000, 10.890000, 100, 10.940000, 200, 4.010000, 0.420000
1476281083256, 10.900000, 10.890000, 100, 10.940000, 200, 4.010000, 0.420000
1476281085757, 10.900000, 10.890000, 100, 10.940000, 200, 4.010000, 0.420000
1476281088247, 10.900000, 10.890000, 100, 10.940000, 200, 4.010000, 0.420000
1476281089768, 10.900000, 10.890000, 100, 10.940000, 200, 4.010000, 0.420000
1476281092249, 10.900000, 10.890000, 100, 10.940000, 200, 4.010000, 0.420000
1476281094265, 10.900000, 10.890000, 100, 10.940000, 200, 4.010000, 0.420000
1476281096250, 10.900000, 10.890000, 100, 10.940000, 200, 4.010000, 0.420000
1476281097764, 10.900000, 10.890000, 100, 10.940000, 200, 4.010000, 0.420000
1476281100291, 10.900000, 10.890000, 100, 10.940000, 200, 4.010000, 0.420000
1476281102261, 10.900000, 10.890000, 100, 10.940000, 200, 4.010000, 0.420000
1476281104269, 10.900000, 10.890000, 100, 10.940000, 200, 4.010000, 0.420000
1476281106252, 10.900000, 10.890000, 100, 10.910000, 200, 4.010000, 0.420000
1476281108161, 10.900000, 10.890000, 100, 10.910000, 200, 4.010000, 0.420000
1476281110161, 10.900000, 10.890000, 100, 10.910000, 200, 4.010000, 0.420000
1476281112157, 10.900000, 10.890000, 100, 10.910000, 200, 4.010000, 0.420000
1476281114163, 10.900000, 10.890000, 100, 10.910000, 200, 4.010000, 0.420000
1476281116164, 10.900000, 10.890000, 100, 10.910000, 200, 4.010000, 0.420000
1476281118165, 10.900000, 10.890000, 100, 10.910000, 200, 4.010000, 0.420000
1476281120165, 10.900000, 10.890000, 100, 10.910000, 200, 4.010000, 0.420000
1476281122176, 10.900000, 10.890000, 100, 10.910000, 200, 4.010000, 0.420000
1476281124164, 10.900000, 10.890000, 100, 10.910000, 200, 4.010000, 0.420000
1476281126173, 10.900000, 10.890000, 100, 10.910000, 200, 4.010000, 0.420000
1476281128164, 10.900000, 10.890000, 100, 10.910000, 200, 4.010000, 0.420000
1476281130169, 10.900000, 10.890000, 100, 10.910000, 200, 4.010000, 0.420000
1476281132174, 10.900000, 10.890000, 100, 10.910000, 200, 4.010000, 0.420000
1476281134190, 10.900000, 10.890000, 100, 10.910000, 200, 4.010000, 0.420000
1476281136171, 10.900000, 10.890000, 100, 10.910000, 200, 4.010000, 0.420000
1476281138172, 10.900000, 10.890000, 100, 10.910000, 200, 4.010000, 0.420000
1476281140172, 10.900000, 10.890000, 100, 10.910000, 200, 4.010000, 0.420000
1476281142172, 10.900000, 10.890000, 100, 10.910000, 200, 4.010000, 0.420000
1476281144182, 10.900000, 10.890000, 100, 10.910000, 2000, 4.010000, 0.420000
1476281146183, 10.900000, 10.890000, 100, 10.910000, 2000, 4.010000, 0.420000
1476281148172, 10.900000, 10.890000, 100, 10.910000, 2000, 4.010000, 0.420000
1476281149671, 10.900000, 10.890000, 100, 10.910000, 2000, 4.010000, 0.420000
1476281152175, 10.895000, 10.850000, 1800, 10.900000, 200, 3.960000, 0.415000
1476281154175, 10.895000, 10.850000, 1800, 10.900000, 200, 3.960000, 0.415000
1476281156181, 10.895000, 10.850000, 1800, 10.900000, 200, 3.960000, 0.415000
1476281157679, 10.895000, 10.850000, 1700, 10.900000, 2000, 3.960000, 0.415000
1476281160178, 10.895000, 10.850000, 1700, 10.900000, 2000, 3.960000, 0.415000
1476281162176, 10.895000, 10.850000, 1700, 10.900000, 2000, 3.960000, 0.415000
1476281164182, 10.895000, 10.850000, 1700, 10.900000, 2000, 3.960000, 0.415000
1476281166178, 10.895000, 10.850000, 1700, 10.900000, 2000, 3.960000, 0.415000
1476281168181, 10.895000, 10.850000, 1700, 10.900000, 2000, 3.960000, 0.415000
1476281170181, 10.895000, 10.850000, 1700, 10.900000, 2000, 3.960000, 0.415000
1476281171674, 10.895000, 10.850000, 1700, 10.900000, 2000, 3.960000, 0.415000
1476281174181, 10.895000, 10.850000, 1700, 10.900000, 2000, 3.960000, 0.415000
1476281176178, 10.895000, 10.850000, 1700, 10.890000, 100, 3.960000, 0.415000
1476281178181, 10.895000, 10.850000, 1700, 10.890000, 200, 3.960000, 0.415000
1476281180179, 10.895000, 10.850000, 1700, 10.890000, 200, 3.960000, 0.415000
1476281182189, 10.895000, 10.850000, 1700, 10.890000, 200, 3.960000, 0.415000
1476281184182, 10.895000, 10.850000, 1700, 10.890000, 200, 3.960000, 0.415000
1476281186171, 10.895000, 10.850000, 1700, 10.890000, 200, 3.960000, 0.415000
1476281188222, 10.895000, 10.850000, 1700, 10.890000, 200, 3.960000, 0.415000
1476281190187, 10.895000, 10.850000, 1700, 10.890000, 200, 3.960000, 0.415000
1476281192185, 10.895000, 10.850000, 1700, 10.890000, 200, 3.960000, 0.415000
1476281194191, 10.895000, 10.850000, 1700, 10.890000, 200, 3.960000, 0.415000
1476281196192, 10.895000, 10.850000, 1700, 10.890000, 200, 3.960000, 0.415000
1476281198185, 10.895000, 10.850000, 1700, 10.890000, 200, 3.960000, 0.415000
1476281200189, 10.895000, 10.850000, 1700, 10.890000, 200, 3.960000, 0.415000
1476281202189, 10.895000, 10.850000, 1700, 10.890000, 200, 3.960000, 0.415000
1476281203694, 10.895000, 10.850000, 1700, 10.890000, 200, 3.960000, 0.415000
1476281206177, 10.895000, 10.850000, 1700, 10.890000, 200, 3.960000, 0.415000
1476281208190, 10.895000, 10.850000, 1700, 10.890000, 200, 3.960000, 0.415000
1476281210192, 10.895000, 10.850000, 1700, 10.890000, 200, 3.960000, 0.415000
1476281212192, 10.895000, 10.850000, 1700, 10.890000, 200, 3.960000, 0.415000
1476281214195, 10.895000, 10.850000, 1700, 10.890000, 200, 3.960000, 0.415000
1476281216185, 10.895000, 10.850000, 1700, 10.890000, 100, 3.960000, 0.415000
1476281218186, 10.870000, 10.850000, 1700, 10.890000, 100, 3.720000, 0.390000
1476281220192, 10.870000, 10.850000, 1700, 10.890000, 100, 3.720000, 0.390000
1476281222198, 10.870000, 10.850000, 1700, 10.890000, 100, 3.720000, 0.390000
1476281224195, 10.870000, 10.850000, 1700, 10.890000, 100, 3.720000, 0.390000
1476281226233, 10.870000, 10.850000, 1700, 10.890000, 100, 3.720000, 0.390000
1476281228203, 11.000000, 10.960000, 300, 11.010000, 100, 4.960000, 0.520000
1476281230183, 11.010000, 11.000000, 19000, 11.030000, 200, 5.060000, 0.530000
1476281232203, 11.010000, 11.000000, 19000, 11.030000, 200, 5.060000, 0.530000
1476281233694, 11.010000, 11.000000, 19000, 11.030000, 200, 5.060000, 0.530000
1476281236238, 11.010000, 10.950000, 300, 10.990000, 100, 5.060000, 0.530000
1476281238199, 11.010000, 10.950000, 300, 10.990000, 100, 5.060000, 0.530000
1476281240197, 10.980000, 10.950000, 300, 11.030000, 400, 4.770000, 0.500000
1476281242203, 10.980000, 10.950000, 300, 11.030000, 400, 4.770000, 0.500000
1476281244210, 10.980000, 10.950000, 300, 11.030000, 400, 4.770000, 0.500000
1476281246190, 10.980000, 10.950000, 300, 11.030000, 400, 4.770000, 0.500000
1476281247728, 10.980000, 10.950000, 300, 11.030000, 400, 4.770000, 0.500000
1476281250203, 10.980000, 10.950000, 300, 11.030000, 400, 4.770000, 0.500000
1476281252241, 11.000000, 10.960000, 300, 11.010000, 100, 4.960000, 0.520000
1476281254201, 11.000000, 10.960000, 300, 11.010000, 100, 4.960000, 0.520000
1476281256202, 11.000000, 10.960000, 300, 11.010000, 100, 4.960000, 0.520000
1476281258207, 11.000000, 10.960000, 300, 11.010000, 100, 4.960000, 0.520000
1476281260195, 11.000000, 10.960000, 300, 11.010000, 100, 4.960000, 0.520000
1476281261708, 11.000000, 10.960000, 300, 11.010000, 100, 4.960000, 0.520000
1476281264208, 11.000000, 10.960000, 500, 11.010000, 100, 4.960000, 0.520000
1476281266199, 11.000000, 10.960000, 500, 11.010000, 100, 4.960000, 0.520000
1476281268199, 11.000000, 10.960000, 500, 11.010000, 100, 4.960000, 0.520000
1476281270209, 11.000000, 10.960000, 500, 11.010000, 100, 4.960000, 0.520000
1476281272214, 11.000000, 10.960000, 500, 11.010000, 100, 4.960000, 0.520000
1476281274213, 11.000000, 10.960000, 500, 11.010000, 100, 4.960000, 0.520000
1476281276211, 11.000000, 10.960000, 200, 11.010000, 200, 4.960000, 0.520000
1476281278218, 11.010000, 10.960000, 200, 11.020000, 500, 5.060000, 0.530000
1476281280203, 10.992000, 10.960000, 200, 11.020000, 500, 4.890000, 0.512000
1476281282207, 10.992000, 10.960000, 200, 11.020000, 500, 4.890000, 0.512000
1476281284207, 10.992000, 10.960000, 200, 11.020000, 500, 4.890000, 0.512000
1476281286213, 10.992000, 10.960000, 200, 11.020000, 500, 4.890000, 0.512000
1476281288214, 10.960000, 10.960000, 100, 11.020000, 500, 4.580000, 0.480000
1476281290217, 10.960000, 10.960000, 400, 11.020000, 500, 4.580000, 0.480000
1476281292237, 10.960000, 10.960000, 400, 11.020000, 500, 4.580000, 0.480000
1476281294218, 10.960000, 10.960000, 100, 11.010000, 200, 4.580000, 0.480000
1476281296225, 10.960000, 10.960000, 100, 11.010000, 200, 4.580000, 0.480000
1476281298217, 10.960000, 10.960000, 100, 11.010000, 200, 4.580000, 0.480000
1476281300216, 10.960000, 10.960000, 100, 11.010000, 200, 4.580000, 0.480000
1476281302219, 10.960000, 10.960000, 100, 11.010000, 200, 4.580000, 0.480000
1476281304222, 10.960000, 10.960000, 100, 11.010000, 200, 4.580000, 0.480000
1476281306211, 10.960000, 10.960000, 100, 11.010000, 200, 4.580000, 0.480000
1476281308208, 10.960000, 10.960000, 100, 11.010000, 200, 4.580000, 0.480000
1476281310224, 10.960000, 10.960000, 100, 11.010000, 200, 4.580000, 0.480000
1476281312221, 10.930000, 10.900000, 300, 10.980000, 100, 4.290000, 0.450000
1476281314217, 10.930000, 10.900000, 200, 10.980000, 100, 4.290000, 0.450000
1476281316225, 10.945000, 10.910000, 300, 10.980000, 100, 4.440000, 0.465000
1476281318231, 10.945000, 10.910000, 300, 10.980000, 100, 4.440000, 0.465000
1476281320223, 10.945000, 10.910000, 300, 10.980000, 100, 4.440000, 0.465000
1476281322236, 10.945000, 10.910000, 100, 10.980000, 200, 4.440000, 0.465000
1476281323726, 10.945000, 10.910000, 100, 10.980000, 200, 4.440000, 0.465000
1476281326210, 10.945000, 10.910000, 400, 10.970000, 200, 4.440000, 0.465000
1476281328218, 10.945000, 10.910000, 300, 10.970000, 100, 4.440000, 0.465000
1476281330224, 10.945000, 10.910000, 300, 10.970000, 100, 4.440000, 0.465000
1476281332232, 10.945000, 10.910000, 300, 10.970000, 100, 4.440000, 0.465000
1476281334239, 10.945000, 10.910000, 300, 10.970000, 100, 4.440000, 0.465000
1476281336239, 10.945000, 10.910000, 100, 10.970000, 300, 4.440000, 0.465000
1476281338246, 10.945000, 10.910000, 100, 10.970000, 300, 4.440000, 0.465000
1476281339738, 10.945000, 10.910000, 100, 10.970000, 300, 4.440000, 0.465000
1476281341751, 10.945000, 10.910000, 100, 10.970000, 300, 4.440000, 0.465000
1476281344236, 10.945000, 10.910000, 100, 10.970000, 300, 4.440000, 0.465000
1476281346237, 10.945000, 10.910000, 100, 10.970000, 300, 4.440000, 0.465000
1476281348252, 10.945000, 10.910000, 100, 10.970000, 300, 4.440000, 0.465000
1476281350334, 10.945000, 10.910000, 100, 10.970000, 300, 4.440000, 0.465000
1476281350774, 10.945000, 10.910000, 100, 10.970000, 300, 4.440000, 0.465000
1476281354249, 10.945000, 10.910000, 100, 10.970000, 300, 4.440000, 0.465000
1476281356238, 10.910000, 10.890000, 400, 10.950000, 200, 4.100000, 0.430000
1476281358244, 10.910000, 10.890000, 400, 10.950000, 200, 4.100000, 0.430000
1476281360225, 10.910000, 10.890000, 400, 10.950000, 200, 4.100000, 0.430000
1476281362258, 10.910000, 10.890000, 400, 10.950000, 200, 4.100000, 0.430000
1476281363277, 10.910000, 10.890000, 400, 10.950000, 200, 4.100000, 0.430000
1476281366283, 10.910000, 10.890000, 400, 10.950000, 200, 4.100000, 0.430000
1476281368245, 10.900000, 10.890000, 400, 10.950000, 200, 4.010000, 0.420000
1476281370246, 10.900000, 10.890000, 400, 10.950000, 200, 4.010000, 0.420000
1476281372250, 10.900000, 10.890000, 400, 10.940000, 400, 4.010000, 0.420000
1476281373749, 10.900000, 10.890000, 400, 10.940000, 400, 4.010000, 0.420000
1476281376265, 10.900000, 10.890000, 400, 10.940000, 400, 4.010000, 0.420000
1476281378272, 10.900000, 10.890000, 400, 10.940000, 400, 4.010000, 0.420000
1476281380251, 10.900000, 10.890000, 400, 10.940000, 400, 4.010000, 0.420000
1476281382250, 10.900000, 10.890000, 400, 10.940000, 400, 4.010000, 0.420000
1476281384650, 10.900000, 10.890000, 400, 10.940000, 400, 4.010000, 0.420000
1476281386659, 10.900000, 10.890000, 400, 10.940000, 400, 4.010000, 0.420000
1476281388653, 10.900000, 10.890000, 400, 10.940000, 500, 4.010000, 0.420000
1476281390654, 10.900000, 10.890000, 400, 10.940000, 500, 4.010000, 0.420000
1476281392659, 10.900000, 10.890000, 400, 10.940000, 500, 4.010000, 0.420000
1476281394659, 10.900000, 10.890000, 400, 10.940000, 500, 4.010000, 0.420000
1476281396667, 10.900000, 10.890000, 400, 10.940000, 500, 4.010000, 0.420000
1476281398161, 10.900000, 10.890000, 400, 10.940000, 300, 4.010000, 0.420000
1476281400654, 10.940000, 10.900000, 1500, 10.940000, 100, 4.390000, 0.460000
1476281402660, 10.940000, 10.900000, 1500, 10.940000, 200, 4.390000, 0.460000
1476281404675, 10.940000, 10.900000, 1500, 10.940000, 100, 4.390000, 0.460000
1476281406174, 10.940000, 10.900000, 1500, 10.940000, 100, 4.390000, 0.460000
1476281408170, 10.940000, 10.900000, 1500, 10.940000, 100, 4.390000, 0.460000
1476281410670, 10.940000, 10.900000, 1500, 10.940000, 100, 4.390000, 0.460000
1476281412168, 10.940000, 10.900000, 1500, 10.940000, 100, 4.390000, 0.460000
1476281414661, 10.940000, 10.900000, 1500, 10.940000, 100, 4.390000, 0.460000
1476281416659, 10.940000, 10.900000, 1500, 10.940000, 100, 4.390000, 0.460000
1476281418678, 10.940000, 10.900000, 1500, 10.940000, 100, 4.390000, 0.460000
1476281420180, 10.940000, 10.900000, 1500, 10.940000, 100, 4.390000, 0.460000
1476281422680, 10.940000, 10.900000, 1500, 10.940000, 100, 4.390000, 0.460000
1476281424179, 10.940000, 10.900000, 1500, 10.940000, 100, 4.390000, 0.460000
1476281426664, 10.940000, 10.900000, 1500, 10.940000, 100, 4.390000, 0.460000
1476281428676, 10.940000, 10.900000, 1500, 10.940000, 100, 4.390000, 0.460000
1476281430665, 10.940000, 10.900000, 1500, 10.940000, 100, 4.390000, 0.460000
1476281432676, 10.940000, 10.900000, 1500, 10.930000, 400, 4.390000, 0.460000
1476281434197, 10.940000, 10.900000, 1500, 10.930000, 500, 4.390000, 0.460000
1476281436187, 10.940000, 10.900000, 1500, 10.930000, 300, 4.390000, 0.460000
1476281438177, 10.940000, 10.900000, 1500, 10.930000, 300, 4.390000, 0.460000
1476281440178, 10.940000, 10.900000, 1500, 10.930000, 600, 4.390000, 0.460000
1476281442678, 10.940000, 10.900000, 1500, 10.930000, 600, 4.390000, 0.460000
1476281444672, 10.940000, 10.900000, 1500, 10.930000, 600, 4.390000, 0.460000
1476281446686, 10.920000, 10.900000, 1500, 10.930000, 500, 4.200000, 0.440000
1476281448669, 10.920000, 10.900000, 1500, 10.930000, 500, 4.200000, 0.440000
1476281450186, 10.920000, 10.900000, 1500, 10.930000, 500, 4.200000, 0.440000
1476281452181, 10.920000, 10.900000, 1500, 10.930000, 500, 4.200000, 0.440000
1476281454179, 10.920000, 10.900000, 1500, 10.930000, 500, 4.200000, 0.440000
1476281456180, 10.920000, 10.900000, 1500, 10.930000, 500, 4.200000, 0.440000
1476281458687, 10.920000, 10.900000, 1500, 10.930000, 600, 4.200000, 0.440000
1476281460188, 10.920000, 10.900000, 1500, 10.930000, 600, 4.200000, 0.440000
1476281462688, 10.920000, 10.900000, 1500, 10.930000, 600, 4.200000, 0.440000
1476281464209, 10.920000, 10.900000, 1500, 10.930000, 600, 4.200000, 0.440000
1476281465184, 10.920000, 10.900000, 1500, 10.930000, 600, 4.200000, 0.440000
1476281468677, 10.920000, 10.900000, 1500, 10.930000, 400, 4.200000, 0.440000
1476281470696, 10.920000, 10.900000, 1500, 10.930000, 400, 4.200000, 0.440000
1476281472189, 10.920000, 10.900000, 1500, 10.930000, 400, 4.200000, 0.440000
1476281474676, 11.000000, 10.940000, 100, 11.010000, 400, 4.960000, 0.520000
1476281476187, 11.000000, 10.940000, 100, 11.010000, 400, 4.960000, 0.520000
1476281478680, 11.000000, 10.940000, 100, 11.010000, 300, 4.960000, 0.520000
1476281480692, 11.000000, 10.940000, 100, 11.010000, 300, 4.960000, 0.520000
1476281482671, 11.000000, 10.940000, 100, 11.010000, 300, 4.960000, 0.520000
1476281484693, 11.000000, 10.920000, 100, 11.010000, 400, 4.960000, 0.520000
1476281486693, 11.000000, 10.930000, 400, 11.010000, 100, 4.960000, 0.520000
1476281488694, 11.000000, 10.930000, 400, 11.010000, 100, 4.960000, 0.520000
1476281489692, 11.000000, 10.930000, 400, 11.010000, 100, 4.960000, 0.520000
1476281492690, 11.000000, 10.930000, 300, 11.010000, 200, 4.960000, 0.520000
1476281494196, 11.000000, 10.930000, 300, 11.010000, 200, 4.960000, 0.520000
1476281496683, 11.000000, 10.930000, 100, 11.010000, 300, 4.960000, 0.520000
1476281498692, 11.000000, 10.920000, 300, 11.010000, 100, 4.960000, 0.520000
1476281500700, 11.000000, 10.940000, 300, 11.010000, 100, 4.960000, 0.520000
1476281502686, 11.000000, 10.940000, 300, 11.010000, 100, 4.960000, 0.520000
1476281503688, 11.000000, 10.940000, 300, 11.010000, 100, 4.960000, 0.520000
1476281506231, 11.000000, 10.940000, 300, 11.010000, 100, 4.960000, 0.520000
1476281508710, 11.000000, 10.930000, 300, 11.010000, 100, 4.960000, 0.520000
1476281510189, 11.000000, 10.930000, 300, 11.010000, 100, 4.960000, 0.520000
1476281512702, 11.000000, 10.930000, 300, 11.010000, 400, 4.960000, 0.520000
1476281514707, 11.000000, 10.930000, 400, 11.010000, 200, 4.960000, 0.520000
1476281516694, 11.000000, 10.930000, 100, 11.010000, 300, 4.960000, 0.520000
1476281518207, 11.000000, 10.930000, 100, 11.010000, 300, 4.960000, 0.520000
1476281520703, 11.000000, 10.910000, 200, 11.010000, 300, 4.960000, 0.520000
1476281522703, 11.000000, 10.910000, 300, 11.010000, 300, 4.960000, 0.520000
1476281524708, 11.000000, 10.930000, 300, 11.010000, 2000, 4.960000, 0.520000
1476281526693, 11.000000, 10.930000, 300, 11.010000, 2000, 4.960000, 0.520000
1476281528703, 11.000000, 10.920000, 300, 11.010000, 2000, 4.960000, 0.520000
1476281530713, 11.000000, 10.920000, 300, 11.000000, 200, 4.960000, 0.520000
1476281532207, 11.000000, 10.920000, 300, 10.990000, 200, 4.960000, 0.520000
1476281534714, 10.930000, 10.900000, 1500, 10.990000, 200, 4.290000, 0.450000
1476281536206, 10.930000, 10.900000, 1500, 10.990000, 200, 4.290000, 0.450000
1476281537221, 10.930000, 10.900000, 1500, 10.990000, 200, 4.290000, 0.450000
1476281540703, 10.930000, 10.910000, 400, 10.990000, 200, 4.290000, 0.450000
1476281542712, 10.930000, 10.910000, 400, 10.990000, 200, 4.290000, 0.450000
1476281544718, 10.930000, 10.910000, 100, 10.990000, 300, 4.290000, 0.450000
1476281546718, 10.930000, 10.910000, 100, 10.990000, 300, 4.290000, 0.450000
1476281548220, 10.930000, 10.910000, 100, 10.990000, 300, 4.290000, 0.450000
1476281550245, 10.930000, 10.910000, 100, 10.980000, 300, 4.290000, 0.450000
1476281552703, 10.930000, 10.910000, 100, 10.980000, 300, 4.290000, 0.450000
1476281554711, 10.930000, 10.910000, 100, 10.990000, 400, 4.290000, 0.450000
1476281556717, 10.930000, 10.910000, 100, 10.980000, 200, 4.290000, 0.450000
1476281558710, 10.930000, 10.910000, 100, 10.980000, 200, 4.290000, 0.450000
1476281560221, 10.930000, 10.910000, 100, 10.980000, 200, 4.290000, 0.450000
1476281562723, 10.920000, 10.910000, 100, 10.980000, 200, 4.200000, 0.440000
1476281564232, 10.920000, 10.910000, 100, 10.980000, 200, 4.200000, 0.440000
1476281566218, 10.920000, 10.910000, 100, 10.950000, 400, 4.200000, 0.440000
1476281568721, 10.920000, 10.910000, 400, 10.940000, 200, 4.200000, 0.440000
1476281570214, 10.920000, 10.910000, 400, 10.940000, 200, 4.200000, 0.440000
1476281572237, 10.920000, 10.910000, 400, 10.940000, 300, 4.200000, 0.440000
1476281573716, 10.920000, 10.910000, 400, 10.940000, 300, 4.200000, 0.440000
1476281576723, 10.920000, 10.910000, 400, 10.940000, 300, 4.200000, 0.440000
1476281578217, 10.920000, 10.910000, 400, 10.940000, 300, 4.200000, 0.440000
1476281580731, 10.920000, 10.910000, 400, 10.940000, 300, 4.200000, 0.440000
1476281582729, 10.920000, 10.910000, 400, 10.930000, 200, 4.200000, 0.440000
1476281584217, 10.910000, 10.910000, 400, 10.930000, 200, 4.100000, 0.430000
1476281586225, 10.910000, 10.900000, 1500, 10.930000, 200, 4.100000, 0.430000
1476281588222, 10.910000, 10.900000, 1500, 10.930000, 200, 4.100000, 0.430000
1476281590256, 10.910000, 10.900000, 1500, 10.930000, 200, 4.100000, 0.430000
1476281592229, 10.910000, 10.900000, 1500, 10.930000, 200, 4.100000, 0.430000
1476281594225, 10.910000, 10.900000, 1500, 10.930000, 200, 4.100000, 0.430000
1476281595722, 10.910000, 10.900000, 1500, 10.930000, 200, 4.100000, 0.430000
1476281598233, 10.910000, 10.900000, 1500, 10.930000, 200, 4.100000, 0.430000
1476281600235, 10.910000, 10.900000, 1500, 10.930000, 200, 4.100000, 0.430000
1476281602232, 10.910000, 10.900000, 1500, 10.930000, 200, 4.100000, 0.430000
1476281603747, 10.910000, 10.900000, 1500, 10.930000, 200, 4.100000, 0.430000
1476281606710, 10.910000, 10.900000, 1500, 10.930000, 200, 4.100000, 0.430000
1476281607726, 10.910000, 10.900000, 1500, 10.930000, 200, 4.100000, 0.430000
1476281610242, 10.910000, 10.900000, 1500, 10.930000, 200, 4.100000, 0.430000
1476281612721, 10.910000, 10.900000, 1500, 10.930000, 200, 4.100000, 0.430000
1476281613753, 10.910000, 10.900000, 1500, 10.920000, 300, 4.100000, 0.430000
1476281616717, 10.910000, 10.900000, 1500, 10.910000, 200, 4.100000, 0.430000
1476281618251, 10.910000, 10.900000, 1500, 10.910000, 200, 4.100000, 0.430000
1476281620744, 10.910000, 10.900000, 1500, 10.910000, 200, 4.100000, 0.430000
1476281622249, 10.910000, 10.900000, 1500, 10.910000, 200, 4.100000, 0.430000
1476281624247, 10.910000, 10.900000, 1500, 10.910000, 200, 4.100000, 0.430000
1476281626238, 10.900000, 10.890000, 700, 10.910000, 200, 4.010000, 0.420000
1476281628738, 10.900000, 10.890000, 400, 10.910000, 200, 4.010000, 0.420000
1476281630253, 10.900000, 10.890000, 400, 10.910000, 200, 4.010000, 0.420000
1476281631246, 10.900000, 10.890000, 400, 10.910000, 200, 4.010000, 0.420000
1476281633788, 10.900000, 10.890000, 400, 10.910000, 200, 4.010000, 0.420000
1476281636237, 10.900000, 10.890000, 400, 10.910000, 200, 4.010000, 0.420000
1476281638250, 10.900000, 10.890000, 400, 10.910000, 200, 4.010000, 0.420000
1476281640246, 10.900000, 10.890000, 400, 10.910000, 200, 4.010000, 0.420000
1476281642254, 10.900000, 10.890000, 400, 10.910000, 200, 4.010000, 0.420000
1476281644247, 10.900000, 10.890000, 400, 10.910000, 200, 4.010000, 0.420000
1476281646273, 10.900000, 10.890000, 400, 10.910000, 200, 4.010000, 0.420000
1476281648265, 10.900000, 10.890000, 400, 10.910000, 200, 4.010000, 0.420000
1476281650245, 10.900000, 10.890000, 400, 10.910000, 200, 4.010000, 0.420000
1476281652756, 10.900000, 10.890000, 400, 10.910000, 200, 4.010000, 0.420000
1476281654236, 10.900000, 10.890000, 400, 10.910000, 200, 4.010000, 0.420000
1476281656262, 10.900000, 10.890000, 400, 10.910000, 200, 4.010000, 0.420000
1476281658659, 10.900000, 10.890000, 400, 10.910000, 200, 4.010000, 0.420000
1476281660653, 10.900000, 10.890000, 400, 10.910000, 200, 4.010000, 0.420000
1476281662678, 10.910000, 10.900000, 300, 10.920000, 100, 4.100000, 0.430000
1476281664663, 10.910000, 10.900000, 300, 10.920000, 100, 4.100000, 0.430000
1476281666658, 10.910000, 10.890000, 400, 10.920000, 100, 4.100000, 0.430000
1476281668660, 10.910000, 10.890000, 400, 10.920000, 100, 4.100000, 0.430000
1476281670656, 10.910000, 10.890000, 400, 10.920000, 100, 4.100000, 0.430000
1476281672665, 10.910000, 10.890000, 400, 10.920000, 100, 4.100000, 0.430000
1476281674668, 10.910000, 10.890000, 400, 10.920000, 100, 4.100000, 0.430000
1476281676721, 10.910000, 10.890000, 400, 10.910000, 100, 4.100000, 0.430000
1476281678671, 10.910000, 10.890000, 400, 10.910000, 100, 4.100000, 0.430000
1476281680671, 10.900000, 10.890000, 400, 10.910000, 100, 4.010000, 0.420000
1476281682668, 10.900000, 10.890000, 400, 10.910000, 100, 4.010000, 0.420000
1476281684673, 10.893600, 10.890000, 400, 10.910000, 100, 3.950000, 0.413600
1476281686174, 10.893600, 10.890000, 400, 10.910000, 100, 3.950000, 0.413600
1476281688678, 10.893600, 10.890000, 400, 10.910000, 100, 3.950000, 0.413600
1476281690662, 10.893600, 10.890000, 400, 10.910000, 100, 3.950000, 0.413600
1476281692181, 10.893600, 10.890000, 400, 10.910000, 100, 3.950000, 0.413600
1476281694674, 10.893600, 10.890000, 400, 10.910000, 100, 3.950000, 0.413600
1476281696675, 10.900000, 10.890000, 400, 10.910000, 100, 4.010000, 0.420000
1476281698678, 10.900000, 10.890000, 400, 10.910000, 100, 4.010000, 0.420000
1476281700669, 10.900000, 10.890000, 400, 10.910000, 100, 4.010000, 0.420000
1476281702675, 10.900000, 10.890000, 400, 10.910000, 100, 4.010000, 0.420000
1476281704687, 10.900000, 10.890000, 400, 10.910000, 100, 4.010000, 0.420000
1476281706709, 10.890000, 10.890000, 400, 10.910000, 200, 3.910000, 0.410000
1476281708685, 10.890000, 10.890000, 400, 10.910000, 200, 3.910000, 0.410000
1476281710673, 10.890000, 10.890000, 400, 10.910000, 200, 3.910000, 0.410000
1476281712684, 10.890000, 10.890000, 400, 10.910000, 200, 3.910000, 0.410000
1476281714686, 10.890000, 10.890000, 400, 10.910000, 200, 3.910000, 0.410000
1476281716670, 10.890000, 10.890000, 400, 10.910000, 200, 3.910000, 0.410000
1476281718186, 10.890000, 10.890000, 400, 10.910000, 200, 3.910000, 0.410000
1476281720683, 10.900000, 10.890000, 400, 10.910000, 200, 4.010000, 0.420000
1476281722723, 10.900000, 10.890000, 400, 10.910000, 200, 4.010000, 0.420000
1476281724673, 10.900000, 10.890000, 400, 10.910000, 200, 4.010000, 0.420000
1476281726679, 10.900000, 10.890000, 400, 10.910000, 200, 4.010000, 0.420000
1476281728687, 10.900000, 10.890000, 400, 10.910000, 200, 4.010000, 0.420000
1476281730686, 10.900000, 10.890000, 400, 10.910000, 200, 4.010000, 0.420000
1476281731704, 10.906000, 10.890000, 400, 10.910000, 200, 4.060000, 0.426000
1476281734187, 10.900000, 10.890000, 400, 10.910000, 200, 4.010000, 0.420000
1476281736677, 10.900000, 10.890000, 400, 10.910000, 200, 4.010000, 0.420000
1476281738191, 10.900000, 10.890000, 400, 10.910000, 200, 4.010000, 0.420000
1476281740693, 10.900000, 10.890000, 400, 10.910000, 200, 4.010000, 0.420000
1476281742716, 10.900000, 10.890000, 400, 10.910000, 200, 4.010000, 0.420000
1476281744690, 10.900000, 10.890000, 400, 10.910000, 200, 4.010000, 0.420000
1476281746723, 10.900000, 10.890000, 400, 10.910000, 200, 4.010000, 0.420000
1476281748709, 10.900000, 10.890000, 400, 10.910000, 200, 4.010000, 0.420000
1476281749690, 10.942000, 10.910000, 300, 10.950000, 600, 4.410000, 0.462000
1476281752685, 10.922500, 10.910000, 300, 10.940000, 100, 4.220000, 0.442500
1476281754689, 10.922500, 10.910000, 300, 10.940000, 100, 4.220000, 0.442500
1476281756189, 10.922500, 10.910000, 300, 10.940000, 100, 4.220000, 0.442500
1476281758693, 10.922500, 10.910000, 300, 10.940000, 100, 4.220000, 0.442500
1476281760719, 10.940000, 10.910000, 300, 10.940000, 100, 4.390000, 0.460000
1476281762707, 10.940000, 10.910000, 300, 10.940000, 100, 4.390000, 0.460000
1476281764694, 10.940000, 10.910000, 300, 10.940000, 100, 4.390000, 0.460000
1476281766688, 10.940000, 10.910000, 300, 10.940000, 100, 4.390000, 0.460000
1476281768696, 10.940000, 10.910000, 300, 10.950000, 400, 4.390000, 0.460000
1476281770693, 10.940000, 10.910000, 300, 10.950000, 400, 4.390000, 0.460000
1476281772700, 10.940000, 10.910000, 300, 10.950000, 400, 4.390000, 0.460000
1476281774738, 10.940000, 10.910000, 300, 10.950000, 400, 4.390000, 0.460000
1476281776722, 10.940000, 10.910000, 300, 10.950000, 400, 4.390000, 0.460000
1476281778735, 10.940000, 10.910000, 300, 10.950000, 400, 4.390000, 0.460000
1476281780702, 10.940000, 10.910000, 300, 10.950000, 400, 4.390000, 0.460000
1476281782703, 10.940000, 10.910000, 300, 10.950000, 400, 4.390000, 0.460000
1476281784702, 10.940000, 10.910000, 300, 10.950000, 400, 4.390000, 0.460000
1476281786698, 10.940000, 10.910000, 500, 10.950000, 400, 4.390000, 0.460000
1476281788710, 10.940000, 10.910000, 400, 10.940000, 100, 4.390000, 0.460000
1476281790714, 10.940000, 10.910000, 400, 10.940000, 100, 4.390000, 0.460000
1476281792705, 10.940000, 10.910000, 400, 10.940000, 100, 4.390000, 0.460000
1476281794696, 10.940000, 10.910000, 400, 10.940000, 100, 4.390000, 0.460000
1476281796704, 10.940000, 10.910000, 500, 10.950000, 400, 4.390000, 0.460000
1476281797695, 10.940000, 10.910000, 500, 10.950000, 400, 4.390000, 0.460000
1476281800697, 10.940000, 10.910000, 500, 10.950000, 400, 4.390000, 0.460000
1476281802704, 10.940000, 10.910000, 500, 10.950000, 400, 4.390000, 0.460000
1476281804711, 10.940000, 10.910000, 500, 10.950000, 400, 4.390000, 0.460000
1476281806721, 10.940000, 10.910000, 500, 10.950000, 400, 4.390000, 0.460000
1476281808711, 10.934000, 10.910000, 500, 10.950000, 400, 4.330000, 0.454000
1476281810705, 10.934000, 10.910000, 500, 10.950000, 400, 4.330000, 0.454000
1476281812717, 10.934000, 10.910000, 500, 10.950000, 400, 4.330000, 0.454000
1476281814709, 10.934000, 10.910000, 500, 10.950000, 400, 4.330000, 0.454000
1476281816732, 10.934000, 10.910000, 500, 10.950000, 400, 4.330000, 0.454000
1476281818714, 10.934000, 10.910000, 500, 10.950000, 400, 4.330000, 0.454000
1476281820715, 10.934000, 10.910000, 500, 10.950000, 400, 4.330000, 0.454000
1476281822722, 10.934000, 10.910000, 500, 10.950000, 400, 4.330000, 0.454000
1476281824721, 10.934000, 10.910000, 500, 10.950000, 400, 4.330000, 0.454000
1476281826213, 10.934000, 10.910000, 500, 10.950000, 400, 4.330000, 0.454000
1476281828711, 10.934000, 10.910000, 500, 10.950000, 400, 4.330000, 0.454000
1476281830751, 10.934000, 10.910000, 500, 10.950000, 400, 4.330000, 0.454000
1476281832228, 10.934000, 10.910000, 400, 10.950000, 400, 4.330000, 0.454000
1476281834718, 10.934000, 10.910000, 400, 10.950000, 400, 4.330000, 0.454000
1476281836720, 10.934000, 10.910000, 400, 10.950000, 400, 4.330000, 0.454000
1476281838717, 10.950000, 10.940000, 200, 10.960000, 100, 4.480000, 0.470000
1476281840725, 10.950000, 10.940000, 200, 10.960000, 100, 4.480000, 0.470000
1476281842720, 10.950000, 10.940000, 200, 10.960000, 100, 4.480000, 0.470000
1476281844737, 10.950000, 10.940000, 200, 10.960000, 100, 4.480000, 0.470000
1476281846812, 10.950000, 10.940000, 200, 10.960000, 100, 4.480000, 0.470000
1476281848254, 10.950000, 10.940000, 200, 10.960000, 100, 4.480000, 0.470000
1476281850228, 10.950000, 10.940000, 200, 10.960000, 100, 4.480000, 0.470000
1476281852740, 10.950000, 10.940000, 200, 10.990000, 400, 4.480000, 0.470000
1476281854731, 10.950000, 10.940000, 200, 10.990000, 400, 4.480000, 0.470000
1476281856716, 10.950000, 10.930000, 300, 10.980000, 200, 4.480000, 0.470000
1476281858724, 10.950000, 10.930000, 300, 10.980000, 200, 4.480000, 0.470000
1476281860729, 10.950000, 10.930000, 300, 10.980000, 200, 4.480000, 0.470000
1476281862756, 10.950000, 10.940000, 100, 10.970000, 300, 4.480000, 0.470000
1476281864734, 10.920500, 10.910000, 200, 10.960000, 100, 4.200000, 0.440500
1476281866727, 10.920500, 10.910000, 100, 10.960000, 200, 4.200000, 0.440500
1476281868732, 10.920500, 10.910000, 100, 10.960000, 200, 4.200000, 0.440500
1476281870727, 10.920500, 10.910000, 100, 10.960000, 200, 4.200000, 0.440500
1476281872227, 10.920500, 10.910000, 100, 10.960000, 200, 4.200000, 0.440500
1476281874731, 10.920500, 10.900000, 200, 10.950000, 200, 4.200000, 0.440500
1476281876727, 10.920500, 10.900000, 200, 10.950000, 200, 4.200000, 0.440500
1476281878732, 10.920500, 10.900000, 300, 10.950000, 200, 4.200000, 0.440500
1476281880739, 10.920500, 10.900000, 200, 10.950000, 200, 4.200000, 0.440500
1476281882719, 10.920500, 10.900000, 100, 10.970000, 300, 4.200000, 0.440500
1476281884734, 10.920500, 10.900000, 200, 10.960000, 300, 4.200000, 0.440500
1476281886728, 10.920500, 10.900000, 200, 10.960000, 300, 4.200000, 0.440500
1476281888727, 10.920500, 10.890000, 500, 10.960000, 200, 4.200000, 0.440500
1476281890745, 10.920500, 10.900000, 200, 10.940000, 100, 4.200000, 0.440500
1476281892743, 10.928000, 10.900000, 200, 10.940000, 100, 4.270000, 0.448000
1476281894239, 10.928000, 10.900000, 100, 10.940000, 400, 4.270000, 0.448000
1476281896763, 10.928000, 10.900000, 100, 10.940000, 300, 4.270000, 0.448000
1476281898744, 10.928000, 10.900000, 100, 10.940000, 300, 4.270000, 0.448000
1476281900724, 10.928000, 10.900000, 100, 10.940000, 300, 4.270000, 0.448000
1476281902245, 10.928000, 10.900000, 100, 10.940000, 200, 4.270000, 0.448000
1476281904783, 10.928000, 10.900000, 100, 10.940000, 200, 4.270000, 0.448000
1476281906727, 10.928000, 10.900000, 100, 10.930000, 200, 4.270000, 0.448000
1476281908745, 10.928000, 10.900000, 100, 10.930000, 200, 4.270000, 0.448000
1476281910754, 10.928000, 10.900000, 100, 10.930000, 200, 4.270000, 0.448000
1476281912745, 10.928000, 10.900000, 100, 10.930000, 100, 4.270000, 0.448000
1476281914743, 10.928000, 10.900000, 100, 10.930000, 100, 4.270000, 0.448000
1476281916792, 10.928000, 10.900000, 100, 10.930000, 100, 4.270000, 0.448000
1476281918757, 10.928000, 10.900000, 100, 10.930000, 100, 4.270000, 0.448000
1476281920757, 10.928000, 10.900000, 100, 10.930000, 100, 4.270000, 0.448000
1476281922752, 10.928000, 10.900000, 100, 10.930000, 100, 4.270000, 0.448000
1476281924765, 10.928000, 10.900000, 100, 10.930000, 100, 4.270000, 0.448000
1476281926754, 10.928000, 10.900000, 300, 10.930000, 100, 4.270000, 0.448000
1476281928738, 10.928000, 10.900000, 300, 10.930000, 100, 4.270000, 0.448000
1476281930774, 10.900000, 10.890000, 400, 10.920000, 300, 4.010000, 0.420000
1476281932263, 10.900000, 10.890000, 400, 10.920000, 300, 4.010000, 0.420000
1476281934657, 10.900000, 10.890000, 400, 10.920000, 300, 4.010000, 0.420000
1476281936653, 10.920000, 10.900000, 600, 10.940000, 200, 4.200000, 0.440000
1476281937661, 10.920000, 10.900000, 500, 10.940000, 300, 4.200000, 0.440000
1476281940653, 10.920000, 10.900000, 200, 10.940000, 300, 4.200000, 0.440000
1476281942654, 10.920000, 10.900000, 200, 10.940000, 300, 4.200000, 0.440000
1476281944669, 10.920000, 10.900000, 200, 10.940000, 300, 4.200000, 0.440000
1476281946678, 10.920000, 10.900000, 400, 10.940000, 300, 4.200000, 0.440000
1476281951164, 10.920000, 10.900000, 400, 10.930000, 200, 4.200000, 0.440000
1476281951658, 10.920000, 10.900000, 400, 10.930000, 200, 4.200000, 0.440000
1476281953668, 10.920000, 10.900000, 400, 10.930000, 200, 4.200000, 0.440000
1476281955672, 10.920000, 10.900000, 400, 10.930000, 200, 4.200000, 0.440000
1476281957669, 10.920000, 10.900000, 400, 10.930000, 200, 4.200000, 0.440000
1476281959658, 10.920000, 10.900000, 400, 10.930000, 200, 4.200000, 0.440000
1476281961203, 10.920000, 10.900000, 400, 10.930000, 200, 4.200000, 0.440000
1476281963652, 10.920000, 10.900000, 400, 10.930000, 200, 4.200000, 0.440000
1476281965679, 10.920000, 10.900000, 400, 10.930000, 200, 4.200000, 0.440000
1476281967666, 10.920000, 10.900000, 400, 10.930000, 200, 4.200000, 0.440000
1476281969664, 10.920000, 10.900000, 400, 10.930000, 200, 4.200000, 0.440000
1476281971676, 10.920000, 10.900000, 400, 10.930000, 200, 4.200000, 0.440000
1476281973674, 10.920000, 10.900000, 400, 10.930000, 200, 4.200000, 0.440000
1476281975682, 10.920000, 10.900000, 400, 10.930000, 200, 4.200000, 0.440000
1476281977675, 10.920000, 10.900000, 400, 10.930000, 200, 4.200000, 0.440000
1476281979673, 10.920000, 10.900000, 400, 10.930000, 200, 4.200000, 0.440000
1476281981679, 10.920000, 10.900000, 400, 10.930000, 200, 4.200000, 0.440000
1476281983678, 10.920000, 10.900000, 400, 10.920000, 200, 4.200000, 0.440000
1476281985681, 10.920000, 10.900000, 100, 10.920000, 200, 4.200000, 0.440000
1476281987679, 10.920000, 10.900000, 100, 10.920000, 200, 4.200000, 0.440000
1476281988683, 10.920000, 10.900000, 100, 10.920000, 200, 4.200000, 0.440000
1476281991673, 10.920000, 10.900000, 100, 10.920000, 200, 4.200000, 0.440000
1476281993672, 10.920000, 10.900000, 100, 10.920000, 200, 4.200000, 0.440000
1476281995680, 10.920000, 10.900000, 100, 10.920000, 200, 4.200000, 0.440000
1476281997678, 10.920000, 10.900000, 100, 10.920000, 200, 4.200000, 0.440000
1476281999673, 10.920000, 10.900000, 100, 10.920000, 200, 4.200000, 0.440000
1476282001673, 10.920000, 10.900000, 100, 10.920000, 200, 4.200000, 0.440000
1476282003685, 10.920000, 10.900000, 100, 10.920000, 200, 4.200000, 0.440000
1476282005753, 10.920000, 10.900000, 100, 10.920000, 200, 4.200000, 0.440000
1476282007686, 10.920000, 10.900000, 100, 10.920000, 200, 4.200000, 0.440000
1476282009679, 10.920000, 10.900000, 100, 10.920000, 200, 4.200000, 0.440000
1476282011185, 10.920000, 10.900000, 100, 10.920000, 200, 4.200000, 0.440000
1476282013685, 10.920000, 10.900000, 100, 10.920000, 200, 4.200000, 0.440000
1476282015693, 10.920000, 10.900000, 100, 10.920000, 200, 4.200000, 0.440000
1476282017671, 10.920000, 10.900000, 100, 10.920000, 200, 4.200000, 0.440000
1476282019680, 10.920000, 10.900000, 100, 10.920000, 200, 4.200000, 0.440000
1476282021690, 10.920000, 10.900000, 100, 10.920000, 200, 4.200000, 0.440000
1476282023699, 10.920000, 10.900000, 100, 10.920000, 200, 4.200000, 0.440000
1476282025693, 10.920000, 10.900000, 100, 10.920000, 100, 4.200000, 0.440000
1476282027693, 10.920000, 10.900000, 100, 10.920000, 100, 4.200000, 0.440000
1476282029692, 10.920000, 10.900000, 100, 10.920000, 100, 4.200000, 0.440000
1476282031692, 10.920000, 10.900000, 100, 10.920000, 100, 4.200000, 0.440000
1476282033763, 10.920000, 10.900000, 100, 10.920000, 100, 4.200000, 0.440000
1476282035717, 10.920000, 10.900000, 100, 10.920000, 100, 4.200000, 0.440000
1476282037694, 10.900000, 10.890000, 600, 10.910000, 100, 4.010000, 0.420000
1476282039700, 10.900000, 10.890000, 600, 10.920000, 100, 4.010000, 0.420000
1476282041707, 10.900000, 10.890000, 600, 10.920000, 100, 4.010000, 0.420000
1476282043699, 10.900000, 10.890000, 600, 10.910000, 300, 4.010000, 0.420000
1476282045697, 10.900000, 10.890000, 600, 10.910000, 300, 4.010000, 0.420000
1476282047703, 10.900000, 10.890000, 600, 10.910000, 300, 4.010000, 0.420000
1476282049699, 10.900000, 10.890000, 600, 10.910000, 300, 4.010000, 0.420000
1476282051704, 10.900000, 10.890000, 600, 10.910000, 300, 4.010000, 0.420000
1476282053693, 10.900000, 10.890000, 600, 10.910000, 300, 4.010000, 0.420000
1476282055701, 10.900000, 10.890000, 300, 10.910000, 300, 4.010000, 0.420000
1476282057203, 10.890000, 10.890000, 300, 10.910000, 300, 3.910000, 0.410000
1476282059699, 10.900000, 10.890000, 200, 10.910000, 300, 4.010000, 0.420000
1476282061757, 10.900000, 10.890000, 200, 10.910000, 300, 4.010000, 0.420000
1476282063707, 10.900000, 10.890000, 200, 10.910000, 300, 4.010000, 0.420000
1476282065696, 10.900000, 10.890000, 200, 10.910000, 300, 4.010000, 0.420000
1476282067704, 10.900000, 10.890000, 200, 10.910000, 300, 4.010000, 0.420000
1476282069203, 10.900000, 10.890000, 200, 10.910000, 300, 4.010000, 0.420000
1476282071716, 10.900000, 10.890000, 200, 10.910000, 300, 4.010000, 0.420000
1476282073722, 10.900000, 10.890000, 200, 10.910000, 400, 4.010000, 0.420000
1476282075206, 10.900000, 10.890000, 200, 10.910000, 200, 4.010000, 0.420000
1476282077699, 10.900000, 10.890000, 200, 10.910000, 200, 4.010000, 0.420000
1476282079717, 10.900000, 10.890000, 200, 10.910000, 200, 4.010000, 0.420000
1476282081715, 10.900000, 10.890000, 200, 10.910000, 200, 4.010000, 0.420000
1476282083693, 10.900000, 10.890000, 200, 10.910000, 200, 4.010000, 0.420000
1476282085718, 10.900000, 10.890000, 200, 10.910000, 200, 4.010000, 0.420000
1476282087710, 10.900000, 10.890000, 200, 10.910000, 200, 4.010000, 0.420000
1476282089688, 10.900000, 10.890000, 200, 10.910000, 200, 4.010000, 0.420000
1476282091219, 10.900000, 10.890000, 200, 10.910000, 200, 4.010000, 0.420000
1476282093716, 10.900000, 10.890000, 200, 10.910000, 100, 4.010000, 0.420000
1476282095756, 10.900000, 10.890000, 200, 10.910000, 100, 4.010000, 0.420000
1476282097708, 10.896000, 10.890000, 200, 10.910000, 200, 3.970000, 0.416000
1476282099219, 10.896000, 10.890000, 200, 10.910000, 200, 3.970000, 0.416000
1476282101719, 10.890000, 10.890000, 200, 10.900000, 100, 3.910000, 0.410000
1476282103719, 10.890000, 10.890000, 200, 10.900000, 100, 3.910000, 0.410000
1476282105774, 10.890000, 10.880000, 300, 10.900000, 100, 3.910000, 0.410000
1476282107703, 10.890000, 10.880000, 300, 10.900000, 100, 3.910000, 0.410000
1476282109706, 10.890000, 10.880000, 300, 10.900000, 100, 3.910000, 0.410000
1476282111735, 10.890000, 10.880000, 300, 10.900000, 100, 3.910000, 0.410000
1476282113209, 10.890000, 10.880000, 300, 10.900000, 100, 3.910000, 0.410000
1476282115720, 10.890000, 10.880000, 200, 10.900000, 100, 3.910000, 0.410000
1476282116219, 10.890000, 10.880000, 200, 10.900000, 100, 3.910000, 0.410000
1476282119228, 10.890000, 10.880000, 200, 10.900000, 100, 3.910000, 0.410000
1476282120781, 10.890000, 10.880000, 200, 10.900000, 100, 3.910000, 0.410000
1476282123717, 10.890000, 10.880000, 200, 10.900000, 100, 3.910000, 0.410000
1476282125722, 10.890000, 10.880000, 200, 10.900000, 100, 3.910000, 0.410000
1476282127744, 10.890000, 10.880000, 200, 10.900000, 100, 3.910000, 0.410000
1476282129719, 10.890000, 10.880000, 200, 10.900000, 100, 3.910000, 0.410000
1476282131737, 10.890000, 10.880000, 200, 10.900000, 100, 3.910000, 0.410000
1476282133722, 10.890000, 10.880000, 200, 10.900000, 100, 3.910000, 0.410000
1476282135773, 10.890000, 10.880000, 200, 10.900000, 100, 3.910000, 0.410000
1476282136733, 10.890000, 10.880000, 200, 10.900000, 100, 3.910000, 0.410000
1476282139731, 10.890000, 10.880000, 200, 10.900000, 100, 3.910000, 0.410000
1476282141734, 10.890000, 10.880000, 200, 10.900000, 100, 3.910000, 0.410000
1476282143745, 10.890000, 10.880000, 200, 10.900000, 100, 3.910000, 0.410000
1476282145747, 10.890000, 10.880000, 200, 10.900000, 100, 3.910000, 0.410000
1476282147727, 10.890000, 10.880000, 200, 10.900000, 100, 3.910000, 0.410000
1476282149736, 10.890000, 10.880000, 200, 10.900000, 100, 3.910000, 0.410000
1476282151726, 10.890000, 10.880000, 200, 10.900000, 100, 3.910000, 0.410000
1476282153734, 10.890000, 10.880000, 200, 10.900000, 100, 3.910000, 0.410000
1476282155281, 11.000000, 10.930000, 100, 11.010000, 300, 4.960000, 0.520000
1476282157257, 11.000000, 10.930000, 100, 11.010000, 300, 4.960000, 0.520000
1476282159748, 11.000000, 10.930000, 100, 11.010000, 300, 4.960000, 0.520000
1476282161755, 11.000000, 10.940000, 400, 11.010000, 300, 4.960000, 0.520000
1476282163774, 11.000000, 10.940000, 400, 11.010000, 300, 4.960000, 0.520000
1476282165758, 11.000000, 10.950000, 100, 11.010000, 100, 4.960000, 0.520000
1476282167754, 11.000000, 10.950000, 100, 11.010000, 100, 4.960000, 0.520000
1476282169753, 11.000000, 10.950000, 100, 11.010000, 100, 4.960000, 0.520000
1476282171746, 11.000000, 10.950000, 100, 11.010000, 100, 4.960000, 0.520000
1476282173791, 11.000000, 10.950000, 100, 11.010000, 200, 4.960000, 0.520000
1476282175763, 11.280000, 11.230000, 100, 11.280000, 1000, 7.630000, 0.800000
1476282180256, 11.400000, 11.100000, 200, 11.250000, 100, 8.780000, 0.920000
1476282182257, 11.400000, 11.100000, 200, 11.250000, 100, 8.780000, 0.920000
1476282184262, 11.110000, 11.110000, 300, 11.240000, 100, 6.010000, 0.630000
1476282186254, 11.110000, 11.110000, 100, 11.240000, 100, 6.010000, 0.630000
1476282188253, 11.120000, 11.100000, 200, 11.240000, 100, 6.110000, 0.640000
1476282190265, 11.120000, 11.100000, 200, 11.240000, 100, 6.110000, 0.640000
1476282192283, 11.120000, 11.120000, 100, 11.240000, 100, 6.110000, 0.640000
1476282194267, 11.120000, 11.120000, 100, 11.240000, 1100, 6.110000, 0.640000
1476282196265, 11.120000, 11.120000, 100, 11.240000, 1100, 6.110000, 0.640000
1476282197243, 11.120000, 11.120000, 100, 11.240000, 1100, 6.110000, 0.640000
1476282200347, 11.120000, 11.120000, 100, 11.240000, 1100, 6.110000, 0.640000
1476282202157, 11.120000, 11.130000, 300, 11.240000, 1100, 6.110000, 0.640000
1476282204162, 11.130000, 11.130000, 200, 11.240000, 1100, 6.200000, 0.650000
1476282206177, 11.150000, 11.150000, 100, 11.220000, 300, 6.390000, 0.670000
1476282207667, 11.120000, 11.070000, 300, 11.210000, 100, 6.110000, 0.640000
1476282210161, 11.120000, 11.070000, 300, 11.170000, 100, 6.110000, 0.640000
1476282212194, 11.050000, 11.040000, 300, 11.170000, 200, 5.440000, 0.570000
1476282214164, 11.137600, 11.080000, 300, 11.160000, 100, 6.270000, 0.657600
1476282216170, 11.080000, 11.080000, 400, 11.160000, 100, 5.730000, 0.600000
1476282218167, 11.080000, 11.080000, 400, 11.160000, 100, 5.730000, 0.600000
1476282220162, 11.124000, 11.080000, 200, 11.160000, 100, 6.150000, 0.644000
1476282222170, 11.100000, 11.100000, 100, 11.110000, 200, 5.920000, 0.620000
1476282224169, 11.100000, 11.100000, 100, 11.110000, 100, 5.920000, 0.620000
1476282226169, 11.110000, 11.100000, 100, 11.170000, 200, 6.010000, 0.630000
1476282228175, 11.110000, 11.110000, 100, 11.170000, 200, 6.010000, 0.630000
1476282230169, 11.120000, 11.120000, 100, 11.170000, 200, 6.110000, 0.640000
1476282232172, 11.161300, 11.120000, 100, 11.170000, 200, 6.500000, 0.681300
1476282234172, 11.130000, 11.120000, 100, 11.170000, 200, 6.200000, 0.650000
1476282236178, 11.130000, 11.120000, 100, 11.170000, 200, 6.200000, 0.650000
1476282238174, 11.130000, 11.120000, 100, 11.170000, 200, 6.200000, 0.650000
1476282239680, 11.130000, 11.120000, 100, 11.170000, 200, 6.200000, 0.650000
1476282242179, 11.147500, 11.120000, 100, 11.170000, 200, 6.370000, 0.667500
1476282244175, 11.120000, 11.120000, 100, 11.170000, 200, 6.110000, 0.640000
1476282246179, 11.120000, 11.120000, 100, 11.170000, 200, 6.110000, 0.640000
1476282248179, 11.120000, 11.120000, 100, 11.170000, 200, 6.110000, 0.640000
1476282250174, 11.120000, 11.120000, 100, 11.170000, 200, 6.110000, 0.640000
1476282251686, 11.120000, 11.110000, 100, 11.170000, 200, 6.110000, 0.640000
1476282254182, 11.120000, 11.110000, 100, 11.170000, 500, 6.110000, 0.640000
1476282256212, 11.120000, 11.110000, 100, 11.170000, 500, 6.110000, 0.640000
1476282258182, 11.120000, 11.110000, 100, 11.170000, 500, 6.110000, 0.640000
1476282260189, 11.120000, 11.110000, 100, 11.170000, 500, 6.110000, 0.640000
1476282261696, 11.120000, 11.110000, 100, 11.170000, 600, 6.110000, 0.640000
1476282264200, 11.120000, 11.110000, 100, 11.170000, 600, 6.110000, 0.640000
1476282266184, 11.120000, 11.110000, 100, 11.170000, 600, 6.110000, 0.640000
1476282268189, 11.120000, 11.100000, 100, 11.170000, 500, 6.110000, 0.640000
1476282269673, 11.120000, 11.100000, 100, 11.170000, 500, 6.110000, 0.640000
1476282272192, 11.120000, 11.100000, 100, 11.170000, 600, 6.110000, 0.640000
1476282274185, 11.120000, 11.100000, 100, 11.170000, 600, 6.110000, 0.640000
1476282276188, 11.120000, 11.100000, 100, 11.170000, 600, 6.110000, 0.640000
1476282278259, 11.120000, 11.100000, 100, 11.170000, 600, 6.110000, 0.640000
1476282280188, 11.120000, 11.100000, 100, 11.170000, 600, 6.110000, 0.640000
1476282282186, 11.120000, 11.100000, 100, 11.170000, 600, 6.110000, 0.640000
1476282284190, 11.120000, 11.100000, 100, 11.170000, 600, 6.110000, 0.640000
1476282286183, 11.120000, 11.100000, 100, 11.140000, 200, 6.110000, 0.640000
1476282288193, 11.120000, 11.100000, 100, 11.140000, 200, 6.110000, 0.640000
1476282290229, 11.120000, 11.100000, 100, 11.140000, 200, 6.110000, 0.640000
1476282292196, 11.120000, 11.100000, 100, 11.140000, 200, 6.110000, 0.640000
1476282294193, 11.120000, 11.100000, 100, 11.140000, 200, 6.110000, 0.640000
1476282296183, 11.120000, 11.100000, 100, 11.140000, 200, 6.110000, 0.640000
1476282298191, 11.120000, 11.100000, 100, 11.140000, 200, 6.110000, 0.640000
1476282299690, 11.120000, 11.100000, 100, 11.140000, 200, 6.110000, 0.640000
1476282302186, 11.120000, 11.100000, 100, 11.140000, 200, 6.110000, 0.640000
1476282304255, 11.120000, 11.100000, 100, 11.140000, 200, 6.110000, 0.640000
1476282305702, 11.120000, 11.100000, 100, 11.140000, 200, 6.110000, 0.640000
1476282308189, 11.120000, 11.100000, 100, 11.140000, 200, 6.110000, 0.640000
1476282310198, 11.120000, 11.100000, 100, 11.140000, 200, 6.110000, 0.640000
1476282311702, 11.120000, 11.100000, 100, 11.130000, 100, 6.110000, 0.640000
1476282314204, 11.100000, 11.100000, 100, 11.120000, 200, 5.920000, 0.620000
1476282315700, 11.100000, 11.100000, 100, 11.120000, 200, 5.920000, 0.620000
1476282318201, 11.100000, 11.100000, 100, 11.120000, 200, 5.920000, 0.620000
1476282320211, 11.100000, 11.090000, 300, 11.120000, 300, 5.920000, 0.620000
1476282322209, 11.100000, 11.090000, 300, 11.120000, 300, 5.920000, 0.620000
1476282324202, 11.100000, 11.090000, 300, 11.120000, 300, 5.920000, 0.620000
1476282326208, 11.100000, 11.090000, 300, 11.120000, 300, 5.920000, 0.620000
1476282328215, 11.100000, 11.090000, 100, 11.120000, 300, 5.920000, 0.620000
1476282330194, 11.100000, 11.090000, 300, 11.120000, 300, 5.920000, 0.620000
1476282332242, 11.100000, 11.090000, 300, 11.120000, 300, 5.920000, 0.620000
1476282334199, 11.100000, 11.090000, 300, 11.120000, 300, 5.920000, 0.620000
1476282336208, 11.090000, 11.090000, 300, 11.110000, 100, 5.820000, 0.610000
1476282338210, 11.090000, 11.040000, 200, 11.110000, 100, 5.820000, 0.610000
1476282340206, 11.090000, 11.040000, 200, 11.110000, 100, 5.820000, 0.610000
1476282342215, 11.090000, 11.040000, 200, 11.110000, 100, 5.820000, 0.610000
1476282344209, 11.090000, 11.040000, 100, 11.090000, 200, 5.820000, 0.610000
1476282346210, 11.090000, 11.040000, 100, 11.090000, 300, 5.820000, 0.610000
1476282348277, 11.090000, 11.040000, 100, 11.090000, 300, 5.820000, 0.610000
1476282350242, 11.050000, 11.040000, 100, 11.090000, 300, 5.440000, 0.570000
1476282352232, 11.050000, 11.040000, 100, 11.090000, 300, 5.440000, 0.570000
1476282354210, 11.050000, 11.040000, 100, 11.090000, 300, 5.440000, 0.570000
1476282356212, 11.050000, 11.040000, 100, 11.090000, 300, 5.440000, 0.570000
1476282357771, 11.050000, 11.040000, 100, 11.090000, 300, 5.440000, 0.570000
1476282360223, 11.050000, 11.040000, 100, 11.090000, 300, 5.440000, 0.570000
1476282362212, 11.050000, 11.040000, 100, 11.090000, 300, 5.440000, 0.570000
1476282363755, 11.050000, 11.040000, 100, 11.090000, 300, 5.440000, 0.570000
1476282366261, 11.050000, 11.040000, 100, 11.090000, 300, 5.440000, 0.570000
1476282368217, 11.050000, 11.040000, 100, 11.090000, 300, 5.440000, 0.570000
1476282370221, 11.050000, 11.040000, 100, 11.090000, 300, 5.440000, 0.570000
1476282372220, 11.050000, 11.040000, 100, 11.090000, 300, 5.440000, 0.570000
1476282374224, 11.050000, 11.040000, 100, 11.090000, 300, 5.440000, 0.570000
1476282376214, 11.050000, 11.040000, 100, 11.090000, 300, 5.440000, 0.570000
1476282378239, 11.061200, 11.040000, 100, 11.090000, 300, 5.550000, 0.581200
1476282380268, 11.061200, 11.040000, 100, 11.090000, 300, 5.550000, 0.581200
1476282382226, 11.070000, 11.070000, 100, 11.110000, 200, 5.630000, 0.590000
1476282384221, 11.070000, 11.070000, 100, 11.110000, 200, 5.630000, 0.590000
1476282386217, 11.070000, 11.070000, 100, 11.110000, 200, 5.630000, 0.590000
1476282388208, 11.070000, 11.070000, 100, 11.110000, 200, 5.630000, 0.590000
1476282390218, 11.070000, 11.070000, 100, 11.110000, 200, 5.630000, 0.590000
1476282392277, 11.070000, 11.070000, 100, 11.110000, 200, 5.630000, 0.590000
1476282392790, 11.070000, 11.070000, 100, 11.110000, 200, 5.630000, 0.590000
1476282396227, 11.070000, 11.070000, 100, 11.100000, 300, 5.630000, 0.590000
1476282398227, 11.070000, 11.070000, 100, 11.100000, 300, 5.630000, 0.590000
1476282400237, 11.070000, 11.070000, 100, 11.100000, 300, 5.630000, 0.590000
1476282402230, 11.070000, 11.070000, 100, 11.100000, 300, 5.630000, 0.590000
1476282404224, 11.070000, 11.070000, 100, 11.100000, 300, 5.630000, 0.590000
1476282406225, 11.073500, 11.070000, 100, 11.100000, 300, 5.660000, 0.593500
1476282407233, 11.073500, 11.070000, 100, 11.100000, 300, 5.660000, 0.593500
1476282410236, 11.084400, 11.070000, 100, 11.100000, 300, 5.770000, 0.604400
1476282412240, 11.084400, 11.070000, 100, 11.100000, 300, 5.770000, 0.604400
1476282414238, 11.084400, 11.070000, 100, 11.100000, 300, 5.770000, 0.604400
1476282416245, 11.084400, 11.070000, 100, 11.100000, 300, 5.770000, 0.604400
1476282418243, 11.084400, 11.070000, 100, 11.100000, 300, 5.770000, 0.604400
1476282419732, 11.084400, 11.070000, 100, 11.100000, 300, 5.770000, 0.604400
1476282422269, 11.070000, 11.070000, 100, 11.090000, 200, 5.630000, 0.590000
1476282423788, 11.070000, 11.070000, 100, 11.090000, 200, 5.630000, 0.590000
1476282425743, 11.070000, 11.070000, 100, 11.090000, 200, 5.630000, 0.590000
1476282428239, 11.040000, 11.040000, 100, 11.070000, 200, 5.340000, 0.560000
1476282430236, 11.040000, 11.040000, 100, 11.070000, 100, 5.340000, 0.560000
1476282432248, 11.040000, 11.050000, 100, 11.070000, 100, 5.340000, 0.560000
1476282434237, 11.040000, 11.050000, 100, 11.070000, 200, 5.340000, 0.560000
1476282436232, 11.040000, 11.050000, 100, 11.070000, 200, 5.340000, 0.560000
1476282438241, 11.040000, 11.050000, 100, 11.070000, 200, 5.340000, 0.560000
1476282440254, 11.040000, 11.050000, 100, 11.070000, 200, 5.340000, 0.560000
1476282442249, 11.060000, 11.050000, 100, 11.070000, 200, 5.530000, 0.580000
1476282444251, 11.060000, 11.050000, 100, 11.070000, 200, 5.530000, 0.580000
1476282446251, 11.045000, 11.040000, 100, 11.050000, 100, 5.390000, 0.565000
1476282448245, 11.045000, 11.040000, 100, 11.050000, 100, 5.390000, 0.565000
1476282450271, 11.045000, 11.040000, 100, 11.050000, 100, 5.390000, 0.565000
1476282452317, 11.050000, 11.040000, 100, 11.060000, 100, 5.440000, 0.570000
1476282454251, 11.050000, 11.050000, 200, 11.060000, 100, 5.440000, 0.570000
1476282456250, 11.050000, 11.050000, 200, 11.060000, 100, 5.440000, 0.570000
1476282458250, 11.060000, 11.050000, 200, 11.070000, 200, 5.530000, 0.580000
1476282460247, 11.060000, 11.050000, 200, 11.070000, 200, 5.530000, 0.580000
1476282462240, 11.060000, 11.050000, 200, 11.070000, 200, 5.530000, 0.580000
1476282464299, 11.065100, 11.050000, 200, 11.070000, 200, 5.580000, 0.585100
1476282466269, 11.065100, 11.050000, 200, 11.070000, 200, 5.580000, 0.585100
1476282468328, 11.070000, 11.040000, 200, 11.070000, 100, 5.630000, 0.590000
1476282470392, 11.070000, 11.040000, 200, 11.070000, 100, 5.630000, 0.590000
1476282472160, 11.070000, 11.040000, 200, 11.070000, 100, 5.630000, 0.590000
1476282474149, 11.070000, 11.040000, 100, 11.070000, 100, 5.630000, 0.590000
1476282476190, 11.070000, 11.040000, 200, 11.070000, 100, 5.630000, 0.590000
1476282477649, 11.070000, 11.030000, 200, 11.070000, 100, 5.630000, 0.590000
1476282480158, 11.070000, 11.030000, 100, 11.070000, 100, 5.630000, 0.590000
1476282482160, 11.050000, 11.030000, 100, 11.070000, 100, 5.440000, 0.570000
1476282484155, 11.050000, 11.030000, 200, 11.070000, 100, 5.440000, 0.570000
1476282486157, 11.050000, 11.030000, 200, 11.070000, 100, 5.440000, 0.570000
1476282488152, 11.050000, 11.030000, 200, 11.070000, 100, 5.440000, 0.570000
1476282490166, 11.050000, 11.030000, 200, 11.070000, 100, 5.440000, 0.570000
1476282492196, 11.050000, 11.030000, 200, 11.090000, 400, 5.440000, 0.570000
1476282493680, 11.050000, 11.030000, 200, 11.090000, 400, 5.440000, 0.570000
1476282496163, 11.050000, 11.030000, 200, 11.090000, 400, 5.440000, 0.570000
1476282498161, 11.050000, 11.030000, 200, 11.090000, 400, 5.440000, 0.570000
1476282499160, 11.050000, 11.030000, 200, 11.090000, 400, 5.440000, 0.570000
1476282502168, 11.060000, 11.040000, 100, 11.090000, 600, 5.530000, 0.580000
1476282504159, 11.060000, 11.030000, 200, 11.090000, 500, 5.530000, 0.580000
1476282506168, 11.060000, 11.030000, 200, 11.090000, 600, 5.530000, 0.580000
1476282508167, 11.060000, 11.030000, 200, 11.090000, 400, 5.530000, 0.580000
1476282510178, 11.060000, 11.030000, 200, 11.090000, 400, 5.530000, 0.580000
1476282512185, 11.060000, 11.030000, 200, 11.090000, 400, 5.530000, 0.580000
1476282514170, 11.060000, 11.040000, 100, 11.090000, 400, 5.530000, 0.580000
1476282516173, 11.060000, 11.040000, 200, 11.090000, 400, 5.530000, 0.580000
1476282517665, 11.060000, 11.040000, 200, 11.080000, 200, 5.530000, 0.580000
1476282520174, 11.070100, 11.070000, 200, 11.110000, 200, 5.630000, 0.590100
1476282522175, 11.070100, 11.070000, 200, 11.110000, 200, 5.630000, 0.590100
1476282524164, 11.070100, 11.080000, 200, 11.110000, 200, 5.630000, 0.590100
1476282526173, 11.110000, 11.100000, 100, 11.140000, 100, 6.010000, 0.630000
1476282528178, 11.110000, 11.100000, 400, 11.140000, 100, 6.010000, 0.630000
1476282530175, 11.110000, 11.100000, 400, 11.140000, 100, 6.010000, 0.630000
1476282532183, 11.110000, 11.100000, 200, 11.140000, 100, 6.010000, 0.630000
1476282534165, 11.110000, 11.100000, 200, 11.140000, 100, 6.010000, 0.630000
1476282535683, 11.110000, 11.100000, 200, 11.140000, 100, 6.010000, 0.630000
1476282538181, 11.110000, 11.100000, 200, 11.140000, 100, 6.010000, 0.630000
1476282540176, 11.110000, 11.100000, 400, 11.140000, 100, 6.010000, 0.630000
1476282541713, 11.110000, 11.100000, 400, 11.140000, 100, 6.010000, 0.630000
1476282544178, 11.110000, 11.100000, 500, 11.140000, 100, 6.010000, 0.630000
1476282546183, 11.110000, 11.100000, 500, 11.140000, 100, 6.010000, 0.630000
1476282548219, 11.110000, 11.100000, 500, 11.140000, 100, 6.010000, 0.630000
1476282550183, 11.110000, 11.100000, 500, 11.140000, 100, 6.010000, 0.630000
1476282552177, 11.110000, 11.100000, 500, 11.140000, 100, 6.010000, 0.630000
1476282554186, 11.110000, 11.100000, 2000, 11.140000, 100, 6.010000, 0.630000
1476282556185, 11.110000, 11.100000, 2000, 11.140000, 100, 6.010000, 0.630000
1476282558189, 11.110000, 11.100000, 2000, 11.140000, 100, 6.010000, 0.630000
1476282560178, 11.110000, 11.100000, 2000, 11.140000, 100, 6.010000, 0.630000
1476282562175, 11.110000, 11.100000, 2000, 11.140000, 100, 6.010000, 0.630000
1476282564189, 11.110000, 11.100000, 2000, 11.140000, 100, 6.010000, 0.630000
1476282566194, 11.110000, 11.100000, 2000, 11.140000, 100, 6.010000, 0.630000
1476282568228, 11.110000, 11.100000, 2000, 11.140000, 100, 6.010000, 0.630000
1476282570190, 11.110000, 11.100000, 2000, 11.140000, 100, 6.010000, 0.630000
1476282572199, 11.100100, 11.100000, 2000, 11.140000, 100, 5.920000, 0.620100
1476282574195, 11.100100, 11.100000, 2000, 11.140000, 100, 5.920000, 0.620100
1476282576197, 11.100100, 11.100000, 2000, 11.130000, 200, 5.920000, 0.620100
1476282577747, 11.100100, 11.100000, 2000, 11.130000, 200, 5.920000, 0.620100
1476282591197, 11.100100, 11.100000, 2000, 11.130000, 200, 5.920000, 0.620100
1476282593193, 11.100100, 11.100000, 2000, 11.130000, 200, 5.920000, 0.620100
1476282595209, 11.100100, 11.100000, 2000, 11.130000, 200, 5.920000, 0.620100
1476282597202, 11.100100, 11.100000, 2000, 11.130000, 200, 5.920000, 0.620100
1476282599203, 11.100100, 11.100000, 2000, 11.130000, 200, 5.920000, 0.620100
1476282601207, 11.100000, 11.070000, 500, 11.120000, 100, 5.920000, 0.620000
1476282603200, 11.100000, 11.080000, 100, 11.110000, 200, 5.920000, 0.620000
1476282605200, 11.100000, 11.080000, 100, 11.110000, 200, 5.920000, 0.620000
1476282621204, 11.070000, 11.060000, 100, 11.100000, 200, 5.630000, 0.590000
1476282622714, 11.070000, 11.060000, 100, 11.100000, 200, 5.630000, 0.590000
1476282624766, 11.060000, 11.060000, 100, 11.100000, 200, 5.530000, 0.580000
1476282626743, 11.060000, 11.060000, 100, 11.100000, 200, 5.530000, 0.580000
1476282628711, 11.070000, 11.060000, 200, 11.100000, 100, 5.630000, 0.590000
1476282631202, 11.070000, 11.060000, 200, 11.100000, 100, 5.630000, 0.590000
1476282632715, 11.070000, 11.050000, 100, 11.090000, 300, 5.630000, 0.590000
1476282634714, 11.070000, 11.050000, 100, 11.090000, 300, 5.630000, 0.590000
1476282636713, 11.070000, 11.050000, 100, 11.090000, 300, 5.630000, 0.590000
1476282638725, 11.070000, 11.050000, 100, 11.090000, 300, 5.630000, 0.590000
1476282640726, 11.070000, 11.050000, 100, 11.090000, 300, 5.630000, 0.590000
1476282642712, 11.070000, 11.050000, 300, 11.090000, 300, 5.630000, 0.590000
1476282644719, 11.070000, 11.050000, 300, 11.090000, 300, 5.630000, 0.590000
1476282646752, 11.070000, 11.050000, 300, 11.090000, 300, 5.630000, 0.590000
1476282648718, 11.070000, 11.050000, 200, 11.090000, 200, 5.630000, 0.590000
1476282650718, 11.070000, 11.050000, 200, 11.090000, 200, 5.630000, 0.590000
1476282651249, 11.070000, 11.050000, 200, 11.090000, 200, 5.630000, 0.590000
1476282654731, 11.070000, 11.050000, 200, 11.090000, 200, 5.630000, 0.590000
1476282656207, 11.070000, 11.050000, 200, 11.090000, 200, 5.630000, 0.590000
1476282658734, 11.070000, 11.050000, 200, 11.090000, 200, 5.630000, 0.590000
1476282661201, 11.070000, 11.050000, 200, 11.090000, 200, 5.630000, 0.590000
1476282662731, 11.070000, 11.050000, 200, 11.090000, 200, 5.630000, 0.590000
1476282664711, 11.070000, 11.050000, 200, 11.090000, 200, 5.630000, 0.590000
1476282666733, 11.070000, 11.050000, 200, 11.080000, 100, 5.630000, 0.590000
1476282668750, 11.070000, 11.050000, 200, 11.080000, 100, 5.630000, 0.590000
1476282670723, 11.070000, 11.050000, 200, 11.080000, 100, 5.630000, 0.590000
1476282672723, 11.070000, 11.050000, 200, 11.080000, 100, 5.630000, 0.590000
1476282674708, 11.070000, 11.050000, 200, 11.080000, 100, 5.630000, 0.590000
1476282676723, 11.070000, 11.050000, 200, 11.080000, 100, 5.630000, 0.590000
1476282678715, 11.070000, 11.050000, 200, 11.080000, 100, 5.630000, 0.590000
1476282680736, 11.070000, 11.050000, 200, 11.080000, 100, 5.630000, 0.590000
1476282682728, 11.070000, 11.050000, 200, 11.080000, 100, 5.630000, 0.590000
1476282685221, 11.070000, 11.050000, 200, 11.080000, 100, 5.630000, 0.590000
1476282686731, 11.070000, 11.050000, 200, 11.080000, 100, 5.630000, 0.590000
1476282688741, 11.070000, 11.050000, 200, 11.080000, 100, 5.630000, 0.590000
1476282690737, 11.080000, 11.060000, 200, 11.110000, 200, 5.730000, 0.600000
1476282692728, 11.080000, 11.060000, 200, 11.110000, 200, 5.730000, 0.600000
1476282694739, 11.080000, 11.060000, 100, 11.100000, 400, 5.730000, 0.600000
1476282696769, 11.080000, 11.060000, 100, 11.100000, 400, 5.730000, 0.600000
1476282698725, 11.080000, 11.060000, 100, 11.090000, 300, 5.730000, 0.600000
1476282700729, 11.090000, 11.060000, 200, 11.090000, 200, 5.820000, 0.610000
1476282702746, 11.090000, 11.060000, 200, 11.090000, 200, 5.820000, 0.610000
1476282704725, 11.090000, 11.060000, 100, 11.090000, 200, 5.820000, 0.610000
1476282706724, 11.090000, 11.060000, 100, 11.090000, 200, 5.820000, 0.610000
1476282708228, 11.090000, 11.060000, 100, 11.090000, 100, 5.820000, 0.610000
1476282710749, 11.090000, 11.060000, 100, 11.090000, 100, 5.820000, 0.610000
1476282712725, 11.090000, 11.060000, 100, 11.090000, 200, 5.820000, 0.610000
1476282714719, 11.090000, 11.060000, 100, 11.090000, 200, 5.820000, 0.610000
1476282716741, 11.090000, 11.060000, 100, 11.090000, 200, 5.820000, 0.610000
1476282718724, 11.090000, 11.060000, 100, 11.090000, 200, 5.820000, 0.610000
1476282720750, 11.090000, 11.060000, 100, 11.090000, 200, 5.820000, 0.610000
1476282722783, 11.090000, 11.060000, 100, 11.090000, 200, 5.820000, 0.610000
1476282724762, 11.090000, 11.060000, 100, 11.090000, 200, 5.820000, 0.610000
1476282726742, 11.090000, 11.060000, 100, 11.090000, 200, 5.820000, 0.610000
1476282728762, 11.090000, 11.060000, 100, 11.090000, 200, 5.820000, 0.610000
1476282730747, 11.090000, 11.060000, 100, 11.090000, 200, 5.820000, 0.610000
1476282732746, 11.090000, 11.060000, 100, 11.090000, 200, 5.820000, 0.610000
1476282734737, 11.090000, 11.060000, 100, 11.090000, 200, 5.820000, 0.610000
1476282736755, 11.110000, 11.100000, 200, 11.130000, 100, 6.010000, 0.630000
1476282738747, 11.110000, 11.100000, 200, 11.130000, 100, 6.010000, 0.630000
1476282740739, 11.130000, 11.100000, 100, 11.150000, 300, 6.200000, 0.650000
1476282742778, 11.130000, 11.100000, 100, 11.160000, 400, 6.200000, 0.650000
1476282744788, 11.130000, 11.100000, 200, 11.160000, 100, 6.200000, 0.650000
1476282747235, 11.130000, 11.100000, 200, 11.140000, 300, 6.200000, 0.650000
1476282748747, 11.130000, 11.100000, 100, 11.140000, 300, 6.200000, 0.650000
1476282751153, 11.130000, 11.100000, 100, 11.130000, 300, 6.200000, 0.650000
1476282753159, 11.118000, 11.100000, 100, 11.130000, 300, 6.090000, 0.638000
1476282798208, 11.090000, 11.080000, 5000, 11.120000, 300, 5.820000, 0.610000
1476282799746, 11.090000, 11.080000, 5000, 11.120000, 300, 5.820000, 0.610000
1476282801179, 11.090000, 11.080000, 5000, 11.120000, 300, 5.820000, 0.610000
1476282803676, 11.090000, 11.080000, 5000, 11.110000, 200, 5.820000, 0.610000
1476282805678, 11.100000, 11.080000, 5000, 11.100000, 300, 5.920000, 0.620000
1476282816168, 11.100000, 11.080000, 5000, 11.100000, 200, 5.920000, 0.620000
1476282818179, 11.090000, 11.080000, 5000, 11.100000, 200, 5.820000, 0.610000
1476282819681, 11.090000, 11.080000, 5000, 11.100000, 200, 5.820000, 0.610000
1476282822180, 11.070000, 11.040000, 200, 11.070000, 100, 5.630000, 0.590000
1476282824185, 11.070000, 11.040000, 200, 11.070000, 100, 5.630000, 0.590000
1476282825696, 11.070000, 11.040000, 200, 11.070000, 100, 5.630000, 0.590000
1476282828180, 11.070000, 11.040000, 100, 11.070000, 100, 5.630000, 0.590000
1476282830183, 11.070000, 11.040000, 100, 11.070000, 100, 5.630000, 0.590000
1476282831687, 11.070000, 11.040000, 100, 11.070000, 100, 5.630000, 0.590000
1476282833687, 11.040000, 11.040000, 100, 11.070000, 100, 5.340000, 0.560000
1476282836171, 11.040000, 11.040000, 100, 11.070000, 100, 5.340000, 0.560000
1476282837691, 11.120000, 11.070000, 400, 11.120000, 200, 6.110000, 0.640000
1476282839721, 11.120000, 11.080000, 100, 11.120000, 200, 6.110000, 0.640000
1476282841704, 11.120000, 11.070000, 300, 11.120000, 200, 6.110000, 0.640000
1476282844179, 11.120000, 11.070000, 200, 11.120000, 200, 6.110000, 0.640000
1476282846179, 11.120000, 11.070000, 300, 11.120000, 200, 6.110000, 0.640000
1476282848188, 11.120000, 11.070000, 300, 11.120000, 200, 6.110000, 0.640000
1476282850189, 11.120000, 11.070000, 300, 11.120000, 200, 6.110000, 0.640000
1476282852193, 11.120000, 11.070000, 300, 11.110000, 100, 6.110000, 0.640000
1476282853712, 11.110000, 11.070000, 200, 11.120000, 200, 6.010000, 0.630000
1476282855678, 11.110000, 11.070000, 200, 11.120000, 300, 6.010000, 0.630000
1476282858182, 11.110000, 11.070000, 200, 11.120000, 300, 6.010000, 0.630000
1476282859687, 11.110000, 11.070000, 200, 11.120000, 300, 6.010000, 0.630000
1476282862191, 11.110000, 11.070000, 200, 11.120000, 300, 6.010000, 0.630000
1476282864197, 11.110000, 11.070000, 200, 11.110000, 100, 6.010000, 0.630000
1476282865694, 11.110000, 11.070000, 200, 11.110000, 100, 6.010000, 0.630000
1476282868200, 11.110000, 11.070000, 200, 11.110000, 100, 6.010000, 0.630000
1476282869719, 11.110000, 11.070000, 200, 11.110000, 200, 6.010000, 0.630000
1476282871185, 11.110000, 11.070000, 200, 11.110000, 200, 6.010000, 0.630000
1476282874195, 11.110000, 11.070000, 200, 11.110000, 200, 6.010000, 0.630000
1476282876197, 11.110000, 11.070000, 200, 11.110000, 200, 6.010000, 0.630000
1476282877697, 11.110000, 11.070000, 200, 11.110000, 200, 6.010000, 0.630000
1476282880195, 11.110000, 11.070000, 200, 11.110000, 200, 6.010000, 0.630000
1476282881195, 11.110000, 11.070000, 200, 11.110000, 100, 6.010000, 0.630000
1476282883697, 11.110000, 11.070000, 200, 11.110000, 100, 6.010000, 0.630000
1476282886205, 11.110000, 11.070000, 200, 11.110000, 100, 6.010000, 0.630000
1476282887699, 11.110000, 11.070000, 200, 11.110000, 100, 6.010000, 0.630000
1476282890198, 11.110000, 11.050000, 300, 11.100000, 300, 6.010000, 0.630000
1476282892206, 11.110000, 11.050000, 200, 11.100000, 300, 6.010000, 0.630000
1476282894192, 11.110000, 11.050000, 200, 11.100000, 300, 6.010000, 0.630000
1476282895685, 11.100000, 11.060000, 200, 11.100000, 300, 5.920000, 0.620000
1476282897728, 11.100000, 11.050000, 100, 11.080000, 100, 5.920000, 0.620000
1476282900197, 11.100000, 11.050000, 100, 11.080000, 100, 5.920000, 0.620000
1476282902200, 11.100000, 11.050000, 100, 11.080000, 100, 5.920000, 0.620000
1476282904190, 11.100000, 11.050000, 100, 11.080000, 100, 5.920000, 0.620000
1476282906199, 11.100000, 11.050000, 100, 11.080000, 100, 5.920000, 0.620000
1476282907711, 11.080000, 11.050000, 100, 11.080000, 100, 5.730000, 0.600000
1476282909703, 11.080000, 11.050000, 100, 11.080000, 100, 5.730000, 0.600000
1476282912178, 11.080000, 11.030000, 100, 11.080000, 100, 5.730000, 0.600000
1476282914208, 11.080000, 11.030000, 200, 11.080000, 100, 5.730000, 0.600000
1476282916206, 11.080000, 11.030000, 200, 11.080000, 100, 5.730000, 0.600000
1476282917714, 11.080000, 11.030000, 200, 11.080000, 100, 5.730000, 0.600000
1476282920198, 11.080000, 11.030000, 200, 11.080000, 100, 5.730000, 0.600000
1476282922204, 11.080000, 11.030000, 200, 11.080000, 100, 5.730000, 0.600000
1476282923720, 11.080000, 11.030000, 200, 11.080000, 100, 5.730000, 0.600000
1476282926221, 11.080000, 11.030000, 200, 11.080000, 100, 5.730000, 0.600000
1476282927710, 11.080000, 11.030000, 200, 11.080000, 100, 5.730000, 0.600000
1476282930213, 11.080000, 11.030000, 200, 11.070000, 100, 5.730000, 0.600000
1476282932215, 11.080000, 11.030000, 200, 11.070000, 100, 5.730000, 0.600000
1476282934213, 11.070000, 11.040000, 100, 11.080000, 100, 5.630000, 0.590000
1476282936217, 11.070000, 11.050000, 100, 11.080000, 100, 5.630000, 0.590000
1476282937727, 11.070000, 11.050000, 100, 11.080000, 100, 5.630000, 0.590000
1476282939721, 11.070000, 11.050000, 100, 11.080000, 100, 5.630000, 0.590000
1476282942220, 11.070000, 11.050000, 100, 11.080000, 100, 5.630000, 0.590000
1476282944208, 11.070000, 11.050000, 100, 11.080000, 100, 5.630000, 0.590000
1476282946215, 11.070000, 11.050000, 100, 11.080000, 100, 5.630000, 0.590000
1476282947732, 11.070000, 11.050000, 100, 11.080000, 100, 5.630000, 0.590000
1476282950219, 11.070000, 11.050000, 100, 11.070000, 300, 5.630000, 0.590000
1476282951709, 11.070000, 11.050000, 100, 11.070000, 300, 5.630000, 0.590000
1476282953739, 11.070000, 11.050000, 100, 11.070000, 300, 5.630000, 0.590000
1476282956211, 11.050000, 11.020000, 200, 11.070000, 300, 5.440000, 0.570000
1476282958205, 11.050000, 11.030000, 100, 11.080000, 100, 5.440000, 0.570000
1476282960214, 11.050000, 11.030000, 100, 11.080000, 100, 5.440000, 0.570000
1476282962213, 11.050000, 11.030000, 100, 11.080000, 100, 5.440000, 0.570000
1476282964217, 11.050000, 11.030000, 100, 11.080000, 100, 5.440000, 0.570000
1476282966201, 11.050000, 11.020000, 200, 11.070000, 400, 5.440000, 0.570000
1476282968228, 11.050000, 11.020000, 200, 11.070000, 400, 5.440000, 0.570000
1476282970229, 11.050000, 11.020000, 100, 11.060000, 100, 5.440000, 0.570000
1476282972217, 11.050000, 11.020000, 200, 11.060000, 100, 5.440000, 0.570000
1476282974228, 11.050000, 11.020000, 200, 11.060000, 100, 5.440000, 0.570000
1476282976217, 11.050000, 11.020000, 100, 11.050000, 100, 5.440000, 0.570000
1476282978220, 11.050000, 11.020000, 100, 11.050000, 100, 5.440000, 0.570000
1476282980225, 11.050000, 11.020000, 100, 11.050000, 100, 5.440000, 0.570000
1476282981719, 11.030000, 11.020000, 100, 11.050000, 100, 5.250000, 0.550000
1476282983738, 11.030000, 11.020000, 100, 11.050000, 100, 5.250000, 0.550000
1476282986233, 11.030000, 11.030000, 100, 11.050000, 100, 5.250000, 0.550000
1476282988236, 11.030000, 11.020000, 100, 11.050000, 100, 5.250000, 0.550000
1476282990222, 11.030000, 11.020000, 100, 11.050000, 100, 5.250000, 0.550000
1476282991724, 11.030000, 11.020000, 100, 11.050000, 100, 5.250000, 0.550000
1476282994245, 11.030000, 11.020000, 100, 11.050000, 100, 5.250000, 0.550000
1476282996218, 11.030000, 11.020000, 100, 11.050000, 100, 5.250000, 0.550000
1476282997739, 11.030000, 11.030000, 100, 11.060000, 100, 5.250000, 0.550000
1476283000229, 11.030000, 11.020000, 100, 11.060000, 100, 5.250000, 0.550000
1476283002222, 11.030000, 11.020000, 100, 11.060000, 100, 5.250000, 0.550000
1476283004231, 11.030000, 11.020000, 100, 11.060000, 100, 5.250000, 0.550000
1476283006220, 11.030000, 11.020000, 100, 11.060000, 100, 5.250000, 0.550000
1476283007756, 11.030000, 11.020000, 100, 11.060000, 100, 5.250000, 0.550000
1476283009747, 11.030000, 11.020000, 100, 11.060000, 100, 5.250000, 0.550000
1476283012231, 11.030000, 11.020000, 100, 11.060000, 100, 5.250000, 0.550000
1476283014231, 11.030000, 11.020000, 100, 11.060000, 100, 5.250000, 0.550000
1476283016236, 11.030000, 11.020000, 100, 11.050000, 100, 5.250000, 0.550000
1476283018235, 11.030000, 11.020000, 100, 11.050000, 100, 5.250000, 0.550000
1476283020239, 11.030000, 11.020000, 100, 11.050000, 100, 5.250000, 0.550000
1476283022239, 11.030000, 11.020000, 100, 11.050000, 100, 5.250000, 0.550000
1476283023736, 11.030000, 11.020000, 100, 11.040000, 200, 5.250000, 0.550000
1476283026236, 11.030000, 11.020000, 100, 11.040000, 200, 5.250000, 0.550000
1476283028244, 11.030000, 11.020000, 100, 11.040000, 200, 5.250000, 0.550000
1476283030240, 11.025200, 11.020000, 100, 11.040000, 200, 5.200000, 0.545200
1476283031743, 11.025200, 11.010000, 900, 11.030000, 300, 5.200000, 0.545200
1476283034147, 11.025200, 11.010000, 900, 11.030000, 300, 5.200000, 0.545200
1476283036163, 11.020000, 11.010000, 200, 11.030000, 300, 5.150000, 0.540000
1476283038152, 11.020000, 11.010000, 200, 11.030000, 300, 5.150000, 0.540000
1476283040155, 11.025000, 11.010000, 200, 11.030000, 300, 5.200000, 0.545000
1476283042149, 11.025000, 11.000000, 100, 11.030000, 300, 5.200000, 0.545000
1476283044153, 11.025000, 11.000000, 100, 11.030000, 300, 5.200000, 0.545000
1476283046158, 11.025000, 11.000000, 100, 11.030000, 100, 5.200000, 0.545000
1476283048159, 11.025000, 11.000000, 100, 11.030000, 100, 5.200000, 0.545000
1476283050160, 11.025000, 11.000000, 100, 11.030000, 100, 5.200000, 0.545000
1476283052204, 11.025000, 11.000000, 100, 11.030000, 100, 5.200000, 0.545000
1476283054160, 11.025000, 11.000000, 100, 11.030000, 100, 5.200000, 0.545000
1476283056160, 11.009000, 11.000000, 100, 11.030000, 200, 5.050000, 0.529000
1476283058164, 11.009000, 11.000000, 100, 11.030000, 200, 5.050000, 0.529000
1476283060158, 11.009000, 11.000000, 100, 11.030000, 200, 5.050000, 0.529000
1476283062198, 11.009000, 11.000000, 100, 11.030000, 200, 5.050000, 0.529000
1476283064169, 11.009000, 11.000000, 100, 11.030000, 200, 5.050000, 0.529000
1476283066180, 11.011400, 11.000000, 100, 11.030000, 100, 5.070000, 0.531400
1476283068165, 11.011400, 11.000000, 100, 11.030000, 100, 5.070000, 0.531400
1476283070168, 11.011400, 11.000000, 100, 11.030000, 100, 5.070000, 0.531400
1476283072199, 11.011400, 11.000000, 100, 11.030000, 100, 5.070000, 0.531400
1476283074168, 11.011400, 11.000000, 100, 11.030000, 100, 5.070000, 0.531400
1476283076168, 11.011400, 11.000000, 100, 11.030000, 100, 5.070000, 0.531400
1476283078174, 11.011400, 11.000000, 100, 11.030000, 100, 5.070000, 0.531400
1476283080185, 11.011400, 11.000000, 100, 11.030000, 100, 5.070000, 0.531400
1476283082172, 11.011400, 11.000000, 100, 11.030000, 100, 5.070000, 0.531400
1476283084171, 11.011400, 11.000000, 100, 11.030000, 100, 5.070000, 0.531400
1476283086173, 11.011400, 11.000000, 100, 11.030000, 100, 5.070000, 0.531400
1476283088175, 11.011400, 11.000000, 100, 11.030000, 100, 5.070000, 0.531400
1476283090176, 11.011400, 10.980000, 400, 11.020000, 200, 5.070000, 0.531400
1476283092170, 10.990000, 10.980000, 100, 11.020000, 400, 4.870000, 0.510000
1476283094175, 10.990000, 10.980000, 100, 11.020000, 500, 4.870000, 0.510000
1476283096167, 10.990000, 10.980000, 100, 11.020000, 500, 4.870000, 0.510000
1476283098182, 10.990000, 10.980000, 100, 11.020000, 500, 4.870000, 0.510000
1476283100175, 10.990000, 10.980000, 100, 11.020000, 500, 4.870000, 0.510000
1476283102187, 10.990000, 10.980000, 300, 11.020000, 400, 4.870000, 0.510000
1476283103679, 10.990000, 10.980000, 300, 11.020000, 400, 4.870000, 0.510000
1476283106167, 10.990000, 10.980000, 300, 11.020000, 400, 4.870000, 0.510000
1476283108197, 10.990000, 10.980000, 300, 11.020000, 400, 4.870000, 0.510000
1476283110181, 10.990000, 10.980000, 300, 11.020000, 400, 4.870000, 0.510000
1476283112182, 10.990000, 10.990000, 200, 11.010000, 100, 4.870000, 0.510000
1476283114186, 10.990000, 10.980000, 200, 11.010000, 300, 4.870000, 0.510000
1476283116180, 10.990000, 10.980000, 200, 11.010000, 300, 4.870000, 0.510000
1476283117691, 10.990000, 10.980000, 200, 11.010000, 300, 4.870000, 0.510000
1476283120183, 10.990000, 10.980000, 200, 11.010000, 300, 4.870000, 0.510000
1476283122182, 10.990000, 10.980000, 200, 11.010000, 300, 4.870000, 0.510000
1476283124191, 10.990000, 10.980000, 200, 11.010000, 300, 4.870000, 0.510000
1476283126183, 10.990000, 10.980000, 200, 11.010000, 300, 4.870000, 0.510000
1476283128187, 10.990000, 10.980000, 200, 11.010000, 400, 4.870000, 0.510000
1476283130193, 10.990000, 10.980000, 200, 11.010000, 400, 4.870000, 0.510000
1476283132185, 11.001000, 11.000000, 2000, 11.010000, 300, 4.970000, 0.521000
1476283134180, 11.000000, 10.980000, 200, 11.010000, 500, 4.960000, 0.520000
1476283135686, 11.000000, 10.980000, 200, 11.010000, 500, 4.960000, 0.520000
1476283138187, 11.000000, 10.980000, 200, 11.010000, 500, 4.960000, 0.520000
1476283140200, 11.000300, 10.980000, 200, 11.010000, 400, 4.960000, 0.520300
1476283142182, 11.000300, 10.980000, 200, 11.010000, 500, 4.960000, 0.520300
1476283144187, 10.990000, 10.980000, 200, 11.010000, 300, 4.870000, 0.510000
1476283146181, 10.990000, 10.980000, 200, 11.010000, 300, 4.870000, 0.510000
1476283148194, 10.990000, 10.980000, 200, 11.010000, 300, 4.870000, 0.510000
1476283150194, 10.990000, 10.980000, 100, 11.000000, 300, 4.870000, 0.510000
1476283152230, 10.990000, 10.970000, 3000, 11.000000, 300, 4.870000, 0.510000
1476283154232, 10.990000, 10.970000, 3000, 10.990000, 300, 4.870000, 0.510000
1476283156192, 10.990000, 10.970000, 3000, 10.990000, 300, 4.870000, 0.510000
1476283158202, 10.990000, 10.970000, 3000, 10.990000, 300, 4.870000, 0.510000
1476283160195, 10.970000, 10.970000, 2800, 10.990000, 300, 4.680000, 0.490000
1476283162193, 10.970000, 10.970000, 2800, 10.990000, 300, 4.680000, 0.490000
1476283164196, 10.970000, 10.970000, 2800, 10.990000, 200, 4.680000, 0.490000
1476283166212, 10.970000, 10.970000, 2800, 10.990000, 300, 4.680000, 0.490000
1476283168197, 10.970000, 10.970000, 2700, 10.990000, 300, 4.680000, 0.490000
1476283170194, 10.970000, 10.970000, 2700, 10.990000, 300, 4.680000, 0.490000
1476283172197, 10.970000, 10.970000, 2700, 10.990000, 300, 4.680000, 0.490000
1476283174203, 10.970000, 10.970000, 2700, 10.990000, 300, 4.680000, 0.490000
1476283176200, 10.970000, 10.970000, 2700, 10.990000, 300, 4.680000, 0.490000
1476283178231, 10.970000, 10.970000, 2700, 10.990000, 300, 4.680000, 0.490000
1476283180232, 10.970000, 10.970000, 2700, 10.990000, 300, 4.680000, 0.490000
1476283182205, 10.970000, 10.970000, 2700, 10.990000, 300, 4.680000, 0.490000
1476283184211, 10.970000, 10.970000, 2700, 10.990000, 300, 4.680000, 0.490000
1476283186185, 10.970000, 10.970000, 2700, 10.990000, 300, 4.680000, 0.490000
1476283188195, 10.970000, 10.970000, 2700, 10.990000, 300, 4.680000, 0.490000
1476283190204, 10.970000, 10.970000, 2700, 10.990000, 300, 4.680000, 0.490000
1476283192229, 10.970000, 10.970000, 2700, 10.990000, 300, 4.680000, 0.490000
1476283194200, 10.970000, 10.970000, 2700, 10.990000, 300, 4.680000, 0.490000
1476283196210, 10.970000, 10.970000, 2700, 10.990000, 300, 4.680000, 0.490000
1476283198201, 10.970000, 10.970000, 2700, 10.990000, 300, 4.680000, 0.490000
1476283200208, 10.970000, 10.970000, 2700, 10.990000, 300, 4.680000, 0.490000
1476283202196, 10.970000, 10.970000, 2700, 10.990000, 300, 4.680000, 0.490000
1476283204186, 10.970000, 10.970000, 2700, 10.980000, 400, 4.680000, 0.490000
1476283206223, 10.970000, 10.950000, 200, 10.980000, 900, 4.680000, 0.490000
1476283208218, 10.970000, 10.950000, 200, 10.980000, 900, 4.680000, 0.490000
1476283210204, 10.970000, 10.950000, 100, 10.980000, 900, 4.680000, 0.490000
1476283212211, 10.970000, 10.950000, 100, 10.980000, 900, 4.680000, 0.490000
1476283214211, 10.970000, 10.950000, 100, 10.980000, 900, 4.680000, 0.490000
1476283216214, 10.970000, 10.950000, 100, 10.980000, 400, 4.680000, 0.490000
1476283218210, 10.970000, 10.950000, 100, 10.980000, 400, 4.680000, 0.490000
1476283220218, 10.970000, 10.950000, 200, 10.970000, 200, 4.680000, 0.490000
1476283222210, 10.970000, 10.950000, 100, 10.970000, 200, 4.680000, 0.490000
1476283224201, 10.970000, 10.950000, 100, 10.970000, 200, 4.680000, 0.490000
1476283226206, 10.970000, 10.950000, 100, 10.970000, 400, 4.680000, 0.490000
1476283228229, 10.970000, 10.950000, 100, 10.970000, 400, 4.680000, 0.490000
1476283230212, 10.970000, 10.950000, 100, 10.970000, 400, 4.680000, 0.490000
1476283232218, 10.970000, 10.950000, 100, 10.970000, 400, 4.680000, 0.490000
1476283234210, 10.970000, 10.950000, 100, 10.970000, 300, 4.680000, 0.490000
1476283236219, 10.970000, 10.950000, 100, 10.970000, 300, 4.680000, 0.490000
1476283238220, 10.970000, 10.950000, 100, 10.970000, 300, 4.680000, 0.490000
1476283240217, 10.970000, 10.950000, 100, 10.970000, 400, 4.680000, 0.490000
1476283242214, 10.970000, 10.950000, 100, 10.970000, 400, 4.680000, 0.490000
1476283244222, 10.970000, 10.950000, 100, 10.970000, 600, 4.680000, 0.490000
1476283246219, 10.970000, 10.950000, 100, 10.970000, 600, 4.680000, 0.490000
1476283248224, 10.970000, 10.950000, 100, 10.970000, 600, 4.680000, 0.490000
1476283250292, 10.970000, 10.950000, 100, 10.970000, 600, 4.680000, 0.490000
1476283252224, 10.970000, 10.950000, 100, 10.970000, 600, 4.680000, 0.490000
1476283254223, 10.950000, 10.940000, 100, 10.970000, 600, 4.480000, 0.470000
1476283256221, 10.950000, 10.940000, 100, 10.970000, 2000, 4.480000, 0.470000
1476283258229, 10.950000, 10.940000, 100, 10.970000, 2000, 4.480000, 0.470000
1476283260233, 10.950000, 10.930000, 100, 10.960000, 400, 4.480000, 0.470000
1476283262238, 10.950000, 10.930000, 200, 10.960000, 300, 4.480000, 0.470000
1476283264228, 10.950000, 10.930000, 100, 10.950000, 200, 4.480000, 0.470000
1476283266234, 10.950000, 10.920000, 300, 10.950000, 200, 4.480000, 0.470000
1476283268224, 10.950000, 10.920000, 300, 10.950000, 200, 4.480000, 0.470000
1476283270236, 10.950000, 10.920000, 300, 10.950000, 200, 4.480000, 0.470000
1476283272227, 10.949700, 10.920000, 300, 10.950000, 200, 4.480000, 0.469700
1476283274240, 10.949700, 10.920000, 300, 10.950000, 200, 4.480000, 0.469700
1476283276243, 10.920000, 10.920000, 100, 10.950000, 400, 4.200000, 0.440000
1476283278236, 10.912600, 10.910000, 100, 10.930000, 100, 4.130000, 0.432600
1476283280234, 10.920000, 10.910000, 100, 10.930000, 200, 4.200000, 0.440000
1476283282252, 10.920000, 10.910000, 100, 10.930000, 200, 4.200000, 0.440000
1476283284241, 10.920000, 10.910000, 100, 10.930000, 200, 4.200000, 0.440000
1476283286281, 10.910000, 10.890000, 500, 10.930000, 100, 4.100000, 0.430000
1476283288235, 10.910000, 10.890000, 500, 10.930000, 100, 4.100000, 0.430000
1476283290232, 10.910000, 10.900000, 400, 10.930000, 100, 4.100000, 0.430000
1476283292237, 10.910000, 10.900000, 400, 10.930000, 100, 4.100000, 0.430000
1476283294243, 10.910000, 10.900000, 400, 10.930000, 100, 4.100000, 0.430000
1476283296249, 10.910000, 10.900000, 400, 10.930000, 100, 4.100000, 0.430000
1476283298243, 10.910000, 10.900000, 400, 10.930000, 100, 4.100000, 0.430000
1476283300241, 10.910000, 10.900000, 400, 10.930000, 100, 4.100000, 0.430000
1476283302249, 10.910000, 10.900000, 100, 10.930000, 100, 4.100000, 0.430000
1476283304251, 10.910000, 10.900000, 100, 10.930000, 100, 4.100000, 0.430000
1476283306250, 10.910000, 10.900000, 100, 10.930000, 100, 4.100000, 0.430000
1476283308283, 10.910000, 10.900000, 100, 10.930000, 100, 4.100000, 0.430000
1476283309749, 10.910000, 10.900000, 100, 10.930000, 100, 4.100000, 0.430000
1476283312243, 10.910000, 10.900000, 100, 10.930000, 100, 4.100000, 0.430000
1476283314244, 10.915000, 10.900000, 100, 10.930000, 100, 4.150000, 0.435000
1476283316157, 10.915000, 10.900000, 100, 10.920000, 400, 4.150000, 0.435000
1476283318161, 10.915000, 10.900000, 100, 10.920000, 400, 4.150000, 0.435000
1476283320160, 10.915000, 10.900000, 100, 10.920000, 400, 4.150000, 0.435000
1476283322177, 10.940000, 10.940000, 100, 10.970000, 400, 4.390000, 0.460000
1476283324163, 10.940000, 10.940000, 100, 10.970000, 300, 4.390000, 0.460000
1476283326174, 10.940000, 10.940000, 100, 10.970000, 100, 4.390000, 0.460000
1476283328164, 10.940000, 10.940000, 100, 10.970000, 100, 4.390000, 0.460000
1476283330160, 10.940000, 10.940000, 100, 10.970000, 100, 4.390000, 0.460000
1476283332165, 10.940000, 10.940000, 100, 10.970000, 100, 4.390000, 0.460000
1476283333698, 10.940000, 10.940000, 100, 10.970000, 100, 4.390000, 0.460000
1476283336165, 10.940000, 10.940000, 100, 10.970000, 100, 4.390000, 0.460000
1476283338169, 10.940000, 10.940000, 100, 10.970000, 100, 4.390000, 0.460000
1476283340202, 10.940000, 10.940000, 100, 10.970000, 100, 4.390000, 0.460000
1476283342159, 10.940000, 10.940000, 100, 10.970000, 100, 4.390000, 0.460000
1476283344172, 10.940000, 10.940000, 100, 10.970000, 100, 4.390000, 0.460000
1476283346161, 10.940000, 10.940000, 100, 10.970000, 100, 4.390000, 0.460000
1476283348168, 10.940000, 10.940000, 100, 10.970000, 100, 4.390000, 0.460000
1476283350175, 10.940000, 10.940000, 100, 10.970000, 100, 4.390000, 0.460000
1476283352185, 10.940000, 10.940000, 100, 10.970000, 100, 4.390000, 0.460000
1476283354182, 10.940000, 10.940000, 100, 10.970000, 100, 4.390000, 0.460000
1476283356168, 10.940000, 10.940000, 100, 10.970000, 100, 4.390000, 0.460000
1476283358174, 10.940000, 10.940000, 100, 10.970000, 100, 4.390000, 0.460000
1476283360178, 10.940000, 10.940000, 100, 10.970000, 100, 4.390000, 0.460000
1476283362178, 10.940000, 10.940000, 100, 10.970000, 100, 4.390000, 0.460000
1476283363669, 10.940000, 10.940000, 100, 10.970000, 100, 4.390000, 0.460000
1476283365179, 10.940000, 10.940000, 100, 10.970000, 100, 4.390000, 0.460000
1476283368176, 10.940000, 10.940000, 1100, 10.970000, 100, 4.390000, 0.460000
1476283370183, 10.940000, 10.940000, 1100, 10.970000, 100, 4.390000, 0.460000
1476283372176, 10.940000, 10.940000, 1100, 10.970000, 100, 4.390000, 0.460000
1476283374178, 10.940000, 10.940000, 1100, 10.970000, 100, 4.390000, 0.460000
1476283376175, 10.940000, 10.940000, 1100, 10.970000, 100, 4.390000, 0.460000
1476283378189, 10.940000, 10.940000, 1100, 10.970000, 100, 4.390000, 0.460000
1476283380209, 10.940000, 10.940000, 1100, 10.970000, 100, 4.390000, 0.460000
1476283382173, 10.940000, 10.940000, 1100, 10.960000, 300, 4.390000, 0.460000
1476283384182, 10.940000, 10.940000, 1100, 10.960000, 300, 4.390000, 0.460000
1476283386176, 10.940000, 10.940000, 1100, 10.960000, 300, 4.390000, 0.460000
1476283388181, 10.940000, 10.940000, 1100, 10.960000, 300, 4.390000, 0.460000
1476283390187, 10.940000, 10.940000, 1100, 10.960000, 300, 4.390000, 0.460000
1476283392224, 10.970000, 10.970000, 100, 10.990000, 100, 4.680000, 0.490000
1476283394190, 10.970000, 10.970000, 100, 10.990000, 100, 4.680000, 0.490000
1476283396187, 10.970000, 10.970000, 100, 10.990000, 100, 4.680000, 0.490000
1476283398172, 10.970000, 10.970000, 100, 10.990000, 100, 4.680000, 0.490000
1476283399687, 10.970000, 10.970000, 100, 10.990000, 100, 4.680000, 0.490000
1476283402186, 10.970000, 10.950000, 900, 10.990000, 100, 4.680000, 0.490000
1476283404188, 10.970000, 10.950000, 900, 10.990000, 100, 4.680000, 0.490000
1476283406186, 10.970000, 10.950000, 900, 10.990000, 100, 4.680000, 0.490000
1476283408183, 10.970000, 10.950000, 900, 10.990000, 100, 4.680000, 0.490000
1476283410192, 10.970000, 10.950000, 900, 10.990000, 100, 4.680000, 0.490000
1476283412184, 10.950000, 10.950000, 900, 10.980000, 300, 4.480000, 0.470000
1476283414191, 10.950000, 10.950000, 900, 10.980000, 300, 4.480000, 0.470000
1476283416180, 10.950000, 10.950000, 900, 10.980000, 300, 4.480000, 0.470000
1476283418184, 10.950000, 10.950000, 900, 10.980000, 300, 4.480000, 0.470000
1476283420188, 10.950000, 10.950000, 900, 10.980000, 300, 4.480000, 0.470000
1476283422199, 10.950000, 10.950000, 900, 10.980000, 300, 4.480000, 0.470000
1476283424222, 10.950000, 10.950000, 900, 10.980000, 300, 4.480000, 0.470000
1476283426199, 10.950000, 10.950000, 900, 10.980000, 300, 4.480000, 0.470000
1476283428192, 10.950000, 10.960000, 1100, 10.980000, 100, 4.480000, 0.470000
1476283430185, 10.960000, 10.960000, 700, 10.980000, 100, 4.580000, 0.480000
1476283432196, 10.960000, 10.960000, 700, 10.980000, 100, 4.580000, 0.480000
1476283434189, 10.960000, 10.960000, 700, 10.980000, 100, 4.580000, 0.480000
1476283435191, 10.970000, 10.960000, 700, 10.970000, 100, 4.680000, 0.490000
1476283438190, 10.970000, 10.960000, 700, 10.970000, 500, 4.680000, 0.490000
1476283440188, 10.970000, 10.960000, 700, 10.970000, 500, 4.680000, 0.490000
1476283442194, 10.970000, 10.960000, 700, 10.970000, 500, 4.680000, 0.490000
1476283444190, 10.960000, 10.950000, 900, 10.970000, 200, 4.580000, 0.480000
1476283446207, 10.960000, 10.950000, 900, 10.970000, 200, 4.580000, 0.480000
1476283448202, 10.960000, 10.950000, 900, 10.970000, 200, 4.580000, 0.480000
1476283449716, 10.960000, 10.950000, 900, 10.970000, 200, 4.580000, 0.480000
1476283452192, 10.960000, 10.950000, 900, 10.970000, 200, 4.580000, 0.480000
1476283454199, 10.960000, 10.950000, 900, 10.970000, 200, 4.580000, 0.480000
1476283456202, 10.960000, 10.950000, 900, 10.970000, 200, 4.580000, 0.480000
1476283458197, 10.960000, 10.950000, 900, 10.970000, 200, 4.580000, 0.480000
1476283460185, 10.960000, 10.950000, 900, 10.970000, 200, 4.580000, 0.480000
1476283462189, 10.960000, 10.950000, 900, 10.970000, 100, 4.580000, 0.480000
1476283464209, 10.960000, 10.950000, 900, 10.970000, 100, 4.580000, 0.480000
1476283465725, 10.960000, 10.950000, 900, 10.970000, 100, 4.580000, 0.480000
1476283468202, 10.960000, 10.950000, 900, 10.970000, 100, 4.580000, 0.480000
1476283470199, 10.960000, 10.950000, 900, 10.970000, 100, 4.580000, 0.480000
1476283472220, 10.960000, 10.950000, 900, 10.970000, 100, 4.580000, 0.480000
1476283474210, 10.960000, 10.950000, 900, 10.970000, 100, 4.580000, 0.480000
1476283476205, 10.960000, 10.950000, 900, 10.970000, 100, 4.580000, 0.480000
1476283478209, 10.960000, 10.950000, 900, 10.970000, 100, 4.580000, 0.480000
1476283480220, 10.960000, 10.950000, 900, 10.970000, 100, 4.580000, 0.480000
1476283482211, 10.960000, 10.950000, 900, 10.970000, 100, 4.580000, 0.480000
1476283484214, 10.960000, 10.950000, 900, 10.970000, 100, 4.580000, 0.480000
1476283486208, 10.960000, 10.950000, 900, 10.970000, 100, 4.580000, 0.480000
1476283488212, 10.960000, 10.950000, 900, 10.970000, 100, 4.580000, 0.480000
1476283490211, 10.960000, 10.950000, 900, 10.970000, 100, 4.580000, 0.480000
1476283492206, 10.960000, 10.950000, 900, 10.970000, 100, 4.580000, 0.480000
1476283494206, 10.960000, 10.950000, 900, 10.970000, 100, 4.580000, 0.480000
1476283495282, 10.960000, 10.950000, 900, 10.970000, 100, 4.580000, 0.480000
1476283498197, 10.960000, 10.950000, 900, 10.970000, 100, 4.580000, 0.480000
1476283500212, 10.960000, 10.950000, 900, 10.970000, 100, 4.580000, 0.480000
1476283502200, 10.960000, 10.950000, 900, 10.970000, 100, 4.580000, 0.480000
1476283504207, 10.960000, 10.950000, 900, 10.970000, 100, 4.580000, 0.480000
1476283506211, 10.960000, 10.950000, 900, 10.970000, 100, 4.580000, 0.480000
1476283508224, 10.960000, 10.950000, 900, 10.970000, 100, 4.580000, 0.480000
1476283510216, 10.960000, 10.950000, 900, 10.970000, 100, 4.580000, 0.480000
1476283512242, 10.960000, 10.950000, 900, 10.960000, 100, 4.580000, 0.480000
1476283514222, 10.950000, 10.950000, 300, 10.960000, 300, 4.480000, 0.470000
1476283516221, 10.950000, 10.950000, 300, 10.960000, 400, 4.480000, 0.470000
1476283518223, 10.950000, 10.950000, 300, 10.960000, 400, 4.480000, 0.470000
1476283520224, 10.950000, 10.950000, 300, 10.960000, 400, 4.480000, 0.470000
1476283522240, 10.950000, 10.950000, 300, 10.960000, 400, 4.480000, 0.470000
1476283524246, 10.950000, 10.950000, 300, 10.960000, 400, 4.480000, 0.470000
1476283526221, 10.950000, 10.950000, 300, 10.960000, 400, 4.480000, 0.470000
1476283528217, 10.920000, 10.920000, 200, 10.940000, 300, 4.200000, 0.440000
1476283530229, 10.920000, 10.910000, 300, 10.940000, 300, 4.200000, 0.440000
1476283532227, 10.920000, 10.910000, 300, 10.940000, 300, 4.200000, 0.440000
1476283534221, 10.920000, 10.910000, 300, 10.940000, 300, 4.200000, 0.440000
1476283536220, 10.920000, 10.910000, 300, 10.940000, 300, 4.200000, 0.440000
1476283538218, 10.920000, 10.910000, 300, 10.940000, 100, 4.200000, 0.440000
1476283540224, 10.922000, 10.910000, 500, 10.940000, 100, 4.220000, 0.442000
1476283542229, 10.922000, 10.910000, 400, 10.940000, 100, 4.220000, 0.442000
1476283544217, 10.922000, 10.910000, 400, 10.940000, 100, 4.220000, 0.442000
1476283546271, 10.914500, 10.910000, 400, 10.940000, 100, 4.150000, 0.434500
1476283548215, 10.914500, 10.910000, 400, 10.940000, 100, 4.150000, 0.434500
1476283550261, 10.914500, 10.910000, 400, 10.940000, 100, 4.150000, 0.434500
1476283552252, 10.914500, 10.910000, 600, 10.930000, 100, 4.150000, 0.434500
1476283554233, 10.914500, 10.910000, 600, 10.930000, 100, 4.150000, 0.434500
1476283556232, 10.914500, 10.910000, 500, 10.930000, 100, 4.150000, 0.434500
1476283558232, 10.914500, 10.910000, 500, 10.930000, 100, 4.150000, 0.434500
1476283560237, 10.914500, 10.910000, 500, 10.930000, 100, 4.150000, 0.434500
1476283562243, 10.914500, 10.910000, 500, 10.930000, 100, 4.150000, 0.434500
1476283564240, 10.914500, 10.910000, 500, 10.930000, 100, 4.150000, 0.434500
1476283566273, 10.914500, 10.910000, 400, 10.930000, 100, 4.150000, 0.434500
1476283568368, 10.914500, 10.910000, 400, 10.930000, 100, 4.150000, 0.434500
1476283570243, 10.914500, 10.910000, 400, 10.930000, 100, 4.150000, 0.434500
1476283572227, 10.914500, 10.910000, 400, 10.930000, 100, 4.150000, 0.434500
1476283574241, 10.914500, 10.910000, 300, 10.930000, 100, 4.150000, 0.434500
1476283576233, 10.914500, 10.910000, 300, 10.930000, 100, 4.150000, 0.434500
1476283578236, 10.914500, 10.910000, 300, 10.930000, 100, 4.150000, 0.434500
1476283580288, 10.914500, 10.910000, 500, 10.930000, 200, 4.150000, 0.434500
1476283582245, 10.914500, 10.910000, 500, 10.930000, 200, 4.150000, 0.434500
1476283584242, 10.914500, 10.910000, 100, 10.930000, 100, 4.150000, 0.434500
1476283586235, 10.914500, 10.910000, 100, 10.930000, 100, 4.150000, 0.434500
1476283588235, 10.914500, 10.910000, 100, 10.930000, 100, 4.150000, 0.434500
1476283590237, 10.914500, 10.910000, 100, 10.930000, 100, 4.150000, 0.434500
1476283592248, 10.914500, 10.910000, 100, 10.930000, 100, 4.150000, 0.434500
1476283594245, 10.914500, 10.910000, 100, 10.930000, 100, 4.150000, 0.434500
1476283596295, 10.914500, 10.910000, 200, 10.930000, 100, 4.150000, 0.434500
1476283598654, 10.914500, 10.910000, 200, 10.930000, 100, 4.150000, 0.434500
1476283600155, 10.914500, 10.910000, 200, 10.930000, 100, 4.150000, 0.434500
1476283602656, 10.914500, 10.910000, 200, 10.930000, 100, 4.150000, 0.434500
1476283604656, 10.914500, 10.910000, 200, 10.930000, 100, 4.150000, 0.434500
1476283606657, 10.910000, 10.890000, 300, 10.900000, 100, 4.100000, 0.430000
1476283608650, 10.910000, 10.890000, 300, 10.900000, 100, 4.100000, 0.430000
1476283610658, 10.910000, 10.890000, 300, 10.900000, 100, 4.100000, 0.430000
1476283612660, 10.910000, 10.890000, 300, 10.900000, 100, 4.100000, 0.430000
1476283614657, 10.910000, 10.890000, 300, 10.900000, 200, 4.100000, 0.430000
1476283616665, 10.880000, 10.880000, 500, 10.890000, 200, 3.820000, 0.400000
1476283618655, 10.880000, 10.880000, 500, 10.890000, 100, 3.820000, 0.400000
1476283619658, 10.880000, 10.880000, 500, 10.890000, 100, 3.820000, 0.400000
1476283622663, 10.880000, 10.880000, 500, 10.890000, 100, 3.820000, 0.400000
1476283624185, 10.880000, 10.880000, 100, 10.890000, 200, 3.820000, 0.400000
1476283626179, 10.880000, 10.880000, 100, 10.890000, 200, 3.820000, 0.400000
1476283628668, 10.880000, 10.880000, 100, 10.890000, 200, 3.820000, 0.400000
1476283630665, 10.880000, 10.880000, 100, 10.890000, 200, 3.820000, 0.400000
1476283632672, 10.880000, 10.880000, 100, 10.890000, 200, 3.820000, 0.400000
1476283634665, 10.880000, 10.880000, 100, 10.890000, 200, 3.820000, 0.400000
1476283636671, 10.880000, 10.880000, 100, 10.890000, 200, 3.820000, 0.400000
1476283638670, 10.880000, 10.880000, 100, 10.890000, 200, 3.820000, 0.400000
1476283640161, 10.880000, 10.880000, 100, 10.890000, 200, 3.820000, 0.400000
1476283642671, 10.870000, 10.870000, 100, 10.890000, 400, 3.720000, 0.390000
1476283644165, 10.870000, 10.870000, 100, 10.880000, 100, 3.720000, 0.390000
1476283646670, 10.870000, 10.870000, 100, 10.880000, 100, 3.720000, 0.390000
1476283648665, 10.870000, 10.870000, 100, 10.880000, 100, 3.720000, 0.390000
1476283650674, 10.870000, 10.870000, 100, 10.880000, 100, 3.720000, 0.390000
1476283652675, 10.870000, 10.870000, 100, 10.880000, 100, 3.720000, 0.390000
1476283654683, 10.870000, 10.870000, 100, 10.880000, 100, 3.720000, 0.390000
1476283656668, 10.870000, 10.870000, 100, 10.880000, 100, 3.720000, 0.390000
1476283658677, 10.870000, 10.870000, 100, 10.880000, 100, 3.720000, 0.390000
1476283660668, 10.870000, 10.860000, 100, 10.880000, 100, 3.720000, 0.390000
1476283662676, 10.870000, 10.860000, 100, 10.880000, 100, 3.720000, 0.390000
1476283664675, 10.870000, 10.860000, 100, 10.880000, 100, 3.720000, 0.390000
1476283666686, 10.870000, 10.860000, 100, 10.880000, 100, 3.720000, 0.390000
1476283668182, 10.870000, 10.850000, 1100, 10.880000, 400, 3.720000, 0.390000
1476283670176, 10.870000, 10.850000, 1100, 10.880000, 400, 3.720000, 0.390000
1476283672679, 10.870000, 10.850000, 1100, 10.880000, 400, 3.720000, 0.390000
1476283674681, 10.870000, 10.850000, 1100, 10.870000, 100, 3.720000, 0.390000
1476283676668, 10.870000, 10.850000, 1100, 10.870000, 100, 3.720000, 0.390000
1476283678170, 10.870000, 10.850000, 1100, 10.870000, 100, 3.720000, 0.390000
1476283680689, 10.870000, 10.850000, 1100, 10.870000, 100, 3.720000, 0.390000
1476283682239, 10.870000, 10.850000, 1100, 10.870000, 100, 3.720000, 0.390000
1476283684174, 10.870000, 10.850000, 1100, 10.870000, 100, 3.720000, 0.390000
1476283686690, 10.850200, 10.850000, 1100, 10.870000, 100, 3.530000, 0.370200
1476283688681, 10.850200, 10.850000, 1100, 10.870000, 100, 3.530000, 0.370200
1476283690691, 10.850200, 10.850000, 1100, 10.870000, 100, 3.530000, 0.370200
1476283692688, 10.850200, 10.850000, 1100, 10.870000, 100, 3.530000, 0.370200
1476283694684, 10.850200, 10.850000, 1600, 10.870000, 100, 3.530000, 0.370200
1476283696677, 10.850200, 10.850000, 1600, 10.870000, 100, 3.530000, 0.370200
1476283698227, 10.850200, 10.850000, 1600, 10.870000, 100, 3.530000, 0.370200
1476283700671, 10.860000, 10.850000, 1600, 10.870000, 100, 3.630000, 0.380000
1476283702692, 10.860000, 10.850000, 1600, 10.870000, 100, 3.630000, 0.380000
1476283704686, 10.860000, 10.850000, 1600, 10.870000, 100, 3.630000, 0.380000
1476283706688, 10.860000, 10.850000, 1600, 10.870000, 100, 3.630000, 0.380000
1476283708693, 10.860000, 10.850000, 1600, 10.870000, 100, 3.630000, 0.380000
1476283709693, 10.860000, 10.850000, 1600, 10.870000, 100, 3.630000, 0.380000
1476283712205, 10.860000, 10.850000, 1600, 10.870000, 100, 3.630000, 0.380000
1476283714695, 10.860000, 10.850000, 1600, 10.870000, 100, 3.630000, 0.380000
1476283716191, 10.860000, 10.850000, 1600, 10.870000, 100, 3.630000, 0.380000
1476283718693, 10.870000, 10.860000, 500, 10.890000, 200, 3.720000, 0.390000
1476283720689, 10.870000, 10.860000, 500, 10.890000, 200, 3.720000, 0.390000
1476283722695, 10.870000, 10.860000, 500, 10.890000, 200, 3.720000, 0.390000
1476283724686, 10.870000, 10.860000, 500, 10.890000, 200, 3.720000, 0.390000
1476283726711, 10.870000, 10.860000, 500, 10.890000, 200, 3.720000, 0.390000
1476283728704, 10.870000, 10.860000, 500, 10.890000, 200, 3.720000, 0.390000
1476283730177, 10.870000, 10.860000, 500, 10.890000, 200, 3.720000, 0.390000
1476283732703, 10.870000, 10.860000, 500, 10.880000, 100, 3.720000, 0.390000
1476283734698, 10.870000, 10.860000, 500, 10.880000, 100, 3.720000, 0.390000
1476283736698, 10.870000, 10.860000, 500, 10.880000, 100, 3.720000, 0.390000
1476283738222, 10.870000, 10.860000, 500, 10.880000, 100, 3.720000, 0.390000
1476283740679, 10.870000, 10.860000, 500, 10.880000, 100, 3.720000, 0.390000
1476283742689, 10.870000, 10.860000, 500, 10.880000, 200, 3.720000, 0.390000
1476283744688, 10.870000, 10.860000, 500, 10.880000, 200, 3.720000, 0.390000
1476283746198, 10.870000, 10.860000, 500, 10.880000, 200, 3.720000, 0.390000
1476283748198, 10.870000, 10.860000, 500, 10.880000, 400, 3.720000, 0.390000
1476283750704, 10.860000, 10.860000, 300, 10.870000, 100, 3.630000, 0.380000
1476283752221, 10.860000, 10.860000, 300, 10.870000, 100, 3.630000, 0.380000
1476283753732, 10.860000, 10.860000, 300, 10.870000, 100, 3.630000, 0.380000
1476283756696, 10.860000, 10.850000, 1100, 10.870000, 100, 3.630000, 0.380000
1476283758707, 10.860000, 10.850000, 1100, 10.870000, 200, 3.630000, 0.380000
1476283760707, 10.860000, 10.850000, 1100, 10.870000, 200, 3.630000, 0.380000
1476283762698, 10.860000, 10.850000, 1100, 10.870000, 200, 3.630000, 0.380000
1476283764713, 10.860000, 10.850000, 1100, 10.870000, 100, 3.630000, 0.380000
1476283766716, 10.860000, 10.850000, 1100, 10.870000, 100, 3.630000, 0.380000
1476283768703, 10.860000, 10.850000, 1100, 10.870000, 100, 3.630000, 0.380000
1476283770717, 10.860000, 10.850000, 1100, 10.870000, 100, 3.630000, 0.380000
1476283772705, 10.860000, 10.850000, 1100, 10.870000, 100, 3.630000, 0.380000
1476283774717, 10.860000, 10.850000, 1100, 10.870000, 100, 3.630000, 0.380000
1476283776709, 10.860000, 10.850000, 1100, 10.870000, 100, 3.630000, 0.380000
1476283778216, 10.860000, 10.850000, 1100, 10.870000, 200, 3.630000, 0.380000
1476283780723, 10.860000, 10.850000, 1100, 10.870000, 200, 3.630000, 0.380000
1476283781718, 10.860000, 10.850000, 1100, 10.870000, 100, 3.630000, 0.380000
1476283784716, 10.860000, 10.850000, 1100, 10.860000, 300, 3.630000, 0.380000
1476283786711, 10.850700, 10.850000, 1100, 10.860000, 300, 3.540000, 0.370700
1476283788218, 10.850000, 10.820000, 300, 10.850000, 100, 3.530000, 0.370000
1476283790716, 10.850000, 10.810000, 600, 10.840000, 100, 3.530000, 0.370000
1476283792714, 10.810000, 10.800000, 300, 10.830000, 100, 3.150000, 0.330000
1476283794230, 10.820000, 10.810000, 100, 10.830000, 100, 3.240000, 0.340000
1476283796717, 10.820000, 10.810000, 100, 10.830000, 100, 3.240000, 0.340000
1476283798263, 10.840000, 10.840000, 700, 10.850000, 100, 3.440000, 0.360000
1476283800711, 10.840000, 10.840000, 700, 10.850000, 100, 3.440000, 0.360000
1476283802724, 10.840000, 10.840000, 700, 10.850000, 100, 3.440000, 0.360000
1476283804224, 10.840700, 10.840000, 700, 10.850000, 100, 3.440000, 0.360700
1476283806719, 10.840700, 10.840000, 700, 10.850000, 100, 3.440000, 0.360700
1476283808221, 10.840700, 10.840000, 700, 10.850000, 100, 3.440000, 0.360700
1476283810236, 10.840700, 10.840000, 700, 10.850000, 100, 3.440000, 0.360700
1476283812231, 10.840700, 10.840000, 700, 10.850000, 200, 3.440000, 0.360700
1476283814231, 10.840700, 10.840000, 700, 10.850000, 200, 3.440000, 0.360700
1476283816219, 10.840700, 10.840000, 700, 10.850000, 200, 3.440000, 0.360700
1476283818227, 10.840000, 10.840000, 600, 10.850000, 200, 3.440000, 0.360000
1476283820226, 10.840000, 10.840000, 600, 10.850000, 200, 3.440000, 0.360000
1476283822263, 10.840000, 10.840000, 600, 10.850000, 200, 3.440000, 0.360000
1476283824740, 10.840000, 10.840000, 600, 10.850000, 200, 3.440000, 0.360000
1476283826226, 10.840000, 10.840000, 500, 10.850000, 100, 3.440000, 0.360000
1476283828229, 10.840000, 10.840000, 500, 10.850000, 100, 3.440000, 0.360000
1476283830234, 10.840000, 10.840000, 500, 10.850000, 100, 3.440000, 0.360000
1476283832729, 10.840000, 10.820000, 200, 10.840000, 100, 3.440000, 0.360000
1476283834236, 10.840000, 10.820000, 100, 10.850000, 200, 3.440000, 0.360000
1476283836224, 10.833200, 10.820000, 300, 10.850000, 200, 3.370000, 0.353200
1476283838226, 10.833200, 10.820000, 500, 10.850000, 100, 3.370000, 0.353200
1476283839727, 10.833200, 10.820000, 400, 10.850000, 100, 3.370000, 0.353200
1476283841726, 10.833200, 10.820000, 400, 10.850000, 100, 3.370000, 0.353200
1476283844726, 10.835000, 10.820000, 400, 10.850000, 100, 3.390000, 0.355000
1476283846243, 10.835000, 10.820000, 400, 10.850000, 100, 3.390000, 0.355000
1476283848243, 10.835000, 10.820000, 400, 10.850000, 100, 3.390000, 0.355000
1476283850739, 10.830800, 10.820000, 500, 10.850000, 100, 3.350000, 0.350800
1476283852737, 10.830800, 10.820000, 500, 10.850000, 100, 3.350000, 0.350800
1476283854230, 10.830800, 10.820000, 200, 10.840000, 300, 3.350000, 0.350800
1476283856268, 10.830000, 10.820000, 200, 10.830000, 200, 3.340000, 0.350000
1476283858224, 10.830000, 10.820000, 200, 10.830000, 200, 3.340000, 0.350000
1476283860236, 10.830000, 10.820000, 200, 10.830000, 200, 3.340000, 0.350000
1476283862247, 10.820000, 10.820000, 200, 10.830000, 200, 3.240000, 0.340000
1476283864738, 10.830000, 10.820000, 200, 10.830000, 300, 3.340000, 0.350000
1476283866739, 10.830000, 10.820000, 200, 10.830000, 300, 3.340000, 0.350000
1476283868242, 10.830000, 10.820000, 200, 10.830000, 300, 3.340000, 0.350000
1476283870251, 10.830000, 10.820000, 200, 10.830000, 300, 3.340000, 0.350000
1476283872287, 10.830000, 10.820000, 200, 10.830000, 400, 3.340000, 0.350000
1476283874237, 10.830000, 10.820000, 200, 10.830000, 400, 3.340000, 0.350000
1476283876256, 10.820000, 10.820000, 300, 10.830000, 400, 3.240000, 0.340000
1476283878242, 10.830000, 10.820000, 800, 10.850000, 100, 3.340000, 0.350000
1476283880247, 10.850000, 10.830000, 300, 10.860000, 100, 3.530000, 0.370000
1476283882302, 10.850000, 10.830000, 300, 10.860000, 100, 3.530000, 0.370000
1476283884248, 10.850000, 10.830000, 500, 10.860000, 100, 3.530000, 0.370000
1476283886251, 10.850000, 10.830000, 500, 10.860000, 100, 3.530000, 0.370000
1476283888253, 10.850000, 10.830000, 500, 10.860000, 100, 3.530000, 0.370000
1476283890659, 10.850000, 10.830000, 500, 10.860000, 100, 3.530000, 0.370000
1476283892696, 10.850000, 10.830000, 500, 10.860000, 100, 3.530000, 0.370000
1476283894657, 10.850000, 10.830000, 500, 10.860000, 100, 3.530000, 0.370000
1476283896175, 10.850000, 10.840000, 400, 10.880000, 200, 3.530000, 0.370000
1476283898655, 10.850000, 10.840000, 400, 10.880000, 200, 3.530000, 0.370000
1476283900159, 10.850000, 10.840000, 400, 10.880000, 100, 3.530000, 0.370000
1476283902661, 10.850000, 10.840000, 400, 10.880000, 100, 3.530000, 0.370000
1476283904663, 10.850000, 10.840000, 400, 10.870000, 100, 3.530000, 0.370000
1476283906662, 10.850000, 10.840000, 400, 10.870000, 100, 3.530000, 0.370000
1476283908662, 10.850000, 10.840000, 400, 10.870000, 100, 3.530000, 0.370000
1476283910668, 10.850000, 10.840000, 400, 10.870000, 100, 3.530000, 0.370000
1476283912662, 10.850000, 10.840000, 400, 10.870000, 100, 3.530000, 0.370000
1476283914664, 10.840000, 10.820000, 300, 10.850000, 300, 3.440000, 0.360000
1476283916670, 10.840000, 10.820000, 300, 10.840000, 200, 3.440000, 0.360000
1476283918666, 10.840000, 10.820000, 200, 10.840000, 200, 3.440000, 0.360000
1476283920668, 10.840000, 10.820000, 200, 10.840000, 300, 3.440000, 0.360000
1476283922660, 10.840000, 10.820000, 200, 10.840000, 200, 3.440000, 0.360000
1476283924676, 10.830000, 10.820000, 200, 10.830000, 100, 3.340000, 0.350000
1476283926669, 10.830000, 10.820000, 200, 10.830000, 100, 3.340000, 0.350000
1476283928709, 10.830000, 10.820000, 200, 10.830000, 100, 3.340000, 0.350000
1476283930675, 10.830000, 10.820000, 200, 10.830000, 100, 3.340000, 0.350000
1476283932675, 10.830000, 10.820000, 200, 10.830000, 100, 3.340000, 0.350000
1476283934668, 10.830000, 10.820000, 200, 10.830000, 100, 3.340000, 0.350000
1476283936675, 10.830000, 10.820000, 200, 10.830000, 100, 3.340000, 0.350000
1476283938754, 10.830000, 10.820000, 200, 10.830000, 100, 3.340000, 0.350000
1476283940672, 10.830000, 10.820000, 200, 10.830000, 100, 3.340000, 0.350000
1476283942675, 10.830000, 10.820000, 200, 10.830000, 100, 3.340000, 0.350000
1476283944671, 10.830000, 10.820000, 200, 10.830000, 100, 3.340000, 0.350000
1476283946168, 10.830000, 10.820000, 200, 10.830000, 100, 3.340000, 0.350000
1476283948690, 10.830000, 10.820000, 200, 10.830000, 100, 3.340000, 0.350000
1476283950173, 10.830000, 10.820000, 200, 10.830000, 100, 3.340000, 0.350000
1476283952183, 10.830000, 10.820000, 200, 10.830000, 100, 3.340000, 0.350000
1476283954196, 10.830000, 10.820000, 200, 10.840000, 400, 3.340000, 0.350000
1476283956676, 10.830000, 10.820000, 200, 10.840000, 400, 3.340000, 0.350000
1476283958690, 10.830000, 10.820000, 200, 10.840000, 400, 3.340000, 0.350000
1476283960680, 10.830000, 10.820000, 200, 10.840000, 200, 3.340000, 0.350000
1476283962716, 10.830000, 10.820000, 200, 10.840000, 200, 3.340000, 0.350000
1476283964683, 10.830000, 10.820000, 200, 10.840000, 200, 3.340000, 0.350000
1476283966183, 10.830000, 10.820000, 200, 10.840000, 200, 3.340000, 0.350000
1476283968672, 10.830000, 10.820000, 200, 10.840000, 200, 3.340000, 0.350000
1476283970179, 10.830000, 10.820000, 200, 10.840000, 200, 3.340000, 0.350000
1476283972677, 10.830000, 10.820000, 200, 10.840000, 200, 3.340000, 0.350000
1476283974678, 10.830000, 10.820000, 200, 10.840000, 200, 3.340000, 0.350000
1476283976687, 10.830000, 10.820000, 200, 10.840000, 200, 3.340000, 0.350000
1476283978683, 10.830000, 10.820000, 200, 10.840000, 200, 3.340000, 0.350000
1476283980686, 10.830000, 10.820000, 200, 10.840000, 200, 3.340000, 0.350000
1476283982684, 10.830000, 10.820000, 200, 10.830000, 400, 3.340000, 0.350000
1476283984690, 10.830000, 10.820000, 200, 10.830000, 400, 3.340000, 0.350000
1476283986743, 10.830000, 10.820000, 200, 10.830000, 400, 3.340000, 0.350000
1476283988686, 10.830000, 10.820000, 200, 10.830000, 400, 3.340000, 0.350000
1476283989675, 10.830000, 10.820000, 200, 10.830000, 400, 3.340000, 0.350000
1476283992689, 10.830000, 10.820000, 200, 10.830000, 400, 3.340000, 0.350000
1476283994692, 10.830000, 10.820000, 200, 10.830000, 400, 3.340000, 0.350000
1476283996719, 10.830000, 10.820000, 200, 10.830000, 400, 3.340000, 0.350000
1476283998722, 10.830000, 10.820000, 200, 10.830000, 400, 3.340000, 0.350000
1476284000697, 10.830000, 10.820000, 200, 10.830000, 400, 3.340000, 0.350000
1476284002684, 10.830000, 10.820000, 200, 10.830000, 400, 3.340000, 0.350000
1476284004697, 10.820000, 10.820000, 100, 10.830000, 500, 3.240000, 0.340000
1476284006693, 10.820000, 10.820000, 100, 10.830000, 500, 3.240000, 0.340000
1476284008694, 10.820000, 10.820000, 100, 10.830000, 400, 3.240000, 0.340000
1476284010701, 10.820000, 10.810000, 200, 10.830000, 400, 3.240000, 0.340000
1476284012698, 10.820000, 10.810000, 200, 10.830000, 400, 3.240000, 0.340000
1476284014699, 10.820000, 10.810000, 200, 10.830000, 200, 3.240000, 0.340000
1476284016698, 10.820000, 10.810000, 100, 10.830000, 200, 3.240000, 0.340000
1476284018698, 10.820000, 10.810000, 100, 10.830000, 200, 3.240000, 0.340000
1476284020702, 10.810000, 10.810000, 100, 10.820000, 200, 3.150000, 0.330000
1476284022699, 10.810000, 10.810000, 100, 10.820000, 200, 3.150000, 0.330000
1476284024721, 10.810000, 10.810000, 100, 10.820000, 200, 3.150000, 0.330000
1476284026683, 10.810000, 10.810000, 100, 10.820000, 200, 3.150000, 0.330000
1476284028693, 10.810000, 10.810000, 100, 10.820000, 200, 3.150000, 0.330000
1476284030713, 10.810000, 10.810000, 100, 10.820000, 200, 3.150000, 0.330000
1476284032200, 10.810000, 10.810000, 100, 10.820000, 200, 3.150000, 0.330000
1476284034728, 10.810000, 10.800000, 100, 10.810000, 100, 3.150000, 0.330000
1476284036706, 10.810000, 10.800000, 100, 10.810000, 100, 3.150000, 0.330000
1476284038709, 10.810000, 10.800000, 100, 10.810000, 100, 3.150000, 0.330000
1476284040707, 10.810000, 10.800000, 100, 10.810000, 100, 3.150000, 0.330000
1476284042706, 10.810000, 10.800000, 100, 10.810000, 100, 3.150000, 0.330000
1476284044708, 10.820000, 10.790000, 500, 10.830000, 100, 3.240000, 0.340000
1476284046685, 10.820000, 10.790000, 500, 10.830000, 100, 3.240000, 0.340000
1476284048713, 10.820000, 10.790000, 700, 10.830000, 100, 3.240000, 0.340000
1476284050710, 10.820000, 10.790000, 700, 10.830000, 100, 3.240000, 0.340000
1476284052721, 10.820000, 10.790000, 600, 10.830000, 100, 3.240000, 0.340000
1476284053714, 10.820000, 10.790000, 600, 10.830000, 200, 3.240000, 0.340000
1476284056710, 10.820000, 10.790000, 600, 10.830000, 200, 3.240000, 0.340000
1476284058721, 10.820000, 10.790000, 600, 10.830000, 200, 3.240000, 0.340000
1476284060703, 10.820000, 10.790000, 600, 10.820000, 100, 3.240000, 0.340000
1476284062718, 10.820000, 10.790000, 600, 10.820000, 100, 3.240000, 0.340000
1476284064708, 10.810000, 10.800000, 100, 10.820000, 100, 3.150000, 0.330000
1476284066725, 10.810000, 10.800000, 100, 10.820000, 100, 3.150000, 0.330000
1476284068775, 10.810000, 10.800000, 100, 10.820000, 100, 3.150000, 0.330000
1476284070718, 10.820000, 10.810000, 100, 10.830000, 100, 3.240000, 0.340000
1476284072713, 10.820000, 10.790000, 500, 10.820000, 100, 3.240000, 0.340000
1476284074728, 10.820000, 10.790000, 500, 10.820000, 100, 3.240000, 0.340000
1476284076715, 10.820000, 10.790000, 500, 10.820000, 100, 3.240000, 0.340000
1476284078741, 10.820000, 10.790000, 500, 10.820000, 100, 3.240000, 0.340000
1476284080708, 10.820000, 10.790000, 500, 10.820000, 100, 3.240000, 0.340000
1476284082740, 10.820000, 10.790000, 500, 10.820000, 100, 3.240000, 0.340000
1476284084723, 10.817000, 10.790000, 500, 10.820000, 100, 3.220000, 0.337000
1476284086719, 10.817000, 10.790000, 500, 10.820000, 100, 3.220000, 0.337000
1476284088721, 10.817000, 10.790000, 500, 10.820000, 100, 3.220000, 0.337000
1476284090714, 10.817000, 10.790000, 500, 10.820000, 100, 3.220000, 0.337000
1476284092736, 10.817000, 10.790000, 500, 10.820000, 100, 3.220000, 0.337000
1476284094710, 10.817000, 10.790000, 500, 10.820000, 100, 3.220000, 0.337000
1476284096724, 10.817000, 10.790000, 500, 10.820000, 100, 3.220000, 0.337000
1476284098772, 10.810100, 10.810000, 300, 10.850000, 200, 3.150000, 0.330100
1476284100715, 10.810100, 10.810000, 300, 10.850000, 200, 3.150000, 0.330100
1476284102715, 10.810100, 10.810000, 400, 10.850000, 100, 3.150000, 0.330100
1476284104720, 10.810100, 10.810000, 400, 10.850000, 100, 3.150000, 0.330100
1476284106714, 10.810100, 10.810000, 400, 10.850000, 100, 3.150000, 0.330100
1476284108715, 10.810100, 10.810000, 400, 10.850000, 100, 3.150000, 0.330100
1476284110747, 10.810100, 10.810000, 300, 10.850000, 100, 3.150000, 0.330100
1476284112730, 10.810100, 10.810000, 300, 10.850000, 100, 3.150000, 0.330100
1476284114730, 10.810100, 10.810000, 300, 10.850000, 100, 3.150000, 0.330100
1476284116751, 10.810100, 10.810000, 300, 10.850000, 100, 3.150000, 0.330100
1476284118735, 10.810100, 10.810000, 300, 10.850000, 100, 3.150000, 0.330100
1476284120729, 10.810100, 10.810000, 300, 10.850000, 100, 3.150000, 0.330100
1476284122719, 10.810100, 10.810000, 400, 10.850000, 100, 3.150000, 0.330100
1476284124713, 10.810100, 10.810000, 400, 10.850000, 100, 3.150000, 0.330100
1476284126775, 10.810100, 10.810000, 400, 10.850000, 100, 3.150000, 0.330100
1476284128745, 10.810000, 10.810000, 200, 10.840000, 200, 3.150000, 0.330000
1476284130730, 10.810000, 10.810000, 200, 10.840000, 500, 3.150000, 0.330000
1476284132230, 10.810000, 10.810000, 200, 10.840000, 500, 3.150000, 0.330000
1476284134760, 10.810000, 10.810000, 200, 10.840000, 500, 3.150000, 0.330000
1476284136744, 10.810000, 10.810000, 200, 10.840000, 500, 3.150000, 0.330000
1476284138743, 10.810000, 10.810000, 200, 10.840000, 500, 3.150000, 0.330000
1476284140729, 10.810000, 10.810000, 200, 10.840000, 300, 3.150000, 0.330000
1476284142734, 10.810000, 10.810000, 200, 10.840000, 300, 3.150000, 0.330000
1476284144727, 10.810000, 10.810000, 200, 10.840000, 300, 3.150000, 0.330000
1476284146226, 10.810000, 10.810000, 200, 10.840000, 300, 3.150000, 0.330000
1476284148732, 10.810000, 10.810000, 200, 10.840000, 300, 3.150000, 0.330000
1476284150775, 10.810000, 10.810000, 200, 10.840000, 300, 3.150000, 0.330000
1476284152738, 10.810000, 10.810000, 200, 10.840000, 300, 3.150000, 0.330000
1476284154734, 10.810000, 10.810000, 200, 10.840000, 300, 3.150000, 0.330000
1476284156734, 10.810000, 10.810000, 200, 10.840000, 500, 3.150000, 0.330000
1476284158759, 10.810000, 10.810000, 200, 10.840000, 500, 3.150000, 0.330000
1476284160739, 10.810000, 10.810000, 200, 10.840000, 300, 3.150000, 0.330000
1476292025170, 10.880000, 10.870000, 300, 10.890000, 100, 3.820000, 0.400000
1476292027189, 10.880000, 10.870000, 300, 10.890000, 100, 3.820000, 0.400000
1476292029171, 10.880000, 10.870000, 300, 10.890000, 100, 3.820000, 0.400000
1476292031170, 10.880000, 10.870000, 300, 10.890000, 100, 3.820000, 0.400000
1476292033170, 10.880000, 10.870000, 300, 10.890000, 100, 3.820000, 0.400000
1476292035173, 10.880000, 10.870000, 300, 10.890000, 100, 3.820000, 0.400000
1476292037165, 10.880000, 10.870000, 300, 10.890000, 100, 3.820000, 0.400000
1476292039161, 10.880000, 10.870000, 300, 10.890000, 100, 3.820000, 0.400000
1476292040665, 10.880000, 10.870000, 300, 10.890000, 100, 3.820000, 0.400000
1476292043191, 10.880000, 10.870000, 300, 10.890000, 100, 3.820000, 0.400000
1476292045168, 10.870000, 10.860000, 100, 10.880000, 100, 3.720000, 0.390000
1476292047172, 10.870000, 10.860000, 100, 10.880000, 100, 3.720000, 0.390000
1476292049169, 10.870000, 10.860000, 100, 10.880000, 100, 3.720000, 0.390000
1476292051173, 10.870000, 10.860000, 100, 10.880000, 100, 3.720000, 0.390000
1476292053183, 10.870000, 10.860000, 100, 10.880000, 100, 3.720000, 0.390000
1476292055165, 10.870000, 10.860000, 100, 10.880000, 100, 3.720000, 0.390000
1476292057196, 10.870000, 10.860000, 100, 10.880000, 100, 3.720000, 0.390000
1476292058679, 10.870000, 10.860000, 100, 10.880000, 100, 3.720000, 0.390000
1476292061173, 10.870000, 10.860000, 100, 10.880000, 100, 3.720000, 0.390000
1476292062681, 10.870000, 10.860000, 100, 10.880000, 100, 3.720000, 0.390000
1476292065181, 10.870000, 10.860000, 100, 10.880000, 100, 3.720000, 0.390000
1476292066674, 10.870000, 10.860000, 100, 10.880000, 100, 3.720000, 0.390000
1476292069248, 10.870000, 10.860000, 100, 10.880000, 100, 3.720000, 0.390000
1476292070679, 10.870000, 10.860000, 100, 10.880000, 100, 3.720000, 0.390000
1476292073191, 10.870000, 10.860000, 100, 10.880000, 100, 3.720000, 0.390000
1476292075181, 10.870000, 10.860000, 100, 10.880000, 100, 3.720000, 0.390000
1476292077170, 10.870000, 10.860000, 100, 10.880000, 100, 3.720000, 0.390000
1476292079184, 10.870000, 10.860000, 100, 10.880000, 100, 3.720000, 0.390000
1476292081180, 10.870000, 10.860000, 100, 10.880000, 100, 3.720000, 0.390000
1476292083172, 10.870000, 10.860000, 100, 10.880000, 100, 3.720000, 0.390000
1476292085209, 10.870000, 10.860000, 100, 10.880000, 100, 3.720000, 0.390000
1476292087184, 10.870000, 10.860000, 100, 10.880000, 100, 3.720000, 0.390000
1476292089209, 10.870000, 10.860000, 100, 10.880000, 100, 3.720000, 0.390000
1476292091187, 10.870000, 10.860000, 100, 10.880000, 100, 3.720000, 0.390000
1476292093172, 10.870000, 10.860000, 100, 10.880000, 100, 3.720000, 0.390000
1476292095181, 10.870000, 10.860000, 100, 10.880000, 100, 3.720000, 0.390000
1476292097183, 10.870000, 10.860000, 100, 10.880000, 100, 3.720000, 0.390000
1476292098686, 10.870000, 10.860000, 100, 10.880000, 100, 3.720000, 0.390000
1476292101214, 10.870000, 10.860000, 100, 10.880000, 100, 3.720000, 0.390000
1476292103188, 10.870000, 10.860000, 100, 10.880000, 100, 3.720000, 0.390000
1476292105186, 10.870000, 10.860000, 100, 10.880000, 100, 3.720000, 0.390000
1476292107190, 10.870000, 10.860000, 100, 10.880000, 100, 3.720000, 0.390000
1476292109192, 10.870000, 10.860000, 100, 10.880000, 100, 3.720000, 0.390000
1476292111189, 10.870000, 10.860000, 100, 10.880000, 100, 3.720000, 0.390000
1476292113185, 10.870000, 10.860000, 100, 10.880000, 100, 3.720000, 0.390000
1476292115190, 10.870000, 10.860000, 100, 10.880000, 200, 3.720000, 0.390000
1476292117195, 10.870000, 10.860000, 100, 10.880000, 200, 3.720000, 0.390000
1476292119194, 10.865000, 10.860000, 100, 10.880000, 100, 3.670000, 0.385000
1476292121195, 10.865000, 10.860000, 100, 10.880000, 100, 3.670000, 0.385000
1476292123203, 10.865000, 10.860000, 100, 10.880000, 100, 3.670000, 0.385000
1476292125199, 10.865000, 10.860000, 100, 10.880000, 100, 3.670000, 0.385000
1476292127205, 10.865000, 10.860000, 100, 10.880000, 100, 3.670000, 0.385000
1476292129203, 10.865000, 10.860000, 100, 10.880000, 200, 3.670000, 0.385000
1476292131206, 10.850000, 10.850000, 400, 10.870000, 300, 3.530000, 0.370000
1476292133198, 10.850000, 10.850000, 800, 10.870000, 300, 3.530000, 0.370000
1476292135198, 10.850000, 10.850000, 800, 10.870000, 300, 3.530000, 0.370000
1476292137202, 10.850000, 10.850000, 800, 10.870000, 300, 3.530000, 0.370000
1476292139199, 10.850000, 10.850000, 700, 10.870000, 300, 3.530000, 0.370000
1476292141198, 10.850000, 10.850000, 700, 10.860000, 100, 3.530000, 0.370000
1476292143223, 10.850000, 10.850000, 600, 10.860000, 200, 3.530000, 0.370000
1476292145204, 10.850000, 10.850000, 500, 10.860000, 300, 3.530000, 0.370000
1476292147194, 10.860000, 10.850000, 500, 10.860000, 300, 3.630000, 0.380000
1476292149204, 10.860000, 10.850000, 500, 10.860000, 300, 3.630000, 0.380000
1476292151203, 10.860000, 10.850000, 500, 10.860000, 300, 3.630000, 0.380000
1476292153194, 10.860000, 10.850000, 500, 10.860000, 300, 3.630000, 0.380000
1476292155201, 10.860000, 10.850000, 500, 10.860000, 300, 3.630000, 0.380000
1476292157202, 10.850000, 10.850000, 500, 10.860000, 300, 3.530000, 0.370000
1476292159200, 10.850000, 10.850000, 500, 10.860000, 300, 3.530000, 0.370000
1476292161208, 10.850000, 10.850000, 500, 10.860000, 300, 3.530000, 0.370000
1476292163208, 10.850000, 10.850000, 500, 10.860000, 300, 3.530000, 0.370000
1476292165199, 10.850000, 10.850000, 500, 10.860000, 300, 3.530000, 0.370000
1476292167201, 10.850000, 10.850000, 500, 10.860000, 300, 3.530000, 0.370000
1476292169191, 10.850000, 10.850000, 500, 10.860000, 300, 3.530000, 0.370000
1476292171203, 10.850000, 10.850000, 200, 10.860000, 300, 3.530000, 0.370000
1476292173201, 10.850000, 10.850000, 200, 10.860000, 300, 3.530000, 0.370000
1476292175274, 10.850000, 10.850000, 200, 10.860000, 300, 3.530000, 0.370000
1476292177204, 10.850000, 10.850000, 200, 10.860000, 300, 3.530000, 0.370000
1476292179203, 10.850000, 10.850000, 200, 10.860000, 300, 3.530000, 0.370000
1476292181206, 10.850000, 10.850000, 200, 10.860000, 300, 3.530000, 0.370000
1476292183205, 10.850000, 10.850000, 200, 10.860000, 300, 3.530000, 0.370000
1476292185211, 10.850000, 10.850000, 400, 10.860000, 200, 3.530000, 0.370000
1476292187237, 10.850000, 10.850000, 400, 10.860000, 200, 3.530000, 0.370000
1476292189182, 10.860000, 10.850000, 300, 10.870000, 200, 3.630000, 0.380000
1476292191206, 10.860000, 10.850000, 300, 10.870000, 200, 3.630000, 0.380000
1476292193251, 10.860000, 10.850000, 300, 10.870000, 200, 3.630000, 0.380000
1476292195213, 10.860000, 10.850000, 300, 10.870000, 100, 3.630000, 0.380000
1476292197213, 10.860000, 10.850000, 300, 10.870000, 100, 3.630000, 0.380000
1476292199216, 10.860000, 10.850000, 300, 10.870000, 100, 3.630000, 0.380000
1476292201209, 10.860000, 10.850000, 300, 10.870000, 100, 3.630000, 0.380000
1476292203232, 10.860000, 10.850000, 200, 10.860000, 100, 3.630000, 0.380000
1476292204718, 10.860000, 10.850000, 200, 10.860000, 100, 3.630000, 0.380000
1476292207260, 10.860000, 10.850000, 200, 10.860000, 100, 3.630000, 0.380000
1476292209218, 10.860000, 10.850000, 200, 10.860000, 100, 3.630000, 0.380000
1476292211223, 10.860000, 10.850000, 200, 10.860000, 100, 3.630000, 0.380000
1476292213216, 10.850000, 10.850000, 100, 10.860000, 100, 3.530000, 0.370000
1476292215221, 10.850000, 10.850000, 100, 10.860000, 100, 3.530000, 0.370000
1476292217216, 10.850000, 10.840000, 100, 10.850000, 100, 3.530000, 0.370000
1476292219213, 10.850000, 10.840000, 100, 10.850000, 200, 3.530000, 0.370000
1476292220721, 10.850000, 10.840000, 100, 10.850000, 200, 3.530000, 0.370000
1476292223223, 10.850000, 10.840000, 200, 10.860000, 200, 3.530000, 0.370000
1476292225214, 10.850000, 10.840000, 200, 10.860000, 200, 3.530000, 0.370000
1476292227223, 10.850000, 10.840000, 100, 10.860000, 200, 3.530000, 0.370000
1476292229281, 10.850000, 10.840000, 100, 10.860000, 100, 3.530000, 0.370000
1476292231240, 10.850000, 10.840000, 100, 10.860000, 100, 3.530000, 0.370000
1476292233217, 10.850000, 10.840000, 100, 10.870000, 300, 3.530000, 0.370000
1476292235217, 10.850000, 10.840000, 100, 10.870000, 300, 3.530000, 0.370000
1476292237229, 10.850000, 10.840000, 100, 10.870000, 300, 3.530000, 0.370000
1476292239204, 10.850000, 10.840000, 100, 10.870000, 300, 3.530000, 0.370000
1476292241220, 10.850000, 10.840000, 100, 10.870000, 300, 3.530000, 0.370000
1476292243253, 10.850000, 10.840000, 100, 10.860000, 100, 3.530000, 0.370000
1476292245229, 10.830000, 10.820000, 100, 10.830000, 300, 3.340000, 0.350000
1476292247233, 10.820000, 10.800000, 100, 10.820000, 200, 3.240000, 0.340000
1476292249225, 10.820000, 10.800000, 100, 10.820000, 200, 3.240000, 0.340000
1476292251219, 10.820000, 10.800000, 100, 10.820000, 200, 3.240000, 0.340000
1476292253231, 10.820000, 10.800000, 100, 10.820000, 200, 3.240000, 0.340000
1476292255226, 10.820000, 10.800000, 100, 10.820000, 200, 3.240000, 0.340000
1476292257223, 10.820000, 10.800000, 100, 10.810000, 100, 3.240000, 0.340000
1476292259213, 10.800000, 10.800000, 100, 10.810000, 100, 3.050000, 0.320000
1476292261224, 10.800000, 10.800000, 100, 10.810000, 100, 3.050000, 0.320000
1476292263231, 10.810000, 10.810000, 200, 10.830000, 200, 3.150000, 0.330000
1476292265224, 10.810000, 10.810000, 200, 10.830000, 200, 3.150000, 0.330000
1476292267238, 10.810000, 10.810000, 100, 10.830000, 200, 3.150000, 0.330000
1476292269227, 10.810000, 10.810000, 100, 10.830000, 200, 3.150000, 0.330000
1476292271223, 10.810000, 10.810000, 100, 10.830000, 200, 3.150000, 0.330000
1476292273230, 10.810000, 10.800000, 200, 10.830000, 100, 3.150000, 0.330000
1476292275230, 10.810000, 10.800000, 200, 10.830000, 300, 3.150000, 0.330000
1476292277240, 10.810000, 10.810000, 100, 10.830000, 400, 3.150000, 0.330000
1476292279235, 10.810000, 10.810000, 100, 10.830000, 400, 3.150000, 0.330000
1476292281282, 10.810000, 10.810000, 100, 10.830000, 400, 3.150000, 0.330000
1476292283242, 10.810000, 10.810000, 100, 10.830000, 400, 3.150000, 0.330000
1476292285227, 10.810000, 10.810000, 100, 10.830000, 400, 3.150000, 0.330000
1476292287234, 10.810000, 10.820000, 100, 10.830000, 200, 3.150000, 0.330000
1476292289229, 10.810000, 10.820000, 100, 10.830000, 200, 3.150000, 0.330000
1476292291463, 10.810000, 10.810000, 100, 10.830000, 300, 3.150000, 0.330000
1476292292648, 10.810000, 10.810000, 100, 10.830000, 200, 3.150000, 0.330000
1476292294651, 10.810000, 10.800000, 100, 10.820000, 300, 3.150000, 0.330000
1476292297154, 10.810000, 10.800000, 100, 10.820000, 300, 3.150000, 0.330000
1476292299157, 10.810000, 10.810000, 200, 10.820000, 100, 3.150000, 0.330000
1476292301159, 10.810000, 10.820000, 100, 10.830000, 100, 3.150000, 0.330000
1476292302659, 10.810000, 10.820000, 100, 10.830000, 100, 3.150000, 0.330000
1476292305158, 10.810000, 10.800000, 100, 10.830000, 200, 3.150000, 0.330000
1476292306650, 10.810000, 10.800000, 100, 10.830000, 200, 3.150000, 0.330000
1476292308657, 10.810000, 10.800000, 100, 10.830000, 200, 3.150000, 0.330000
1476292311154, 10.810000, 10.800000, 100, 10.830000, 200, 3.150000, 0.330000
1476292313152, 10.810000, 10.800000, 100, 10.820000, 200, 3.150000, 0.330000
1476292314668, 10.810000, 10.800000, 100, 10.820000, 200, 3.150000, 0.330000
1476292317174, 10.820000, 10.810000, 100, 10.830000, 200, 3.240000, 0.340000
1476292319173, 10.820000, 10.810000, 100, 10.830000, 200, 3.240000, 0.340000
1476292321159, 10.820000, 10.810000, 100, 10.830000, 200, 3.240000, 0.340000
1476292323160, 10.820000, 10.810000, 100, 10.830000, 200, 3.240000, 0.340000
1476292325165, 10.820000, 10.810000, 200, 10.830000, 100, 3.240000, 0.340000
1476292327166, 10.820000, 10.810000, 300, 10.830000, 100, 3.240000, 0.340000
1476292329164, 10.820000, 10.810000, 300, 10.830000, 100, 3.240000, 0.340000
1476292331199, 10.820000, 10.810000, 300, 10.830000, 100, 3.240000, 0.340000
1476292333156, 10.820000, 10.810000, 200, 10.830000, 200, 3.240000, 0.340000
1476292335187, 10.820000, 10.810000, 200, 10.830000, 200, 3.240000, 0.340000
1476292337165, 10.820000, 10.810000, 200, 10.830000, 200, 3.240000, 0.340000
1476292339173, 10.820000, 10.810000, 200, 10.830000, 200, 3.240000, 0.340000
1476292341172, 10.820000, 10.810000, 200, 10.830000, 200, 3.240000, 0.340000
1476292343170, 10.820000, 10.810000, 200, 10.830000, 200, 3.240000, 0.340000
1476292345207, 10.820000, 10.810000, 200, 10.830000, 200, 3.240000, 0.340000
1476292347203, 10.820000, 10.810000, 200, 10.830000, 200, 3.240000, 0.340000
1476292349155, 10.820000, 10.810000, 200, 10.830000, 200, 3.240000, 0.340000
1476292351171, 10.820000, 10.810000, 200, 10.830000, 200, 3.240000, 0.340000
1476292353173, 10.820000, 10.810000, 200, 10.830000, 300, 3.240000, 0.340000
1476292355178, 10.820000, 10.810000, 200, 10.830000, 300, 3.240000, 0.340000
1476292357175, 10.820000, 10.810000, 200, 10.830000, 300, 3.240000, 0.340000
1476292359168, 10.820000, 10.810000, 100, 10.830000, 400, 3.240000, 0.340000
1476292361193, 10.820000, 10.810000, 100, 10.830000, 400, 3.240000, 0.340000
1476292363196, 10.820000, 10.810000, 100, 10.830000, 400, 3.240000, 0.340000
1476292365184, 10.820000, 10.810000, 100, 10.830000, 400, 3.240000, 0.340000
1476292367166, 10.820000, 10.810000, 100, 10.830000, 400, 3.240000, 0.340000
1476292369168, 10.820000, 10.810000, 200, 10.830000, 500, 3.240000, 0.340000
1476292371179, 10.820000, 10.810000, 200, 10.830000, 500, 3.240000, 0.340000
1476292373212, 10.820000, 10.810000, 200, 10.830000, 600, 3.240000, 0.340000
1476292375190, 10.820000, 10.810000, 200, 10.830000, 600, 3.240000, 0.340000
1476292377200, 10.820000, 10.810000, 200, 10.830000, 600, 3.240000, 0.340000
1476292379179, 10.821300, 10.810000, 200, 10.830000, 600, 3.260000, 0.341300
1476292381182, 10.821300, 10.810000, 200, 10.830000, 600, 3.260000, 0.341300
1476292383185, 10.821300, 10.810000, 200, 10.830000, 500, 3.260000, 0.341300
1476292385177, 10.820000, 10.810000, 100, 10.830000, 500, 3.240000, 0.340000
1476292387215, 10.820000, 10.810000, 100, 10.830000, 500, 3.240000, 0.340000
1476292389181, 10.820000, 10.810000, 100, 10.830000, 500, 3.240000, 0.340000
1476292391174, 10.820000, 10.810000, 100, 10.830000, 500, 3.240000, 0.340000
1476292393181, 10.820000, 10.810000, 100, 10.830000, 500, 3.240000, 0.340000
1476292395185, 10.820000, 10.810000, 100, 10.830000, 500, 3.240000, 0.340000
1476292397186, 10.820000, 10.810000, 100, 10.830000, 500, 3.240000, 0.340000
1476292399186, 10.820000, 10.810000, 100, 10.830000, 500, 3.240000, 0.340000
1476292401187, 10.820000, 10.810000, 100, 10.830000, 500, 3.240000, 0.340000
1476292403169, 10.820000, 10.810000, 100, 10.830000, 500, 3.240000, 0.340000
1476292405222, 10.820000, 10.810000, 100, 10.830000, 500, 3.240000, 0.340000
1476292407202, 10.820000, 10.810000, 100, 10.830000, 500, 3.240000, 0.340000
1476292409189, 10.820000, 10.810000, 100, 10.830000, 500, 3.240000, 0.340000
1476292410678, 10.820000, 10.810000, 100, 10.830000, 500, 3.240000, 0.340000
1476292413189, 10.820000, 10.810000, 100, 10.830000, 500, 3.240000, 0.340000
1476292415188, 10.820000, 10.810000, 100, 10.830000, 500, 3.240000, 0.340000
1476292417198, 10.820000, 10.810000, 100, 10.830000, 500, 3.240000, 0.340000
1476292419188, 10.820000, 10.810000, 100, 10.830000, 500, 3.240000, 0.340000
1476292421187, 10.820000, 10.810000, 100, 10.830000, 500, 3.240000, 0.340000
1476292423186, 10.820000, 10.810000, 100, 10.830000, 500, 3.240000, 0.340000
1476292425191, 10.820000, 10.810000, 100, 10.830000, 500, 3.240000, 0.340000
1476292427193, 10.820000, 10.810000, 100, 10.830000, 500, 3.240000, 0.340000
1476292429219, 10.820000, 10.810000, 100, 10.830000, 500, 3.240000, 0.340000
1476292431193, 10.820000, 10.810000, 100, 10.830000, 500, 3.240000, 0.340000
1476292433193, 10.820000, 10.810000, 100, 10.830000, 500, 3.240000, 0.340000
1476292435197, 10.820000, 10.810000, 100, 10.830000, 500, 3.240000, 0.340000
1476292437188, 10.820000, 10.810000, 100, 10.830000, 500, 3.240000, 0.340000
1476292439197, 10.820000, 10.810000, 100, 10.830000, 500, 3.240000, 0.340000
1476292441191, 10.820000, 10.810000, 100, 10.830000, 500, 3.240000, 0.340000
1476292443186, 10.820000, 10.810000, 100, 10.830000, 500, 3.240000, 0.340000
1476292445194, 10.820000, 10.810000, 100, 10.830000, 500, 3.240000, 0.340000
1476292447193, 10.820000, 10.810000, 100, 10.830000, 500, 3.240000, 0.340000
1476292449207, 10.820000, 10.810000, 100, 10.830000, 500, 3.240000, 0.340000
1476292451210, 10.820000, 10.810000, 100, 10.830000, 500, 3.240000, 0.340000
1476292453197, 10.820000, 10.810000, 100, 10.830000, 500, 3.240000, 0.340000
1476292455177, 10.820000, 10.810000, 100, 10.830000, 500, 3.240000, 0.340000
1476292457195, 10.820000, 10.810000, 100, 10.830000, 500, 3.240000, 0.340000
1476292459196, 10.820000, 10.810000, 100, 10.830000, 500, 3.240000, 0.340000
1476292461232, 10.820000, 10.810000, 100, 10.830000, 500, 3.240000, 0.340000
1476292463181, 10.820000, 10.810000, 100, 10.830000, 500, 3.240000, 0.340000
1476292465196, 10.820000, 10.810000, 100, 10.830000, 500, 3.240000, 0.340000
1476292467180, 10.820000, 10.810000, 100, 10.830000, 500, 3.240000, 0.340000
1476292469202, 10.820000, 10.810000, 100, 10.830000, 500, 3.240000, 0.340000
1476292471195, 10.820000, 10.810000, 100, 10.830000, 500, 3.240000, 0.340000
1476292473196, 10.820000, 10.810000, 100, 10.830000, 500, 3.240000, 0.340000
1476292475196, 10.820000, 10.810000, 100, 10.830000, 500, 3.240000, 0.340000
1476292477213, 10.820000, 10.810000, 100, 10.830000, 500, 3.240000, 0.340000
1476292479231, 10.820000, 10.810000, 100, 10.830000, 500, 3.240000, 0.340000
1476292481202, 10.820000, 10.810000, 100, 10.830000, 500, 3.240000, 0.340000
1476292483194, 10.820000, 10.810000, 100, 10.830000, 500, 3.240000, 0.340000
1476292485198, 10.820000, 10.810000, 100, 10.830000, 500, 3.240000, 0.340000
1476292487201, 10.820000, 10.810000, 100, 10.830000, 500, 3.240000, 0.340000
1476292489205, 10.820000, 10.810000, 100, 10.830000, 500, 3.240000, 0.340000
1476292491189, 10.820000, 10.810000, 100, 10.830000, 500, 3.240000, 0.340000
1476292493211, 10.820000, 10.810000, 100, 10.830000, 400, 3.240000, 0.340000
1476292495201, 10.820000, 10.810000, 100, 10.830000, 300, 3.240000, 0.340000
1476292497243, 10.820000, 10.810000, 100, 10.830000, 300, 3.240000, 0.340000
1476292498699, 10.820000, 10.810000, 100, 10.830000, 300, 3.240000, 0.340000
1476292501200, 10.820000, 10.810000, 100, 10.830000, 300, 3.240000, 0.340000
1476292503211, 10.820000, 10.810000, 100, 10.830000, 300, 3.240000, 0.340000
1476292505203, 10.820000, 10.810000, 100, 10.830000, 300, 3.240000, 0.340000
1476292507211, 10.820000, 10.810000, 100, 10.830000, 300, 3.240000, 0.340000
1476292509214, 10.820000, 10.810000, 100, 10.830000, 300, 3.240000, 0.340000
1476292511211, 10.820000, 10.810000, 100, 10.830000, 300, 3.240000, 0.340000
1476292513214, 10.820000, 10.810000, 100, 10.830000, 300, 3.240000, 0.340000
1476292515207, 10.820000, 10.810000, 100, 10.830000, 700, 3.240000, 0.340000
1476292517198, 10.820000, 10.810000, 100, 10.820000, 400, 3.240000, 0.340000
1476292519212, 10.820000, 10.810000, 200, 10.830000, 100, 3.240000, 0.340000
1476292521212, 10.820000, 10.810000, 100, 10.830000, 100, 3.240000, 0.340000
1476292523202, 10.820000, 10.810000, 100, 10.830000, 100, 3.240000, 0.340000
1476292525214, 10.820000, 10.810000, 100, 10.830000, 100, 3.240000, 0.340000
1476292527219, 10.820000, 10.810000, 100, 10.830000, 100, 3.240000, 0.340000
1476292529218, 10.820000, 10.810000, 100, 10.830000, 100, 3.240000, 0.340000
1476292531213, 10.820000, 10.810000, 100, 10.830000, 100, 3.240000, 0.340000
1476292533219, 10.820000, 10.810000, 100, 10.830000, 100, 3.240000, 0.340000
1476292535205, 10.820000, 10.810000, 100, 10.830000, 100, 3.240000, 0.340000
1476292537223, 10.820000, 10.810000, 100, 10.830000, 100, 3.240000, 0.340000
1476292539219, 10.820000, 10.810000, 100, 10.830000, 100, 3.240000, 0.340000
1476292541216, 10.820000, 10.810000, 100, 10.830000, 100, 3.240000, 0.340000
1476292543215, 10.820000, 10.810000, 100, 10.830000, 100, 3.240000, 0.340000
1476292544714, 10.820000, 10.810000, 100, 10.830000, 100, 3.240000, 0.340000
1476292547216, 10.820000, 10.810000, 100, 10.830000, 100, 3.240000, 0.340000
1476292549218, 10.820000, 10.820000, 100, 10.830000, 100, 3.240000, 0.340000
1476292551222, 10.820000, 10.810000, 200, 10.830000, 100, 3.240000, 0.340000
1476292553224, 10.820000, 10.810000, 200, 10.830000, 100, 3.240000, 0.340000
1476292555213, 10.820000, 10.810000, 200, 10.830000, 100, 3.240000, 0.340000
1476292557208, 10.820000, 10.810000, 200, 10.830000, 100, 3.240000, 0.340000
1476292559219, 10.820000, 10.810000, 200, 10.830000, 100, 3.240000, 0.340000
1476292561223, 10.820000, 10.810000, 300, 10.840000, 400, 3.240000, 0.340000
1476292563224, 10.820000, 10.810000, 300, 10.840000, 400, 3.240000, 0.340000
1476292565240, 10.820000, 10.810000, 300, 10.840000, 300, 3.240000, 0.340000
1476292567230, 10.820000, 10.820000, 200, 10.840000, 200, 3.240000, 0.340000
1476292569222, 10.820000, 10.820000, 100, 10.840000, 200, 3.240000, 0.340000
1476292571223, 10.820000, 10.820000, 100, 10.840000, 200, 3.240000, 0.340000
1476292573212, 10.820000, 10.810000, 600, 10.840000, 200, 3.240000, 0.340000
1476292575214, 10.820000, 10.810000, 400, 10.840000, 200, 3.240000, 0.340000
1476292577220, 10.820000, 10.810000, 400, 10.840000, 200, 3.240000, 0.340000
1476292579227, 10.820000, 10.810000, 700, 10.840000, 200, 3.240000, 0.340000
1476292581217, 10.830000, 10.810000, 500, 10.840000, 300, 3.340000, 0.350000
1476292583226, 10.830000, 10.810000, 500, 10.840000, 300, 3.340000, 0.350000
1476292585238, 10.830000, 10.810000, 400, 10.840000, 300, 3.340000, 0.350000
1476292587234, 10.830000, 10.810000, 400, 10.840000, 300, 3.340000, 0.350000
1476292589229, 10.830000, 10.810000, 400, 10.840000, 300, 3.340000, 0.350000
1476292591212, 10.830000, 10.810000, 400, 10.840000, 300, 3.340000, 0.350000
1476292593225, 10.830000, 10.810000, 400, 10.840000, 300, 3.340000, 0.350000
1476292595221, 10.830000, 10.810000, 400, 10.840000, 200, 3.340000, 0.350000
1476292597409, 10.830000, 10.810000, 400, 10.840000, 200, 3.340000, 0.350000
1476292599147, 10.820000, 10.810000, 200, 10.840000, 200, 3.240000, 0.340000
1476292601151, 10.820000, 10.810000, 200, 10.840000, 200, 3.240000, 0.340000
1476292603153, 10.820000, 10.810000, 200, 10.840000, 200, 3.240000, 0.340000
1476292605155, 10.820000, 10.810000, 200, 10.840000, 200, 3.240000, 0.340000
1476292607187, 10.820000, 10.810000, 200, 10.840000, 200, 3.240000, 0.340000
1476292609175, 10.820000, 10.810000, 200, 10.840000, 200, 3.240000, 0.340000
1476292611157, 10.820000, 10.810000, 200, 10.840000, 200, 3.240000, 0.340000
1476292612659, 10.820000, 10.810000, 200, 10.840000, 200, 3.240000, 0.340000
1476292615153, 10.825000, 10.810000, 200, 10.840000, 200, 3.290000, 0.345000
1476292617162, 10.825000, 10.810000, 200, 10.840000, 200, 3.290000, 0.345000
1476292619157, 10.825000, 10.810000, 200, 10.840000, 200, 3.290000, 0.345000
1476292621159, 10.825000, 10.810000, 400, 10.840000, 200, 3.290000, 0.345000
1476292623156, 10.825000, 10.810000, 400, 10.840000, 200, 3.290000, 0.345000
1476292625170, 10.825000, 10.810000, 400, 10.840000, 200, 3.290000, 0.345000
1476292627160, 10.825000, 10.810000, 400, 10.840000, 200, 3.290000, 0.345000
1476292629162, 10.825000, 10.810000, 400, 10.840000, 200, 3.290000, 0.345000
1476292631160, 10.825000, 10.810000, 400, 10.840000, 400, 3.290000, 0.345000
1476292633160, 10.825000, 10.810000, 400, 10.840000, 400, 3.290000, 0.345000
1476292634662, 10.825000, 10.810000, 400, 10.840000, 400, 3.290000, 0.345000
1476292637166, 10.825000, 10.810000, 400, 10.840000, 400, 3.290000, 0.345000
1476292639171, 10.825000, 10.810000, 400, 10.840000, 400, 3.290000, 0.345000
1476292641158, 10.825000, 10.810000, 300, 10.840000, 300, 3.290000, 0.345000
1476292643156, 10.825000, 10.810000, 300, 10.830000, 200, 3.290000, 0.345000
1476292645166, 10.825000, 10.810000, 300, 10.830000, 200, 3.290000, 0.345000
1476292647166, 10.830000, 10.810000, 300, 10.830000, 200, 3.340000, 0.350000
1476292649170, 10.830000, 10.820000, 100, 10.840000, 200, 3.340000, 0.350000
1476292651158, 10.830000, 10.810000, 300, 10.840000, 100, 3.340000, 0.350000
1476292653201, 10.830000, 10.810000, 300, 10.840000, 100, 3.340000, 0.350000
1476292655167, 10.830000, 10.810000, 300, 10.840000, 100, 3.340000, 0.350000
1476292657178, 10.830000, 10.810000, 300, 10.840000, 100, 3.340000, 0.350000
1476292659178, 10.830000, 10.810000, 300, 10.840000, 100, 3.340000, 0.350000
1476292661166, 10.830000, 10.810000, 300, 10.840000, 100, 3.340000, 0.350000
1476292663170, 10.830000, 10.810000, 300, 10.830000, 100, 3.340000, 0.350000
1476292665164, 10.830000, 10.810000, 300, 10.830000, 100, 3.340000, 0.350000
1476292667170, 10.830000, 10.810000, 300, 10.830000, 100, 3.340000, 0.350000
1476292669180, 10.830000, 10.810000, 300, 10.830000, 100, 3.340000, 0.350000
1476292671179, 10.830000, 10.810000, 300, 10.830000, 100, 3.340000, 0.350000
1476292673170, 10.830000, 10.810000, 300, 10.830000, 100, 3.340000, 0.350000
1476292675169, 10.830000, 10.810000, 300, 10.830000, 100, 3.340000, 0.350000
1476292677185, 10.830000, 10.810000, 300, 10.830000, 100, 3.340000, 0.350000
1476292679198, 10.830000, 10.810000, 300, 10.830000, 100, 3.340000, 0.350000
1476292681178, 10.840000, 10.820000, 300, 10.860000, 300, 3.440000, 0.360000
1476292683181, 10.840000, 10.820000, 300, 10.860000, 300, 3.440000, 0.360000
1476292685179, 10.840000, 10.820000, 300, 10.860000, 300, 3.440000, 0.360000
1476292687179, 10.860000, 10.820000, 300, 10.860000, 400, 3.630000, 0.380000
1476292689169, 10.860000, 10.820000, 300, 10.860000, 400, 3.630000, 0.380000
1476292691181, 10.860000, 10.820000, 400, 10.860000, 400, 3.630000, 0.380000
1476292693180, 10.860000, 10.820000, 400, 10.860000, 400, 3.630000, 0.380000
1476292695185, 10.860000, 10.820000, 400, 10.860000, 400, 3.630000, 0.380000
1476292697181, 10.860000, 10.820000, 400, 10.860000, 400, 3.630000, 0.380000
1476292699186, 10.860000, 10.820000, 400, 10.860000, 400, 3.630000, 0.380000
1476292701214, 10.860000, 10.820000, 400, 10.860000, 400, 3.630000, 0.380000
1476292703170, 10.860000, 10.820000, 400, 10.860000, 400, 3.630000, 0.380000
1476292705188, 10.860000, 10.820000, 400, 10.860000, 500, 3.630000, 0.380000
1476292707189, 10.860000, 10.820000, 400, 10.860000, 500, 3.630000, 0.380000
1476292709204, 10.830100, 10.830000, 100, 10.850000, 600, 3.340000, 0.350100
1476292711183, 10.830100, 10.830000, 100, 10.850000, 600, 3.340000, 0.350100
1476292713185, 10.830100, 10.830000, 100, 10.850000, 600, 3.340000, 0.350100
1476292715183, 10.840000, 10.830000, 200, 10.850000, 500, 3.440000, 0.360000
1476292716687, 10.840000, 10.830000, 200, 10.850000, 500, 3.440000, 0.360000
1476292719186, 10.840000, 10.830000, 200, 10.850000, 500, 3.440000, 0.360000
1476292721186, 10.840000, 10.830000, 200, 10.850000, 500, 3.440000, 0.360000
1476292722724, 10.840000, 10.830000, 200, 10.850000, 500, 3.440000, 0.360000
1476292725186, 10.840000, 10.830000, 200, 10.850000, 500, 3.440000, 0.360000
1476292727192, 10.840000, 10.830000, 200, 10.850000, 300, 3.440000, 0.360000
1476292729186, 10.840000, 10.830000, 200, 10.850000, 300, 3.440000, 0.360000
1476292730698, 10.840000, 10.830000, 200, 10.850000, 300, 3.440000, 0.360000
1476292733192, 10.840000, 10.830000, 200, 10.850000, 300, 3.440000, 0.360000
1476292735189, 10.840000, 10.830000, 200, 10.850000, 300, 3.440000, 0.360000
1476292737267, 10.840000, 10.830000, 200, 10.850000, 300, 3.440000, 0.360000
1476292739189, 10.840000, 10.830000, 200, 10.850000, 300, 3.440000, 0.360000
1476292741190, 10.840000, 10.830000, 200, 10.850000, 300, 3.440000, 0.360000
1476292743191, 10.840000, 10.830000, 200, 10.850000, 300, 3.440000, 0.360000
1476292745185, 10.840000, 10.830000, 200, 10.850000, 300, 3.440000, 0.360000
1476292747196, 10.845000, 10.830000, 300, 10.850000, 100, 3.480000, 0.365000
1476292749177, 10.845000, 10.830000, 300, 10.850000, 100, 3.480000, 0.365000
1476292751208, 10.840000, 10.830000, 300, 10.850000, 100, 3.440000, 0.360000
1476292753195, 10.840000, 10.830000, 300, 10.850000, 100, 3.440000, 0.360000
1476292755224, 10.840000, 10.830000, 300, 10.850000, 100, 3.440000, 0.360000
1476292757197, 10.840000, 10.830000, 300, 10.850000, 100, 3.440000, 0.360000
1476292759181, 10.840000, 10.830000, 300, 10.850000, 100, 3.440000, 0.360000
1476292761186, 10.860000, 10.840000, 400, 10.870000, 400, 3.630000, 0.380000
1476292763203, 10.860000, 10.840000, 400, 10.870000, 400, 3.630000, 0.380000
1476292765198, 10.860000, 10.840000, 400, 10.870000, 400, 3.630000, 0.380000
1476292767173, 10.860000, 10.840000, 400, 10.870000, 400, 3.630000, 0.380000
1476292769210, 10.860000, 10.840000, 400, 10.870000, 400, 3.630000, 0.380000
1476292771183, 10.860000, 10.840000, 400, 10.870000, 400, 3.630000, 0.380000
1476292773205, 10.860000, 10.840000, 400, 10.870000, 400, 3.630000, 0.380000
1476292775202, 10.860000, 10.840000, 400, 10.870000, 400, 3.630000, 0.380000
1476292777188, 10.860000, 10.840000, 400, 10.870000, 400, 3.630000, 0.380000
1476292779199, 10.860000, 10.840000, 400, 10.870000, 400, 3.630000, 0.380000
1476292781218, 10.860000, 10.840000, 400, 10.870000, 400, 3.630000, 0.380000
1476292783194, 10.860000, 10.840000, 400, 10.870000, 400, 3.630000, 0.380000
1476292785187, 10.860000, 10.840000, 400, 10.870000, 400, 3.630000, 0.380000
1476292787208, 10.860000, 10.840000, 400, 10.870000, 400, 3.630000, 0.380000
1476292789197, 10.870000, 10.850000, 300, 10.870000, 200, 3.720000, 0.390000
1476292791209, 10.870000, 10.850000, 300, 10.870000, 200, 3.720000, 0.390000
1476292793205, 10.870000, 10.850000, 300, 10.870000, 200, 3.720000, 0.390000
1476292795227, 10.870000, 10.850000, 300, 10.870000, 200, 3.720000, 0.390000
1476292797186, 10.870000, 10.850000, 300, 10.870000, 200, 3.720000, 0.390000
1476292799210, 10.870000, 10.850000, 300, 10.870000, 200, 3.720000, 0.390000
1476292801212, 10.870000, 10.850000, 300, 10.870000, 200, 3.720000, 0.390000
1476292803213, 10.870000, 10.850000, 300, 10.870000, 200, 3.720000, 0.390000
1476292805206, 10.870000, 10.850000, 200, 10.870000, 200, 3.720000, 0.390000
1476292807205, 10.860000, 10.850000, 200, 10.870000, 200, 3.630000, 0.380000
1476292809225, 10.860000, 10.850000, 200, 10.870000, 200, 3.630000, 0.380000
1476292811207, 10.860000, 10.850000, 200, 10.870000, 200, 3.630000, 0.380000
1476292813210, 10.860000, 10.850000, 200, 10.870000, 200, 3.630000, 0.380000
1476292815204, 10.860000, 10.850000, 200, 10.870000, 200, 3.630000, 0.380000
1476292817208, 10.860000, 10.850000, 200, 10.870000, 200, 3.630000, 0.380000
1476292819211, 10.860000, 10.850000, 200, 10.870000, 200, 3.630000, 0.380000
1476292821209, 10.860000, 10.850000, 200, 10.870000, 200, 3.630000, 0.380000
1476292823215, 10.860000, 10.850000, 200, 10.870000, 200, 3.630000, 0.380000
1476292825234, 10.860000, 10.850000, 200, 10.870000, 200, 3.630000, 0.380000
1476292827203, 10.860000, 10.850000, 100, 10.870000, 200, 3.630000, 0.380000
1476292829216, 10.860000, 10.850000, 100, 10.870000, 200, 3.630000, 0.380000
1476292831212, 10.860000, 10.850000, 100, 10.870000, 200, 3.630000, 0.380000
1476292833211, 10.860000, 10.850000, 100, 10.870000, 200, 3.630000, 0.380000
1476292835219, 10.860000, 10.850000, 100, 10.870000, 200, 3.630000, 0.380000
1476292837215, 10.860000, 10.850000, 100, 10.870000, 200, 3.630000, 0.380000
1476292839234, 10.860000, 10.850000, 100, 10.870000, 300, 3.630000, 0.380000
1476292841212, 10.860000, 10.850000, 100, 10.870000, 300, 3.630000, 0.380000
1476292843227, 10.860000, 10.850000, 100, 10.870000, 300, 3.630000, 0.380000
1476292845218, 10.860000, 10.850000, 100, 10.870000, 300, 3.630000, 0.380000
1476292847221, 10.860000, 10.850000, 100, 10.870000, 300, 3.630000, 0.380000
1476292849214, 10.860000, 10.850000, 100, 10.870000, 300, 3.630000, 0.380000
1476292851251, 10.860000, 10.850000, 100, 10.870000, 300, 3.630000, 0.380000
1476292853237, 10.860000, 10.850000, 100, 10.870000, 300, 3.630000, 0.380000
1476292855210, 10.860000, 10.850000, 100, 10.870000, 300, 3.630000, 0.380000
1476292857220, 10.860000, 10.850000, 100, 10.870000, 300, 3.630000, 0.380000
1476292859226, 10.860000, 10.850000, 100, 10.870000, 300, 3.630000, 0.380000
1476292861225, 10.860000, 10.850000, 100, 10.870000, 300, 3.630000, 0.380000
1476292863220, 10.860000, 10.850000, 100, 10.870000, 300, 3.630000, 0.380000
1476292865208, 10.860000, 10.850000, 300, 10.870000, 200, 3.630000, 0.380000
1476292867232, 10.860000, 10.850000, 200, 10.870000, 200, 3.630000, 0.380000
1476292869243, 10.860000, 10.850000, 200, 10.870000, 200, 3.630000, 0.380000
1476292871217, 10.860000, 10.850000, 200, 10.870000, 200, 3.630000, 0.380000
1476292873235, 10.860000, 10.850000, 200, 10.870000, 200, 3.630000, 0.380000
1476292875236, 10.860000, 10.850000, 200, 10.870000, 200, 3.630000, 0.380000
1476292877245, 10.860000, 10.850000, 200, 10.870000, 200, 3.630000, 0.380000
1476292879280, 10.860000, 10.850000, 200, 10.870000, 200, 3.630000, 0.380000
1476292881233, 10.860000, 10.850000, 200, 10.870000, 200, 3.630000, 0.380000
1476292883273, 10.860000, 10.850000, 200, 10.870000, 200, 3.630000, 0.380000
1476292885243, 10.870000, 10.860000, 300, 10.890000, 400, 3.720000, 0.390000
1476292887244, 10.870000, 10.860000, 300, 10.890000, 500, 3.720000, 0.390000
1476292889237, 10.870000, 10.860000, 300, 10.890000, 500, 3.720000, 0.390000
1476292891239, 10.870000, 10.860000, 300, 10.890000, 400, 3.720000, 0.390000
1476292893243, 10.870000, 10.860000, 300, 10.890000, 400, 3.720000, 0.390000
1476292895243, 10.870000, 10.860000, 300, 10.890000, 400, 3.720000, 0.390000
1476292897248, 10.870000, 10.860000, 300, 10.890000, 400, 3.720000, 0.390000
1476292899251, 10.870000, 10.860000, 300, 10.890000, 400, 3.720000, 0.390000
1476292901248, 10.870000, 10.860000, 300, 10.890000, 500, 3.720000, 0.390000
1476292903245, 10.870000, 10.860000, 300, 10.880000, 100, 3.720000, 0.390000
1476292905256, 10.870000, 10.860000, 300, 10.880000, 200, 3.720000, 0.390000
1476292907249, 10.870000, 10.860000, 300, 10.880000, 200, 3.720000, 0.390000
1476292909236, 10.870000, 10.860000, 300, 10.880000, 200, 3.720000, 0.390000
1476292911656, 10.870000, 10.860000, 300, 10.880000, 200, 3.720000, 0.390000
1476292913673, 10.870000, 10.860000, 300, 10.880000, 100, 3.720000, 0.390000
1476292915660, 10.870000, 10.860000, 300, 10.880000, 100, 3.720000, 0.390000
1476292917663, 10.870000, 10.860000, 300, 10.880000, 100, 3.720000, 0.390000
1476292918658, 10.870000, 10.860000, 300, 10.880000, 100, 3.720000, 0.390000
1476292921660, 10.870000, 10.860000, 300, 10.870000, 200, 3.720000, 0.390000
1476292923659, 10.860000, 10.850000, 100, 10.870000, 200, 3.630000, 0.380000
1476292925665, 10.860000, 10.850000, 100, 10.870000, 200, 3.630000, 0.380000
1476292927661, 10.860000, 10.850000, 100, 10.870000, 200, 3.630000, 0.380000
1476292929159, 10.860000, 10.850000, 100, 10.870000, 200, 3.630000, 0.380000
1476292931661, 10.860000, 10.860000, 500, 10.870000, 200, 3.630000, 0.380000
1476292933663, 10.860000, 10.860000, 500, 10.870000, 200, 3.630000, 0.380000
1476292935665, 10.860000, 10.860000, 500, 10.870000, 200, 3.630000, 0.380000
1476292937666, 10.860000, 10.860000, 500, 10.870000, 200, 3.630000, 0.380000
1476292939663, 10.860000, 10.850000, 100, 10.870000, 200, 3.630000, 0.380000
1476292941662, 10.860000, 10.850000, 100, 10.870000, 200, 3.630000, 0.380000
1476292943665, 10.860000, 10.850000, 100, 10.870000, 200, 3.630000, 0.380000
1476292945666, 10.860000, 10.850000, 100, 10.870000, 200, 3.630000, 0.380000
1476292947168, 10.860000, 10.850000, 100, 10.870000, 200, 3.630000, 0.380000
1476292949659, 10.860000, 10.850000, 100, 10.870000, 200, 3.630000, 0.380000
1476292951671, 10.860000, 10.850000, 100, 10.870000, 100, 3.630000, 0.380000
1476292953670, 10.860000, 10.850000, 100, 10.870000, 100, 3.630000, 0.380000
1476292955674, 10.860000, 10.850000, 100, 10.870000, 100, 3.630000, 0.380000
1476292957682, 10.860000, 10.850000, 100, 10.870000, 100, 3.630000, 0.380000
1476292959670, 10.860000, 10.850000, 100, 10.870000, 100, 3.630000, 0.380000
1476292961670, 10.860000, 10.850000, 100, 10.870000, 100, 3.630000, 0.380000
1476292963677, 10.860000, 10.850000, 100, 10.870000, 100, 3.630000, 0.380000
1476292965677, 10.860000, 10.850000, 100, 10.870000, 100, 3.630000, 0.380000
1476292967674, 10.860000, 10.850000, 100, 10.870000, 100, 3.630000, 0.380000
1476292969671, 10.860000, 10.850000, 100, 10.870000, 100, 3.630000, 0.380000
1476292971681, 10.860000, 10.850000, 100, 10.870000, 100, 3.630000, 0.380000
1476292973665, 10.860000, 10.850000, 100, 10.870000, 100, 3.630000, 0.380000
1476292975682, 10.860000, 10.850000, 100, 10.870000, 100, 3.630000, 0.380000
1476292977680, 10.860000, 10.850000, 100, 10.870000, 100, 3.630000, 0.380000
1476292979178, 10.860000, 10.850000, 100, 10.870000, 100, 3.630000, 0.380000
1476292981177, 10.860000, 10.860000, 500, 10.870000, 100, 3.630000, 0.380000
1476292983692, 10.860000, 10.860000, 500, 10.870000, 100, 3.630000, 0.380000
1476292985690, 10.860000, 10.860000, 500, 10.870000, 100, 3.630000, 0.380000
1476292987668, 10.860000, 10.860000, 500, 10.870000, 100, 3.630000, 0.380000
1476292989179, 10.860000, 10.860000, 500, 10.870000, 100, 3.630000, 0.380000
1476292991684, 10.860000, 10.860000, 500, 10.870000, 100, 3.630000, 0.380000
1476292993683, 10.860000, 10.860000, 500, 10.870000, 100, 3.630000, 0.380000
1476292995689, 10.860000, 10.860000, 500, 10.870000, 100, 3.630000, 0.380000
1476292997691, 10.860000, 10.860000, 500, 10.870000, 100, 3.630000, 0.380000
1476292999690, 10.860000, 10.860000, 500, 10.870000, 100, 3.630000, 0.380000
1476293001677, 10.860000, 10.860000, 500, 10.870000, 100, 3.630000, 0.380000
1476293003685, 10.860000, 10.860000, 500, 10.870000, 100, 3.630000, 0.380000
1476293005685, 10.860000, 10.860000, 500, 10.870000, 100, 3.630000, 0.380000
1476293007688, 10.860000, 10.860000, 500, 10.870000, 100, 3.630000, 0.380000
1476293009679, 10.860000, 10.860000, 500, 10.870000, 100, 3.630000, 0.380000
1476293011673, 10.860000, 10.860000, 500, 10.870000, 100, 3.630000, 0.380000
1476293013691, 10.860000, 10.860000, 500, 10.870000, 100, 3.630000, 0.380000
1476293015679, 10.860000, 10.860000, 500, 10.870000, 200, 3.630000, 0.380000
1476293017675, 10.860000, 10.860000, 500, 10.870000, 400, 3.630000, 0.380000
1476293019683, 10.860000, 10.860000, 500, 10.870000, 400, 3.630000, 0.380000
1476293021694, 10.860000, 10.860000, 500, 10.870000, 400, 3.630000, 0.380000
1476293023685, 10.860000, 10.860000, 500, 10.870000, 400, 3.630000, 0.380000
1476293025700, 10.860000, 10.860000, 500, 10.870000, 400, 3.630000, 0.380000
1476293027728, 10.860000, 10.860000, 500, 10.870000, 200, 3.630000, 0.380000
1476293029692, 10.860000, 10.860000, 500, 10.870000, 200, 3.630000, 0.380000
1476293031686, 10.860000, 10.860000, 500, 10.870000, 100, 3.630000, 0.380000
1476293033692, 10.860000, 10.860000, 500, 10.870000, 100, 3.630000, 0.380000
1476293035691, 10.860000, 10.860000, 500, 10.870000, 100, 3.630000, 0.380000
1476293037683, 10.860000, 10.860000, 500, 10.870000, 100, 3.630000, 0.380000
1476293039685, 10.860000, 10.860000, 500, 10.870000, 100, 3.630000, 0.380000
1476293041698, 10.860000, 10.860000, 500, 10.870000, 100, 3.630000, 0.380000
1476293043704, 10.860000, 10.860000, 500, 10.870000, 100, 3.630000, 0.380000
1476293045693, 10.860000, 10.860000, 500, 10.870000, 100, 3.630000, 0.380000
1476293047690, 10.860000, 10.860000, 500, 10.870000, 100, 3.630000, 0.380000
1476293049690, 10.860000, 10.860000, 400, 10.870000, 100, 3.630000, 0.380000
1476293051701, 10.860000, 10.860000, 400, 10.870000, 100, 3.630000, 0.380000
1476293053715, 10.860000, 10.860000, 400, 10.870000, 100, 3.630000, 0.380000
1476293055725, 10.860000, 10.860000, 500, 10.870000, 100, 3.630000, 0.380000
1476293057738, 10.860000, 10.860000, 500, 10.870000, 100, 3.630000, 0.380000
1476293059691, 10.860000, 10.860000, 500, 10.870000, 100, 3.630000, 0.380000
1476293061698, 10.860000, 10.860000, 500, 10.870000, 100, 3.630000, 0.380000
1476293063724, 10.860000, 10.860000, 500, 10.870000, 100, 3.630000, 0.380000
1476293065704, 10.860000, 10.860000, 500, 10.870000, 100, 3.630000, 0.380000
1476293067697, 10.860000, 10.860000, 500, 10.870000, 100, 3.630000, 0.380000
1476293069717, 10.860000, 10.860000, 500, 10.870000, 300, 3.630000, 0.380000
1476293071705, 10.860000, 10.860000, 500, 10.870000, 300, 3.630000, 0.380000
1476293073713, 10.860000, 10.850000, 100, 10.860000, 100, 3.630000, 0.380000
1476293075705, 10.860000, 10.850000, 100, 10.860000, 200, 3.630000, 0.380000
1476293077699, 10.860000, 10.850000, 100, 10.860000, 200, 3.630000, 0.380000
1476293079686, 10.860000, 10.850000, 100, 10.860000, 200, 3.630000, 0.380000
1476293081699, 10.860000, 10.850000, 100, 10.860000, 300, 3.630000, 0.380000
1476293083710, 10.850000, 10.850000, 100, 10.850000, 100, 3.530000, 0.370000
1476293085704, 10.850000, 10.850000, 100, 10.860000, 200, 3.530000, 0.370000
1476293087728, 10.850000, 10.850000, 100, 10.860000, 200, 3.530000, 0.370000
1476293089693, 10.850000, 10.850000, 100, 10.860000, 200, 3.530000, 0.370000
1476293091715, 10.850000, 10.850000, 100, 10.860000, 200, 3.530000, 0.370000
1476293093699, 10.850000, 10.850000, 100, 10.860000, 200, 3.530000, 0.370000
1476293095709, 10.855000, 10.850000, 100, 10.860000, 100, 3.580000, 0.375000
1476293097709, 10.855000, 10.850000, 100, 10.860000, 100, 3.580000, 0.375000
1476293099714, 10.860000, 10.850000, 100, 10.870000, 300, 3.630000, 0.380000
1476293101721, 10.860000, 10.850000, 100, 10.870000, 200, 3.630000, 0.380000
1476293103213, 10.860000, 10.850000, 100, 10.860000, 100, 3.630000, 0.380000
1476293105719, 10.860000, 10.850000, 100, 10.860000, 100, 3.630000, 0.380000
1476293107695, 10.860000, 10.850000, 100, 10.860000, 100, 3.630000, 0.380000
1476293109723, 10.860000, 10.850000, 100, 10.860000, 100, 3.630000, 0.380000
1476293111747, 10.860000, 10.850000, 100, 10.860000, 100, 3.630000, 0.380000
1476293113741, 10.860000, 10.850000, 100, 10.860000, 100, 3.630000, 0.380000
1476293115746, 10.860000, 10.850000, 100, 10.860000, 100, 3.630000, 0.380000
1476293117715, 10.860000, 10.850000, 100, 10.870000, 200, 3.630000, 0.380000
1476293119720, 10.860000, 10.850000, 100, 10.870000, 200, 3.630000, 0.380000
1476293121713, 10.860000, 10.850000, 100, 10.870000, 200, 3.630000, 0.380000
1476293123720, 10.860000, 10.850000, 100, 10.870000, 200, 3.630000, 0.380000
1476293125754, 10.860000, 10.850000, 100, 10.870000, 200, 3.630000, 0.380000
1476293127728, 10.860000, 10.850000, 100, 10.870000, 200, 3.630000, 0.380000
1476293129721, 10.860000, 10.850000, 100, 10.870000, 200, 3.630000, 0.380000
1476293131723, 10.850000, 10.850000, 100, 10.860000, 200, 3.530000, 0.370000
1476293133712, 10.850000, 10.850000, 100, 10.860000, 200, 3.530000, 0.370000
1476293135720, 10.850000, 10.850000, 100, 10.860000, 200, 3.530000, 0.370000
1476293137722, 10.850000, 10.850000, 100, 10.860000, 200, 3.530000, 0.370000
1476293139759, 10.850000, 10.840000, 200, 10.850000, 300, 3.530000, 0.370000
1476293141769, 10.850000, 10.840000, 200, 10.850000, 200, 3.530000, 0.370000
1476293143739, 10.850000, 10.840000, 200, 10.850000, 200, 3.530000, 0.370000
1476293145722, 10.850000, 10.840000, 200, 10.850000, 200, 3.530000, 0.370000
1476293147727, 10.850000, 10.840000, 200, 10.850000, 200, 3.530000, 0.370000
1476293149723, 10.850000, 10.840000, 200, 10.850000, 200, 3.530000, 0.370000
1476293151722, 10.850000, 10.840000, 200, 10.850000, 200, 3.530000, 0.370000
1476293153768, 10.850000, 10.840000, 200, 10.850000, 200, 3.530000, 0.370000
1476293155738, 10.850000, 10.840000, 200, 10.850000, 200, 3.530000, 0.370000
1476293157727, 10.850000, 10.840000, 200, 10.850000, 200, 3.530000, 0.370000
1476293159724, 10.850000, 10.840000, 200, 10.850000, 200, 3.530000, 0.370000
1476293161732, 10.850000, 10.840000, 100, 10.850000, 200, 3.530000, 0.370000
1476293163746, 10.850000, 10.840000, 100, 10.850000, 200, 3.530000, 0.370000
1476293165736, 10.850000, 10.840000, 100, 10.850000, 200, 3.530000, 0.370000
1476293167745, 10.850000, 10.840000, 100, 10.850000, 200, 3.530000, 0.370000
1476293169762, 10.850000, 10.840000, 100, 10.850000, 200, 3.530000, 0.370000
1476293171780, 10.840000, 10.840000, 100, 10.850000, 300, 3.440000, 0.360000
1476293173721, 10.840000, 10.840000, 100, 10.850000, 400, 3.440000, 0.360000
1476293175744, 10.840000, 10.840000, 100, 10.850000, 400, 3.440000, 0.360000
1476293177728, 10.840000, 10.840000, 100, 10.850000, 300, 3.440000, 0.360000
1476293179238, 10.840000, 10.840000, 100, 10.850000, 300, 3.440000, 0.360000
1476293181732, 10.840000, 10.840000, 100, 10.850000, 300, 3.440000, 0.360000
1476293183735, 10.830000, 10.830000, 500, 10.840000, 100, 3.340000, 0.350000
1476293185757, 10.830000, 10.830000, 500, 10.840000, 100, 3.340000, 0.350000
1476293187741, 10.830000, 10.830000, 500, 10.840000, 100, 3.340000, 0.350000
1476293189754, 10.830000, 10.830000, 500, 10.840000, 100, 3.340000, 0.350000
1476293191778, 10.830000, 10.830000, 500, 10.840000, 100, 3.340000, 0.350000
1476293193754, 10.830000, 10.830000, 300, 10.840000, 100, 3.340000, 0.350000
1476293195754, 10.830000, 10.830000, 300, 10.840000, 100, 3.340000, 0.350000
1476293197751, 10.830000, 10.830000, 300, 10.840000, 100, 3.340000, 0.350000
1476293199743, 10.830000, 10.830000, 300, 10.840000, 200, 3.340000, 0.350000
1476293201762, 10.830000, 10.830000, 300, 10.840000, 200, 3.340000, 0.350000
1476293203751, 10.830000, 10.830000, 300, 10.840000, 200, 3.340000, 0.350000
1476293205741, 10.830000, 10.830000, 300, 10.840000, 200, 3.340000, 0.350000
1476293207742, 10.830000, 10.830000, 200, 10.840000, 300, 3.340000, 0.350000
1476293209741, 10.830000, 10.830000, 200, 10.840000, 300, 3.340000, 0.350000
1476293211742, 10.830000, 10.830000, 200, 10.840000, 300, 3.340000, 0.350000
1476293213907, 10.830000, 10.830000, 100, 10.840000, 800, 3.340000, 0.350000
1476293215658, 10.830000, 10.810000, 700, 10.830000, 100, 3.340000, 0.350000
1476293217662, 10.830000, 10.810000, 500, 10.830000, 100, 3.340000, 0.350000
1476293219651, 10.830000, 10.810000, 500, 10.830000, 100, 3.340000, 0.350000
1476293221658, 10.830000, 10.810000, 500, 10.830000, 100, 3.340000, 0.350000
1476293223665, 10.830000, 10.810000, 500, 10.830000, 100, 3.340000, 0.350000
1476293225658, 10.830000, 10.810000, 300, 10.830000, 100, 3.340000, 0.350000
1476293227654, 10.830000, 10.810000, 300, 10.830000, 100, 3.340000, 0.350000
1476293229166, 10.830000, 10.810000, 300, 10.830000, 200, 3.340000, 0.350000
1476293231663, 10.830000, 10.810000, 300, 10.830000, 200, 3.340000, 0.350000
1476293233661, 10.830000, 10.810000, 300, 10.830000, 200, 3.340000, 0.350000
1476293235662, 10.830000, 10.810000, 300, 10.830000, 200, 3.340000, 0.350000
1476293237661, 10.830000, 10.810000, 300, 10.820000, 100, 3.340000, 0.350000
1476293239655, 10.810000, 10.800000, 800, 10.820000, 200, 3.150000, 0.330000
1476293241671, 10.810000, 10.800000, 800, 10.820000, 200, 3.150000, 0.330000
1476293243687, 10.810000, 10.800000, 800, 10.820000, 200, 3.150000, 0.330000
1476293245659, 10.810000, 10.800000, 800, 10.820000, 200, 3.150000, 0.330000
1476293247663, 10.810000, 10.800000, 800, 10.820000, 200, 3.150000, 0.330000
1476293249677, 10.810000, 10.800000, 700, 10.820000, 200, 3.150000, 0.330000
1476293251672, 10.810000, 10.800000, 700, 10.820000, 200, 3.150000, 0.330000
1476293253668, 10.810000, 10.800000, 600, 10.820000, 200, 3.150000, 0.330000
1476293255668, 10.810000, 10.800000, 600, 10.820000, 200, 3.150000, 0.330000
1476293257677, 10.810000, 10.800000, 600, 10.820000, 300, 3.150000, 0.330000
1476293259665, 10.810000, 10.800000, 600, 10.820000, 300, 3.150000, 0.330000
1476293261671, 10.810000, 10.800000, 600, 10.820000, 300, 3.150000, 0.330000
1476293263679, 10.810000, 10.800000, 600, 10.820000, 300, 3.150000, 0.330000
1476293265673, 10.810000, 10.800000, 600, 10.820000, 300, 3.150000, 0.330000
1476293267678, 10.800000, 10.800000, 400, 10.810000, 100, 3.050000, 0.320000
1476293269676, 10.800000, 10.800000, 400, 10.810000, 100, 3.050000, 0.320000
1476293271679, 10.800000, 10.800000, 400, 10.810000, 100, 3.050000, 0.320000
1476293273168, 10.800000, 10.800000, 400, 10.810000, 200, 3.050000, 0.320000
1476293275673, 10.800000, 10.800000, 400, 10.810000, 200, 3.050000, 0.320000
1476293277677, 10.800000, 10.800000, 400, 10.810000, 200, 3.050000, 0.320000
1476293279684, 10.805000, 10.800000, 400, 10.810000, 200, 3.100000, 0.325000
1476293281671, 10.805000, 10.800000, 400, 10.810000, 200, 3.100000, 0.325000
1476293283688, 10.805000, 10.800000, 400, 10.810000, 200, 3.100000, 0.325000
1476293285705, 10.805000, 10.800000, 400, 10.810000, 200, 3.100000, 0.325000
1476293287680, 10.805000, 10.800000, 400, 10.810000, 200, 3.100000, 0.325000
1476293289676, 10.805000, 10.800000, 400, 10.810000, 200, 3.100000, 0.325000
1476293291666, 10.805000, 10.800000, 400, 10.810000, 200, 3.100000, 0.325000
1476293293678, 10.805000, 10.800000, 400, 10.810000, 200, 3.100000, 0.325000
1476293295682, 10.805000, 10.800000, 400, 10.810000, 200, 3.100000, 0.325000
1476293297697, 10.800000, 10.800000, 100, 10.810000, 200, 3.050000, 0.320000
1476293299737, 10.800000, 10.800000, 100, 10.810000, 200, 3.050000, 0.320000
1476293301676, 10.800000, 10.800000, 100, 10.810000, 200, 3.050000, 0.320000
1476293303672, 10.800000, 10.800000, 100, 10.810000, 200, 3.050000, 0.320000
1476293305682, 10.800000, 10.800000, 100, 10.810000, 200, 3.050000, 0.320000
1476293307671, 10.810000, 10.800000, 100, 10.810000, 200, 3.150000, 0.330000
1476293309689, 10.810000, 10.800000, 100, 10.810000, 200, 3.150000, 0.330000
1476293311680, 10.810000, 10.800000, 100, 10.810000, 200, 3.150000, 0.330000
1476293313736, 10.810000, 10.800000, 100, 10.810000, 200, 3.150000, 0.330000
1476293315686, 10.810000, 10.800000, 100, 10.810000, 200, 3.150000, 0.330000
1476293317222, 10.800000, 10.790000, 400, 10.800000, 200, 3.050000, 0.320000
1476293319683, 10.800000, 10.790000, 400, 10.800000, 100, 3.050000, 0.320000
1476293321677, 10.800000, 10.790000, 400, 10.800000, 100, 3.050000, 0.320000
1476293323186, 10.800000, 10.790000, 400, 10.800000, 200, 3.050000, 0.320000
1476293325183, 10.800000, 10.790000, 400, 10.800000, 200, 3.050000, 0.320000
1476293327680, 10.800000, 10.790000, 400, 10.800000, 200, 3.050000, 0.320000
1476293329680, 10.800000, 10.790000, 400, 10.800000, 200, 3.050000, 0.320000
1476293331686, 10.800000, 10.790000, 400, 10.800000, 200, 3.050000, 0.320000
1476293333691, 10.800000, 10.790000, 400, 10.800000, 200, 3.050000, 0.320000
1476293335681, 10.800000, 10.790000, 400, 10.800000, 200, 3.050000, 0.320000
1476293337688, 10.800000, 10.790000, 400, 10.800000, 200, 3.050000, 0.320000
1476293339705, 10.800000, 10.790000, 500, 10.800000, 100, 3.050000, 0.320000
1476293341711, 10.800000, 10.790000, 200, 10.800000, 200, 3.050000, 0.320000
1476293343684, 10.790700, 10.790000, 100, 10.800000, 300, 2.960000, 0.310700
1476293345693, 10.790700, 10.790000, 100, 10.800000, 300, 2.960000, 0.310700
1476293347691, 10.790700, 10.790000, 100, 10.800000, 300, 2.960000, 0.310700
1476293349192, 10.790700, 10.790000, 100, 10.800000, 300, 2.960000, 0.310700
1476293351683, 10.790700, 10.790000, 100, 10.800000, 300, 2.960000, 0.310700
1476293353685, 10.790700, 10.790000, 100, 10.800000, 300, 2.960000, 0.310700
1476293355776, 10.790700, 10.790000, 100, 10.800000, 300, 2.960000, 0.310700
1476293357693, 10.790700, 10.790000, 100, 10.800000, 300, 2.960000, 0.310700
1476293359197, 10.790000, 10.790000, 100, 10.800000, 300, 2.960000, 0.310000
1476293361698, 10.790000, 10.790000, 100, 10.800000, 300, 2.960000, 0.310000
1476293363694, 10.790000, 10.790000, 100, 10.800000, 300, 2.960000, 0.310000
1476293365699, 10.790000, 10.790000, 100, 10.800000, 300, 2.960000, 0.310000
1476293367700, 10.790000, 10.790000, 200, 10.800000, 300, 2.960000, 0.310000
1476293369722, 10.790000, 10.790000, 200, 10.800000, 300, 2.960000, 0.310000
1476293371727, 10.790100, 10.790000, 200, 10.800000, 300, 2.960000, 0.310100
1476293373725, 10.790100, 10.790000, 200, 10.800000, 300, 2.960000, 0.310100
1476293375692, 10.790100, 10.790000, 200, 10.800000, 300, 2.960000, 0.310100
1476293377703, 10.790100, 10.790000, 200, 10.800000, 300, 2.960000, 0.310100
1476293379699, 10.780000, 10.770000, 300, 10.780000, 600, 2.960000, 0.300000
1476293381707, 10.780000, 10.760000, 100, 10.780000, 600, 2.960000, 0.300000
1476293383708, 10.780000, 10.760000, 100, 10.780000, 600, 2.960000, 0.300000
1476293385706, 10.780000, 10.760000, 100, 10.780000, 600, 2.960000, 0.300000
1476293387702, 10.780000, 10.760000, 200, 10.780000, 600, 2.960000, 0.300000
1476293389701, 10.780000, 10.760000, 100, 10.780000, 600, 2.960000, 0.300000
1476293391698, 10.780000, 10.760000, 100, 10.780000, 600, 2.960000, 0.300000
1476293393719, 10.780000, 10.760000, 100, 10.780000, 600, 2.960000, 0.300000
1476293395695, 10.780000, 10.760000, 100, 10.780000, 600, 2.960000, 0.300000
1476293397706, 10.780000, 10.770000, 100, 10.780000, 600, 2.960000, 0.300000
1476293399732, 10.780000, 10.770000, 200, 10.790000, 300, 2.960000, 0.300000
1476293401729, 10.780000, 10.770000, 100, 10.790000, 400, 2.960000, 0.300000
1476293403709, 10.780000, 10.770000, 200, 10.790000, 300, 2.960000, 0.300000
1476293405714, 10.780000, 10.770000, 200, 10.790000, 300, 2.960000, 0.300000
1476293407711, 10.780000, 10.770000, 200, 10.790000, 300, 2.960000, 0.300000
1476293409714, 10.780000, 10.770000, 200, 10.790000, 300, 2.960000, 0.300000
1476293411745, 10.770000, 10.770000, 200, 10.790000, 300, 2.770000, 0.290000
1476293413725, 10.770000, 10.770000, 200, 10.790000, 300, 2.770000, 0.290000
1476293415710, 10.770000, 10.770000, 400, 10.790000, 300, 2.770000, 0.290000
1476293417722, 10.770000, 10.770000, 400, 10.790000, 300, 2.770000, 0.290000
1476293419721, 10.771400, 10.770000, 400, 10.790000, 300, 2.780000, 0.291400
1476293421698, 10.771400, 10.770000, 400, 10.790000, 300, 2.780000, 0.291400
1476293423720, 10.771400, 10.770000, 300, 10.780000, 200, 2.780000, 0.291400
1476293425714, 10.770000, 10.770000, 200, 10.780000, 200, 2.770000, 0.290000
1476293427769, 10.770000, 10.770000, 200, 10.780000, 200, 2.770000, 0.290000
1476293429721, 10.770000, 10.770000, 200, 10.780000, 200, 2.770000, 0.290000
1476293431715, 10.770000, 10.770000, 200, 10.780000, 200, 2.770000, 0.290000
1476293433220, 10.770000, 10.770000, 300, 10.780000, 200, 2.770000, 0.290000
1476293435720, 10.770000, 10.770000, 300, 10.780000, 200, 2.770000, 0.290000
1476293437723, 10.770000, 10.770000, 300, 10.780000, 200, 2.770000, 0.290000
1476293439728, 10.770000, 10.770000, 300, 10.780000, 200, 2.770000, 0.290000
1476293441725, 10.770000, 10.770000, 200, 10.780000, 200, 2.770000, 0.290000
1476293443715, 10.770000, 10.770000, 200, 10.780000, 300, 2.770000, 0.290000
1476293445740, 10.770000, 10.770000, 200, 10.780000, 300, 2.770000, 0.290000
1476293447728, 10.770000, 10.770000, 200, 10.780000, 300, 2.770000, 0.290000
1476293449727, 10.770000, 10.770000, 100, 10.780000, 300, 2.770000, 0.290000
1476293451705, 10.770000, 10.770000, 100, 10.780000, 500, 2.770000, 0.290000
1476293453727, 10.770000, 10.770000, 100, 10.780000, 300, 2.770000, 0.290000
1476293455730, 10.770000, 10.770000, 100, 10.780000, 300, 2.770000, 0.290000
1476293457763, 10.770000, 10.770000, 100, 10.780000, 300, 2.770000, 0.290000
1476293459728, 10.770000, 10.770000, 100, 10.780000, 300, 2.770000, 0.290000
1476293461785, 10.770000, 10.770000, 100, 10.780000, 300, 2.770000, 0.290000
1476293463734, 10.770000, 10.770000, 100, 10.780000, 300, 2.770000, 0.290000
1476293464732, 10.770000, 10.770000, 100, 10.780000, 300, 2.770000, 0.290000
1476293467731, 10.770000, 10.770000, 100, 10.780000, 300, 2.770000, 0.290000
1476293469737, 10.770000, 10.770000, 100, 10.780000, 300, 2.770000, 0.290000
1476293471229, 10.770000, 10.770000, 100, 10.780000, 300, 2.770000, 0.290000
1476293473759, 10.770000, 10.770000, 100, 10.780000, 300, 2.770000, 0.290000
1476293475733, 10.770000, 10.770000, 200, 10.780000, 600, 2.770000, 0.290000
1476293477731, 10.770100, 10.770000, 200, 10.780000, 600, 2.770000, 0.290100
1476293479730, 10.770100, 10.770000, 300, 10.780000, 400, 2.770000, 0.290100
1476293481742, 10.770100, 10.770000, 300, 10.780000, 400, 2.770000, 0.290100
1476293483737, 10.770100, 10.770000, 300, 10.780000, 400, 2.770000, 0.290100
1476293485223, 10.770100, 10.770000, 300, 10.780000, 400, 2.770000, 0.290100
1476293487722, 10.750000, 10.750000, 400, 10.760000, 400, 2.580000, 0.270000
1476293489744, 10.750000, 10.750000, 400, 10.760000, 400, 2.580000, 0.270000
1476293491748, 10.750000, 10.750000, 400, 10.760000, 400, 2.580000, 0.270000
1476293493749, 10.750000, 10.750000, 400, 10.760000, 400, 2.580000, 0.270000
1476293495734, 10.750000, 10.750000, 400, 10.760000, 400, 2.580000, 0.270000
1476293497790, 10.750000, 10.750000, 400, 10.760000, 400, 2.580000, 0.270000
1476293499730, 10.750000, 10.750000, 400, 10.760000, 400, 2.580000, 0.270000
1476293501796, 10.750000, 10.750000, 400, 10.760000, 400, 2.580000, 0.270000
1476293503742, 10.750000, 10.750000, 400, 10.760000, 400, 2.580000, 0.270000
1476293505747, 10.750000, 10.750000, 400, 10.760000, 400, 2.580000, 0.270000
1476293507746, 10.750000, 10.750000, 400, 10.760000, 400, 2.580000, 0.270000
1476293509738, 10.750000, 10.750000, 400, 10.760000, 400, 2.580000, 0.270000
1476293511791, 10.750000, 10.750000, 400, 10.760000, 400, 2.580000, 0.270000
1476293513771, 10.750000, 10.750000, 400, 10.760000, 400, 2.580000, 0.270000
1476293515676, 10.750000, 10.750000, 400, 10.760000, 400, 2.580000, 0.270000
1476293517654, 10.750000, 10.750000, 400, 10.760000, 400, 2.580000, 0.270000
1476293519660, 10.750000, 10.750000, 400, 10.760000, 400, 2.580000, 0.270000
1476293521660, 10.750000, 10.750000, 400, 10.760000, 400, 2.580000, 0.270000
1476293523662, 10.750000, 10.750000, 400, 10.760000, 400, 2.580000, 0.270000
1476293525665, 10.750000, 10.750000, 400, 10.760000, 400, 2.580000, 0.270000
1476293527181, 10.750000, 10.750000, 400, 10.760000, 400, 2.580000, 0.270000
1476293528657, 10.750000, 10.750000, 400, 10.760000, 400, 2.580000, 0.270000
1476293531663, 10.750000, 10.750000, 400, 10.760000, 400, 2.580000, 0.270000
1476293533164, 10.750000, 10.750000, 400, 10.760000, 400, 2.580000, 0.270000
1476293535665, 10.750000, 10.750000, 400, 10.760000, 400, 2.580000, 0.270000
1476293537667, 10.750000, 10.750000, 400, 10.760000, 400, 2.580000, 0.270000
1476293539670, 10.750000, 10.750000, 400, 10.760000, 400, 2.580000, 0.270000
1476293541691, 10.750000, 10.750000, 400, 10.760000, 400, 2.580000, 0.270000
1476293543689, 10.750000, 10.750000, 400, 10.760000, 400, 2.580000, 0.270000
1476293545162, 10.750000, 10.750000, 400, 10.760000, 400, 2.580000, 0.270000
1476293547672, 10.750000, 10.750000, 400, 10.760000, 400, 2.580000, 0.270000
1476293549665, 10.750000, 10.750000, 400, 10.760000, 400, 2.580000, 0.270000
1476293551667, 10.750000, 10.750000, 400, 10.760000, 400, 2.580000, 0.270000
1476293553668, 10.750000, 10.750000, 400, 10.760000, 400, 2.580000, 0.270000
1476293555691, 10.755000, 10.750000, 400, 10.760000, 500, 2.620000, 0.275000
1476293557707, 10.755000, 10.750000, 400, 10.760000, 500, 2.620000, 0.275000
1476293559667, 10.755000, 10.750000, 400, 10.760000, 500, 2.620000, 0.275000
1476293561674, 10.755000, 10.750000, 400, 10.760000, 500, 2.620000, 0.275000
1476293563679, 10.755000, 10.750000, 400, 10.760000, 500, 2.620000, 0.275000
1476293565673, 10.755000, 10.750000, 400, 10.760000, 500, 2.620000, 0.275000
1476293567678, 10.755000, 10.750000, 400, 10.760000, 500, 2.620000, 0.275000
1476293569742, 10.755000, 10.750000, 400, 10.760000, 500, 2.620000, 0.275000
1476293571678, 10.755000, 10.750000, 400, 10.760000, 500, 2.620000, 0.275000
1476293573180, 10.755000, 10.750000, 400, 10.760000, 500, 2.620000, 0.275000
1476293575685, 10.755000, 10.750000, 400, 10.760000, 500, 2.620000, 0.275000
1476293577678, 10.755000, 10.750000, 400, 10.760000, 600, 2.620000, 0.275000
1476293579679, 10.755000, 10.750000, 400, 10.760000, 600, 2.620000, 0.275000
1476293581684, 10.780000, 10.780000, 100, 10.790000, 100, 2.860000, 0.300000
1476293583690, 10.780000, 10.780000, 100, 10.790000, 500, 2.860000, 0.300000
1476293585692, 10.780000, 10.780000, 100, 10.790000, 200, 2.860000, 0.300000
1476293587696, 10.780000, 10.780000, 100, 10.790000, 200, 2.860000, 0.300000
1476293589707, 10.780000, 10.780000, 100, 10.790000, 200, 2.860000, 0.300000
1476293591688, 10.780000, 10.770000, 400, 10.790000, 200, 2.860000, 0.300000
1476293593179, 10.780000, 10.770000, 400, 10.790000, 200, 2.860000, 0.300000
1476293595677, 10.780000, 10.770000, 600, 10.790000, 200, 2.860000, 0.300000
1476293597681, 10.780000, 10.770000, 600, 10.790000, 200, 2.860000, 0.300000
1476293599682, 10.780000, 10.770000, 600, 10.790000, 200, 2.860000, 0.300000
1476293601684, 10.780000, 10.770000, 600, 10.790000, 300, 2.860000, 0.300000
1476293603679, 10.780000, 10.770000, 600, 10.790000, 300, 2.860000, 0.300000
1476293605677, 10.780000, 10.770000, 600, 10.790000, 300, 2.860000, 0.300000
1476293607686, 10.780000, 10.770000, 600, 10.790000, 300, 2.860000, 0.300000
1476293609687, 10.780000, 10.770000, 600, 10.790000, 300, 2.860000, 0.300000
1476293611686, 10.780000, 10.770000, 600, 10.790000, 300, 2.860000, 0.300000
1476293613702, 10.780000, 10.770000, 600, 10.790000, 300, 2.860000, 0.300000
1476293615689, 10.780000, 10.770000, 600, 10.790000, 500, 2.860000, 0.300000
1476293617689, 10.780000, 10.770000, 600, 10.790000, 500, 2.860000, 0.300000
1476293619691, 10.780000, 10.770000, 600, 10.790000, 500, 2.860000, 0.300000
1476293621695, 10.780000, 10.770000, 600, 10.790000, 500, 2.860000, 0.300000
1476293622697, 10.780000, 10.770000, 600, 10.790000, 500, 2.860000, 0.300000
1476293625695, 10.780000, 10.770000, 600, 10.790000, 500, 2.860000, 0.300000
1476293627689, 10.780000, 10.770000, 600, 10.790000, 500, 2.860000, 0.300000
1476293629691, 10.780000, 10.770000, 600, 10.790000, 500, 2.860000, 0.300000
1476293631685, 10.780000, 10.770000, 600, 10.790000, 500, 2.860000, 0.300000
1476293633680, 10.780000, 10.770000, 600, 10.790000, 500, 2.860000, 0.300000
1476293635692, 10.780000, 10.770000, 600, 10.790000, 500, 2.860000, 0.300000
1476293637189, 10.780000, 10.770000, 600, 10.790000, 500, 2.860000, 0.300000
1476293639687, 10.780000, 10.770000, 600, 10.790000, 500, 2.860000, 0.300000
1476293641701, 10.780000, 10.770000, 600, 10.790000, 500, 2.860000, 0.300000
1476293643718, 10.780000, 10.770000, 600, 10.790000, 500, 2.860000, 0.300000
1476293645703, 10.780000, 10.770000, 600, 10.790000, 500, 2.860000, 0.300000
1476293647692, 10.780000, 10.770000, 600, 10.790000, 500, 2.860000, 0.300000
1476293649695, 10.780000, 10.770000, 600, 10.790000, 800, 2.860000, 0.300000
1476293650691, 10.780000, 10.770000, 600, 10.790000, 800, 2.860000, 0.300000
1476293653696, 10.770000, 10.770000, 300, 10.780000, 400, 2.770000, 0.290000
1476293655705, 10.770000, 10.770000, 300, 10.780000, 400, 2.770000, 0.290000
1476293657690, 10.770000, 10.770000, 200, 10.780000, 300, 2.770000, 0.290000
1476293659198, 10.770000, 10.770000, 200, 10.780000, 300, 2.770000, 0.290000
1476293661687, 10.770000, 10.770000, 200, 10.780000, 300, 2.770000, 0.290000
1476293663691, 10.770000, 10.770000, 200, 10.780000, 300, 2.770000, 0.290000
1476293665680, 10.770000, 10.770000, 200, 10.780000, 300, 2.770000, 0.290000
1476293667689, 10.770000, 10.770000, 200, 10.780000, 300, 2.770000, 0.290000
1476293669699, 10.770000, 10.770000, 200, 10.780000, 300, 2.770000, 0.290000
1476293671722, 10.770000, 10.770000, 200, 10.780000, 300, 2.770000, 0.290000
1476293673769, 10.770000, 10.770000, 200, 10.780000, 100, 2.770000, 0.290000
1476293675708, 10.770000, 10.770000, 200, 10.780000, 100, 2.770000, 0.290000
1476293677708, 10.770000, 10.770000, 200, 10.780000, 100, 2.770000, 0.290000
1476293679699, 10.770000, 10.770000, 200, 10.780000, 100, 2.770000, 0.290000
1476293681709, 10.770000, 10.770000, 200, 10.780000, 100, 2.770000, 0.290000
1476293683711, 10.770000, 10.770000, 200, 10.780000, 100, 2.770000, 0.290000
1476293685685, 10.770000, 10.770000, 200, 10.780000, 100, 2.770000, 0.290000
1476293687218, 10.770000, 10.770000, 200, 10.780000, 100, 2.770000, 0.290000
1476293689700, 10.770000, 10.770000, 200, 10.780000, 100, 2.770000, 0.290000
1476293691704, 10.770000, 10.770000, 200, 10.780000, 100, 2.770000, 0.290000
1476293693714, 10.770000, 10.770000, 200, 10.780000, 100, 2.770000, 0.290000
1476293695712, 10.770000, 10.770000, 200, 10.780000, 100, 2.770000, 0.290000
1476293697718, 10.770000, 10.770000, 200, 10.780000, 100, 2.770000, 0.290000
1476293699723, 10.770000, 10.770000, 200, 10.780000, 100, 2.770000, 0.290000
1476293701220, 10.770000, 10.770000, 200, 10.780000, 100, 2.770000, 0.290000
1476293703722, 10.770000, 10.770000, 200, 10.780000, 100, 2.770000, 0.290000
1476293705719, 10.770000, 10.770000, 200, 10.780000, 100, 2.770000, 0.290000
1476293707702, 10.770000, 10.770000, 200, 10.780000, 100, 2.770000, 0.290000
1476293709219, 10.770000, 10.770000, 200, 10.780000, 100, 2.770000, 0.290000
1476293711723, 10.770000, 10.770000, 200, 10.780000, 100, 2.770000, 0.290000
1476293713723, 10.770000, 10.770000, 200, 10.780000, 100, 2.770000, 0.290000
1476293715724, 10.770000, 10.770000, 200, 10.780000, 100, 2.770000, 0.290000
1476293717746, 10.770000, 10.770000, 100, 10.780000, 300, 2.770000, 0.290000
1476293719726, 10.770000, 10.760000, 100, 10.770000, 100, 2.770000, 0.290000
1476293721731, 10.770000, 10.760000, 100, 10.770000, 100, 2.770000, 0.290000
1476293723736, 10.770000, 10.760000, 100, 10.770000, 100, 2.770000, 0.290000
1476293725725, 10.770000, 10.760000, 100, 10.770000, 200, 2.770000, 0.290000
1476293727722, 10.770000, 10.760000, 100, 10.770000, 200, 2.770000, 0.290000
1476293729705, 10.770000, 10.760000, 100, 10.770000, 300, 2.770000, 0.290000
1476293731719, 10.770000, 10.760000, 100, 10.770000, 300, 2.770000, 0.290000
1476293733768, 10.765000, 10.760000, 100, 10.770000, 300, 2.720000, 0.285000
1476293735717, 10.760000, 10.760000, 100, 10.770000, 300, 2.670000, 0.280000
1476293737715, 10.760000, 10.760000, 100, 10.770000, 300, 2.670000, 0.280000
1476293739718, 10.760000, 10.760000, 100, 10.770000, 300, 2.670000, 0.280000
1476293741740, 10.760000, 10.760000, 100, 10.770000, 300, 2.670000, 0.280000
1476293743729, 10.760000, 10.760000, 100, 10.770000, 300, 2.670000, 0.280000
1476293745763, 10.760000, 10.760000, 100, 10.770000, 300, 2.670000, 0.280000
1476293747728, 10.760000, 10.750000, 300, 10.760000, 100, 2.670000, 0.280000
1476293749732, 10.760000, 10.750000, 300, 10.760000, 100, 2.670000, 0.280000
1476293751732, 10.760000, 10.750000, 300, 10.760000, 100, 2.670000, 0.280000
1476293753723, 10.760000, 10.750000, 300, 10.760000, 100, 2.670000, 0.280000
1476293755738, 10.760000, 10.750000, 400, 10.760000, 100, 2.670000, 0.280000
1476293757763, 10.760000, 10.750000, 400, 10.760000, 100, 2.670000, 0.280000
1476293759695, 10.770000, 10.770000, 100, 10.780000, 200, 2.770000, 0.290000
1476293761751, 10.770000, 10.770000, 100, 10.780000, 500, 2.770000, 0.290000
1476293763728, 10.770000, 10.770000, 100, 10.780000, 500, 2.770000, 0.290000
1476293765782, 10.770000, 10.760000, 100, 10.770000, 100, 2.770000, 0.290000
1476293767737, 10.770000, 10.760000, 100, 10.770000, 100, 2.770000, 0.290000
1476293769739, 10.770000, 10.760000, 100, 10.770000, 200, 2.770000, 0.290000
1476293771755, 10.770000, 10.760000, 100, 10.770000, 200, 2.770000, 0.290000
1476293773726, 10.770000, 10.760000, 100, 10.770000, 200, 2.770000, 0.290000
1476293775746, 10.770000, 10.760000, 100, 10.770000, 200, 2.770000, 0.290000
1476293777727, 10.770000, 10.750000, 500, 10.770000, 1000, 2.770000, 0.290000
1476293779739, 10.770000, 10.750000, 500, 10.770000, 1000, 2.770000, 0.290000
1476293781740, 10.770000, 10.750000, 500, 10.770000, 1000, 2.770000, 0.290000
1476293783738, 10.770000, 10.750000, 500, 10.770000, 1000, 2.770000, 0.290000
1476293785740, 10.770000, 10.750000, 500, 10.770000, 1000, 2.770000, 0.290000
1476293787752, 10.770000, 10.750000, 500, 10.770000, 1000, 2.770000, 0.290000
1476293789771, 10.770000, 10.750000, 500, 10.770000, 1000, 2.770000, 0.290000
1476293791751, 10.770000, 10.750000, 500, 10.770000, 1000, 2.770000, 0.290000
1476293793248, 10.770000, 10.750000, 500, 10.770000, 1000, 2.770000, 0.290000
1476293795744, 10.770000, 10.750000, 500, 10.770000, 1000, 2.770000, 0.290000
1476293797734, 10.770000, 10.750000, 500, 10.770000, 1000, 2.770000, 0.290000
1476293799759, 10.770000, 10.750000, 500, 10.770000, 1000, 2.770000, 0.290000
1476293801731, 10.770000, 10.750000, 500, 10.770000, 1000, 2.770000, 0.290000
1476293803755, 10.770000, 10.750000, 500, 10.770000, 1000, 2.770000, 0.290000
1476293805743, 10.770000, 10.750000, 500, 10.770000, 1000, 2.770000, 0.290000
1476293807754, 10.770000, 10.750000, 500, 10.770000, 1000, 2.770000, 0.290000
1476293809748, 10.770000, 10.750000, 300, 10.760000, 200, 2.770000, 0.290000
1476293811745, 10.770000, 10.750000, 300, 10.760000, 200, 2.770000, 0.290000
1476293813740, 10.770000, 10.750000, 300, 10.760000, 200, 2.770000, 0.290000
1476293815750, 10.770000, 10.750000, 300, 10.760000, 200, 2.770000, 0.290000
1476293818149, 10.770000, 10.750000, 300, 10.760000, 200, 2.770000, 0.290000
1476293820158, 10.770000, 10.750000, 300, 10.760000, 200, 2.770000, 0.290000
1476293822155, 10.755000, 10.750000, 100, 10.760000, 300, 2.620000, 0.275000
1476293824158, 10.755000, 10.750000, 100, 10.760000, 300, 2.620000, 0.275000
1476293826161, 10.750000, 10.740000, 100, 10.750000, 100, 2.580000, 0.270000
1476293828161, 10.750000, 10.740000, 100, 10.750000, 100, 2.580000, 0.270000
1476293829654, 10.750000, 10.740000, 100, 10.750000, 100, 2.580000, 0.270000
1476293831664, 10.750000, 10.740000, 100, 10.750000, 100, 2.580000, 0.270000
1476293834171, 10.750000, 10.740000, 100, 10.750000, 100, 2.580000, 0.270000
1476293836162, 10.750000, 10.740000, 100, 10.750000, 100, 2.580000, 0.270000
1476293838164, 10.750000, 10.740000, 100, 10.750000, 100, 2.580000, 0.270000
1476293840168, 10.750000, 10.740000, 100, 10.750000, 100, 2.580000, 0.270000
1476293842160, 10.750000, 10.740000, 100, 10.750000, 100, 2.580000, 0.270000
1476293844165, 10.750000, 10.740000, 100, 10.750000, 100, 2.580000, 0.270000
1476293846187, 10.750000, 10.740000, 100, 10.750000, 100, 2.580000, 0.270000
1476293848171, 10.750000, 10.740000, 100, 10.750000, 100, 2.580000, 0.270000
1476293850170, 10.750000, 10.740000, 100, 10.750000, 100, 2.580000, 0.270000
1476293852167, 10.750000, 10.750000, 300, 10.770000, 600, 2.580000, 0.270000
1476293854163, 10.750000, 10.750000, 300, 10.770000, 500, 2.580000, 0.270000
1476293855675, 10.750000, 10.750000, 300, 10.770000, 500, 2.580000, 0.270000
1476293858168, 10.750000, 10.750000, 300, 10.770000, 300, 2.580000, 0.270000
1476293860182, 10.750000, 10.750000, 300, 10.770000, 500, 2.580000, 0.270000
1476293862189, 10.750000, 10.750000, 300, 10.770000, 500, 2.580000, 0.270000
1476293864172, 10.750000, 10.750000, 300, 10.770000, 500, 2.580000, 0.270000
1476293866173, 10.750000, 10.750000, 300, 10.770000, 500, 2.580000, 0.270000
1476293868171, 10.750000, 10.750000, 300, 10.770000, 400, 2.580000, 0.270000
1476293870174, 10.750000, 10.750000, 300, 10.770000, 400, 2.580000, 0.270000
1476293872174, 10.750000, 10.750000, 100, 10.760000, 200, 2.580000, 0.270000
1476293873672, 10.750000, 10.750000, 100, 10.760000, 200, 2.580000, 0.270000
1476293876175, 10.750000, 10.750000, 100, 10.760000, 200, 2.580000, 0.270000
1476293878180, 10.750000, 10.750000, 100, 10.760000, 200, 2.580000, 0.270000
1476293880175, 10.750000, 10.750000, 100, 10.760000, 200, 2.580000, 0.270000
1476293882178, 10.755000, 10.750000, 100, 10.760000, 200, 2.620000, 0.275000
1476293884179, 10.755000, 10.750000, 100, 10.760000, 200, 2.620000, 0.275000
1476293886180, 10.755000, 10.750000, 100, 10.760000, 200, 2.620000, 0.275000
1476293888170, 10.755000, 10.750000, 100, 10.760000, 200, 2.620000, 0.275000
1476293890180, 10.755000, 10.750000, 100, 10.760000, 200, 2.620000, 0.275000
1476293892219, 10.755000, 10.750000, 100, 10.760000, 200, 2.620000, 0.275000
1476293894174, 10.750000, 10.730000, 700, 10.750000, 1200, 2.580000, 0.270000
1476293896178, 10.750000, 10.730000, 700, 10.750000, 1200, 2.580000, 0.270000
1476293897681, 10.750000, 10.730000, 700, 10.750000, 1200, 2.580000, 0.270000
1476293900183, 10.750000, 10.730000, 600, 10.750000, 1200, 2.580000, 0.270000
1476293902184, 10.731400, 10.730000, 600, 10.750000, 200, 2.400000, 0.251400
1476293904182, 10.731400, 10.730000, 600, 10.750000, 200, 2.400000, 0.251400
1476293906220, 10.731400, 10.730000, 600, 10.750000, 200, 2.400000, 0.251400
1476293908185, 10.731400, 10.730000, 600, 10.750000, 200, 2.400000, 0.251400
1476293910216, 10.731400, 10.730000, 600, 10.750000, 200, 2.400000, 0.251400
1476293912186, 10.731400, 10.730000, 600, 10.750000, 200, 2.400000, 0.251400
1476293914182, 10.731400, 10.730000, 600, 10.750000, 200, 2.400000, 0.251400
1476293916185, 10.731400, 10.730000, 600, 10.750000, 200, 2.400000, 0.251400
1476293918190, 10.731400, 10.730000, 600, 10.750000, 200, 2.400000, 0.251400
1476293920186, 10.731400, 10.730000, 600, 10.750000, 200, 2.400000, 0.251400
1476293922183, 10.750000, 10.740000, 100, 10.760000, 200, 2.580000, 0.270000
1476293924192, 10.750000, 10.740000, 100, 10.760000, 200, 2.580000, 0.270000
1476293926184, 10.750000, 10.740000, 100, 10.760000, 200, 2.580000, 0.270000
1476293928192, 10.750000, 10.740000, 100, 10.760000, 200, 2.580000, 0.270000
1476293930191, 10.750000, 10.740000, 200, 10.760000, 200, 2.580000, 0.270000
1476293932196, 10.750000, 10.740000, 200, 10.760000, 200, 2.580000, 0.270000
1476293934188, 10.750000, 10.740000, 200, 10.760000, 200, 2.580000, 0.270000
1476293936178, 10.750000, 10.740000, 200, 10.760000, 200, 2.580000, 0.270000
1476293938187, 10.760000, 10.750000, 200, 10.760000, 300, 2.670000, 0.280000
1476293940189, 10.760000, 10.750000, 200, 10.760000, 100, 2.670000, 0.280000
1476293941685, 10.760000, 10.750000, 200, 10.760000, 100, 2.670000, 0.280000
1476293944189, 10.755400, 10.750000, 200, 10.760000, 100, 2.630000, 0.275400
1476293945717, 10.755400, 10.750000, 200, 10.760000, 100, 2.630000, 0.275400
1476293948183, 10.755400, 10.750000, 200, 10.760000, 100, 2.630000, 0.275400
1476293950192, 10.755400, 10.750000, 200, 10.760000, 100, 2.630000, 0.275400
1476293952187, 10.755400, 10.750000, 200, 10.760000, 100, 2.630000, 0.275400
1476293954186, 10.755400, 10.750000, 200, 10.760000, 100, 2.630000, 0.275400
1476293956194, 10.755400, 10.750000, 200, 10.760000, 100, 2.630000, 0.275400
1476293958192, 10.755400, 10.750000, 200, 10.760000, 100, 2.630000, 0.275400
1476293960212, 10.755400, 10.750000, 200, 10.760000, 100, 2.630000, 0.275400
1476293962201, 10.755400, 10.750000, 200, 10.760000, 100, 2.630000, 0.275400
1476293964220, 10.755400, 10.750000, 200, 10.760000, 100, 2.630000, 0.275400
1476293966181, 10.755400, 10.750000, 200, 10.760000, 100, 2.630000, 0.275400
1476293968195, 10.755400, 10.750000, 200, 10.760000, 100, 2.630000, 0.275400
1476293970190, 10.755400, 10.750000, 200, 10.760000, 100, 2.630000, 0.275400
1476293972204, 10.755400, 10.750000, 200, 10.760000, 100, 2.630000, 0.275400
1476293974218, 10.755400, 10.750000, 100, 10.760000, 300, 2.630000, 0.275400
1476293976195, 10.750000, 10.750000, 100, 10.760000, 300, 2.580000, 0.270000
1476293978197, 10.750000, 10.750000, 100, 10.760000, 300, 2.580000, 0.270000
1476293980195, 10.750000, 10.750000, 100, 10.760000, 300, 2.580000, 0.270000
1476293982204, 10.750000, 10.750000, 100, 10.760000, 300, 2.580000, 0.270000
1476293984203, 10.750000, 10.750000, 100, 10.760000, 300, 2.580000, 0.270000
1476293986235, 10.750000, 10.750000, 100, 10.760000, 300, 2.580000, 0.270000
1476293988213, 10.760000, 10.760000, 100, 10.770000, 200, 2.670000, 0.280000
1476293990200, 10.760000, 10.760000, 100, 10.770000, 200, 2.670000, 0.280000
1476293992192, 10.760000, 10.760000, 100, 10.770000, 200, 2.670000, 0.280000
1476293994206, 10.760000, 10.760000, 100, 10.770000, 200, 2.670000, 0.280000
1476293996197, 10.760000, 10.760000, 100, 10.770000, 200, 2.670000, 0.280000
1476293998210, 10.760000, 10.760000, 100, 10.770000, 200, 2.670000, 0.280000
1476294000206, 10.760000, 10.760000, 100, 10.770000, 200, 2.670000, 0.280000
1476294002200, 10.760100, 10.760000, 200, 10.770000, 400, 2.670000, 0.280100
1476294004198, 10.760100, 10.760000, 200, 10.770000, 400, 2.670000, 0.280100
1476294006205, 10.760100, 10.760000, 200, 10.770000, 400, 2.670000, 0.280100
1476294008204, 10.760000, 10.760000, 100, 10.770000, 400, 2.670000, 0.280000
1476294010213, 10.760000, 10.760000, 100, 10.770000, 400, 2.670000, 0.280000
1476294012212, 10.760000, 10.750000, 400, 10.770000, 400, 2.670000, 0.280000
1476294014210, 10.760000, 10.750000, 400, 10.770000, 400, 2.670000, 0.280000
1476294016232, 10.760000, 10.750000, 400, 10.770000, 500, 2.670000, 0.280000
1476294017731, 10.760000, 10.750000, 400, 10.770000, 500, 2.670000, 0.280000
1476294020205, 10.755000, 10.750000, 100, 10.760000, 300, 2.620000, 0.275000
1476294022211, 10.750000, 10.750000, 100, 10.760000, 300, 2.580000, 0.270000
1476294024202, 10.750000, 10.750000, 100, 10.760000, 300, 2.580000, 0.270000
1476294026251, 10.750000, 10.750000, 100, 10.760000, 300, 2.580000, 0.270000
1476294028214, 10.750000, 10.750000, 100, 10.760000, 400, 2.580000, 0.270000
1476294030227, 10.750000, 10.750000, 100, 10.760000, 400, 2.580000, 0.270000
1476294032220, 10.750000, 10.750000, 200, 10.760000, 400, 2.580000, 0.270000
1476294034212, 10.750000, 10.750000, 200, 10.760000, 400, 2.580000, 0.270000
1476294036210, 10.750000, 10.750000, 200, 10.760000, 400, 2.580000, 0.270000
1476294038206, 10.750000, 10.750000, 200, 10.760000, 400, 2.580000, 0.270000
1476294040207, 10.750000, 10.750000, 200, 10.760000, 400, 2.580000, 0.270000
1476294042218, 10.750000, 10.750000, 200, 10.760000, 400, 2.580000, 0.270000
1476294044254, 10.750000, 10.750000, 200, 10.760000, 400, 2.580000, 0.270000
1476294046240, 10.750000, 10.750000, 200, 10.760000, 400, 2.580000, 0.270000
1476294048221, 10.750000, 10.750000, 200, 10.760000, 400, 2.580000, 0.270000
1476294050224, 10.750000, 10.750000, 200, 10.760000, 400, 2.580000, 0.270000
1476294052219, 10.750000, 10.750000, 200, 10.760000, 400, 2.580000, 0.270000
1476294054226, 10.750000, 10.750000, 200, 10.760000, 400, 2.580000, 0.270000
1476294056229, 10.750000, 10.750000, 200, 10.760000, 400, 2.580000, 0.270000
1476294058229, 10.750000, 10.750000, 300, 10.760000, 400, 2.580000, 0.270000
1476294060276, 10.750000, 10.750000, 300, 10.760000, 400, 2.580000, 0.270000
1476294062216, 10.750000, 10.750000, 300, 10.760000, 400, 2.580000, 0.270000
1476294064238, 10.750000, 10.750000, 300, 10.760000, 400, 2.580000, 0.270000
1476294066239, 10.750000, 10.750000, 300, 10.760000, 400, 2.580000, 0.270000
1476294068226, 10.750000, 10.750000, 300, 10.760000, 400, 2.580000, 0.270000
1476294070221, 10.750000, 10.750000, 300, 10.760000, 400, 2.580000, 0.270000
1476294071735, 10.750000, 10.750000, 300, 10.760000, 400, 2.580000, 0.270000
1476294074231, 10.750000, 10.750000, 300, 10.760000, 400, 2.580000, 0.270000
1476294076223, 10.750000, 10.750000, 300, 10.760000, 400, 2.580000, 0.270000
1476294078228, 10.750000, 10.750000, 300, 10.760000, 400, 2.580000, 0.270000
1476294080232, 10.750000, 10.750000, 300, 10.760000, 400, 2.580000, 0.270000
1476294082232, 10.750000, 10.750000, 300, 10.760000, 400, 2.580000, 0.270000
1476294084231, 10.750000, 10.750000, 300, 10.760000, 500, 2.580000, 0.270000
1476294086244, 10.750000, 10.750000, 300, 10.760000, 500, 2.580000, 0.270000
1476294088269, 10.750000, 10.750000, 300, 10.760000, 500, 2.580000, 0.270000
1476294090283, 10.750000, 10.750000, 300, 10.760000, 500, 2.580000, 0.270000
1476294092239, 10.750000, 10.750000, 300, 10.760000, 500, 2.580000, 0.270000
1476294094240, 10.750000, 10.750000, 300, 10.760000, 500, 2.580000, 0.270000
1476294096242, 10.750000, 10.750000, 300, 10.760000, 500, 2.580000, 0.270000
1476294098242, 10.750000, 10.750000, 300, 10.760000, 400, 2.580000, 0.270000
1476294100241, 10.750000, 10.750000, 300, 10.760000, 400, 2.580000, 0.270000
1476294102244, 10.750000, 10.750000, 300, 10.760000, 400, 2.580000, 0.270000
1476294104248, 10.750000, 10.750000, 300, 10.760000, 400, 2.580000, 0.270000
1476294106250, 10.750000, 10.750000, 300, 10.760000, 400, 2.580000, 0.270000
1476294108233, 10.750000, 10.750000, 300, 10.760000, 500, 2.580000, 0.270000
1476294110234, 10.750000, 10.750000, 300, 10.760000, 500, 2.580000, 0.270000
1476294112233, 10.750000, 10.750000, 300, 10.760000, 500, 2.580000, 0.270000
1476294114243, 10.750000, 10.750000, 300, 10.760000, 500, 2.580000, 0.270000
1476294116254, 10.750000, 10.750000, 300, 10.760000, 500, 2.580000, 0.270000
1476294118243, 10.750000, 10.750000, 300, 10.760000, 500, 2.580000, 0.270000
1476294120235, 10.750000, 10.750000, 300, 10.760000, 500, 2.580000, 0.270000
1476294122255, 10.750000, 10.750000, 300, 10.760000, 500, 2.580000, 0.270000
1476294124252, 10.751500, 10.750000, 300, 10.760000, 400, 2.590000, 0.271500
1476294126249, 10.751500, 10.750000, 300, 10.760000, 400, 2.590000, 0.271500
1476294128242, 10.751500, 10.750000, 300, 10.760000, 400, 2.590000, 0.271500
1476294130283, 10.751500, 10.750000, 300, 10.760000, 400, 2.590000, 0.271500
1476294132150, 10.751500, 10.750000, 300, 10.760000, 400, 2.590000, 0.271500
1476294134160, 10.751500, 10.750000, 300, 10.760000, 400, 2.590000, 0.271500
1476294136156, 10.751500, 10.750000, 300, 10.760000, 400, 2.590000, 0.271500
1476294138185, 10.751500, 10.750000, 300, 10.760000, 500, 2.590000, 0.271500
1476294140149, 10.751500, 10.750000, 300, 10.760000, 500, 2.590000, 0.271500
1476294142159, 10.750000, 10.750000, 300, 10.760000, 500, 2.580000, 0.270000
1476294144161, 10.750000, 10.750000, 300, 10.760000, 500, 2.580000, 0.270000
1476294146157, 10.750000, 10.750000, 300, 10.760000, 500, 2.580000, 0.270000
1476294147671, 10.750000, 10.750000, 300, 10.760000, 500, 2.580000, 0.270000
1476294150162, 10.750000, 10.750000, 300, 10.760000, 500, 2.580000, 0.270000
1476294152156, 10.750000, 10.750000, 100, 10.760000, 100, 2.580000, 0.270000
1476294154161, 10.750000, 10.750000, 100, 10.760000, 100, 2.580000, 0.270000
1476294156171, 10.750000, 10.750000, 300, 10.760000, 100, 2.580000, 0.270000
1476294158162, 10.750000, 10.750000, 300, 10.760000, 100, 2.580000, 0.270000
1476294160161, 10.750000, 10.750000, 300, 10.760000, 100, 2.580000, 0.270000
1476294161668, 10.750000, 10.750000, 300, 10.760000, 100, 2.580000, 0.270000
1476294164165, 10.750000, 10.750000, 400, 10.760000, 100, 2.580000, 0.270000
1476294166168, 10.750000, 10.750000, 400, 10.760000, 100, 2.580000, 0.270000
1476294168158, 10.750000, 10.750000, 400, 10.760000, 100, 2.580000, 0.270000
1476294169663, 10.750000, 10.750000, 400, 10.760000, 100, 2.580000, 0.270000
1476294172170, 10.750000, 10.750000, 400, 10.760000, 100, 2.580000, 0.270000
1476294174171, 10.750000, 10.750000, 400, 10.760000, 100, 2.580000, 0.270000
1476294175690, 10.750000, 10.750000, 400, 10.760000, 100, 2.580000, 0.270000
1476294178174, 10.750000, 10.750000, 400, 10.760000, 100, 2.580000, 0.270000
1476294180162, 10.750000, 10.750000, 400, 10.760000, 100, 2.580000, 0.270000
1476294182169, 10.750000, 10.750000, 400, 10.760000, 100, 2.580000, 0.270000
1476294184174, 10.750000, 10.750000, 400, 10.760000, 100, 2.580000, 0.270000
1476294186176, 10.750000, 10.750000, 400, 10.760000, 100, 2.580000, 0.270000
1476294188181, 10.750000, 10.750000, 400, 10.760000, 100, 2.580000, 0.270000
1476294190249, 10.750100, 10.750000, 500, 10.760000, 200, 2.580000, 0.270100
1476294192170, 10.750100, 10.750000, 500, 10.760000, 200, 2.580000, 0.270100
1476294194171, 10.750000, 10.750000, 300, 10.760000, 200, 2.580000, 0.270000
1476294196177, 10.750000, 10.750000, 300, 10.760000, 200, 2.580000, 0.270000
1476294198179, 10.750000, 10.750000, 300, 10.760000, 200, 2.580000, 0.270000
1476294200180, 10.750000, 10.750000, 300, 10.760000, 200, 2.580000, 0.270000
1476294202179, 10.750000, 10.750000, 100, 10.760000, 400, 2.580000, 0.270000
1476294204174, 10.750000, 10.750000, 100, 10.760000, 600, 2.580000, 0.270000
1476294206185, 10.750000, 10.750000, 100, 10.760000, 600, 2.580000, 0.270000
1476294208179, 10.750000, 10.740000, 100, 10.750000, 400, 2.580000, 0.270000
1476294210179, 10.750000, 10.740000, 100, 10.750000, 400, 2.580000, 0.270000
1476294212168, 10.750000, 10.740000, 100, 10.750000, 100, 2.580000, 0.270000
1476294214176, 10.750000, 10.740000, 100, 10.750000, 100, 2.580000, 0.270000
1476294216173, 10.740000, 10.730000, 100, 10.740000, 100, 2.480000, 0.260000
1476294218178, 10.730000, 10.720000, 1100, 10.740000, 100, 2.390000, 0.250000
1476294220207, 10.730000, 10.720000, 1100, 10.740000, 100, 2.390000, 0.250000
1476294222172, 10.730000, 10.720000, 1100, 10.740000, 100, 2.390000, 0.250000
1476294224180, 10.730000, 10.720000, 1100, 10.740000, 100, 2.390000, 0.250000
1476294226185, 10.730000, 10.720000, 1100, 10.740000, 100, 2.390000, 0.250000
1476294228182, 10.730000, 10.720000, 1100, 10.740000, 100, 2.390000, 0.250000
1476294230181, 10.730000, 10.720000, 1100, 10.740000, 100, 2.390000, 0.250000
1476294232189, 10.730000, 10.720000, 1100, 10.740000, 100, 2.390000, 0.250000
1476294234211, 10.730000, 10.720000, 1100, 10.740000, 100, 2.390000, 0.250000
1476294236190, 10.730000, 10.720000, 1000, 10.730000, 100, 2.390000, 0.250000
1476294238183, 10.730000, 10.720000, 1000, 10.730000, 100, 2.390000, 0.250000
1476294240189, 10.725000, 10.720000, 1000, 10.730000, 100, 2.340000, 0.245000
1476294242190, 10.725000, 10.720000, 1000, 10.730000, 100, 2.340000, 0.245000
1476294244189, 10.725000, 10.720000, 1000, 10.730000, 200, 2.340000, 0.245000
1476294246201, 10.725000, 10.720000, 1000, 10.730000, 200, 2.340000, 0.245000
1476294248192, 10.725000, 10.720000, 1000, 10.730000, 200, 2.340000, 0.245000
1476294250215, 10.725000, 10.720000, 1000, 10.730000, 200, 2.340000, 0.245000
1476294252188, 10.725000, 10.720000, 1000, 10.730000, 200, 2.340000, 0.245000
1476294254195, 10.725000, 10.720000, 1000, 10.730000, 200, 2.340000, 0.245000
1476294256221, 10.725000, 10.720000, 1000, 10.730000, 300, 2.340000, 0.245000
1476294258195, 10.725000, 10.720000, 1000, 10.730000, 300, 2.340000, 0.245000
1476294260197, 10.725000, 10.720000, 1000, 10.730000, 300, 2.340000, 0.245000
1476294262220, 10.725000, 10.720000, 1000, 10.730000, 400, 2.340000, 0.245000
1476294264212, 10.720000, 10.720000, 1000, 10.730000, 400, 2.290000, 0.240000
1476294265700, 10.720000, 10.720000, 1000, 10.730000, 400, 2.290000, 0.240000
1476294268200, 10.725000, 10.720000, 1000, 10.730000, 400, 2.340000, 0.245000
1476294270237, 10.725000, 10.720000, 1000, 10.730000, 400, 2.340000, 0.245000
1476294272197, 10.725000, 10.720000, 1000, 10.730000, 400, 2.340000, 0.245000
1476294274205, 10.725000, 10.720000, 1000, 10.730000, 400, 2.340000, 0.245000
1476294276213, 10.725000, 10.720000, 1000, 10.730000, 400, 2.340000, 0.245000
1476294278208, 10.725000, 10.720000, 1000, 10.730000, 400, 2.340000, 0.245000
1476294280200, 10.725000, 10.720000, 1000, 10.730000, 400, 2.340000, 0.245000
1476294282211, 10.725000, 10.720000, 1000, 10.730000, 400, 2.340000, 0.245000
1476294284216, 10.725000, 10.720000, 1000, 10.730000, 400, 2.340000, 0.245000
1476294286211, 10.725000, 10.720000, 1000, 10.730000, 500, 2.340000, 0.245000
1476294288203, 10.720000, 10.720000, 1000, 10.730000, 500, 2.290000, 0.240000
1476294290236, 10.720000, 10.720000, 1000, 10.730000, 500, 2.290000, 0.240000
1476294292206, 10.720000, 10.720000, 1000, 10.730000, 500, 2.290000, 0.240000
1476294294211, 10.720000, 10.720000, 1000, 10.730000, 500, 2.290000, 0.240000
1476294296200, 10.720000, 10.720000, 1000, 10.730000, 500, 2.290000, 0.240000
1476294298200, 10.720000, 10.720000, 1000, 10.730000, 500, 2.290000, 0.240000
1476294300207, 10.720000, 10.720000, 1000, 10.730000, 500, 2.290000, 0.240000
1476294302197, 10.720000, 10.720000, 1000, 10.730000, 500, 2.290000, 0.240000
1476294304225, 10.725000, 10.720000, 1000, 10.730000, 400, 2.340000, 0.245000
1476294305757, 10.725000, 10.720000, 1000, 10.730000, 400, 2.340000, 0.245000
1476294307703, 10.725000, 10.720000, 1000, 10.730000, 400, 2.340000, 0.245000
1476294309704, 10.725000, 10.720000, 1000, 10.730000, 400, 2.340000, 0.245000
1476294312250, 10.725000, 10.720000, 1000, 10.730000, 400, 2.340000, 0.245000
1476294314220, 10.725000, 10.720000, 1000, 10.730000, 400, 2.340000, 0.245000
1476294316209, 10.725000, 10.720000, 1000, 10.730000, 400, 2.340000, 0.245000
1476294318229, 10.725000, 10.720000, 1000, 10.730000, 400, 2.340000, 0.245000
1476294320197, 10.725000, 10.720000, 1000, 10.730000, 400, 2.340000, 0.245000
1476294322226, 10.725000, 10.720000, 1000, 10.730000, 400, 2.340000, 0.245000
1476294324220, 10.725000, 10.720000, 1000, 10.730000, 400, 2.340000, 0.245000
1476294326204, 10.725000, 10.720000, 1000, 10.730000, 400, 2.340000, 0.245000
1476294328203, 10.720000, 10.720000, 1000, 10.730000, 400, 2.290000, 0.240000
1476294330228, 10.720000, 10.720000, 1000, 10.730000, 400, 2.290000, 0.240000
1476294332264, 10.720000, 10.720000, 1000, 10.730000, 500, 2.290000, 0.240000
1476294334235, 10.720000, 10.720000, 1000, 10.730000, 500, 2.290000, 0.240000
1476294336224, 10.720000, 10.720000, 1000, 10.730000, 500, 2.290000, 0.240000
1476294338214, 10.720000, 10.720000, 1000, 10.730000, 500, 2.290000, 0.240000
1476294340214, 10.720000, 10.720000, 1000, 10.730000, 500, 2.290000, 0.240000
1476294342220, 10.720000, 10.720000, 1000, 10.730000, 500, 2.290000, 0.240000
1476294344226, 10.720000, 10.720000, 1000, 10.730000, 500, 2.290000, 0.240000
1476294346219, 10.720000, 10.720000, 1000, 10.730000, 500, 2.290000, 0.240000
1476294348223, 10.720000, 10.720000, 1000, 10.730000, 500, 2.290000, 0.240000
1476294350216, 10.720000, 10.720000, 1000, 10.730000, 500, 2.290000, 0.240000
1476294352224, 10.720000, 10.720000, 1000, 10.730000, 500, 2.290000, 0.240000
1476294354224, 10.720000, 10.720000, 1000, 10.730000, 500, 2.290000, 0.240000
1476294356226, 10.720000, 10.720000, 1000, 10.730000, 500, 2.290000, 0.240000
1476294357770, 10.720000, 10.720000, 1000, 10.730000, 500, 2.290000, 0.240000
1476294360227, 10.720000, 10.720000, 1000, 10.730000, 500, 2.290000, 0.240000
1476294362243, 10.720000, 10.720000, 1000, 10.730000, 500, 2.290000, 0.240000
1476294364237, 10.720000, 10.720000, 1000, 10.730000, 500, 2.290000, 0.240000
1476294366225, 10.720000, 10.720000, 1000, 10.730000, 500, 2.290000, 0.240000
1476294368264, 10.720000, 10.720000, 1000, 10.730000, 500, 2.290000, 0.240000
1476294370230, 10.725000, 10.720000, 1000, 10.730000, 500, 2.340000, 0.245000
1476294372232, 10.725000, 10.720000, 1000, 10.730000, 500, 2.340000, 0.245000
1476294374207, 10.725000, 10.720000, 1000, 10.730000, 400, 2.340000, 0.245000
1476294376221, 10.725000, 10.720000, 900, 10.730000, 500, 2.340000, 0.245000
1476294378227, 10.720800, 10.720000, 900, 10.730000, 700, 2.300000, 0.240800
1476294380225, 10.720800, 10.720000, 900, 10.730000, 600, 2.300000, 0.240800
1476294382228, 10.720800, 10.720000, 900, 10.730000, 600, 2.300000, 0.240800
1476294383713, 10.720800, 10.720000, 900, 10.730000, 600, 2.300000, 0.240800
1476294386235, 10.720800, 10.720000, 900, 10.730000, 700, 2.300000, 0.240800
1476294388252, 10.720800, 10.720000, 900, 10.730000, 700, 2.300000, 0.240800
1476294390225, 10.720800, 10.720000, 900, 10.730000, 700, 2.300000, 0.240800
1476294391740, 10.720800, 10.720000, 900, 10.730000, 500, 2.300000, 0.240800
1476294394240, 10.720800, 10.720000, 900, 10.730000, 800, 2.300000, 0.240800
1476294396240, 10.720800, 10.720000, 900, 10.730000, 800, 2.300000, 0.240800
1476294398236, 10.720800, 10.720000, 900, 10.730000, 600, 2.300000, 0.240800
1476294400227, 10.720800, 10.720000, 900, 10.730000, 600, 2.300000, 0.240800
1476294402253, 10.740000, 10.730000, 900, 10.760000, 700, 2.480000, 0.260000
1476294404244, 10.740000, 10.730000, 900, 10.760000, 700, 2.480000, 0.260000
1476294406231, 10.740000, 10.730000, 900, 10.760000, 600, 2.480000, 0.260000
1476294408238, 10.740000, 10.730000, 900, 10.760000, 500, 2.480000, 0.260000
1476294410238, 10.760000, 10.740000, 500, 10.770000, 200, 2.670000, 0.280000
1476294412239, 10.760000, 10.740000, 500, 10.770000, 100, 2.670000, 0.280000
1476294414234, 10.760000, 10.740000, 500, 10.770000, 100, 2.670000, 0.280000
1476294416233, 10.760000, 10.740000, 500, 10.770000, 100, 2.670000, 0.280000
1476294418238, 10.760000, 10.740000, 500, 10.770000, 100, 2.670000, 0.280000
1476294420240, 10.760000, 10.740000, 500, 10.770000, 100, 2.670000, 0.280000
1476294422250, 10.760000, 10.740000, 500, 10.770000, 100, 2.670000, 0.280000
1476294424235, 10.760000, 10.740000, 500, 10.770000, 100, 2.670000, 0.280000
1476294425739, 10.760000, 10.740000, 500, 10.760000, 100, 2.670000, 0.280000
1476294428235, 10.760000, 10.740000, 500, 10.760000, 100, 2.670000, 0.280000
1476294430276, 10.760000, 10.740000, 500, 10.760000, 100, 2.670000, 0.280000
1476294432271, 10.760000, 10.740000, 500, 10.760000, 100, 2.670000, 0.280000
1476294434256, 10.760000, 10.740000, 500, 10.760000, 100, 2.670000, 0.280000
1476294436244, 10.760000, 10.740000, 500, 10.760000, 200, 2.670000, 0.280000
1476294438253, 10.760000, 10.740000, 500, 10.760000, 200, 2.670000, 0.280000
1476294440397, 10.760000, 10.740000, 500, 10.760000, 200, 2.670000, 0.280000
1476294442163, 10.760000, 10.740000, 500, 10.760000, 200, 2.670000, 0.280000
1476294444158, 10.760000, 10.740000, 500, 10.760000, 200, 2.670000, 0.280000
1476294446164, 10.760000, 10.740000, 500, 10.760000, 200, 2.670000, 0.280000
1476294448164, 10.760000, 10.740000, 500, 10.760000, 200, 2.670000, 0.280000
1476294450161, 10.760000, 10.740000, 500, 10.760000, 200, 2.670000, 0.280000
1476294452161, 10.760000, 10.740000, 500, 10.760000, 200, 2.670000, 0.280000
1476294454162, 10.760000, 10.740000, 500, 10.760000, 200, 2.670000, 0.280000
1476294456154, 10.760000, 10.740000, 500, 10.760000, 200, 2.670000, 0.280000
1476294458163, 10.760000, 10.740000, 400, 10.760000, 300, 2.670000, 0.280000
1476294460174, 10.760000, 10.740000, 400, 10.760000, 300, 2.670000, 0.280000
1476294462155, 10.740000, 10.730000, 200, 10.750000, 300, 2.480000, 0.260000
1476294464165, 10.740000, 10.730000, 200, 10.750000, 300, 2.480000, 0.260000
1476294466166, 10.740000, 10.730000, 200, 10.750000, 300, 2.480000, 0.260000
1476294468206, 10.730000, 10.730000, 100, 10.740000, 100, 2.390000, 0.250000
1476294470167, 10.730000, 10.730000, 100, 10.740000, 100, 2.390000, 0.250000
1476294472174, 10.730000, 10.730000, 100, 10.740000, 100, 2.390000, 0.250000
1476294474166, 10.740000, 10.730000, 100, 10.740000, 100, 2.480000, 0.260000
1476294476173, 10.740000, 10.730000, 100, 10.740000, 100, 2.480000, 0.260000
1476294478171, 10.740000, 10.730000, 100, 10.740000, 100, 2.480000, 0.260000
1476294480158, 10.740000, 10.730000, 100, 10.740000, 100, 2.480000, 0.260000
1476294482169, 10.740000, 10.730000, 100, 10.740000, 100, 2.480000, 0.260000
1476294484166, 10.740000, 10.730000, 100, 10.740000, 100, 2.480000, 0.260000
1476294486160, 10.740000, 10.730000, 100, 10.740000, 100, 2.480000, 0.260000
1476294488172, 10.740000, 10.730000, 100, 10.740000, 100, 2.480000, 0.260000
1476294490177, 10.730000, 10.720000, 900, 10.730000, 100, 2.390000, 0.250000
1476294492176, 10.730000, 10.720000, 900, 10.730000, 100, 2.390000, 0.250000
1476294494166, 10.730000, 10.720000, 900, 10.730000, 100, 2.390000, 0.250000
1476294496176, 10.730000, 10.720000, 900, 10.730000, 100, 2.390000, 0.250000
1476294498168, 10.730000, 10.720000, 900, 10.730000, 100, 2.390000, 0.250000
1476294500166, 10.730000, 10.720000, 900, 10.730000, 100, 2.390000, 0.250000
1476294502171, 10.730000, 10.720000, 900, 10.730000, 100, 2.390000, 0.250000
1476294504186, 10.730000, 10.730000, 200, 10.760000, 400, 2.390000, 0.250000
1476294506184, 10.730000, 10.730000, 100, 10.760000, 300, 2.390000, 0.250000
1476294508211, 10.730000, 10.730000, 100, 10.760000, 300, 2.390000, 0.250000
1476294510166, 10.730000, 10.730000, 100, 10.760000, 300, 2.390000, 0.250000
1476294512176, 10.730000, 10.730000, 100, 10.760000, 300, 2.390000, 0.250000
1476294514176, 10.730000, 10.730000, 100, 10.760000, 700, 2.390000, 0.250000
1476294516160, 10.730000, 10.720000, 900, 10.750000, 700, 2.390000, 0.250000
1476294518186, 10.730000, 10.720000, 900, 10.750000, 600, 2.390000, 0.250000
1476294520201, 10.730000, 10.720000, 900, 10.750000, 600, 2.390000, 0.250000
1476294522177, 10.730000, 10.720000, 900, 10.750000, 600, 2.390000, 0.250000
1476294524183, 10.730000, 10.720000, 900, 10.750000, 600, 2.390000, 0.250000
1476294526181, 10.735000, 10.720000, 900, 10.750000, 600, 2.430000, 0.255000
1476294528187, 10.735000, 10.720000, 900, 10.750000, 600, 2.430000, 0.255000
1476294530229, 10.735000, 10.720000, 900, 10.750000, 600, 2.430000, 0.255000
1476294532178, 10.735000, 10.720000, 900, 10.750000, 600, 2.430000, 0.255000
1476294534188, 10.735000, 10.720000, 900, 10.750000, 600, 2.430000, 0.255000
1476294536198, 10.735000, 10.720000, 900, 10.750000, 600, 2.430000, 0.255000
1476294538180, 10.735000, 10.720000, 900, 10.750000, 600, 2.430000, 0.255000
1476294540185, 10.735000, 10.720000, 900, 10.750000, 600, 2.430000, 0.255000
1476294542183, 10.735000, 10.720000, 900, 10.750000, 600, 2.430000, 0.255000
1476294544185, 10.735000, 10.720000, 900, 10.750000, 600, 2.430000, 0.255000
1476294546180, 10.735000, 10.720000, 900, 10.750000, 600, 2.430000, 0.255000
1476294548201, 10.735000, 10.720000, 900, 10.750000, 600, 2.430000, 0.255000
1476294550169, 10.735000, 10.720000, 900, 10.750000, 600, 2.430000, 0.255000
1476294552221, 10.735000, 10.720000, 900, 10.750000, 600, 2.430000, 0.255000
1476294554185, 10.735000, 10.720000, 900, 10.750000, 600, 2.430000, 0.255000
1476294556189, 10.735000, 10.720000, 900, 10.750000, 600, 2.430000, 0.255000
1476294558173, 10.735000, 10.720000, 900, 10.750000, 600, 2.430000, 0.255000
1476294560182, 10.735000, 10.720000, 900, 10.750000, 300, 2.430000, 0.255000
1476294562178, 10.735000, 10.720000, 900, 10.750000, 300, 2.430000, 0.255000
1476294564205, 10.735000, 10.720000, 900, 10.750000, 300, 2.430000, 0.255000
1476294566189, 10.735000, 10.720000, 900, 10.750000, 300, 2.430000, 0.255000
1476294568195, 10.735000, 10.720000, 900, 10.750000, 300, 2.430000, 0.255000
1476294570197, 10.735000, 10.720000, 900, 10.750000, 300, 2.430000, 0.255000
1476294572192, 10.735000, 10.720000, 900, 10.750000, 300, 2.430000, 0.255000
1476294574185, 10.735000, 10.720000, 900, 10.750000, 300, 2.430000, 0.255000
1476294576181, 10.735000, 10.720000, 900, 10.750000, 300, 2.430000, 0.255000
1476294578189, 10.735000, 10.720000, 900, 10.750000, 300, 2.430000, 0.255000
1476294580213, 10.735000, 10.720000, 900, 10.750000, 300, 2.430000, 0.255000
1476294582187, 10.740000, 10.730000, 100, 10.750000, 200, 2.480000, 0.260000
1476294584194, 10.740000, 10.730000, 100, 10.750000, 300, 2.480000, 0.260000
1476294586204, 10.740000, 10.720000, 900, 10.750000, 300, 2.480000, 0.260000
1476294588195, 10.740000, 10.720000, 900, 10.750000, 300, 2.480000, 0.260000
1476294590193, 10.740000, 10.720000, 900, 10.750000, 300, 2.480000, 0.260000
1476294591736, 10.740000, 10.720000, 900, 10.750000, 300, 2.480000, 0.260000
1476294594199, 10.740000, 10.720000, 900, 10.750000, 300, 2.480000, 0.260000
1476294596224, 10.740000, 10.730000, 100, 10.750000, 400, 2.480000, 0.260000
1476294598201, 10.730000, 10.720000, 900, 10.740000, 100, 2.390000, 0.250000
1476294600195, 10.730000, 10.720000, 900, 10.740000, 100, 2.390000, 0.250000
1476294602207, 10.730000, 10.720000, 900, 10.740000, 100, 2.390000, 0.250000
1476294604201, 10.730000, 10.720000, 900, 10.740000, 100, 2.390000, 0.250000
1476294606203, 10.730000, 10.720000, 900, 10.740000, 100, 2.390000, 0.250000
1476294608185, 10.730000, 10.720000, 900, 10.730000, 100, 2.390000, 0.250000
1476294610228, 10.730000, 10.720000, 900, 10.730000, 100, 2.390000, 0.250000
1476294612201, 10.730000, 10.720000, 900, 10.730000, 100, 2.390000, 0.250000
1476294614204, 10.730000, 10.720000, 900, 10.730000, 100, 2.390000, 0.250000
1476294616194, 10.730000, 10.720000, 900, 10.730000, 100, 2.390000, 0.250000
1476294618205, 10.730000, 10.720000, 900, 10.730000, 100, 2.390000, 0.250000
1476294620198, 10.730000, 10.720000, 900, 10.730000, 400, 2.390000, 0.250000
1476294622193, 10.730000, 10.720000, 900, 10.730000, 400, 2.390000, 0.250000
1476294624196, 10.720000, 10.720000, 900, 10.730000, 400, 2.290000, 0.240000
1476294626203, 10.730000, 10.710000, 300, 10.730000, 500, 2.390000, 0.250000
1476294628216, 10.730000, 10.710000, 500, 10.730000, 100, 2.390000, 0.250000
1476294630208, 10.730000, 10.710000, 500, 10.730000, 100, 2.390000, 0.250000
1476294631698, 10.730000, 10.710000, 500, 10.730000, 100, 2.390000, 0.250000
1476294634214, 10.730000, 10.710000, 500, 10.730000, 100, 2.390000, 0.250000
1476294636215, 10.730000, 10.710000, 500, 10.730000, 100, 2.390000, 0.250000
1476294638218, 10.730000, 10.720000, 100, 10.730000, 100, 2.390000, 0.250000
1476294640216, 10.730000, 10.720000, 100, 10.730000, 100, 2.390000, 0.250000
1476294642205, 10.730000, 10.720000, 100, 10.730000, 100, 2.390000, 0.250000
1476294644213, 10.730000, 10.720000, 100, 10.730000, 100, 2.390000, 0.250000
1476294646220, 10.730000, 10.720000, 100, 10.730000, 100, 2.390000, 0.250000
1476294648208, 10.730000, 10.720000, 100, 10.730000, 100, 2.390000, 0.250000
1476294649695, 10.720000, 10.720000, 100, 10.730000, 100, 2.290000, 0.240000
1476294652209, 10.720000, 10.720000, 200, 10.730000, 100, 2.290000, 0.240000
1476294654218, 10.720000, 10.720000, 100, 10.730000, 200, 2.290000, 0.240000
1476294656214, 10.720000, 10.720000, 100, 10.730000, 200, 2.290000, 0.240000
1476294658216, 10.720000, 10.710000, 200, 10.720000, 200, 2.290000, 0.240000
1476294660210, 10.720000, 10.710000, 200, 10.720000, 100, 2.290000, 0.240000
1476294662219, 10.710000, 10.700000, 300, 10.710000, 100, 2.190000, 0.230000
1476294664212, 10.710000, 10.700000, 300, 10.710000, 100, 2.190000, 0.230000
1476294666256, 10.710000, 10.700000, 300, 10.710000, 100, 2.190000, 0.230000
1476294667697, 10.710000, 10.700000, 300, 10.710000, 200, 2.190000, 0.230000
1476294670215, 10.710000, 10.700000, 300, 10.710000, 200, 2.190000, 0.230000
1476294672225, 10.710000, 10.700000, 300, 10.710000, 200, 2.190000, 0.230000
1476294674219, 10.710000, 10.700000, 300, 10.710000, 200, 2.190000, 0.230000
1476294676222, 10.710000, 10.700000, 300, 10.710000, 200, 2.190000, 0.230000
1476294678212, 10.710000, 10.700000, 300, 10.710000, 200, 2.190000, 0.230000
1476294680229, 10.710000, 10.700000, 300, 10.710000, 200, 2.190000, 0.230000
1476294682212, 10.710000, 10.700000, 300, 10.710000, 200, 2.190000, 0.230000
1476294684213, 10.710000, 10.700000, 300, 10.710000, 200, 2.190000, 0.230000
1476294686214, 10.710000, 10.700000, 300, 10.710000, 200, 2.190000, 0.230000
1476294688220, 10.710000, 10.700000, 300, 10.710000, 200, 2.190000, 0.230000
1476294690221, 10.710000, 10.700000, 300, 10.710000, 200, 2.190000, 0.230000
1476294691727, 10.710000, 10.700000, 300, 10.710000, 200, 2.190000, 0.230000
1476294694225, 10.710000, 10.700000, 300, 10.710000, 200, 2.190000, 0.230000
1476294696222, 10.710000, 10.700000, 300, 10.710000, 200, 2.190000, 0.230000
1476294698219, 10.710000, 10.700000, 300, 10.710000, 200, 2.190000, 0.230000
1476294699711, 10.710000, 10.700000, 300, 10.710000, 200, 2.190000, 0.230000
1476294702221, 10.710000, 10.700000, 300, 10.710000, 200, 2.190000, 0.230000
1476294704220, 10.700000, 10.690000, 100, 10.700000, 400, 2.100000, 0.220000
1476294706214, 10.700000, 10.690000, 100, 10.700000, 400, 2.100000, 0.220000
1476294708249, 10.700000, 10.690000, 100, 10.700000, 400, 2.100000, 0.220000
1476294710282, 10.685000, 10.690000, 200, 10.700000, 400, 1.960000, 0.205000
1476294712225, 10.685000, 10.690000, 200, 10.700000, 400, 1.960000, 0.205000
1476294714221, 10.680300, 10.690000, 200, 10.700000, 400, 1.910000, 0.200300
1476294716231, 10.690100, 10.690000, 200, 10.700000, 400, 2.000000, 0.210100
1476294718222, 10.690100, 10.690000, 200, 10.700000, 400, 2.000000, 0.210100
1476294720227, 10.690100, 10.690000, 200, 10.700000, 400, 2.000000, 0.210100
1476294722234, 10.690100, 10.690000, 200, 10.700000, 400, 2.000000, 0.210100
1476294724228, 10.690100, 10.690000, 200, 10.700000, 400, 2.000000, 0.210100
1476294726242, 10.690100, 10.690000, 200, 10.700000, 200, 2.000000, 0.210100
1476294728223, 10.690100, 10.690000, 200, 10.700000, 200, 2.000000, 0.210100
1476294730221, 10.690100, 10.690000, 200, 10.700000, 200, 2.000000, 0.210100
1476294732234, 10.690100, 10.690000, 200, 10.700000, 200, 2.000000, 0.210100
1476294734221, 10.690100, 10.690000, 200, 10.700000, 200, 2.000000, 0.210100
1476294736237, 10.690100, 10.690000, 200, 10.700000, 200, 2.000000, 0.210100
1476294738283, 10.690100, 10.690000, 200, 10.700000, 200, 2.000000, 0.210100
1476294740232, 10.690100, 10.690000, 200, 10.700000, 200, 2.000000, 0.210100
1476294742271, 10.690100, 10.690000, 200, 10.700000, 200, 2.000000, 0.210100
1476294744235, 10.690100, 10.690000, 200, 10.700000, 200, 2.000000, 0.210100
1476294746234, 10.690100, 10.690000, 200, 10.700000, 200, 2.000000, 0.210100
1476294748226, 10.690100, 10.690000, 200, 10.700000, 200, 2.000000, 0.210100
1476294750246, 10.690100, 10.690000, 200, 10.700000, 200, 2.000000, 0.210100
1476294752243, 10.690100, 10.690000, 200, 10.700000, 200, 2.000000, 0.210100
1476294754236, 10.690100, 10.690000, 200, 10.700000, 200, 2.000000, 0.210100
1476294756232, 10.690100, 10.690000, 200, 10.700000, 200, 2.000000, 0.210100
1476294758238, 10.690100, 10.690000, 200, 10.700000, 200, 2.000000, 0.210100
1476294760239, 10.690100, 10.690000, 200, 10.700000, 200, 2.000000, 0.210100
1476294762658, 10.700000, 10.690000, 300, 10.700000, 200, 2.100000, 0.220000
1476294764661, 10.690000, 10.690000, 100, 10.700000, 200, 2.000000, 0.210000
1476294766664, 10.690000, 10.690000, 100, 10.700000, 200, 2.000000, 0.210000
1476294768657, 10.690000, 10.690000, 100, 10.700000, 200, 2.000000, 0.210000
1476294770651, 10.690000, 10.690000, 100, 10.700000, 200, 2.000000, 0.210000
1476294772655, 10.690000, 10.690000, 100, 10.700000, 200, 2.000000, 0.210000
1476294774665, 10.690000, 10.690000, 100, 10.700000, 200, 2.000000, 0.210000
1476294776653, 10.690000, 10.690000, 100, 10.700000, 200, 2.000000, 0.210000
1476294778163, 10.690000, 10.690000, 100, 10.700000, 200, 2.000000, 0.210000
1476294780662, 10.690000, 10.690000, 100, 10.700000, 200, 2.000000, 0.210000
1476294782693, 10.690000, 10.690000, 100, 10.700000, 200, 2.000000, 0.210000
1476294784653, 10.690000, 10.690000, 100, 10.700000, 200, 2.000000, 0.210000
1476294786662, 10.690000, 10.690000, 100, 10.700000, 200, 2.000000, 0.210000
1476294788662, 10.690000, 10.690000, 100, 10.700000, 200, 2.000000, 0.210000
1476294790155, 10.700000, 10.700000, 100, 10.710000, 200, 2.100000, 0.220000
1476294792681, 10.700000, 10.700000, 100, 10.710000, 200, 2.100000, 0.220000
1476294794685, 10.705000, 10.700000, 100, 10.710000, 100, 2.150000, 0.225000
1476294796668, 10.690100, 10.690000, 1400, 10.710000, 200, 2.000000, 0.210100
1476294798657, 10.690100, 10.690000, 1400, 10.710000, 200, 2.000000, 0.210100
1476294800670, 10.690100, 10.690000, 1400, 10.710000, 200, 2.000000, 0.210100
1476294802671, 10.690100, 10.690000, 1400, 10.710000, 200, 2.000000, 0.210100
1476294804666, 10.690100, 10.690000, 1400, 10.710000, 100, 2.000000, 0.210100
1476294806667, 10.690100, 10.690000, 1400, 10.710000, 100, 2.000000, 0.210100
1476294808674, 10.690100, 10.690000, 1400, 10.710000, 100, 2.000000, 0.210100
1476294810673, 10.690100, 10.690000, 1400, 10.710000, 100, 2.000000, 0.210100
1476294812671, 10.690100, 10.690000, 1400, 10.710000, 100, 2.000000, 0.210100
1476294814714, 10.690100, 10.690000, 1400, 10.710000, 100, 2.000000, 0.210100
1476294816171, 10.690100, 10.690000, 1400, 10.710000, 100, 2.000000, 0.210100
1476294818667, 10.690100, 10.690000, 1400, 10.710000, 100, 2.000000, 0.210100
1476294820673, 10.690100, 10.690000, 1400, 10.710000, 100, 2.000000, 0.210100
1476294822671, 10.690100, 10.690000, 1400, 10.710000, 100, 2.000000, 0.210100
1476294824669, 10.690100, 10.690000, 1400, 10.710000, 200, 2.000000, 0.210100
1476294826665, 10.690100, 10.690000, 1400, 10.710000, 200, 2.000000, 0.210100
1476294828710, 10.697600, 10.690000, 1400, 10.710000, 200, 2.080000, 0.217600
1476294830680, 10.695000, 10.690000, 1400, 10.700000, 200, 2.050000, 0.215000
1476294832674, 10.695000, 10.690000, 1400, 10.700000, 200, 2.050000, 0.215000
1476294834675, 10.710000, 10.700000, 200, 10.720000, 100, 2.190000, 0.230000
1476294836678, 10.710000, 10.700000, 200, 10.720000, 100, 2.190000, 0.230000
1476294838680, 10.710000, 10.700000, 200, 10.720000, 100, 2.190000, 0.230000
1476294840672, 10.710000, 10.700000, 200, 10.720000, 100, 2.190000, 0.230000
1476294842179, 10.710000, 10.700000, 200, 10.720000, 100, 2.190000, 0.230000
1476294844679, 10.720000, 10.700000, 200, 10.720000, 100, 2.290000, 0.240000
1476294846685, 10.720000, 10.700000, 200, 10.720000, 100, 2.290000, 0.240000
1476294848684, 10.725000, 10.710000, 900, 10.740000, 200, 2.340000, 0.245000
1476294850677, 10.740000, 10.720000, 100, 10.740000, 200, 2.480000, 0.260000
1476294852177, 10.740000, 10.720000, 100, 10.740000, 100, 2.480000, 0.260000
1476294854683, 10.740000, 10.720000, 300, 10.740000, 100, 2.480000, 0.260000
1476294856685, 10.740000, 10.720000, 200, 10.740000, 100, 2.480000, 0.260000
1476294858688, 10.740000, 10.720000, 600, 10.740000, 100, 2.480000, 0.260000
1476294860684, 10.740000, 10.720000, 600, 10.740000, 100, 2.480000, 0.260000
1476294862684, 10.740000, 10.720000, 600, 10.740000, 100, 2.480000, 0.260000
1476294864686, 10.740000, 10.720000, 600, 10.740000, 100, 2.480000, 0.260000
1476294866711, 10.740000, 10.720000, 600, 10.740000, 100, 2.480000, 0.260000
1476294868691, 10.740000, 10.720000, 600, 10.740000, 100, 2.480000, 0.260000
1476294870683, 10.740000, 10.720000, 600, 10.740000, 100, 2.480000, 0.260000
1476294872682, 10.740000, 10.720000, 600, 10.740000, 100, 2.480000, 0.260000
1476294874684, 10.740000, 10.720000, 700, 10.740000, 100, 2.480000, 0.260000
1476294876694, 10.740000, 10.730000, 100, 10.750000, 200, 2.480000, 0.260000
1476294878671, 10.740000, 10.720000, 800, 10.750000, 200, 2.480000, 0.260000
1476294880724, 10.740000, 10.720000, 800, 10.750000, 200, 2.480000, 0.260000
1476294882677, 10.740000, 10.720000, 800, 10.750000, 200, 2.480000, 0.260000
1476294884698, 10.740000, 10.720000, 800, 10.750000, 200, 2.480000, 0.260000
1476294886691, 10.740000, 10.720000, 800, 10.750000, 200, 2.480000, 0.260000
1476294888681, 10.740000, 10.720000, 800, 10.750000, 200, 2.480000, 0.260000
1476294890699, 10.740000, 10.720000, 800, 10.750000, 200, 2.480000, 0.260000
1476294892687, 10.740000, 10.720000, 800, 10.750000, 200, 2.480000, 0.260000
1476294894724, 10.740000, 10.720000, 800, 10.750000, 200, 2.480000, 0.260000
1476294896707, 10.749900, 10.720000, 800, 10.750000, 100, 2.580000, 0.269900
1476294898693, 10.749900, 10.720000, 800, 10.750000, 200, 2.580000, 0.269900
1476294900686, 10.749900, 10.720000, 800, 10.750000, 200, 2.580000, 0.269900
1476294902698, 10.749900, 10.720000, 800, 10.750000, 200, 2.580000, 0.269900
1476294904699, 10.749900, 10.720000, 800, 10.750000, 200, 2.580000, 0.269900
1476294906697, 10.749900, 10.720000, 800, 10.750000, 200, 2.580000, 0.269900
1476294908701, 10.749900, 10.720000, 800, 10.750000, 200, 2.580000, 0.269900
1476294910704, 10.749900, 10.720000, 800, 10.750000, 200, 2.580000, 0.269900
1476294912733, 10.749900, 10.720000, 900, 10.740000, 100, 2.580000, 0.269900
1476294914693, 10.749900, 10.720000, 900, 10.740000, 100, 2.580000, 0.269900
1476294916696, 10.749900, 10.720000, 900, 10.740000, 100, 2.580000, 0.269900
1476294918715, 10.749900, 10.720000, 900, 10.740000, 100, 2.580000, 0.269900
1476294920684, 10.720000, 10.720000, 700, 10.740000, 100, 2.290000, 0.240000
1476294922697, 10.720000, 10.720000, 700, 10.740000, 100, 2.290000, 0.240000
1476294924697, 10.720000, 10.720000, 700, 10.740000, 100, 2.290000, 0.240000
1476294926705, 10.720000, 10.720000, 700, 10.740000, 100, 2.290000, 0.240000
1476294928199, 10.720000, 10.720000, 700, 10.740000, 100, 2.290000, 0.240000
1476294930710, 10.720000, 10.720000, 700, 10.740000, 100, 2.290000, 0.240000
1476294932704, 10.720000, 10.720000, 700, 10.740000, 100, 2.290000, 0.240000
1476294934714, 10.720000, 10.720000, 700, 10.740000, 100, 2.290000, 0.240000
1476294936706, 10.720000, 10.720000, 700, 10.740000, 100, 2.290000, 0.240000
1476294938712, 10.720000, 10.720000, 700, 10.740000, 100, 2.290000, 0.240000
1476294940710, 10.720000, 10.720000, 700, 10.740000, 100, 2.290000, 0.240000
1476294942686, 10.720000, 10.720000, 700, 10.740000, 100, 2.290000, 0.240000
1476294944706, 10.720000, 10.720000, 700, 10.740000, 100, 2.290000, 0.240000
1476294946715, 10.720000, 10.720000, 700, 10.740000, 100, 2.290000, 0.240000
1476294948712, 10.720000, 10.720000, 700, 10.740000, 100, 2.290000, 0.240000
1476294950691, 10.720000, 10.720000, 700, 10.740000, 100, 2.290000, 0.240000
1476294952208, 10.720000, 10.720000, 700, 10.740000, 100, 2.290000, 0.240000
1476294954713, 10.720000, 10.720000, 700, 10.740000, 100, 2.290000, 0.240000
1476294956726, 10.720000, 10.720000, 700, 10.740000, 100, 2.290000, 0.240000
1476294958719, 10.720000, 10.720000, 700, 10.740000, 100, 2.290000, 0.240000
1476294960714, 10.730000, 10.720000, 700, 10.740000, 200, 2.390000, 0.250000
1476294962711, 10.730000, 10.720000, 700, 10.740000, 200, 2.390000, 0.250000
1476294964735, 10.730000, 10.720000, 700, 10.740000, 200, 2.390000, 0.250000
1476294966727, 10.730000, 10.720000, 700, 10.740000, 200, 2.390000, 0.250000
1476294968758, 10.730000, 10.720000, 700, 10.740000, 200, 2.390000, 0.250000
1476294970730, 10.730000, 10.720000, 700, 10.740000, 200, 2.390000, 0.250000
1476294972724, 10.737300, 10.720000, 700, 10.740000, 200, 2.460000, 0.257300
1476294974751, 10.737300, 10.720000, 700, 10.740000, 200, 2.460000, 0.257300
1476294975708, 10.737300, 10.720000, 700, 10.740000, 200, 2.460000, 0.257300
1476294978709, 10.737300, 10.720000, 700, 10.740000, 200, 2.460000, 0.257300
1476294980222, 10.737300, 10.720000, 700, 10.740000, 200, 2.460000, 0.257300
1476294982708, 10.737300, 10.720000, 700, 10.740000, 200, 2.460000, 0.257300
1476294984723, 10.720100, 10.720000, 700, 10.740000, 200, 2.290000, 0.240100
1476294986758, 10.720100, 10.720000, 700, 10.740000, 200, 2.290000, 0.240100
1476294988716, 10.720100, 10.720000, 700, 10.740000, 200, 2.290000, 0.240100
1476294990722, 10.720100, 10.720000, 700, 10.740000, 200, 2.290000, 0.240100
1476294992715, 10.720100, 10.720000, 700, 10.740000, 200, 2.290000, 0.240100
1476294994720, 10.720100, 10.720000, 700, 10.740000, 200, 2.290000, 0.240100
1476294996220, 10.720100, 10.720000, 700, 10.740000, 200, 2.290000, 0.240100
1476294997723, 10.720100, 10.720000, 700, 10.740000, 200, 2.290000, 0.240100
1476295000764, 10.720100, 10.720000, 700, 10.740000, 200, 2.290000, 0.240100
1476295002711, 10.720100, 10.720000, 700, 10.740000, 200, 2.290000, 0.240100
1476295004726, 10.720100, 10.720000, 700, 10.740000, 200, 2.290000, 0.240100
1476295006719, 10.720100, 10.720000, 700, 10.740000, 200, 2.290000, 0.240100
1476295008222, 10.720100, 10.720000, 700, 10.740000, 200, 2.290000, 0.240100
1476295010716, 10.720100, 10.720000, 700, 10.740000, 200, 2.290000, 0.240100
1476295012737, 10.720100, 10.720000, 700, 10.740000, 200, 2.290000, 0.240100
1476295014729, 10.720100, 10.720000, 500, 10.740000, 500, 2.290000, 0.240100
1476295016715, 10.720100, 10.720000, 500, 10.740000, 500, 2.290000, 0.240100
1476295018722, 10.720100, 10.720000, 500, 10.740000, 500, 2.290000, 0.240100
1476295020737, 10.720100, 10.720000, 500, 10.740000, 500, 2.290000, 0.240100
1476295022710, 10.720000, 10.720000, 300, 10.730000, 200, 2.290000, 0.240000
1476295024714, 10.730000, 10.720000, 200, 10.730000, 200, 2.390000, 0.250000
1476295026820, 10.730000, 10.720000, 200, 10.730000, 200, 2.390000, 0.250000
1476295028750, 10.730000, 10.720000, 300, 10.730000, 200, 2.390000, 0.250000
1476295030731, 10.730000, 10.720000, 300, 10.730000, 200, 2.390000, 0.250000
1476295031722, 10.730000, 10.720000, 300, 10.730000, 200, 2.390000, 0.250000
1476295034731, 10.730000, 10.720000, 300, 10.730000, 200, 2.390000, 0.250000
1476295036743, 10.730000, 10.720000, 300, 10.730000, 200, 2.390000, 0.250000
1476295038731, 10.730000, 10.730000, 100, 10.740000, 200, 2.390000, 0.250000
1476295040725, 10.730000, 10.730000, 700, 10.740000, 200, 2.390000, 0.250000
1476295042765, 10.730000, 10.730000, 700, 10.740000, 200, 2.390000, 0.250000
1476295044775, 10.730000, 10.730000, 700, 10.740000, 200, 2.390000, 0.250000
1476295046734, 10.740000, 10.740000, 100, 10.750000, 100, 2.480000, 0.260000
1476295048223, 10.740000, 10.740000, 100, 10.750000, 200, 2.480000, 0.260000
1476295050740, 10.740000, 10.740000, 100, 10.750000, 200, 2.480000, 0.260000
1476295052734, 10.750000, 10.740000, 100, 10.750000, 100, 2.580000, 0.270000
1476295054735, 10.740000, 10.720000, 500, 10.740000, 100, 2.480000, 0.260000
1476295056735, 10.740000, 10.720000, 500, 10.740000, 100, 2.480000, 0.260000
1476295058278, 10.740000, 10.720000, 500, 10.740000, 100, 2.480000, 0.260000
1476295060749, 10.740000, 10.720000, 500, 10.740000, 100, 2.480000, 0.260000
1476295062739, 10.740000, 10.720000, 500, 10.740000, 100, 2.480000, 0.260000
1476295064737, 10.740000, 10.720000, 500, 10.740000, 100, 2.480000, 0.260000
1476295066751, 10.740000, 10.720000, 500, 10.740000, 100, 2.480000, 0.260000
1476295068244, 10.740000, 10.720000, 500, 10.740000, 100, 2.480000, 0.260000
1476295070735, 10.740000, 10.720000, 500, 10.740000, 100, 2.480000, 0.260000
1476295072732, 10.740000, 10.720000, 500, 10.740000, 100, 2.480000, 0.260000
1476295074748, 10.740000, 10.720000, 500, 10.740000, 100, 2.480000, 0.260000
1476295076243, 10.740000, 10.720000, 400, 10.740000, 100, 2.480000, 0.260000
1476295078649, 10.740000, 10.720000, 400, 10.740000, 100, 2.480000, 0.260000
1476295080667, 10.740000, 10.720000, 100, 10.730000, 100, 2.480000, 0.260000
1476295082650, 10.720000, 10.710000, 200, 10.730000, 100, 2.290000, 0.240000
1476295084656, 10.720000, 10.710000, 200, 10.730000, 100, 2.290000, 0.240000
1476295086672, 10.720000, 10.710000, 200, 10.730000, 100, 2.290000, 0.240000
1476295088654, 10.720000, 10.710000, 200, 10.730000, 100, 2.290000, 0.240000
1476295090657, 10.720000, 10.710000, 200, 10.730000, 100, 2.290000, 0.240000
1476295091660, 10.720000, 10.710000, 200, 10.730000, 100, 2.290000, 0.240000
1476295094664, 10.720000, 10.710000, 200, 10.730000, 100, 2.290000, 0.240000
1476295096657, 10.720000, 10.710000, 200, 10.730000, 100, 2.290000, 0.240000
1476295098700, 10.720000, 10.710000, 200, 10.730000, 100, 2.290000, 0.240000
1476295100662, 10.720000, 10.710000, 200, 10.730000, 200, 2.290000, 0.240000
1476295102664, 10.720000, 10.710000, 200, 10.730000, 200, 2.290000, 0.240000
1476295104665, 10.720000, 10.710000, 200, 10.730000, 200, 2.290000, 0.240000
1476295106664, 10.720000, 10.710000, 200, 10.730000, 200, 2.290000, 0.240000
1476295108661, 10.720000, 10.710000, 200, 10.730000, 200, 2.290000, 0.240000
1476295110659, 10.720000, 10.710000, 200, 10.730000, 200, 2.290000, 0.240000
1476295112665, 10.720000, 10.710000, 200, 10.730000, 200, 2.290000, 0.240000
1476295114676, 10.720000, 10.710000, 200, 10.730000, 200, 2.290000, 0.240000
1476295116667, 10.715000, 10.700000, 800, 10.720000, 100, 2.240000, 0.235000
1476295118161, 10.715000, 10.700000, 800, 10.720000, 100, 2.240000, 0.235000
1476295120667, 10.715000, 10.700000, 800, 10.720000, 100, 2.240000, 0.235000
1476295122664, 10.715000, 10.700000, 800, 10.720000, 100, 2.240000, 0.235000
1476295124670, 10.700000, 10.700000, 800, 10.720000, 200, 2.100000, 0.220000
1476295126671, 10.700000, 10.700000, 400, 10.720000, 200, 2.100000, 0.220000
1476295128683, 10.700000, 10.700000, 400, 10.720000, 200, 2.100000, 0.220000
1476295130667, 10.700000, 10.700000, 400, 10.720000, 200, 2.100000, 0.220000
1476295132668, 10.700000, 10.700000, 400, 10.720000, 200, 2.100000, 0.220000
1476295134658, 10.700000, 10.700000, 400, 10.720000, 200, 2.100000, 0.220000
1476295136665, 10.700000, 10.700000, 400, 10.720000, 100, 2.100000, 0.220000
1476295138707, 10.700000, 10.700000, 400, 10.720000, 100, 2.100000, 0.220000
1476295140675, 10.720000, 10.710000, 300, 10.720000, 100, 2.290000, 0.240000
1476295142692, 10.720000, 10.710000, 600, 10.750000, 500, 2.290000, 0.240000
1476295144681, 10.720000, 10.710000, 600, 10.750000, 500, 2.290000, 0.240000
1476295146675, 10.720000, 10.710000, 600, 10.750000, 500, 2.290000, 0.240000
1476295148670, 10.720000, 10.710000, 500, 10.750000, 400, 2.290000, 0.240000
1476295150658, 10.720000, 10.710000, 500, 10.750000, 400, 2.290000, 0.240000
1476295152681, 10.720000, 10.710000, 500, 10.750000, 400, 2.290000, 0.240000
1476295154674, 10.720000, 10.710000, 500, 10.750000, 500, 2.290000, 0.240000
1476295156678, 10.720000, 10.710000, 500, 10.750000, 500, 2.290000, 0.240000
1476295158670, 10.720000, 10.710000, 500, 10.750000, 500, 2.290000, 0.240000
1476295160681, 10.720000, 10.710000, 500, 10.750000, 500, 2.290000, 0.240000
1476295162677, 10.720000, 10.710000, 500, 10.750000, 500, 2.290000, 0.240000
1476295164681, 10.720000, 10.710000, 500, 10.750000, 500, 2.290000, 0.240000
1476295166670, 10.720000, 10.710000, 500, 10.750000, 500, 2.290000, 0.240000
1476295168187, 10.720000, 10.710000, 500, 10.750000, 600, 2.290000, 0.240000
1476295170681, 10.720000, 10.710000, 500, 10.750000, 500, 2.290000, 0.240000
1476295172685, 10.730000, 10.720000, 100, 10.750000, 500, 2.390000, 0.250000
1476295174747, 10.730000, 10.720000, 100, 10.750000, 500, 2.390000, 0.250000
1476295176677, 10.730000, 10.710000, 1200, 10.750000, 600, 2.390000, 0.250000
1476295178679, 10.730000, 10.710000, 1200, 10.750000, 600, 2.390000, 0.250000
1476295180680, 10.730000, 10.710000, 1200, 10.750000, 600, 2.390000, 0.250000
1476295182686, 10.710000, 10.710000, 100, 10.730000, 100, 2.190000, 0.230000
1476295184680, 10.710000, 10.710000, 100, 10.730000, 100, 2.190000, 0.230000
1476295186699, 10.710000, 10.710000, 100, 10.730000, 100, 2.190000, 0.230000
1476295188707, 10.710000, 10.710000, 100, 10.730000, 100, 2.190000, 0.230000
1476295190691, 10.710000, 10.710000, 100, 10.730000, 100, 2.190000, 0.230000
1476295192685, 10.710000, 10.710000, 100, 10.730000, 100, 2.190000, 0.230000
1476295194682, 10.710000, 10.710000, 100, 10.730000, 100, 2.190000, 0.230000
1476295196687, 10.710000, 10.710000, 100, 10.730000, 100, 2.190000, 0.230000
1476295198692, 10.710000, 10.710000, 100, 10.730000, 100, 2.190000, 0.230000
1476295200687, 10.710000, 10.710000, 100, 10.730000, 100, 2.190000, 0.230000
1476295202715, 10.710000, 10.710000, 200, 10.730000, 100, 2.190000, 0.230000
1476295204700, 10.710000, 10.710000, 200, 10.730000, 100, 2.190000, 0.230000
1476295206695, 10.710000, 10.710000, 200, 10.730000, 100, 2.190000, 0.230000
1476295208688, 10.710000, 10.710000, 200, 10.730000, 200, 2.190000, 0.230000
1476295210695, 10.710000, 10.710000, 200, 10.730000, 200, 2.190000, 0.230000
1476295212693, 10.710000, 10.710000, 200, 10.730000, 200, 2.190000, 0.230000
1476295214695, 10.710000, 10.710000, 300, 10.730000, 200, 2.190000, 0.230000
1476295216706, 10.710000, 10.710000, 300, 10.730000, 200, 2.190000, 0.230000
1476295218210, 10.710000, 10.710000, 300, 10.730000, 200, 2.190000, 0.230000
1476295220704, 10.710000, 10.710000, 300, 10.730000, 200, 2.190000, 0.230000
1476295222213, 10.710000, 10.710000, 300, 10.730000, 200, 2.190000, 0.230000
1476295224694, 10.720000, 10.710000, 300, 10.720000, 100, 2.290000, 0.240000
1476295226700, 10.720000, 10.710000, 300, 10.720000, 100, 2.290000, 0.240000
1476295228686, 10.720000, 10.710000, 300, 10.720000, 100, 2.290000, 0.240000
1476295230693, 10.720000, 10.710000, 300, 10.720000, 100, 2.290000, 0.240000
1476295232184, 10.720000, 10.710000, 300, 10.720000, 100, 2.290000, 0.240000
1476295234699, 10.720000, 10.710000, 300, 10.720000, 100, 2.290000, 0.240000
1476295236687, 10.720000, 10.710000, 300, 10.720000, 100, 2.290000, 0.240000
1476295238697, 10.720000, 10.710000, 300, 10.720000, 100, 2.290000, 0.240000
1476295240706, 10.720000, 10.710000, 300, 10.720000, 100, 2.290000, 0.240000
1476295242699, 10.720000, 10.710000, 300, 10.720000, 100, 2.290000, 0.240000
1476295244713, 10.710000, 10.710000, 300, 10.720000, 200, 2.190000, 0.230000
1476295246706, 10.710000, 10.710000, 300, 10.720000, 200, 2.190000, 0.230000
1476295248703, 10.710000, 10.710000, 300, 10.720000, 200, 2.190000, 0.230000
1476295250702, 10.710000, 10.710000, 300, 10.720000, 200, 2.190000, 0.230000
1476295252695, 10.710000, 10.710000, 300, 10.720000, 200, 2.190000, 0.230000
1476295254703, 10.710000, 10.710000, 300, 10.720000, 200, 2.190000, 0.230000
1476295256702, 10.710000, 10.710000, 300, 10.720000, 200, 2.190000, 0.230000
1476295258700, 10.710000, 10.710000, 300, 10.720000, 200, 2.190000, 0.230000
1476295260700, 10.710000, 10.710000, 300, 10.720000, 200, 2.190000, 0.230000
1476295262704, 10.710000, 10.710000, 300, 10.720000, 200, 2.190000, 0.230000
1476295264703, 10.710000, 10.710000, 300, 10.720000, 200, 2.190000, 0.230000
1476295266740, 10.710000, 10.710000, 300, 10.720000, 200, 2.190000, 0.230000
1476295268710, 10.710000, 10.710000, 300, 10.720000, 200, 2.190000, 0.230000
1476295270707, 10.710000, 10.710000, 300, 10.720000, 200, 2.190000, 0.230000
1476295272716, 10.710000, 10.710000, 300, 10.720000, 200, 2.190000, 0.230000
1476295274716, 10.720000, 10.720000, 100, 10.730000, 100, 2.290000, 0.240000
1476295276709, 10.720000, 10.720000, 200, 10.730000, 100, 2.290000, 0.240000
1476295278214, 10.720000, 10.720000, 200, 10.740000, 300, 2.290000, 0.240000
1476295280711, 10.720000, 10.720000, 200, 10.740000, 500, 2.290000, 0.240000
1476295282689, 10.720000, 10.720000, 200, 10.740000, 500, 2.290000, 0.240000
1476295284714, 10.720000, 10.720000, 200, 10.740000, 500, 2.290000, 0.240000
1476295286712, 10.720000, 10.720000, 200, 10.740000, 500, 2.290000, 0.240000
1476295288714, 10.720000, 10.720000, 200, 10.730000, 100, 2.290000, 0.240000
1476295290724, 10.720000, 10.720000, 200, 10.730000, 100, 2.290000, 0.240000
1476295292230, 10.720000, 10.720000, 200, 10.730000, 100, 2.290000, 0.240000
1476295294727, 10.720000, 10.720000, 400, 10.730000, 200, 2.290000, 0.240000
1476295296718, 10.720000, 10.720000, 400, 10.730000, 200, 2.290000, 0.240000
1476295298724, 10.720000, 10.720000, 800, 10.730000, 200, 2.290000, 0.240000
1476295300706, 10.730000, 10.720000, 700, 10.730000, 200, 2.390000, 0.250000
1476295302718, 10.730000, 10.730000, 200, 10.740000, 500, 2.390000, 0.250000
1476295304715, 10.730000, 10.730000, 200, 10.740000, 500, 2.390000, 0.250000
1476295305749, 10.730000, 10.730000, 200, 10.740000, 500, 2.390000, 0.250000
1476295308716, 10.730000, 10.730000, 200, 10.740000, 300, 2.390000, 0.250000
1476295310258, 10.730000, 10.730000, 200, 10.740000, 300, 2.390000, 0.250000
1476295312722, 10.730000, 10.730000, 200, 10.740000, 400, 2.390000, 0.250000
1476295314226, 10.730000, 10.730000, 200, 10.740000, 400, 2.390000, 0.250000
1476295316719, 10.730000, 10.730000, 200, 10.740000, 400, 2.390000, 0.250000
1476295318732, 10.730000, 10.720000, 700, 10.730000, 200, 2.390000, 0.250000
1476295319237, 10.730000, 10.720000, 700, 10.730000, 200, 2.390000, 0.250000
1476295322738, 10.720000, 10.710000, 500, 10.730000, 100, 2.290000, 0.240000
1476295324720, 10.720000, 10.710000, 500, 10.730000, 100, 2.290000, 0.240000
1476295326733, 10.720000, 10.710000, 300, 10.730000, 100, 2.290000, 0.240000
1476295328716, 10.720000, 10.710000, 300, 10.730000, 100, 2.290000, 0.240000
1476295329717, 10.720000, 10.710000, 300, 10.730000, 100, 2.290000, 0.240000
1476295332226, 10.720000, 10.710000, 300, 10.730000, 100, 2.290000, 0.240000
1476295334752, 10.720000, 10.710000, 100, 10.720000, 300, 2.290000, 0.240000
1476295336233, 10.720000, 10.710000, 100, 10.720000, 300, 2.290000, 0.240000
1476295338725, 10.720000, 10.710000, 100, 10.720000, 300, 2.290000, 0.240000
1476295340724, 10.720000, 10.710000, 100, 10.720000, 300, 2.290000, 0.240000
1476295342729, 10.705000, 10.700000, 100, 10.720000, 300, 2.150000, 0.225000
1476295344736, 10.705000, 10.700000, 100, 10.720000, 500, 2.150000, 0.225000
1476295346739, 10.705000, 10.700000, 100, 10.720000, 500, 2.150000, 0.225000
1476295348748, 10.705000, 10.700000, 100, 10.720000, 400, 2.150000, 0.225000
1476295350243, 10.705000, 10.700000, 100, 10.710000, 200, 2.150000, 0.225000
1476295352727, 10.705000, 10.700000, 100, 10.710000, 200, 2.150000, 0.225000
1476295354770, 10.705000, 10.700000, 100, 10.710000, 200, 2.150000, 0.225000
1476295356739, 10.705000, 10.700000, 100, 10.710000, 200, 2.150000, 0.225000
1476295357734, 10.705000, 10.700000, 100, 10.710000, 200, 2.150000, 0.225000
1476295360740, 10.709800, 10.700000, 100, 10.710000, 200, 2.190000, 0.229800
1476295362745, 10.709800, 10.700000, 100, 10.710000, 200, 2.190000, 0.229800
1476295364738, 10.709800, 10.700000, 100, 10.710000, 200, 2.190000, 0.229800
1476295366735, 10.709800, 10.700000, 100, 10.710000, 200, 2.190000, 0.229800
1476295368781, 10.709800, 10.700000, 100, 10.710000, 200, 2.190000, 0.229800
1476295370734, 10.709800, 10.700000, 100, 10.710000, 200, 2.190000, 0.229800
1476295372736, 10.690000, 10.690000, 1300, 10.700000, 100, 2.000000, 0.210000
1476295374739, 10.690000, 10.690000, 1300, 10.700000, 400, 2.000000, 0.210000
1476295376277, 10.690000, 10.690000, 1300, 10.700000, 400, 2.000000, 0.210000
1476295378252, 10.690000, 10.690000, 1300, 10.700000, 400, 2.000000, 0.210000
1476295380731, 10.690000, 10.680000, 400, 10.700000, 400, 2.000000, 0.210000
1476295382741, 10.690000, 10.680000, 400, 10.700000, 100, 2.000000, 0.210000
1476295384741, 10.690000, 10.680000, 400, 10.700000, 100, 2.000000, 0.210000
1476295386243, 10.690000, 10.680000, 400, 10.700000, 100, 2.000000, 0.210000
1476295388647, 10.680000, 10.680000, 200, 10.690000, 100, 1.910000, 0.200000
1476295390671, 10.680000, 10.680000, 300, 10.690000, 100, 1.910000, 0.200000
1476295392156, 10.680000, 10.680000, 300, 10.690000, 100, 1.910000, 0.200000
1476295394657, 10.680000, 10.680000, 400, 10.690000, 100, 1.910000, 0.200000
1476295396657, 10.680000, 10.680000, 400, 10.690000, 100, 1.910000, 0.200000
1476295398159, 10.680000, 10.680000, 400, 10.690000, 100, 1.910000, 0.200000
1476295400657, 10.690000, 10.680000, 400, 10.700000, 500, 2.000000, 0.210000
1476295402161, 10.680000, 10.680000, 400, 10.700000, 500, 1.910000, 0.200000
1476295404672, 10.680000, 10.680000, 400, 10.690000, 400, 1.910000, 0.200000
1476295406656, 10.680000, 10.680000, 400, 10.690000, 300, 1.910000, 0.200000
1476295408659, 10.680000, 10.680000, 400, 10.690000, 300, 1.910000, 0.200000
1476295410662, 10.680000, 10.680000, 400, 10.690000, 300, 1.910000, 0.200000
1476295412665, 10.680000, 10.680000, 400, 10.690000, 300, 1.910000, 0.200000
1476295414656, 10.680000, 10.680000, 400, 10.690000, 300, 1.910000, 0.200000
1476295416663, 10.690000, 10.680000, 400, 10.690000, 200, 2.000000, 0.210000
1476295418665, 10.690000, 10.680000, 400, 10.690000, 100, 2.000000, 0.210000
1476295421168, 10.690000, 10.680000, 400, 10.690000, 100, 2.000000, 0.210000
1476295422666, 10.690000, 10.680000, 400, 10.690000, 100, 2.000000, 0.210000
1476295424658, 10.690000, 10.680000, 400, 10.700000, 200, 2.000000, 0.210000
1476295426658, 10.690000, 10.680000, 400, 10.700000, 100, 2.000000, 0.210000
1476295428674, 10.690000, 10.680000, 400, 10.700000, 100, 2.000000, 0.210000
1476295430672, 10.690000, 10.680000, 400, 10.700000, 100, 2.000000, 0.210000
1476295432232, 10.690000, 10.680000, 400, 10.700000, 100, 2.000000, 0.210000
1476295434687, 10.690000, 10.680000, 400, 10.700000, 100, 2.000000, 0.210000
1476295436167, 10.690000, 10.680000, 400, 10.700000, 100, 2.000000, 0.210000
1476295438664, 10.690000, 10.680000, 400, 10.700000, 100, 2.000000, 0.210000
1476295440668, 10.690000, 10.680000, 400, 10.700000, 100, 2.000000, 0.210000
1476295442166, 10.690000, 10.680000, 400, 10.700000, 100, 2.000000, 0.210000
1476295444668, 10.680000, 10.680000, 300, 10.700000, 100, 1.910000, 0.200000
1476295446690, 10.680000, 10.680000, 300, 10.700000, 100, 1.910000, 0.200000
1476295448690, 10.680000, 10.680000, 500, 10.700000, 100, 1.910000, 0.200000
1476295450677, 10.680000, 10.680000, 500, 10.700000, 100, 1.910000, 0.200000
1476295452681, 10.680000, 10.680000, 500, 10.700000, 100, 1.910000, 0.200000
1476295454674, 10.680000, 10.680000, 500, 10.700000, 100, 1.910000, 0.200000
1476295456672, 10.680000, 10.680000, 500, 10.700000, 100, 1.910000, 0.200000
1476295458673, 10.680000, 10.680000, 500, 10.700000, 100, 1.910000, 0.200000
1476295460715, 10.680000, 10.680000, 500, 10.700000, 100, 1.910000, 0.200000
1476295462681, 10.680000, 10.680000, 900, 10.700000, 100, 1.910000, 0.200000
1476295464667, 10.680000, 10.680000, 900, 10.700000, 100, 1.910000, 0.200000
1476295466675, 10.680000, 10.680000, 900, 10.700000, 100, 1.910000, 0.200000
1476295468675, 10.680000, 10.680000, 800, 10.700000, 100, 1.910000, 0.200000
1476295470675, 10.680000, 10.680000, 800, 10.700000, 100, 1.910000, 0.200000
1476295472673, 10.680000, 10.680000, 800, 10.700000, 100, 1.910000, 0.200000
1476295474716, 10.680000, 10.680000, 600, 10.700000, 200, 1.910000, 0.200000
1476295476679, 10.680000, 10.680000, 800, 10.700000, 200, 1.910000, 0.200000
1476295478680, 10.680000, 10.680000, 800, 10.700000, 200, 1.910000, 0.200000
1476295480670, 10.680000, 10.680000, 800, 10.700000, 200, 1.910000, 0.200000
1476295482682, 10.680000, 10.680000, 700, 10.700000, 100, 1.910000, 0.200000
1476295484678, 10.680000, 10.680000, 700, 10.700000, 100, 1.910000, 0.200000
1476295486675, 10.680000, 10.680000, 700, 10.700000, 100, 1.910000, 0.200000
1476295488717, 10.680000, 10.680000, 700, 10.700000, 100, 1.910000, 0.200000
1476295490183, 10.680000, 10.680000, 700, 10.700000, 100, 1.910000, 0.200000
1476295492691, 10.680000, 10.680000, 700, 10.700000, 300, 1.910000, 0.200000
1476295494674, 10.680000, 10.680000, 700, 10.700000, 300, 1.910000, 0.200000
1476295496681, 10.680000, 10.680000, 700, 10.700000, 300, 1.910000, 0.200000
1476295498686, 10.680000, 10.680000, 700, 10.700000, 300, 1.910000, 0.200000
1476295501171, 10.680000, 10.680000, 400, 10.700000, 700, 1.910000, 0.200000
1476295502187, 10.680000, 10.680000, 400, 10.700000, 700, 1.910000, 0.200000
1476295504187, 10.680000, 10.680000, 400, 10.700000, 200, 1.910000, 0.200000
1476295506700, 10.680000, 10.680000, 400, 10.700000, 200, 1.910000, 0.200000
1476295508683, 10.680000, 10.680000, 400, 10.700000, 200, 1.910000, 0.200000
1476295510697, 10.680000, 10.680000, 400, 10.700000, 800, 1.910000, 0.200000
1476295512689, 10.680000, 10.680000, 400, 10.700000, 600, 1.910000, 0.200000
1476295514691, 10.680000, 10.680000, 400, 10.690000, 100, 1.910000, 0.200000
1476295516731, 10.680000, 10.680000, 400, 10.690000, 100, 1.910000, 0.200000
1476295518686, 10.680000, 10.680000, 400, 10.690000, 200, 1.910000, 0.200000
1476295520693, 10.680000, 10.680000, 400, 10.690000, 200, 1.910000, 0.200000
1476295522193, 10.680000, 10.680000, 400, 10.690000, 200, 1.910000, 0.200000
1476295524687, 10.690000, 10.680000, 600, 10.700000, 200, 2.000000, 0.210000
1476295526696, 10.690000, 10.680000, 800, 10.700000, 200, 2.000000, 0.210000
1476295528689, 10.690000, 10.690000, 100, 10.700000, 200, 2.000000, 0.210000
1476295530696, 10.690000, 10.690000, 100, 10.700000, 200, 2.000000, 0.210000
1476295532713, 10.690000, 10.690000, 100, 10.700000, 200, 2.000000, 0.210000
1476295534739, 10.690000, 10.680000, 400, 10.700000, 300, 2.000000, 0.210000
1476295536701, 10.690000, 10.680000, 400, 10.700000, 300, 2.000000, 0.210000
1476295538685, 10.690000, 10.680000, 400, 10.700000, 300, 2.000000, 0.210000
1476295540694, 10.690000, 10.680000, 400, 10.700000, 300, 2.000000, 0.210000
1476295542692, 10.690000, 10.680000, 400, 10.700000, 300, 2.000000, 0.210000
1476295544693, 10.690000, 10.680000, 400, 10.700000, 300, 2.000000, 0.210000
1476295546704, 10.690000, 10.680000, 400, 10.700000, 300, 2.000000, 0.210000
1476295548730, 10.690000, 10.680000, 400, 10.700000, 300, 2.000000, 0.210000
1476295550704, 10.690000, 10.680000, 400, 10.700000, 300, 2.000000, 0.210000
1476295552694, 10.690000, 10.680000, 400, 10.700000, 300, 2.000000, 0.210000
1476295554704, 10.690000, 10.680000, 400, 10.700000, 300, 2.000000, 0.210000
1476295556710, 10.690000, 10.680000, 400, 10.700000, 300, 2.000000, 0.210000
1476295557694, 10.690000, 10.680000, 400, 10.700000, 300, 2.000000, 0.210000
1476295560710, 10.690000, 10.680000, 200, 10.690000, 500, 2.000000, 0.210000
1476295562715, 10.690000, 10.680000, 200, 10.690000, 500, 2.000000, 0.210000
1476295564718, 10.690000, 10.680000, 200, 10.690000, 600, 2.000000, 0.210000
1476295566706, 10.690000, 10.680000, 200, 10.690000, 600, 2.000000, 0.210000
1476295568206, 10.690000, 10.680000, 200, 10.690000, 600, 2.000000, 0.210000
1476295570708, 10.690000, 10.680000, 200, 10.690000, 600, 2.000000, 0.210000
1476295572704, 10.690000, 10.680000, 200, 10.690000, 600, 2.000000, 0.210000
1476295574703, 10.690000, 10.680000, 200, 10.690000, 500, 2.000000, 0.210000
1476295576723, 10.690000, 10.680000, 200, 10.690000, 500, 2.000000, 0.210000
1476295578741, 10.690000, 10.680000, 200, 10.690000, 500, 2.000000, 0.210000
1476295580708, 10.690000, 10.680000, 200, 10.690000, 500, 2.000000, 0.210000
1476295582692, 10.690000, 10.680000, 200, 10.690000, 500, 2.000000, 0.210000
1476295584721, 10.690000, 10.680000, 200, 10.690000, 600, 2.000000, 0.210000
1476295586706, 10.690000, 10.680000, 200, 10.690000, 700, 2.000000, 0.210000
1476295587711, 10.690000, 10.680000, 200, 10.690000, 700, 2.000000, 0.210000
1476295590713, 10.690000, 10.680000, 200, 10.690000, 700, 2.000000, 0.210000
1476295592697, 10.690000, 10.680000, 200, 10.690000, 700, 2.000000, 0.210000
1476295594707, 10.690000, 10.670000, 800, 10.690000, 700, 2.000000, 0.210000
1476295596723, 10.690000, 10.670000, 800, 10.690000, 600, 2.000000, 0.210000
1476295598723, 10.690000, 10.670000, 800, 10.690000, 600, 2.000000, 0.210000
1476295600714, 10.690000, 10.670000, 800, 10.690000, 600, 2.000000, 0.210000
1476295602711, 10.680000, 10.680000, 100, 10.690000, 300, 1.910000, 0.200000
1476295604728, 10.680000, 10.680000, 100, 10.690000, 300, 1.910000, 0.200000
1476295606711, 10.680000, 10.680000, 100, 10.690000, 300, 1.910000, 0.200000
1476295608732, 10.680000, 10.680000, 100, 10.690000, 300, 1.910000, 0.200000
1476295610713, 10.680000, 10.670000, 800, 10.690000, 300, 1.910000, 0.200000
1476295612712, 10.680000, 10.670000, 800, 10.690000, 300, 1.910000, 0.200000
1476295614715, 10.680000, 10.670000, 800, 10.690000, 300, 1.910000, 0.200000
1476295616716, 10.680000, 10.670000, 800, 10.690000, 300, 1.910000, 0.200000
1476295618713, 10.680000, 10.670000, 800, 10.690000, 300, 1.910000, 0.200000
1476295620704, 10.680000, 10.670000, 800, 10.690000, 300, 1.910000, 0.200000
1476295622723, 10.680000, 10.670000, 800, 10.690000, 300, 1.910000, 0.200000
1476295624719, 10.680000, 10.680000, 300, 10.690000, 400, 1.910000, 0.200000
1476295626221, 10.680000, 10.670000, 700, 10.690000, 400, 1.910000, 0.200000
1476295628711, 10.680000, 10.670000, 700, 10.690000, 300, 1.910000, 0.200000
1476295630716, 10.680000, 10.670000, 700, 10.690000, 300, 1.910000, 0.200000
1476295632723, 10.680000, 10.670000, 700, 10.690000, 300, 1.910000, 0.200000
1476295634237, 10.680000, 10.670000, 700, 10.690000, 300, 1.910000, 0.200000
1476295636718, 10.680000, 10.670000, 700, 10.690000, 300, 1.910000, 0.200000
1476295638704, 10.680000, 10.670000, 600, 10.680000, 200, 1.910000, 0.200000
1476295640731, 10.680000, 10.670000, 600, 10.680000, 200, 1.910000, 0.200000
1476295642721, 10.680000, 10.670000, 600, 10.690000, 200, 1.910000, 0.200000
1476295644729, 10.680000, 10.670000, 600, 10.690000, 200, 1.910000, 0.200000
1476295646235, 10.680000, 10.670000, 600, 10.690000, 200, 1.910000, 0.200000
1476295648768, 10.680000, 10.670000, 600, 10.690000, 200, 1.910000, 0.200000
1476295650777, 10.680000, 10.670000, 600, 10.690000, 500, 1.910000, 0.200000
1476295652730, 10.680000, 10.670000, 600, 10.690000, 200, 1.910000, 0.200000
1476295654714, 10.680000, 10.670000, 600, 10.690000, 200, 1.910000, 0.200000
1476295656215, 10.680000, 10.670000, 600, 10.690000, 200, 1.910000, 0.200000
1476295658722, 10.680000, 10.670000, 600, 10.690000, 200, 1.910000, 0.200000
1476295660721, 10.680000, 10.670000, 600, 10.690000, 200, 1.910000, 0.200000
1476295661730, 10.680000, 10.670000, 600, 10.690000, 200, 1.910000, 0.200000
1476295664709, 10.680000, 10.670000, 600, 10.690000, 200, 1.910000, 0.200000
1476295666746, 10.680000, 10.670000, 600, 10.690000, 200, 1.910000, 0.200000
1476295667727, 10.680000, 10.670000, 600, 10.690000, 200, 1.910000, 0.200000
1476295670712, 10.680000, 10.670000, 600, 10.690000, 200, 1.910000, 0.200000
1476295672725, 10.680000, 10.670000, 600, 10.690000, 200, 1.910000, 0.200000
1476295674713, 10.680000, 10.670000, 600, 10.690000, 100, 1.910000, 0.200000
1476295676720, 10.680000, 10.670000, 600, 10.690000, 100, 1.910000, 0.200000
1476295678745, 10.670000, 10.670000, 600, 10.690000, 100, 1.810000, 0.190000
1476295680774, 10.670000, 10.670000, 600, 10.690000, 300, 1.810000, 0.190000
1476295682721, 10.670000, 10.670000, 600, 10.690000, 300, 1.810000, 0.190000
1476295684740, 10.670000, 10.670000, 600, 10.690000, 200, 1.810000, 0.190000
1476295686718, 10.670000, 10.670000, 600, 10.690000, 200, 1.810000, 0.190000
1476295688728, 10.670000, 10.670000, 600, 10.690000, 200, 1.810000, 0.190000
1476295690717, 10.670000, 10.670000, 600, 10.690000, 200, 1.810000, 0.190000
1476295692752, 10.670000, 10.670000, 600, 10.690000, 200, 1.810000, 0.190000
1476295694747, 10.670000, 10.670000, 600, 10.690000, 400, 1.810000, 0.190000
1476295695760, 10.670000, 10.670000, 600, 10.690000, 400, 1.810000, 0.190000
1476295698224, 10.670000, 10.670000, 600, 10.690000, 400, 1.810000, 0.190000
1476295701146, 10.670000, 10.670000, 600, 10.680000, 200, 1.810000, 0.190000
1476295703154, 10.670000, 10.670000, 600, 10.680000, 200, 1.810000, 0.190000
1476295705155, 10.670000, 10.670000, 600, 10.690000, 600, 1.810000, 0.190000
1476295707169, 10.670000, 10.670000, 600, 10.690000, 600, 1.810000, 0.190000
1476295709170, 10.670000, 10.670000, 600, 10.690000, 600, 1.810000, 0.190000
1476295711157, 10.670000, 10.670000, 600, 10.690000, 600, 1.810000, 0.190000
1476295713157, 10.670000, 10.670000, 600, 10.690000, 600, 1.810000, 0.190000
1476295715152, 10.670000, 10.670000, 500, 10.690000, 400, 1.810000, 0.190000
1476295717152, 10.670000, 10.670000, 500, 10.690000, 400, 1.810000, 0.190000
1476295719158, 10.670000, 10.670000, 500, 10.690000, 400, 1.810000, 0.190000
1476295721160, 10.670000, 10.670000, 500, 10.690000, 400, 1.810000, 0.190000
1476295723159, 10.670000, 10.670000, 500, 10.690000, 400, 1.810000, 0.190000
1476295725151, 10.670000, 10.670000, 500, 10.690000, 400, 1.810000, 0.190000
1476295727162, 10.670000, 10.670000, 500, 10.690000, 400, 1.810000, 0.190000
1476295729159, 10.670000, 10.670000, 500, 10.690000, 400, 1.810000, 0.190000
1476295731192, 10.670000, 10.670000, 500, 10.690000, 400, 1.810000, 0.190000
1476295733164, 10.670000, 10.670000, 500, 10.690000, 400, 1.810000, 0.190000
1476295735175, 10.670000, 10.670000, 500, 10.690000, 400, 1.810000, 0.190000
1476295737166, 10.670000, 10.670000, 500, 10.690000, 400, 1.810000, 0.190000
1476295739168, 10.670000, 10.670000, 500, 10.690000, 400, 1.810000, 0.190000
1476295741175, 10.665000, 10.650000, 1100, 10.680000, 100, 1.770000, 0.185000
1476295743166, 10.665000, 10.650000, 1100, 10.680000, 100, 1.770000, 0.185000
1476295745170, 10.665000, 10.650000, 1100, 10.680000, 100, 1.770000, 0.185000
1476295747158, 10.665000, 10.650000, 1100, 10.680000, 100, 1.770000, 0.185000
1476295749198, 10.665000, 10.650000, 1100, 10.680000, 100, 1.770000, 0.185000
1476295751183, 10.665000, 10.650000, 1100, 10.680000, 100, 1.770000, 0.185000
1476295753160, 10.665000, 10.650000, 1100, 10.680000, 100, 1.770000, 0.185000
1476295755170, 10.665000, 10.650000, 1100, 10.680000, 100, 1.770000, 0.185000
1476295757172, 10.665000, 10.650000, 1100, 10.680000, 100, 1.770000, 0.185000
1476295759174, 10.665000, 10.650000, 1100, 10.680000, 100, 1.770000, 0.185000
1476295761174, 10.665000, 10.650000, 1100, 10.680000, 100, 1.770000, 0.185000
1476295762673, 10.665000, 10.650000, 1100, 10.680000, 100, 1.770000, 0.185000
1476295764661, 10.665000, 10.650000, 1100, 10.680000, 100, 1.770000, 0.185000
1476295767176, 10.665000, 10.650000, 400, 10.670000, 300, 1.770000, 0.185000
1476295769197, 10.665000, 10.650000, 400, 10.670000, 300, 1.770000, 0.185000
1476295771172, 10.665000, 10.650000, 400, 10.670000, 300, 1.770000, 0.185000
1476295773177, 10.665000, 10.650000, 400, 10.670000, 300, 1.770000, 0.185000
1476295775164, 10.665000, 10.650000, 400, 10.670000, 300, 1.770000, 0.185000
1476295777171, 10.665000, 10.650000, 400, 10.670000, 300, 1.770000, 0.185000
1476295779179, 10.665000, 10.650000, 400, 10.670000, 300, 1.770000, 0.185000
1476295781204, 10.665000, 10.650000, 500, 10.670000, 300, 1.770000, 0.185000
1476295782680, 10.665000, 10.650000, 500, 10.670000, 300, 1.770000, 0.185000
1476295785181, 10.665000, 10.650000, 500, 10.670000, 300, 1.770000, 0.185000
1476295786670, 10.665000, 10.650000, 500, 10.670000, 300, 1.770000, 0.185000
1476295789176, 10.680000, 10.660000, 500, 10.680000, 100, 1.910000, 0.200000
1476295791181, 10.680000, 10.660000, 500, 10.680000, 100, 1.910000, 0.200000
1476295792681, 10.680000, 10.670000, 500, 10.690000, 300, 1.910000, 0.200000
1476295795167, 10.680000, 10.670000, 500, 10.690000, 200, 1.910000, 0.200000
1476295797192, 10.680000, 10.670000, 500, 10.690000, 200, 1.910000, 0.200000
1476295798672, 10.680000, 10.670000, 500, 10.690000, 100, 1.910000, 0.200000
1476295801179, 10.680000, 10.670000, 500, 10.690000, 100, 1.910000, 0.200000
1476295802684, 10.680000, 10.670000, 500, 10.690000, 100, 1.910000, 0.200000
1476295805182, 10.680000, 10.670000, 500, 10.690000, 100, 1.910000, 0.200000
1476295807187, 10.680000, 10.670000, 500, 10.690000, 100, 1.910000, 0.200000
1476295808704, 10.680000, 10.670000, 500, 10.690000, 100, 1.910000, 0.200000
1476295811200, 10.680000, 10.670000, 500, 10.690000, 100, 1.910000, 0.200000
1476295813184, 10.670000, 10.670000, 500, 10.690000, 200, 1.810000, 0.190000
1476295815185, 10.670000, 10.670000, 500, 10.690000, 200, 1.810000, 0.190000
1476295817189, 10.670000, 10.670000, 500, 10.690000, 200, 1.810000, 0.190000
1476295819192, 10.670000, 10.670000, 700, 10.690000, 200, 1.810000, 0.190000
1476295821185, 10.670000, 10.670000, 700, 10.690000, 200, 1.810000, 0.190000
1476295823189, 10.670000, 10.670000, 600, 10.690000, 200, 1.810000, 0.190000
1476295825208, 10.670000, 10.670000, 600, 10.690000, 200, 1.810000, 0.190000
1476295827190, 10.670000, 10.670000, 600, 10.690000, 200, 1.810000, 0.190000
1476295829191, 10.670000, 10.670000, 600, 10.690000, 200, 1.810000, 0.190000
1476295830692, 10.690000, 10.670000, 600, 10.690000, 200, 2.000000, 0.210000
1476295833187, 10.690000, 10.670000, 600, 10.690000, 200, 2.000000, 0.210000
1476295835190, 10.690000, 10.670000, 600, 10.690000, 200, 2.000000, 0.210000
1476295836687, 10.690000, 10.670000, 600, 10.690000, 200, 2.000000, 0.210000
1476295839199, 10.690000, 10.670000, 600, 10.690000, 200, 2.000000, 0.210000
1476295841193, 10.690000, 10.670000, 600, 10.690000, 200, 2.000000, 0.210000
1476295843189, 10.690000, 10.670000, 600, 10.690000, 200, 2.000000, 0.210000
1476295845185, 10.690000, 10.670000, 600, 10.690000, 200, 2.000000, 0.210000
1476295847196, 10.690000, 10.670000, 800, 10.690000, 200, 2.000000, 0.210000
1476295849195, 10.690000, 10.670000, 800, 10.690000, 200, 2.000000, 0.210000
1476295851188, 10.690000, 10.670000, 700, 10.690000, 200, 2.000000, 0.210000
1476295852707, 10.690000, 10.690000, 100, 10.710000, 500, 2.000000, 0.210000
1476295853772, 10.690000, 10.690000, 100, 10.710000, 400, 2.000000, 0.210000
1476295856700, 10.690000, 10.690000, 100, 10.710000, 400, 2.000000, 0.210000
1476295859205, 10.700000, 10.700000, 100, 10.710000, 500, 2.100000, 0.220000
1476295860693, 10.700000, 10.700000, 100, 10.710000, 500, 2.100000, 0.220000
1476295863198, 10.700000, 10.700000, 100, 10.710000, 400, 2.100000, 0.220000
1476295865220, 10.700000, 10.700000, 100, 10.710000, 300, 2.100000, 0.220000
1476295867215, 10.700000, 10.700000, 100, 10.710000, 300, 2.100000, 0.220000
1476295869212, 10.700000, 10.700000, 100, 10.710000, 300, 2.100000, 0.220000
1476295871204, 10.700000, 10.700000, 100, 10.710000, 300, 2.100000, 0.220000
1476295873200, 10.700000, 10.690000, 200, 10.710000, 200, 2.100000, 0.220000
1476295875202, 10.700000, 10.690000, 200, 10.700000, 100, 2.100000, 0.220000
1476295877214, 10.700000, 10.690000, 200, 10.700000, 100, 2.100000, 0.220000
1476295879200, 10.700000, 10.690000, 200, 10.700000, 100, 2.100000, 0.220000
1476295881229, 10.700000, 10.690000, 200, 10.700000, 100, 2.100000, 0.220000
1476295883205, 10.700000, 10.690000, 200, 10.700000, 100, 2.100000, 0.220000
1476295885205, 10.700000, 10.690000, 200, 10.700000, 100, 2.100000, 0.220000
1476295887212, 10.700000, 10.690000, 200, 10.700000, 200, 2.100000, 0.220000
1476295889192, 10.700000, 10.690000, 200, 10.700000, 200, 2.100000, 0.220000
1476295891204, 10.700000, 10.690000, 200, 10.700000, 200, 2.100000, 0.220000
1476295893211, 10.700000, 10.690000, 200, 10.700000, 200, 2.100000, 0.220000
1476295895196, 10.700000, 10.690000, 200, 10.700000, 200, 2.100000, 0.220000
1476295897229, 10.700000, 10.690000, 200, 10.700000, 200, 2.100000, 0.220000
1476295899212, 10.700000, 10.690000, 200, 10.700000, 200, 2.100000, 0.220000
1476295901214, 10.700000, 10.690000, 200, 10.700000, 200, 2.100000, 0.220000
1476295903212, 10.700000, 10.690000, 200, 10.700000, 200, 2.100000, 0.220000
1476295905216, 10.690000, 10.690000, 200, 10.700000, 200, 2.000000, 0.210000
1476295907212, 10.690000, 10.690000, 200, 10.700000, 200, 2.000000, 0.210000
1476295909225, 10.690000, 10.690000, 200, 10.700000, 100, 2.000000, 0.210000
1476295911212, 10.690000, 10.690000, 200, 10.700000, 100, 2.000000, 0.210000
1476295913251, 10.690000, 10.690000, 100, 10.700000, 400, 2.000000, 0.210000
1476295915216, 10.690000, 10.680000, 200, 10.700000, 500, 2.000000, 0.210000
1476295917201, 10.690000, 10.680000, 200, 10.700000, 700, 2.000000, 0.210000
1476295919218, 10.690000, 10.680000, 100, 10.700000, 600, 2.000000, 0.210000
1476295921217, 10.690000, 10.680000, 100, 10.700000, 600, 2.000000, 0.210000
1476295923285, 10.690000, 10.680000, 100, 10.700000, 600, 2.000000, 0.210000
1476295925237, 10.690000, 10.680000, 200, 10.700000, 600, 2.000000, 0.210000
1476295927245, 10.690000, 10.680000, 200, 10.690000, 100, 2.000000, 0.210000
1476295929228, 10.690000, 10.680000, 200, 10.690000, 100, 2.000000, 0.210000
1476295931218, 10.680000, 10.680000, 200, 10.690000, 300, 1.910000, 0.200000
1476295932721, 10.690000, 10.690000, 100, 10.700000, 400, 2.000000, 0.210000
1476295935226, 10.690000, 10.690000, 200, 10.700000, 400, 2.000000, 0.210000
1476295937220, 10.690000, 10.690000, 200, 10.700000, 300, 2.000000, 0.210000
1476295939218, 10.690000, 10.690000, 200, 10.700000, 100, 2.000000, 0.210000
1476295941229, 10.710000, 10.700000, 100, 10.710000, 400, 2.190000, 0.230000
1476295943230, 10.710000, 10.700000, 100, 10.710000, 400, 2.190000, 0.230000
1476295945225, 10.710000, 10.700000, 100, 10.710000, 400, 2.190000, 0.230000
1476295946716, 10.700000, 10.700000, 100, 10.710000, 400, 2.100000, 0.220000
1476295949232, 10.700000, 10.700000, 100, 10.710000, 400, 2.100000, 0.220000
1476295951232, 10.700000, 10.700000, 100, 10.710000, 300, 2.100000, 0.220000
1476295953248, 10.700000, 10.700000, 100, 10.710000, 300, 2.100000, 0.220000
1476295955230, 10.700000, 10.700000, 100, 10.710000, 300, 2.100000, 0.220000
1476295956738, 10.700000, 10.700000, 100, 10.710000, 300, 2.100000, 0.220000
1476295958729, 10.700000, 10.690000, 100, 10.700000, 200, 2.100000, 0.220000
1476295960735, 10.700000, 10.690000, 100, 10.700000, 200, 2.100000, 0.220000
1476295963233, 10.700000, 10.700000, 200, 10.710000, 300, 2.100000, 0.220000
1476295965234, 10.700000, 10.700000, 200, 10.710000, 300, 2.100000, 0.220000
1476295967246, 10.720000, 10.710000, 300, 10.720000, 200, 2.290000, 0.240000
1476295969246, 10.730000, 10.730000, 200, 10.740000, 100, 2.390000, 0.250000
1476295971223, 10.757000, 10.740000, 400, 10.760000, 100, 2.640000, 0.277000
1476295973234, 10.770000, 10.760000, 500, 10.790000, 100, 2.770000, 0.290000
1476295975230, 10.770000, 10.760000, 500, 10.790000, 100, 2.770000, 0.290000
1476295976747, 10.770000, 10.750000, 500, 10.780000, 100, 2.770000, 0.290000
1476295979231, 10.770000, 10.750000, 500, 10.780000, 100, 2.770000, 0.290000
1476295980750, 10.770000, 10.750000, 500, 10.780000, 100, 2.770000, 0.290000
1476295983251, 10.770000, 10.750000, 500, 10.780000, 100, 2.770000, 0.290000
1476295985252, 10.770000, 10.750000, 500, 10.780000, 100, 2.770000, 0.290000
1476295987232, 10.770000, 10.750000, 500, 10.780000, 100, 2.770000, 0.290000
1476295989246, 10.770000, 10.760000, 500, 10.780000, 100, 2.770000, 0.290000
1476295991245, 10.770000, 10.760000, 500, 10.780000, 100, 2.770000, 0.290000
1476295993258, 10.770000, 10.760000, 200, 10.780000, 100, 2.770000, 0.290000
1476295995290, 10.800000, 10.780000, 400, 10.820000, 300, 3.050000, 0.320000
1476295997251, 10.800000, 10.770000, 300, 10.820000, 100, 3.050000, 0.320000
1476295999255, 10.800000, 10.770000, 300, 10.820000, 100, 3.050000, 0.320000
1476296000745, 10.800000, 10.770000, 300, 10.820000, 100, 3.050000, 0.320000
1476296003249, 10.800000, 10.770000, 600, 10.820000, 100, 3.050000, 0.320000
1476296005306, 10.780000, 10.770000, 600, 10.820000, 100, 2.860000, 0.300000
1476296007250, 10.780000, 10.770000, 600, 10.820000, 100, 2.860000, 0.300000
1476296009246, 10.780000, 10.770000, 600, 10.810000, 400, 2.860000, 0.300000
1476296010761, 10.780000, 10.770000, 600, 10.810000, 400, 2.860000, 0.300000
1476296012754, 10.750000, 10.730000, 800, 10.760000, 100, 2.580000, 0.270000
1476296015158, 10.760000, 10.730000, 1100, 10.760000, 100, 2.670000, 0.280000
1476296017158, 10.760000, 10.740000, 600, 10.780000, 100, 2.670000, 0.280000
1476296019158, 10.760000, 10.750000, 400, 10.800000, 300, 2.670000, 0.280000
1476296021152, 10.760000, 10.750000, 400, 10.790000, 300, 2.670000, 0.280000
1476296023157, 10.770000, 10.750000, 300, 10.790000, 500, 2.770000, 0.290000
1476296025180, 10.770000, 10.750000, 300, 10.790000, 500, 2.770000, 0.290000
1476296027184, 10.770000, 10.750000, 300, 10.790000, 100, 2.770000, 0.290000
1476296029152, 10.770000, 10.760000, 300, 10.790000, 100, 2.770000, 0.290000
1476296031161, 10.770000, 10.760000, 100, 10.780000, 200, 2.770000, 0.290000
1476296033159, 10.770000, 10.760000, 100, 10.780000, 200, 2.770000, 0.290000
1476296034660, 10.770000, 10.760000, 100, 10.780000, 200, 2.770000, 0.290000
1476296036666, 10.770000, 10.760000, 100, 10.780000, 200, 2.770000, 0.290000
1476296038667, 10.770000, 10.760000, 200, 10.780000, 200, 2.770000, 0.290000
1476296041199, 10.760000, 10.760000, 200, 10.780000, 200, 2.670000, 0.280000
1476296043155, 10.760000, 10.760000, 200, 10.780000, 200, 2.670000, 0.280000
1476296045164, 10.760000, 10.760000, 200, 10.780000, 200, 2.670000, 0.280000
1476296047168, 10.760000, 10.760000, 200, 10.790000, 100, 2.670000, 0.280000
1476296049170, 10.760000, 10.760000, 200, 10.790000, 100, 2.670000, 0.280000
1476296051159, 10.760000, 10.760000, 200, 10.790000, 100, 2.670000, 0.280000
1476296053178, 10.760000, 10.760000, 500, 10.790000, 100, 2.670000, 0.280000
1476296055170, 10.760000, 10.760000, 500, 10.790000, 100, 2.670000, 0.280000
1476296057179, 10.760000, 10.760000, 500, 10.790000, 100, 2.670000, 0.280000
1476296059176, 10.760000, 10.760000, 500, 10.790000, 100, 2.670000, 0.280000
1476296061167, 10.760000, 10.760000, 500, 10.790000, 100, 2.670000, 0.280000
1476296063206, 10.760000, 10.760000, 500, 10.790000, 100, 2.670000, 0.280000
1476296065174, 10.760000, 10.760000, 500, 10.790000, 100, 2.670000, 0.280000
1476296067183, 10.760000, 10.760000, 500, 10.790000, 100, 2.670000, 0.280000
1476296069176, 10.760000, 10.760000, 500, 10.790000, 100, 2.670000, 0.280000
1476296071166, 10.760000, 10.760000, 400, 10.790000, 100, 2.670000, 0.280000
1476296072677, 10.760000, 10.760000, 400, 10.790000, 100, 2.670000, 0.280000
1476296074686, 10.760000, 10.770000, 100, 10.790000, 100, 2.670000, 0.280000
1476296077184, 10.770000, 10.760000, 300, 10.780000, 100, 2.770000, 0.290000
1476296079174, 10.770000, 10.760000, 300, 10.780000, 100, 2.770000, 0.290000
1476296080697, 10.770000, 10.760000, 300, 10.780000, 100, 2.770000, 0.290000
1476296083184, 10.770000, 10.760000, 300, 10.780000, 100, 2.770000, 0.290000
1476296084686, 10.770000, 10.760000, 300, 10.780000, 100, 2.770000, 0.290000
1476296087180, 10.770000, 10.760000, 300, 10.780000, 100, 2.770000, 0.290000
1476296089182, 10.770000, 10.760000, 300, 10.780000, 100, 2.770000, 0.290000
1476296091182, 10.780000, 10.770000, 200, 10.780000, 100, 2.860000, 0.300000
1476296093178, 10.780000, 10.770000, 500, 10.800000, 100, 2.860000, 0.300000
1476296093178, 10.780000, 10.770000, 500, 10.800000, 100, 2.860000, 0.300000
1476296097237, 10.780000, 10.770000, 700, 10.810000, 400, 2.860000, 0.300000
1476296098686, 10.780000, 10.770000, 700, 10.810000, 400, 2.860000, 0.300000
1476296101193, 10.780000, 10.770000, 700, 10.810000, 400, 2.860000, 0.300000
1476296103177, 10.780000, 10.770000, 700, 10.810000, 100, 2.860000, 0.300000
1476296105190, 10.780000, 10.770000, 700, 10.810000, 100, 2.860000, 0.300000
1476296107180, 10.780000, 10.770000, 700, 10.810000, 100, 2.860000, 0.300000
1476296109200, 10.780000, 10.770000, 700, 10.810000, 100, 2.860000, 0.300000
1476296110762, 10.780000, 10.770000, 700, 10.810000, 100, 2.860000, 0.300000
1476296113176, 10.780000, 10.770000, 700, 10.810000, 100, 2.860000, 0.300000
1476296115188, 10.780000, 10.770000, 700, 10.810000, 100, 2.860000, 0.300000
1476296117184, 10.780000, 10.770000, 700, 10.810000, 100, 2.860000, 0.300000
1476296119195, 10.780000, 10.770000, 700, 10.810000, 100, 2.860000, 0.300000
1476296121192, 10.780000, 10.770000, 700, 10.810000, 100, 2.860000, 0.300000
1476296123194, 10.780000, 10.770000, 800, 10.810000, 100, 2.860000, 0.300000
1476296125186, 10.780000, 10.770000, 800, 10.810000, 100, 2.860000, 0.300000
1476296127190, 10.780000, 10.770000, 800, 10.810000, 100, 2.860000, 0.300000
1476296129198, 10.780000, 10.770000, 800, 10.810000, 100, 2.860000, 0.300000
1476296131227, 10.780000, 10.770000, 800, 10.810000, 100, 2.860000, 0.300000
1476296133201, 10.780000, 10.780000, 600, 10.810000, 100, 2.860000, 0.300000
1476296135196, 10.780000, 10.780000, 600, 10.810000, 100, 2.860000, 0.300000
1476296137202, 10.780000, 10.780000, 600, 10.810000, 100, 2.860000, 0.300000
1476296139209, 10.780000, 10.780000, 400, 10.810000, 100, 2.860000, 0.300000
1476296141200, 10.780000, 10.780000, 400, 10.810000, 100, 2.860000, 0.300000
1476296143200, 10.780000, 10.780000, 400, 10.810000, 100, 2.860000, 0.300000
1476296145203, 10.780000, 10.780000, 400, 10.810000, 100, 2.860000, 0.300000
1476296147209, 10.780000, 10.780000, 400, 10.810000, 100, 2.860000, 0.300000
1476296148705, 10.780000, 10.780000, 400, 10.810000, 100, 2.860000, 0.300000
1476296151197, 10.780000, 10.780000, 400, 10.810000, 100, 2.860000, 0.300000
1476296153202, 10.780000, 10.780000, 400, 10.810000, 100, 2.860000, 0.300000
1476296155198, 10.780000, 10.780000, 400, 10.810000, 100, 2.860000, 0.300000
1476296157189, 10.780000, 10.780000, 400, 10.810000, 100, 2.860000, 0.300000
1476296159202, 10.780000, 10.780000, 400, 10.810000, 100, 2.860000, 0.300000
1476296161203, 10.780000, 10.780000, 400, 10.810000, 100, 2.860000, 0.300000
1476296162704, 10.780000, 10.780000, 200, 10.810000, 100, 2.860000, 0.300000
1476296164697, 10.780000, 10.780000, 200, 10.810000, 100, 2.860000, 0.300000
1476296167189, 10.780000, 10.780000, 300, 10.800000, 200, 2.860000, 0.300000
1476296169251, 10.780000, 10.780000, 300, 10.800000, 200, 2.860000, 0.300000
1476296171190, 10.780000, 10.780000, 300, 10.800000, 200, 2.860000, 0.300000
1476296173205, 10.780000, 10.780000, 400, 10.800000, 200, 2.860000, 0.300000
1476296175249, 10.780000, 10.780000, 400, 10.800000, 200, 2.860000, 0.300000
1476296177209, 10.780000, 10.780000, 400, 10.800000, 200, 2.860000, 0.300000
1476296179211, 10.780000, 10.780000, 300, 10.800000, 200, 2.860000, 0.300000
1476296181195, 10.780000, 10.780000, 400, 10.800000, 200, 2.860000, 0.300000
1476296183214, 10.780000, 10.780000, 400, 10.800000, 200, 2.860000, 0.300000
1476296184726, 10.780000, 10.780000, 400, 10.800000, 200, 2.860000, 0.300000
1476296186710, 10.780000, 10.780000, 400, 10.800000, 200, 2.860000, 0.300000
1476296189213, 10.780000, 10.780000, 400, 10.800000, 200, 2.860000, 0.300000
1476296190727, 10.780000, 10.780000, 400, 10.800000, 200, 2.860000, 0.300000
1476296192717, 10.780000, 10.780000, 400, 10.800000, 200, 2.860000, 0.300000
1476296194708, 10.780000, 10.780000, 400, 10.800000, 200, 2.860000, 0.300000
1476296197246, 10.780000, 10.780000, 400, 10.800000, 200, 2.860000, 0.300000
1476296199228, 10.780000, 10.780000, 400, 10.800000, 200, 2.860000, 0.300000
1476296200750, 10.780000, 10.780000, 400, 10.800000, 200, 2.860000, 0.300000
1476296203208, 10.780000, 10.780000, 400, 10.800000, 200, 2.860000, 0.300000
1476296205221, 10.780000, 10.780000, 400, 10.800000, 200, 2.860000, 0.300000
1476296207221, 10.780000, 10.780000, 300, 10.800000, 200, 2.860000, 0.300000
1476296209225, 10.780000, 10.780000, 300, 10.800000, 200, 2.860000, 0.300000
1476296211232, 10.780000, 10.760000, 700, 10.790000, 200, 2.860000, 0.300000
1476296213240, 10.780000, 10.760000, 700, 10.790000, 200, 2.860000, 0.300000
1476296215208, 10.780000, 10.760000, 500, 10.790000, 200, 2.860000, 0.300000
1476296217222, 10.780000, 10.760000, 400, 10.780000, 100, 2.860000, 0.300000
1476296219233, 10.780000, 10.760000, 400, 10.780000, 200, 2.860000, 0.300000
1476296220731, 10.780000, 10.760000, 400, 10.780000, 200, 2.860000, 0.300000
1476296223218, 10.790000, 10.770000, 700, 10.800000, 100, 2.960000, 0.310000
1476296225225, 10.790000, 10.780000, 800, 10.800000, 100, 2.960000, 0.310000
1476296227240, 10.790000, 10.780000, 800, 10.800000, 100, 2.960000, 0.310000
1476296229237, 10.790000, 10.780000, 800, 10.800000, 100, 2.960000, 0.310000
1476296230729, 10.790000, 10.780000, 500, 10.800000, 100, 2.960000, 0.310000
1476296233230, 10.780100, 10.780000, 500, 10.800000, 200, 2.860000, 0.300100
1476296235234, 10.780100, 10.780000, 500, 10.800000, 200, 2.860000, 0.300100
1476296237228, 10.790000, 10.780000, 500, 10.800000, 200, 2.960000, 0.310000
1476296239229, 10.790000, 10.770000, 200, 10.800000, 200, 2.960000, 0.310000
1476296241253, 10.790000, 10.770000, 200, 10.800000, 100, 2.960000, 0.310000
1476296243290, 10.790000, 10.770000, 200, 10.800000, 100, 2.960000, 0.310000
1476296245229, 10.790000, 10.770000, 200, 10.800000, 100, 2.960000, 0.310000
1476296247228, 10.770000, 10.760000, 300, 10.790000, 200, 2.770000, 0.290000
1476296249240, 10.760100, 10.760000, 100, 10.780000, 100, 2.670000, 0.280100
1476296251222, 10.760100, 10.760000, 100, 10.780000, 100, 2.670000, 0.280100
1476296253266, 10.760100, 10.760000, 300, 10.780000, 100, 2.670000, 0.280100
1476296255248, 10.760100, 10.760000, 300, 10.780000, 100, 2.670000, 0.280100
1476296256748, 10.760100, 10.760000, 300, 10.780000, 100, 2.670000, 0.280100
1476296259235, 10.760100, 10.760000, 300, 10.780000, 100, 2.670000, 0.280100
1476296261238, 10.760100, 10.760000, 300, 10.780000, 100, 2.670000, 0.280100
1476296262740, 10.760100, 10.760000, 300, 10.780000, 100, 2.670000, 0.280100
1476296265246, 10.760100, 10.760000, 300, 10.780000, 100, 2.670000, 0.280100
1476296267254, 10.760100, 10.760000, 300, 10.780000, 100, 2.670000, 0.280100
1476296269243, 10.760100, 10.760000, 400, 10.780000, 100, 2.670000, 0.280100
1476296269749, 10.760100, 10.760000, 400, 10.780000, 100, 2.670000, 0.280100
1476296272739, 10.760100, 10.760000, 500, 10.780000, 100, 2.670000, 0.280100
1476296274751, 10.790000, 10.790000, 400, 10.820000, 100, 2.960000, 0.310000
1476296276753, 10.790000, 10.790000, 400, 10.820000, 100, 2.960000, 0.310000
1476296279244, 10.800000, 10.780000, 100, 10.810000, 100, 3.050000, 0.320000
1476296281244, 10.800000, 10.780000, 100, 10.810000, 100, 3.050000, 0.320000
1476296283245, 10.800000, 10.780000, 200, 10.810000, 100, 3.050000, 0.320000
1476296285245, 10.800000, 10.780000, 200, 10.810000, 100, 3.050000, 0.320000
1476296286756, 10.800000, 10.780000, 200, 10.810000, 100, 3.050000, 0.320000
1476296289239, 10.800000, 10.780000, 200, 10.810000, 100, 3.050000, 0.320000
1476296291254, 10.800000, 10.780000, 500, 10.800000, 200, 3.050000, 0.320000
1476296293246, 10.800000, 10.790000, 300, 10.810000, 100, 3.050000, 0.320000
1476296295250, 10.800000, 10.790000, 400, 10.810000, 100, 3.050000, 0.320000
1476296297248, 10.800000, 10.790000, 400, 10.810000, 100, 3.050000, 0.320000
1476296299269, 10.800000, 10.790000, 400, 10.810000, 100, 3.050000, 0.320000
1476296301257, 10.800000, 10.790000, 100, 10.800000, 100, 3.050000, 0.320000
1476296303255, 10.790000, 10.780000, 100, 10.800000, 200, 2.960000, 0.310000
1476296305252, 10.790000, 10.780000, 100, 10.800000, 200, 2.960000, 0.310000
1476296307245, 10.790000, 10.780000, 200, 10.800000, 200, 2.960000, 0.310000
1476296309262, 10.790000, 10.780000, 200, 10.800000, 200, 2.960000, 0.310000
1476296311289, 10.790000, 10.780000, 200, 10.800000, 200, 2.960000, 0.310000
1476296312658, 10.790000, 10.780000, 200, 10.800000, 200, 2.960000, 0.310000
1476296315225, 10.790000, 10.780000, 200, 10.800000, 200, 2.960000, 0.310000
1476296317159, 10.790000, 10.780000, 200, 10.800000, 200, 2.960000, 0.310000
1476296319149, 10.789200, 10.780000, 200, 10.800000, 200, 2.950000, 0.309200
1476296321160, 10.789200, 10.780000, 200, 10.800000, 200, 2.950000, 0.309200
1476296323161, 10.789200, 10.780000, 200, 10.800000, 100, 2.950000, 0.309200
1476296325162, 10.789200, 10.780000, 200, 10.800000, 100, 2.950000, 0.309200
1476296327164, 10.789200, 10.780000, 300, 10.800000, 100, 2.950000, 0.309200
1476296328665, 10.789200, 10.780000, 300, 10.800000, 100, 2.950000, 0.309200
1476296331164, 10.789200, 10.780000, 300, 10.800000, 100, 2.950000, 0.309200
1476296333161, 10.789200, 10.780000, 300, 10.800000, 100, 2.950000, 0.309200
1476296335167, 10.789200, 10.780000, 300, 10.800000, 100, 2.950000, 0.309200
1476296336682, 10.789200, 10.780000, 300, 10.800000, 100, 2.950000, 0.309200
1476296339163, 10.789200, 10.780000, 300, 10.800000, 100, 2.950000, 0.309200
1476296341159, 10.789200, 10.780000, 300, 10.800000, 100, 2.950000, 0.309200
1476296343169, 10.789200, 10.780000, 300, 10.800000, 100, 2.950000, 0.309200
1476296345168, 10.789200, 10.780000, 300, 10.800000, 100, 2.950000, 0.309200
1476296347166, 10.789200, 10.780000, 300, 10.800000, 100, 2.950000, 0.309200
1476296349170, 10.800000, 10.780000, 300, 10.810000, 100, 3.050000, 0.320000
1476296351162, 10.800000, 10.780000, 300, 10.810000, 100, 3.050000, 0.320000
1476296352672, 10.800000, 10.780000, 300, 10.810000, 100, 3.050000, 0.320000
1476296355172, 10.800000, 10.780000, 300, 10.790000, 100, 3.050000, 0.320000
1476296357178, 10.800000, 10.780000, 700, 10.810000, 100, 3.050000, 0.320000
1476296359171, 10.800000, 10.790000, 600, 10.820000, 100, 3.050000, 0.320000
1476296361168, 10.810000, 10.800000, 100, 10.820000, 100, 3.150000, 0.330000
1476296363169, 10.810000, 10.790000, 900, 10.820000, 100, 3.150000, 0.330000
1476296365173, 10.810000, 10.790000, 900, 10.820000, 100, 3.150000, 0.330000
1476296367208, 10.810000, 10.790000, 800, 10.820000, 100, 3.150000, 0.330000
1476296369169, 10.810000, 10.790000, 800, 10.820000, 100, 3.150000, 0.330000
1476296371201, 10.810000, 10.790000, 800, 10.820000, 100, 3.150000, 0.330000
1476296373190, 10.810000, 10.790000, 800, 10.820000, 100, 3.150000, 0.330000
1476296375181, 10.810000, 10.790000, 800, 10.820000, 200, 3.150000, 0.330000
1476296377179, 10.810000, 10.790000, 800, 10.820000, 200, 3.150000, 0.330000
1476296379180, 10.810000, 10.790000, 900, 10.820000, 200, 3.150000, 0.330000
1476296381215, 10.810000, 10.790000, 1000, 10.820000, 200, 3.150000, 0.330000
1476296383172, 10.810000, 10.790000, 900, 10.820000, 200, 3.150000, 0.330000
1476296385181, 10.810000, 10.790000, 900, 10.820000, 200, 3.150000, 0.330000
1476296387169, 10.790000, 10.790000, 200, 10.810000, 200, 2.960000, 0.310000
1476296389183, 10.790000, 10.790000, 100, 10.810000, 200, 2.960000, 0.310000
1476296391173, 10.790000, 10.790000, 200, 10.810000, 100, 2.960000, 0.310000
1476296393182, 10.790000, 10.790000, 200, 10.810000, 100, 2.960000, 0.310000
1476296395219, 10.790000, 10.790000, 200, 10.810000, 100, 2.960000, 0.310000
1476296397187, 10.790000, 10.790000, 200, 10.810000, 100, 2.960000, 0.310000
1476296399172, 10.810000, 10.790000, 400, 10.810000, 100, 3.150000, 0.330000
1476296401184, 10.810000, 10.790000, 500, 10.820000, 200, 3.150000, 0.330000
1476296402692, 10.810000, 10.800000, 300, 10.830000, 100, 3.150000, 0.330000
1476296405181, 10.810000, 10.800000, 400, 10.820000, 100, 3.150000, 0.330000
1476296407184, 10.820000, 10.800000, 400, 10.830000, 100, 3.240000, 0.340000
1476296409222, 10.820000, 10.800000, 400, 10.830000, 100, 3.240000, 0.340000
1476296411176, 10.820000, 10.800000, 300, 10.830000, 100, 3.240000, 0.340000
1476296413181, 10.820000, 10.800000, 300, 10.830000, 100, 3.240000, 0.340000
1476296414684, 10.820000, 10.790000, 700, 10.830000, 100, 3.240000, 0.340000
1476296417233, 10.820000, 10.790000, 700, 10.830000, 200, 3.240000, 0.340000
1476296419188, 10.820000, 10.790000, 700, 10.830000, 200, 3.240000, 0.340000
1476296421182, 10.810000, 10.790000, 300, 10.820000, 200, 3.150000, 0.330000
1476296423192, 10.810000, 10.790000, 300, 10.820000, 200, 3.150000, 0.330000
1476296425194, 10.810000, 10.790000, 300, 10.820000, 200, 3.150000, 0.330000
1476296426694, 10.810000, 10.790000, 200, 10.820000, 200, 3.150000, 0.330000
1476296429217, 10.810000, 10.790000, 200, 10.820000, 200, 3.150000, 0.330000
1476296430690, 10.810000, 10.790000, 200, 10.820000, 200, 3.150000, 0.330000
1476296432697, 10.810000, 10.790000, 300, 10.810000, 100, 3.150000, 0.330000
1476296435199, 10.810000, 10.790000, 300, 10.810000, 100, 3.150000, 0.330000
1476296437184, 10.810000, 10.790000, 300, 10.810000, 100, 3.150000, 0.330000
1476296439204, 10.810000, 10.790000, 300, 10.810000, 200, 3.150000, 0.330000
1476296441205, 10.810000, 10.790000, 300, 10.810000, 200, 3.150000, 0.330000
1476296443224, 10.810000, 10.790000, 300, 10.810000, 200, 3.150000, 0.330000
1476296444706, 10.810000, 10.790000, 300, 10.810000, 200, 3.150000, 0.330000
1476296447201, 10.810000, 10.790000, 300, 10.810000, 200, 3.150000, 0.330000
1476296449197, 10.810000, 10.790000, 600, 10.810000, 200, 3.150000, 0.330000
1476296451195, 10.810000, 10.790000, 600, 10.810000, 200, 3.150000, 0.330000
1476296453199, 10.790000, 10.790000, 600, 10.810000, 200, 2.960000, 0.310000
1476296454705, 10.790000, 10.790000, 600, 10.810000, 200, 2.960000, 0.310000
1476296457222, 10.790000, 10.790000, 600, 10.810000, 200, 2.960000, 0.310000
1476296459247, 10.790000, 10.790000, 600, 10.810000, 200, 2.960000, 0.310000
1476296461193, 10.790000, 10.790000, 600, 10.810000, 200, 2.960000, 0.310000
1476296463194, 10.790000, 10.790000, 300, 10.800000, 100, 2.960000, 0.310000
1476296465211, 10.790000, 10.790000, 300, 10.800000, 100, 2.960000, 0.310000
1476296467193, 10.790000, 10.790000, 300, 10.800000, 100, 2.960000, 0.310000
1476296469214, 10.770000, 10.760000, 1000, 10.780000, 100, 2.770000, 0.290000
1476296471209, 10.770000, 10.760000, 900, 10.780000, 100, 2.770000, 0.290000
1476296472719, 10.770000, 10.760000, 900, 10.780000, 200, 2.770000, 0.290000
1476296475198, 10.770000, 10.760000, 900, 10.780000, 200, 2.770000, 0.290000
1476296477209, 10.770000, 10.760000, 900, 10.780000, 200, 2.770000, 0.290000
1476296479212, 10.770000, 10.760000, 900, 10.780000, 200, 2.770000, 0.290000
1476296481207, 10.770000, 10.760000, 900, 10.780000, 200, 2.770000, 0.290000
1476296483213, 10.760000, 10.750000, 200, 10.760000, 100, 2.670000, 0.280000
1476296485232, 10.755000, 10.750000, 200, 10.760000, 100, 2.620000, 0.275000
1476296487195, 10.755000, 10.750000, 200, 10.760000, 100, 2.620000, 0.275000
1476296489202, 10.750000, 10.750000, 100, 10.760000, 100, 2.580000, 0.270000
1476296490723, 10.750000, 10.750000, 100, 10.760000, 100, 2.580000, 0.270000
1476296492712, 10.750000, 10.750000, 100, 10.760000, 100, 2.580000, 0.270000
1476296495219, 10.750000, 10.750000, 100, 10.760000, 100, 2.580000, 0.270000
1476296496705, 10.750000, 10.750000, 100, 10.760000, 100, 2.580000, 0.270000
1476296499215, 10.750000, 10.740000, 500, 10.760000, 100, 2.580000, 0.270000
1476296501240, 10.750000, 10.740000, 400, 10.760000, 100, 2.580000, 0.270000
1476296503246, 10.750000, 10.740000, 400, 10.760000, 100, 2.580000, 0.270000
1476296505214, 10.750000, 10.740000, 400, 10.760000, 100, 2.580000, 0.270000
1476296507226, 10.750000, 10.740000, 400, 10.760000, 100, 2.580000, 0.270000
1476296509222, 10.750000, 10.740000, 100, 10.760000, 200, 2.580000, 0.270000
1476296511218, 10.750000, 10.740000, 100, 10.760000, 200, 2.580000, 0.270000
1476296512728, 10.750000, 10.740000, 100, 10.760000, 200, 2.580000, 0.270000
1476296515218, 10.750000, 10.740000, 100, 10.760000, 200, 2.580000, 0.270000
1476296516737, 10.750000, 10.740000, 100, 10.760000, 200, 2.580000, 0.270000
1476296518751, 10.750000, 10.740000, 100, 10.760000, 200, 2.580000, 0.270000
1476296521234, 10.750000, 10.740000, 100, 10.760000, 200, 2.580000, 0.270000
1476296523225, 10.750000, 10.740000, 100, 10.760000, 200, 2.580000, 0.270000
1476296525224, 10.750000, 10.740000, 100, 10.760000, 200, 2.580000, 0.270000
1476296527220, 10.750000, 10.740000, 100, 10.760000, 200, 2.580000, 0.270000
1476296528212, 10.750000, 10.740000, 100, 10.760000, 200, 2.580000, 0.270000
1476296531235, 10.750000, 10.740000, 100, 10.760000, 200, 2.580000, 0.270000
1476296533245, 10.750000, 10.740000, 100, 10.760000, 300, 2.580000, 0.270000
1476296535230, 10.750000, 10.740000, 100, 10.760000, 300, 2.580000, 0.270000
1476296537221, 10.750000, 10.740000, 100, 10.760000, 300, 2.580000, 0.270000
1476296538737, 10.750000, 10.740000, 100, 10.760000, 300, 2.580000, 0.270000
1476296541234, 10.750000, 10.740000, 100, 10.760000, 200, 2.580000, 0.270000
1476296543226, 10.750000, 10.740000, 100, 10.760000, 200, 2.580000, 0.270000
1476296544733, 10.750000, 10.740000, 100, 10.760000, 200, 2.580000, 0.270000
1476296546737, 10.750000, 10.740000, 100, 10.760000, 200, 2.580000, 0.270000
1476296549225, 10.740000, 10.740000, 200, 10.760000, 200, 2.480000, 0.260000
1476296551237, 10.740000, 10.740000, 200, 10.760000, 200, 2.480000, 0.260000
1476296552748, 10.740000, 10.740000, 200, 10.760000, 200, 2.480000, 0.260000
1476296554227, 10.740000, 10.740000, 300, 10.760000, 200, 2.480000, 0.260000
1476296557230, 10.740000, 10.740000, 500, 10.760000, 200, 2.480000, 0.260000
1476296559230, 10.740000, 10.740000, 500, 10.760000, 200, 2.480000, 0.260000
1476296561250, 10.740000, 10.740000, 500, 10.760000, 200, 2.480000, 0.260000
1476296562741, 10.740000, 10.740000, 500, 10.760000, 200, 2.480000, 0.260000
1476296565244, 10.740000, 10.740000, 700, 10.760000, 200, 2.480000, 0.260000
1476296567235, 10.740000, 10.740000, 700, 10.760000, 300, 2.480000, 0.260000
1476296568245, 10.740000, 10.740000, 700, 10.760000, 300, 2.480000, 0.260000
1476296571245, 10.740000, 10.740000, 700, 10.760000, 300, 2.480000, 0.260000
1476296571245, 10.740000, 10.740000, 700, 10.760000, 300, 2.480000, 0.260000
1476296575246, 10.820000, 10.780000, 700, 10.810000, 100, 3.240000, 0.340000
1476296577246, 10.820000, 10.780000, 700, 10.810000, 100, 3.240000, 0.340000
1476296579241, 10.820000, 10.780000, 700, 10.810000, 100, 3.240000, 0.340000
1476296581245, 10.820000, 10.780000, 700, 10.810000, 200, 3.240000, 0.340000
1476296582748, 10.820000, 10.780000, 700, 10.810000, 200, 3.240000, 0.340000
1476296585244, 10.820000, 10.780000, 700, 10.810000, 200, 3.240000, 0.340000
1476296587280, 10.820000, 10.780000, 600, 10.810000, 200, 3.240000, 0.340000
1476296589228, 10.820000, 10.780000, 600, 10.810000, 200, 3.240000, 0.340000
1476296591250, 10.820000, 10.790000, 100, 10.810000, 100, 3.240000, 0.340000
1476296593244, 10.790000, 10.780000, 500, 10.820000, 300, 2.960000, 0.310000
1476296595244, 10.790000, 10.780000, 500, 10.820000, 300, 2.960000, 0.310000
1476296597292, 10.790000, 10.780000, 500, 10.820000, 300, 2.960000, 0.310000
1476296599242, 10.790000, 10.780000, 600, 10.820000, 300, 2.960000, 0.310000
1476296601241, 10.790000, 10.780000, 600, 10.820000, 300, 2.960000, 0.310000
1476296603236, 10.790000, 10.780000, 600, 10.820000, 300, 2.960000, 0.310000
1476296605250, 10.790000, 10.780000, 600, 10.820000, 300, 2.960000, 0.310000
1476296607235, 10.790000, 10.780000, 600, 10.820000, 300, 2.960000, 0.310000
1476296609238, 10.790000, 10.780000, 600, 10.820000, 300, 2.960000, 0.310000
1476296611248, 10.790000, 10.780000, 600, 10.810000, 100, 2.960000, 0.310000
1476296613233, 10.790000, 10.780000, 600, 10.810000, 100, 2.960000, 0.310000
1476296614753, 10.790000, 10.780000, 600, 10.810000, 100, 2.960000, 0.310000
1476296617252, 10.790000, 10.780000, 600, 10.810000, 100, 2.960000, 0.310000
1476296619667, 10.790000, 10.790000, 300, 10.810000, 100, 2.960000, 0.310000
1476296621658, 10.790000, 10.790000, 300, 10.810000, 100, 2.960000, 0.310000
1476296623660, 10.820000, 10.810000, 400, 10.860000, 200, 3.240000, 0.340000
1476296625154, 10.820000, 10.810000, 400, 10.860000, 200, 3.240000, 0.340000
1476296627656, 10.820000, 10.800000, 900, 10.850000, 400, 3.240000, 0.340000
1476296629661, 10.820000, 10.800000, 800, 10.850000, 400, 3.240000, 0.340000
1476296631673, 10.820000, 10.800000, 800, 10.850000, 400, 3.240000, 0.340000
1476296633160, 10.820000, 10.810000, 300, 10.850000, 100, 3.240000, 0.340000
1476296635696, 10.820000, 10.800000, 700, 10.840000, 100, 3.240000, 0.340000
1476296637663, 10.820000, 10.800000, 700, 10.840000, 100, 3.240000, 0.340000
1476296639663, 10.820000, 10.800000, 700, 10.840000, 100, 3.240000, 0.340000
1476296641661, 10.820000, 10.800000, 700, 10.840000, 100, 3.240000, 0.340000
1476296643660, 10.820000, 10.800000, 200, 10.840000, 100, 3.240000, 0.340000
1476296645178, 10.820000, 10.800000, 200, 10.840000, 100, 3.240000, 0.340000
1476296647695, 10.820000, 10.800000, 200, 10.840000, 100, 3.240000, 0.340000
1476296649675, 10.820000, 10.800000, 500, 10.840000, 100, 3.240000, 0.340000
1476296651167, 10.820000, 10.800000, 500, 10.840000, 100, 3.240000, 0.340000
1476296653677, 10.820000, 10.800000, 400, 10.840000, 100, 3.240000, 0.340000
1476296655676, 10.820000, 10.800000, 400, 10.840000, 100, 3.240000, 0.340000
1476296657666, 10.820000, 10.800000, 400, 10.840000, 100, 3.240000, 0.340000
1476296659680, 10.820000, 10.800000, 400, 10.840000, 100, 3.240000, 0.340000
1476296661169, 10.820000, 10.800000, 400, 10.840000, 100, 3.240000, 0.340000
1476296663672, 10.820000, 10.800000, 400, 10.840000, 100, 3.240000, 0.340000
1476296665678, 10.820000, 10.800000, 700, 10.840000, 100, 3.240000, 0.340000
1476296667672, 10.820000, 10.800000, 700, 10.840000, 100, 3.240000, 0.340000
1476296669709, 10.820000, 10.800000, 700, 10.840000, 100, 3.240000, 0.340000
1476296671676, 10.820000, 10.800000, 700, 10.840000, 100, 3.240000, 0.340000
1476296673670, 10.820000, 10.800000, 700, 10.840000, 100, 3.240000, 0.340000
1476296675724, 10.820000, 10.800000, 700, 10.840000, 100, 3.240000, 0.340000
1476296677679, 10.820000, 10.800000, 700, 10.840000, 100, 3.240000, 0.340000
1476296679169, 10.820000, 10.800000, 500, 10.830000, 200, 3.240000, 0.340000
1476296681689, 10.820000, 10.800000, 500, 10.830000, 200, 3.240000, 0.340000
1476296683679, 10.820000, 10.800000, 500, 10.830000, 200, 3.240000, 0.340000
1476296685687, 10.820000, 10.800000, 500, 10.830000, 200, 3.240000, 0.340000
1476296687694, 10.820000, 10.800000, 500, 10.830000, 200, 3.240000, 0.340000
1476296689690, 10.820000, 10.800000, 500, 10.830000, 100, 3.240000, 0.340000
1476296691686, 10.820000, 10.800000, 500, 10.830000, 100, 3.240000, 0.340000
1476296693183, 10.820000, 10.800000, 500, 10.830000, 100, 3.240000, 0.340000
1476296695676, 10.820000, 10.800000, 500, 10.830000, 100, 3.240000, 0.340000
1476296697185, 10.820000, 10.800000, 500, 10.830000, 100, 3.240000, 0.340000
1476296699678, 10.820000, 10.800000, 600, 10.830000, 100, 3.240000, 0.340000
1476296701701, 10.820000, 10.810000, 600, 10.850000, 200, 3.240000, 0.340000
1476296703695, 10.820000, 10.800000, 500, 10.850000, 200, 3.240000, 0.340000
1476296705686, 10.820000, 10.800000, 500, 10.850000, 200, 3.240000, 0.340000
1476296707699, 10.820000, 10.800000, 300, 10.840000, 700, 3.240000, 0.340000
1476296709188, 10.820000, 10.800000, 300, 10.840000, 400, 3.240000, 0.340000
1476296710700, 10.820000, 10.800000, 300, 10.840000, 400, 3.240000, 0.340000
1476296713227, 10.820000, 10.800000, 300, 10.840000, 400, 3.240000, 0.340000
1476296715693, 10.820000, 10.800000, 500, 10.840000, 100, 3.240000, 0.340000
1476296717696, 10.820000, 10.800000, 500, 10.840000, 100, 3.240000, 0.340000
1476296719725, 10.820000, 10.800000, 500, 10.840000, 100, 3.240000, 0.340000
1476296721705, 10.820000, 10.800000, 200, 10.830000, 200, 3.240000, 0.340000
1476296723687, 10.800000, 10.800000, 100, 10.830000, 200, 3.050000, 0.320000
1476296725689, 10.800000, 10.800000, 100, 10.830000, 200, 3.050000, 0.320000
1476296727694, 10.800000, 10.800000, 100, 10.830000, 400, 3.050000, 0.320000
1476296729684, 10.800000, 10.790000, 200, 10.830000, 300, 3.050000, 0.320000
1476296731204, 10.800000, 10.790000, 200, 10.830000, 300, 3.050000, 0.320000
1476296733725, 10.800000, 10.790000, 200, 10.830000, 300, 3.050000, 0.320000
1476296735202, 10.800000, 10.790000, 200, 10.830000, 300, 3.050000, 0.320000
1476296737700, 10.800000, 10.790000, 300, 10.820000, 400, 3.050000, 0.320000
1476296739206, 10.800000, 10.790000, 300, 10.820000, 400, 3.050000, 0.320000
1476296741718, 10.800000, 10.790000, 300, 10.820000, 400, 3.050000, 0.320000
1476296743190, 10.800000, 10.790000, 300, 10.820000, 400, 3.050000, 0.320000
1476296745728, 10.800000, 10.790000, 300, 10.820000, 400, 3.050000, 0.320000
1476296747716, 10.800000, 10.790000, 200, 10.820000, 400, 3.050000, 0.320000
1476296749704, 10.800000, 10.790000, 200, 10.820000, 400, 3.050000, 0.320000
1476296751704, 10.800000, 10.790000, 200, 10.820000, 400, 3.050000, 0.320000
1476296753734, 10.800000, 10.790000, 200, 10.820000, 400, 3.050000, 0.320000
1476296754204, 10.800000, 10.790000, 200, 10.820000, 400, 3.050000, 0.320000
1476296757713, 10.800000, 10.790000, 200, 10.820000, 400, 3.050000, 0.320000
1476296759701, 10.800000, 10.790000, 200, 10.820000, 400, 3.050000, 0.320000
1476296761725, 10.800000, 10.790000, 200, 10.820000, 400, 3.050000, 0.320000
1476296763714, 10.800000, 10.780000, 700, 10.810000, 200, 3.050000, 0.320000
1476296765702, 10.800000, 10.780000, 700, 10.810000, 200, 3.050000, 0.320000
1476296767713, 10.800000, 10.780000, 700, 10.820000, 300, 3.050000, 0.320000
1476296769710, 10.800000, 10.780000, 700, 10.820000, 300, 3.050000, 0.320000
1476296770213, 10.800000, 10.780000, 700, 10.820000, 300, 3.050000, 0.320000
1476296773753, 10.790000, 10.780000, 700, 10.810000, 100, 2.960000, 0.310000
1476296775199, 10.790000, 10.780000, 800, 10.810000, 100, 2.960000, 0.310000
1476296777701, 10.790000, 10.780000, 800, 10.810000, 100, 2.960000, 0.310000
1476296779717, 10.790000, 10.780000, 800, 10.810000, 100, 2.960000, 0.310000
1476296781216, 10.790000, 10.780000, 800, 10.810000, 100, 2.960000, 0.310000
1476296783722, 10.790000, 10.780000, 800, 10.820000, 100, 2.960000, 0.310000
1476296785210, 10.790000, 10.780000, 800, 10.820000, 100, 2.960000, 0.310000
1476296787717, 10.790000, 10.780000, 800, 10.820000, 100, 2.960000, 0.310000
1476296789726, 10.790000, 10.780000, 800, 10.820000, 100, 2.960000, 0.310000
1476296791770, 10.790000, 10.780000, 800, 10.810000, 200, 2.960000, 0.310000
1476296793722, 10.790000, 10.780000, 800, 10.810000, 200, 2.960000, 0.310000
1476296795724, 10.790000, 10.780000, 800, 10.810000, 200, 2.960000, 0.310000
1476296797734, 10.790000, 10.780000, 800, 10.810000, 200, 2.960000, 0.310000
1476296799737, 10.790000, 10.780000, 1000, 10.810000, 100, 2.960000, 0.310000
1476296801731, 10.790000, 10.780000, 1000, 10.810000, 100, 2.960000, 0.310000
1476296803725, 10.790000, 10.780000, 1000, 10.810000, 100, 2.960000, 0.310000
1476296805743, 10.790000, 10.780000, 1000, 10.810000, 100, 2.960000, 0.310000
1476296807241, 10.790000, 10.780000, 1000, 10.810000, 100, 2.960000, 0.310000
1476296809782, 10.790000, 10.780000, 1000, 10.810000, 100, 2.960000, 0.310000
1476296811727, 10.790000, 10.780000, 1000, 10.810000, 100, 2.960000, 0.310000
1476296813729, 10.790000, 10.780000, 1000, 10.810000, 100, 2.960000, 0.310000
1476296815730, 10.790000, 10.780000, 1000, 10.810000, 100, 2.960000, 0.310000
1476296816712, 10.790000, 10.780000, 1000, 10.810000, 100, 2.960000, 0.310000
1476296819758, 10.790000, 10.780000, 1000, 10.810000, 100, 2.960000, 0.310000
1476296821222, 10.790000, 10.790000, 800, 10.810000, 100, 2.960000, 0.310000
1476296823745, 10.790000, 10.790000, 900, 10.810000, 100, 2.960000, 0.310000
1476296825782, 10.790000, 10.790000, 900, 10.810000, 100, 2.960000, 0.310000
1476296825782, 10.790000, 10.790000, 900, 10.810000, 100, 2.960000, 0.310000
1476296829729, 10.790000, 10.790000, 200, 10.810000, 200, 2.960000, 0.310000
1476296831797, 10.790000, 10.790000, 100, 10.810000, 200, 2.960000, 0.310000
1476296833244, 10.790000, 10.790000, 100, 10.810000, 200, 2.960000, 0.310000
1476296835237, 10.790000, 10.780000, 600, 10.790000, 100, 2.960000, 0.310000
1476296837237, 10.790000, 10.780000, 600, 10.790000, 100, 2.960000, 0.310000
1476296839741, 10.790000, 10.780000, 600, 10.790000, 100, 2.960000, 0.310000
1476296841741, 10.780000, 10.760000, 400, 10.770000, 100, 2.860000, 0.300000
1476296843735, 10.780000, 10.760000, 400, 10.770000, 100, 2.860000, 0.300000
1476296845744, 10.780000, 10.760000, 400, 10.770000, 200, 2.860000, 0.300000
1476296846767, 10.780000, 10.760000, 400, 10.770000, 200, 2.860000, 0.300000
1476296848239, 10.780000, 10.760000, 400, 10.770000, 200, 2.860000, 0.300000
1476296851750, 10.740000, 10.740000, 300, 10.760000, 500, 2.480000, 0.260000
1476296853744, 10.750000, 10.740000, 300, 10.760000, 500, 2.580000, 0.270000
1476296855745, 10.750000, 10.740000, 300, 10.760000, 500, 2.580000, 0.270000
1476296857249, 10.750000, 10.740000, 300, 10.760000, 500, 2.580000, 0.270000
1476296858235, 10.750000, 10.740000, 300, 10.760000, 500, 2.580000, 0.270000
1476296861731, 10.750000, 10.740000, 300, 10.760000, 200, 2.580000, 0.270000
1476296863247, 10.750000, 10.740000, 300, 10.760000, 200, 2.580000, 0.270000
1476296865801, 10.750000, 10.740000, 300, 10.760000, 200, 2.580000, 0.270000
1476296867734, 10.750000, 10.740000, 300, 10.760000, 200, 2.580000, 0.270000
1476296869253, 10.750000, 10.740000, 300, 10.760000, 200, 2.580000, 0.270000
1476296871731, 10.750000, 10.740000, 400, 10.760000, 200, 2.580000, 0.270000
1476296873751, 10.750000, 10.740000, 400, 10.760000, 200, 2.580000, 0.270000
1476296875784, 10.750000, 10.740000, 400, 10.760000, 200, 2.580000, 0.270000
1476296877742, 10.750000, 10.740000, 400, 10.750000, 100, 2.580000, 0.270000
1476296879233, 10.750000, 10.740000, 400, 10.750000, 300, 2.580000, 0.270000
1476296881735, 10.750000, 10.740000, 400, 10.750000, 300, 2.580000, 0.270000
1476296883750, 10.750000, 10.740000, 400, 10.750000, 300, 2.580000, 0.270000
1476296885802, 10.750000, 10.740000, 400, 10.750000, 300, 2.580000, 0.270000
1476296887247, 10.750000, 10.740000, 400, 10.750000, 300, 2.580000, 0.270000
1476296889752, 10.750000, 10.740000, 400, 10.750000, 300, 2.580000, 0.270000
1476296891772, 10.750000, 10.740000, 400, 10.750000, 200, 2.580000, 0.270000
1476296893258, 10.740000, 10.720000, 300, 10.740000, 300, 2.480000, 0.260000
1476296895790, 10.730000, 10.720000, 100, 10.740000, 100, 2.390000, 0.250000
1476296897254, 10.730000, 10.720000, 100, 10.740000, 100, 2.390000, 0.250000
1476296899265, 10.730000, 10.720000, 100, 10.740000, 100, 2.390000, 0.250000
1476296901755, 10.730000, 10.720000, 300, 10.740000, 100, 2.390000, 0.250000
1476296903750, 10.730000, 10.720000, 200, 10.740000, 100, 2.390000, 0.250000
1476296904779, 10.730000, 10.720000, 200, 10.740000, 100, 2.390000, 0.250000
1476296907742, 10.730000, 10.720000, 200, 10.740000, 100, 2.390000, 0.250000
1476296909759, 10.730000, 10.720000, 200, 10.740000, 100, 2.390000, 0.250000
1476296911758, 10.730000, 10.720000, 200, 10.740000, 300, 2.390000, 0.250000
1476296913374, 10.730000, 10.720000, 200, 10.740000, 300, 2.390000, 0.250000
1476296915160, 10.730000, 10.720000, 200, 10.740000, 300, 2.390000, 0.250000
1476296917658, 10.730000, 10.720000, 200, 10.740000, 300, 2.390000, 0.250000
1476296919659, 10.730000, 10.720000, 400, 10.740000, 300, 2.390000, 0.250000
1476296921161, 10.730000, 10.720000, 400, 10.740000, 300, 2.390000, 0.250000
1476296923663, 10.730000, 10.720000, 400, 10.740000, 300, 2.390000, 0.250000
1476296925662, 10.730000, 10.730000, 100, 10.740000, 300, 2.390000, 0.250000
1476296927664, 10.730000, 10.730000, 100, 10.740000, 300, 2.390000, 0.250000
1476296929164, 10.730000, 10.730000, 100, 10.740000, 300, 2.390000, 0.250000
1476296931158, 10.730000, 10.730000, 100, 10.740000, 300, 2.390000, 0.250000
1476296933669, 10.730000, 10.730000, 100, 10.740000, 300, 2.390000, 0.250000
1476296935668, 10.730000, 10.720000, 200, 10.730000, 200, 2.390000, 0.250000
1476296937666, 10.720000, 10.720000, 100, 10.730000, 200, 2.290000, 0.240000
1476296939672, 10.720000, 10.720000, 100, 10.720000, 100, 2.290000, 0.240000
1476296941668, 10.710000, 10.700000, 200, 10.720000, 500, 2.190000, 0.230000
1476296943668, 10.710000, 10.700000, 200, 10.720000, 500, 2.190000, 0.230000
1476296945668, 10.710000, 10.700000, 200, 10.720000, 500, 2.190000, 0.230000
1476296947674, 10.710000, 10.700000, 300, 10.720000, 200, 2.190000, 0.230000
1476296949682, 10.720000, 10.710000, 100, 10.740000, 300, 2.290000, 0.240000
1476296951672, 10.720000, 10.710000, 100, 10.740000, 300, 2.290000, 0.240000
1476296953675, 10.720000, 10.710000, 100, 10.740000, 300, 2.290000, 0.240000
1476296955675, 10.720000, 10.710000, 100, 10.740000, 300, 2.290000, 0.240000
1476296957675, 10.720000, 10.710000, 100, 10.740000, 300, 2.290000, 0.240000
1476296959708, 10.720000, 10.710000, 100, 10.740000, 300, 2.290000, 0.240000
1476296961679, 10.720000, 10.710000, 100, 10.740000, 300, 2.290000, 0.240000
1476296962662, 10.720000, 10.710000, 100, 10.740000, 300, 2.290000, 0.240000
1476296965180, 10.720000, 10.700000, 200, 10.720000, 200, 2.290000, 0.240000
1476296967679, 10.720000, 10.700000, 200, 10.720000, 200, 2.290000, 0.240000
1476296969721, 10.720000, 10.700000, 200, 10.720000, 200, 2.290000, 0.240000
1476296971679, 10.720000, 10.700000, 300, 10.730000, 200, 2.290000, 0.240000
1476296973679, 10.720000, 10.710000, 900, 10.740000, 800, 2.290000, 0.240000
1476296975180, 10.720000, 10.710000, 900, 10.740000, 800, 2.290000, 0.240000
1476296977732, 10.720000, 10.710000, 800, 10.740000, 800, 2.290000, 0.240000
1476296979186, 10.720000, 10.710000, 800, 10.740000, 800, 2.290000, 0.240000
1476296981680, 10.720000, 10.710000, 800, 10.740000, 800, 2.290000, 0.240000
1476296983683, 10.720000, 10.710000, 800, 10.740000, 800, 2.290000, 0.240000
1476296985681, 10.720000, 10.710000, 800, 10.740000, 800, 2.290000, 0.240000
1476296987685, 10.720000, 10.710000, 1000, 10.740000, 800, 2.290000, 0.240000
1476296989675, 10.710100, 10.710000, 100, 10.730000, 300, 2.200000, 0.230100
1476296991693, 10.710100, 10.710000, 100, 10.730000, 300, 2.200000, 0.230100
1476296993720, 10.730000, 10.720000, 400, 10.740000, 300, 2.390000, 0.250000
1476296995675, 10.740000, 10.720000, 400, 10.750000, 500, 2.480000, 0.260000
1476296997687, 10.740000, 10.720000, 400, 10.750000, 500, 2.480000, 0.260000
1476296999683, 10.740000, 10.720000, 400, 10.750000, 500, 2.480000, 0.260000
1476297001692, 10.740000, 10.720000, 400, 10.750000, 500, 2.480000, 0.260000
1476297003689, 10.740000, 10.720000, 500, 10.750000, 600, 2.480000, 0.260000
1476297005691, 10.740000, 10.720000, 200, 10.750000, 600, 2.480000, 0.260000
1476297007719, 10.740000, 10.720000, 600, 10.750000, 600, 2.480000, 0.260000
1476297009194, 10.740000, 10.720000, 600, 10.750000, 600, 2.480000, 0.260000
1476297011685, 10.740000, 10.720000, 200, 10.750000, 600, 2.480000, 0.260000
1476297013697, 10.740000, 10.720000, 300, 10.750000, 600, 2.480000, 0.260000
1476297015710, 10.740000, 10.720000, 500, 10.750000, 600, 2.480000, 0.260000
1476297017690, 10.740000, 10.720000, 500, 10.750000, 600, 2.480000, 0.260000
1476297019693, 10.740000, 10.720000, 500, 10.750000, 600, 2.480000, 0.260000
1476297021722, 10.740000, 10.720000, 500, 10.750000, 600, 2.480000, 0.260000
1476297023714, 10.740000, 10.720000, 500, 10.750000, 600, 2.480000, 0.260000
1476297025697, 10.740000, 10.720000, 500, 10.750000, 500, 2.480000, 0.260000
1476297027701, 10.740000, 10.720000, 700, 10.750000, 500, 2.480000, 0.260000
1476297029698, 10.740000, 10.720000, 700, 10.750000, 500, 2.480000, 0.260000
1476297031710, 10.740000, 10.720000, 700, 10.750000, 500, 2.480000, 0.260000
1476297033693, 10.740000, 10.720000, 500, 10.750000, 500, 2.480000, 0.260000
1476297035184, 10.740000, 10.720000, 500, 10.750000, 500, 2.480000, 0.260000
1476297037698, 10.740000, 10.720000, 500, 10.750000, 500, 2.480000, 0.260000
1476297039705, 10.740000, 10.730000, 600, 10.750000, 600, 2.480000, 0.260000
1476297041708, 10.740000, 10.730000, 600, 10.750000, 600, 2.480000, 0.260000
1476297043708, 10.740000, 10.730000, 600, 10.750000, 600, 2.480000, 0.260000
1476297045699, 10.740000, 10.730000, 600, 10.750000, 600, 2.480000, 0.260000
1476297047692, 10.740000, 10.730000, 600, 10.750000, 600, 2.480000, 0.260000
1476297049716, 10.740000, 10.730000, 600, 10.750000, 500, 2.480000, 0.260000
1476297050710, 10.740000, 10.730000, 600, 10.750000, 500, 2.480000, 0.260000
1476297053707, 10.740000, 10.730000, 600, 10.750000, 500, 2.480000, 0.260000
1476297055203, 10.740000, 10.730000, 600, 10.750000, 500, 2.480000, 0.260000
1476297057704, 10.740000, 10.730000, 600, 10.750000, 500, 2.480000, 0.260000
1476297059696, 10.740000, 10.730000, 600, 10.740000, 300, 2.480000, 0.260000
1476297060704, 10.730000, 10.720000, 300, 10.730000, 100, 2.390000, 0.250000
1476297063708, 10.730000, 10.720000, 400, 10.730000, 100, 2.390000, 0.250000
1476297065186, 10.730000, 10.720000, 400, 10.730000, 100, 2.390000, 0.250000
1476297067704, 10.730000, 10.720000, 400, 10.730000, 100, 2.390000, 0.250000
1476297069695, 10.730000, 10.730000, 500, 10.750000, 200, 2.390000, 0.250000
1476297071705, 10.730000, 10.730000, 500, 10.750000, 200, 2.390000, 0.250000
1476297073709, 10.730000, 10.730000, 100, 10.740000, 100, 2.390000, 0.250000
1476297075705, 10.730000, 10.730000, 100, 10.740000, 100, 2.390000, 0.250000
1476297077739, 10.730000, 10.730000, 100, 10.740000, 100, 2.390000, 0.250000
1476297079709, 10.730000, 10.730000, 100, 10.740000, 100, 2.390000, 0.250000
1476297081212, 10.730000, 10.730000, 100, 10.740000, 100, 2.390000, 0.250000
1476297083216, 10.730000, 10.730000, 100, 10.740000, 100, 2.390000, 0.250000
1476297085712, 10.730000, 10.730000, 100, 10.740000, 100, 2.390000, 0.250000
1476297087726, 10.730000, 10.730000, 100, 10.740000, 100, 2.390000, 0.250000
1476297089220, 10.730000, 10.730000, 100, 10.740000, 100, 2.390000, 0.250000
1476297091746, 10.730000, 10.730000, 100, 10.740000, 100, 2.390000, 0.250000
1476297093747, 10.730000, 10.730000, 100, 10.740000, 100, 2.390000, 0.250000
1476297095742, 10.730000, 10.730000, 100, 10.740000, 100, 2.390000, 0.250000
1476297097719, 10.730000, 10.730000, 100, 10.740000, 100, 2.390000, 0.250000
1476297099719, 10.730000, 10.730000, 100, 10.740000, 100, 2.390000, 0.250000
1476297101705, 10.730000, 10.730000, 100, 10.740000, 100, 2.390000, 0.250000
1476297103714, 10.730000, 10.730000, 100, 10.740000, 200, 2.390000, 0.250000
1476297105708, 10.730000, 10.730000, 100, 10.740000, 200, 2.390000, 0.250000
1476297107730, 10.730000, 10.730000, 100, 10.740000, 200, 2.390000, 0.250000
1476297108225, 10.730000, 10.730000, 100, 10.740000, 200, 2.390000, 0.250000
1476297111725, 10.730000, 10.730000, 100, 10.740000, 200, 2.390000, 0.250000
1476297113722, 10.730000, 10.730000, 100, 10.740000, 100, 2.390000, 0.250000
1476297115723, 10.730000, 10.730000, 100, 10.740000, 100, 2.390000, 0.250000
1476297116724, 10.730000, 10.730000, 100, 10.740000, 100, 2.390000, 0.250000
1476297119771, 10.730000, 10.730000, 100, 10.740000, 100, 2.390000, 0.250000
1476297121232, 10.730000, 10.730000, 100, 10.740000, 100, 2.390000, 0.250000
1476297123723, 10.730000, 10.730000, 100, 10.740000, 100, 2.390000, 0.250000
1476297125733, 10.730000, 10.730000, 100, 10.740000, 100, 2.390000, 0.250000
1476297127733, 10.740000, 10.730000, 100, 10.740000, 100, 2.480000, 0.260000
1476297129719, 10.740000, 10.730000, 100, 10.740000, 100, 2.480000, 0.260000
1476297131723, 10.740000, 10.730000, 100, 10.740000, 100, 2.480000, 0.260000
1476297133735, 10.740000, 10.730000, 100, 10.740000, 100, 2.480000, 0.260000
1476297135737, 10.740000, 10.730000, 100, 10.740000, 100, 2.480000, 0.260000
1476297137719, 10.740000, 10.730000, 100, 10.740000, 100, 2.480000, 0.260000
1476297139737, 10.740000, 10.730000, 100, 10.740000, 100, 2.480000, 0.260000
1476297141729, 10.730000, 10.710000, 300, 10.720000, 100, 2.390000, 0.250000
1476297143732, 10.730000, 10.710000, 300, 10.720000, 100, 2.390000, 0.250000
1476297145739, 10.730000, 10.710000, 300, 10.720000, 100, 2.390000, 0.250000
1476297147741, 10.730000, 10.710000, 300, 10.720000, 100, 2.390000, 0.250000
1476297149229, 10.730000, 10.710000, 300, 10.720000, 100, 2.390000, 0.250000
1476297151266, 10.730000, 10.710000, 300, 10.720000, 100, 2.390000, 0.250000
1476297153731, 10.730000, 10.710000, 300, 10.720000, 100, 2.390000, 0.250000
1476297155735, 10.730000, 10.710000, 300, 10.720000, 100, 2.390000, 0.250000
1476297157737, 10.730000, 10.710000, 300, 10.720000, 100, 2.390000, 0.250000
1476297159751, 10.730000, 10.710000, 400, 10.720000, 100, 2.390000, 0.250000
1476297161743, 10.730000, 10.710000, 400, 10.720000, 100, 2.390000, 0.250000
1476297163734, 10.730000, 10.710000, 400, 10.720000, 100, 2.390000, 0.250000
1476297165252, 10.730000, 10.710000, 400, 10.720000, 100, 2.390000, 0.250000
1476297167725, 10.730000, 10.710000, 400, 10.720000, 100, 2.390000, 0.250000
1476297169743, 10.730000, 10.710000, 400, 10.720000, 100, 2.390000, 0.250000
1476297171748, 10.730000, 10.710000, 400, 10.720000, 100, 2.390000, 0.250000
1476297173241, 10.730000, 10.710000, 400, 10.720000, 200, 2.390000, 0.250000
1476297175752, 10.730000, 10.710000, 400, 10.720000, 200, 2.390000, 0.250000
1476297177725, 10.730000, 10.710000, 400, 10.720000, 200, 2.390000, 0.250000
1476297179773, 10.730000, 10.710000, 400, 10.720000, 200, 2.390000, 0.250000
1476297181780, 10.730000, 10.710000, 400, 10.720000, 200, 2.390000, 0.250000
1476297183769, 10.720000, 10.720000, 400, 10.730000, 200, 2.290000, 0.240000
1476297185245, 10.730000, 10.720000, 200, 10.730000, 300, 2.390000, 0.250000
1476297187746, 10.730000, 10.720000, 200, 10.730000, 300, 2.390000, 0.250000
1476297189765, 10.730000, 10.720000, 200, 10.730000, 300, 2.390000, 0.250000
1476297191798, 10.720000, 10.710000, 200, 10.720000, 100, 2.290000, 0.240000
1476297193751, 10.720000, 10.710000, 200, 10.720000, 100, 2.290000, 0.240000
1476297195312, 10.720000, 10.710000, 500, 10.720000, 100, 2.290000, 0.240000
1476297197747, 10.720000, 10.710000, 400, 10.730000, 400, 2.290000, 0.240000
1476297199742, 10.720000, 10.710000, 400, 10.730000, 400, 2.290000, 0.240000
1476297201747, 10.720000, 10.710000, 600, 10.730000, 400, 2.290000, 0.240000
1476297203738, 10.720000, 10.710000, 600, 10.730000, 200, 2.290000, 0.240000
1476297205768, 10.720000, 10.710000, 700, 10.730000, 200, 2.290000, 0.240000
1476297207754, 10.720000, 10.710000, 700, 10.730000, 200, 2.290000, 0.240000
1476297209240, 10.720000, 10.710000, 700, 10.730000, 200, 2.290000, 0.240000
1476297211657, 10.720000, 10.710000, 700, 10.730000, 200, 2.290000, 0.240000
1476297213168, 10.720000, 10.710000, 700, 10.730000, 200, 2.290000, 0.240000
1476297215662, 10.720000, 10.710000, 700, 10.730000, 200, 2.290000, 0.240000
1476297217157, 10.720000, 10.710000, 700, 10.730000, 200, 2.290000, 0.240000
1476297219657, 10.720000, 10.710000, 700, 10.730000, 200, 2.290000, 0.240000
1476297221663, 10.720000, 10.710000, 400, 10.730000, 300, 2.290000, 0.240000
1476297222683, 10.720000, 10.710000, 400, 10.730000, 300, 2.290000, 0.240000
1476297225663, 10.720000, 10.710000, 400, 10.730000, 300, 2.290000, 0.240000
1476297225663, 10.720000, 10.710000, 400, 10.730000, 300, 2.290000, 0.240000
1476297229663, 10.710000, 10.700000, 800, 10.710000, 100, 2.190000, 0.230000
1476297231664, 10.710000, 10.700000, 800, 10.710000, 100, 2.190000, 0.230000
1476297233668, 10.710000, 10.700000, 800, 10.710000, 100, 2.190000, 0.230000
1476297235669, 10.710000, 10.700000, 800, 10.710000, 300, 2.190000, 0.230000
1476297237682, 10.690000, 10.690000, 100, 10.700000, 100, 2.000000, 0.210000
1476297239675, 10.700000, 10.690000, 300, 10.710000, 300, 2.100000, 0.220000
1476297241663, 10.700000, 10.690000, 300, 10.710000, 300, 2.100000, 0.220000
1476297243669, 10.700000, 10.690000, 300, 10.710000, 200, 2.100000, 0.220000
1476297245668, 10.700000, 10.690000, 300, 10.710000, 100, 2.100000, 0.220000
1476297247668, 10.700000, 10.690000, 300, 10.710000, 100, 2.100000, 0.220000
1476297249685, 10.700000, 10.690000, 300, 10.710000, 100, 2.100000, 0.220000
1476297251668, 10.700000, 10.690000, 300, 10.710000, 100, 2.100000, 0.220000
1476297253671, 10.700000, 10.690000, 300, 10.710000, 100, 2.100000, 0.220000
1476297255666, 10.700000, 10.690000, 300, 10.710000, 100, 2.100000, 0.220000
1476297257673, 10.700000, 10.690000, 300, 10.710000, 100, 2.100000, 0.220000
1476297259670, 10.700000, 10.690000, 300, 10.710000, 100, 2.100000, 0.220000
1476297261672, 10.700000, 10.680000, 300, 10.710000, 100, 2.100000, 0.220000
1476297263681, 10.700000, 10.680000, 300, 10.710000, 100, 2.100000, 0.220000
1476297265176, 10.700000, 10.680000, 300, 10.710000, 100, 2.100000, 0.220000
1476297267702, 10.700000, 10.680000, 300, 10.710000, 100, 2.100000, 0.220000
1476297269675, 10.700000, 10.680000, 300, 10.710000, 100, 2.100000, 0.220000
1476297271675, 10.700000, 10.680000, 300, 10.710000, 100, 2.100000, 0.220000
1476297273676, 10.700000, 10.680000, 300, 10.710000, 100, 2.100000, 0.220000
1476297275679, 10.700000, 10.680000, 300, 10.710000, 100, 2.100000, 0.220000
1476297277681, 10.700000, 10.680000, 300, 10.710000, 100, 2.100000, 0.220000
1476297279681, 10.687500, 10.680000, 1000, 10.710000, 100, 1.980000, 0.207500
1476297281175, 10.687500, 10.680000, 1000, 10.710000, 100, 1.980000, 0.207500
1476297283670, 10.687500, 10.680000, 1000, 10.710000, 100, 1.980000, 0.207500
1476297285675, 10.687500, 10.680000, 1000, 10.710000, 100, 1.980000, 0.207500
1476297287671, 10.687500, 10.680000, 1000, 10.710000, 100, 1.980000, 0.207500
1476297289671, 10.687500, 10.680000, 1000, 10.710000, 100, 1.980000, 0.207500
1476297291683, 10.687500, 10.680000, 800, 10.710000, 100, 1.980000, 0.207500
1476297293683, 10.687500, 10.680000, 800, 10.710000, 100, 1.980000, 0.207500
1476297295706, 10.687500, 10.680000, 800, 10.710000, 100, 1.980000, 0.207500
1476297297677, 10.687500, 10.680000, 800, 10.710000, 100, 1.980000, 0.207500
1476297299686, 10.687500, 10.680000, 800, 10.710000, 100, 1.980000, 0.207500
1476297301679, 10.720000, 10.700000, 300, 10.730000, 200, 2.290000, 0.240000
1476297303731, 10.720000, 10.700000, 300, 10.730000, 200, 2.290000, 0.240000
1476297305688, 10.720000, 10.700000, 300, 10.730000, 200, 2.290000, 0.240000
1476297307689, 10.720000, 10.700000, 300, 10.730000, 200, 2.290000, 0.240000
1476297309719, 10.720000, 10.690000, 800, 10.720000, 100, 2.290000, 0.240000
1476297311688, 10.720000, 10.690000, 800, 10.720000, 100, 2.290000, 0.240000
1476297313691, 10.720000, 10.690000, 800, 10.720000, 100, 2.290000, 0.240000
1476297315683, 10.720000, 10.690000, 800, 10.720000, 100, 2.290000, 0.240000
1476297317680, 10.720000, 10.690000, 800, 10.720000, 100, 2.290000, 0.240000
1476297319692, 10.720000, 10.690000, 800, 10.720000, 100, 2.290000, 0.240000
1476297321687, 10.690000, 10.690000, 800, 10.720000, 100, 2.000000, 0.210000
1476297323698, 10.690000, 10.690000, 500, 10.710000, 100, 2.000000, 0.210000
1476297325688, 10.690000, 10.690000, 300, 10.710000, 100, 2.000000, 0.210000
1476297327693, 10.720000, 10.710000, 800, 10.740000, 100, 2.290000, 0.240000
1476297329696, 10.720000, 10.710000, 800, 10.740000, 100, 2.290000, 0.240000
1476297331679, 10.720000, 10.710000, 800, 10.740000, 100, 2.290000, 0.240000
1476297333690, 10.720000, 10.710000, 800, 10.740000, 100, 2.290000, 0.240000
1476297335692, 10.720000, 10.710000, 800, 10.740000, 100, 2.290000, 0.240000
1476297337192, 10.720000, 10.710000, 800, 10.740000, 100, 2.290000, 0.240000
1476297339695, 10.720000, 10.710000, 300, 10.740000, 100, 2.290000, 0.240000
1476297341717, 10.720000, 10.710000, 300, 10.740000, 100, 2.290000, 0.240000
1476297343696, 10.720000, 10.710000, 300, 10.740000, 100, 2.290000, 0.240000
1476297345726, 10.720000, 10.710000, 300, 10.740000, 100, 2.290000, 0.240000
1476297347699, 10.720000, 10.710000, 300, 10.740000, 100, 2.290000, 0.240000
1476297349695, 10.720000, 10.710000, 300, 10.740000, 100, 2.290000, 0.240000
1476297351706, 10.720000, 10.720000, 400, 10.750000, 200, 2.290000, 0.240000
1476297353718, 10.750000, 10.740000, 100, 10.760000, 200, 2.580000, 0.270000
1476297355684, 10.750000, 10.730000, 1100, 10.770000, 500, 2.580000, 0.270000
1476297357695, 10.750000, 10.730000, 1100, 10.770000, 400, 2.580000, 0.270000
1476297359705, 10.750000, 10.730000, 1100, 10.770000, 400, 2.580000, 0.270000
1476297361700, 10.750000, 10.730000, 1100, 10.770000, 400, 2.580000, 0.270000
1476297363706, 10.750000, 10.730000, 1100, 10.770000, 400, 2.580000, 0.270000
1476297365705, 10.750000, 10.730000, 1100, 10.770000, 400, 2.580000, 0.270000
1476297367714, 10.750000, 10.730000, 500, 10.760000, 200, 2.580000, 0.270000
1476297369220, 10.750000, 10.730000, 500, 10.760000, 200, 2.580000, 0.270000
1476297371711, 10.750000, 10.730000, 500, 10.750000, 100, 2.580000, 0.270000
1476297373715, 10.750000, 10.730000, 400, 10.750000, 100, 2.580000, 0.270000
1476297375693, 10.750000, 10.730000, 600, 10.750000, 200, 2.580000, 0.270000
1476297377697, 10.750000, 10.730000, 600, 10.750000, 200, 2.580000, 0.270000
1476297379703, 10.750000, 10.730000, 600, 10.750000, 200, 2.580000, 0.270000
1476297381740, 10.750000, 10.730000, 700, 10.750000, 200, 2.580000, 0.270000
1476297383718, 10.750000, 10.730000, 700, 10.750000, 200, 2.580000, 0.270000
1476297385710, 10.750000, 10.730000, 700, 10.750000, 200, 2.580000, 0.270000
1476297387704, 10.750000, 10.730000, 600, 10.750000, 100, 2.580000, 0.270000
1476297389705, 10.750000, 10.730000, 600, 10.750000, 100, 2.580000, 0.270000
1476297391200, 10.750000, 10.730000, 600, 10.750000, 100, 2.580000, 0.270000
1476297393720, 10.750000, 10.730000, 600, 10.750000, 100, 2.580000, 0.270000
1476297395702, 10.750000, 10.730000, 600, 10.750000, 100, 2.580000, 0.270000
1476297397721, 10.750000, 10.730000, 300, 10.750000, 200, 2.580000, 0.270000
1476297399727, 10.735000, 10.710000, 300, 10.740000, 200, 2.430000, 0.255000
1476297401753, 10.735000, 10.710000, 500, 10.740000, 300, 2.430000, 0.255000
1476297403703, 10.735000, 10.720000, 200, 10.740000, 200, 2.430000, 0.255000
1476297405211, 10.735000, 10.720000, 300, 10.740000, 200, 2.430000, 0.255000
1476297407709, 10.735000, 10.720000, 300, 10.740000, 200, 2.430000, 0.255000
1476297409701, 10.735000, 10.720000, 300, 10.740000, 200, 2.430000, 0.255000
1476297411714, 10.735000, 10.720000, 400, 10.740000, 200, 2.430000, 0.255000
1476297413719, 10.735000, 10.720000, 400, 10.740000, 200, 2.430000, 0.255000
1476297415703, 10.735000, 10.720000, 400, 10.730000, 100, 2.430000, 0.255000
1476297417224, 10.720000, 10.720000, 100, 10.730000, 200, 2.290000, 0.240000
1476297419722, 10.730000, 10.720000, 100, 10.740000, 100, 2.390000, 0.250000
1476297421712, 10.730000, 10.720000, 300, 10.740000, 100, 2.390000, 0.250000
1476297423699, 10.730000, 10.720000, 300, 10.740000, 100, 2.390000, 0.250000
1476297425719, 10.730000, 10.720000, 300, 10.740000, 100, 2.390000, 0.250000
1476297427724, 10.740000, 10.740000, 200, 10.770000, 100, 2.480000, 0.260000
1476297429721, 10.740000, 10.740000, 500, 10.770000, 100, 2.480000, 0.260000
1476297431231, 10.740000, 10.740000, 500, 10.770000, 100, 2.480000, 0.260000
1476297433721, 10.740000, 10.740000, 500, 10.770000, 100, 2.480000, 0.260000
1476297435706, 10.740000, 10.740000, 500, 10.770000, 100, 2.480000, 0.260000
1476297437227, 10.740000, 10.740000, 500, 10.770000, 100, 2.480000, 0.260000
1476297439717, 10.740000, 10.740000, 500, 10.770000, 100, 2.480000, 0.260000
1476297441721, 10.740000, 10.740000, 500, 10.770000, 100, 2.480000, 0.260000
1476297443729, 10.740000, 10.730000, 1100, 10.770000, 300, 2.480000, 0.260000
1476297445740, 10.740000, 10.730000, 1100, 10.760000, 100, 2.480000, 0.260000
1476297447721, 10.740000, 10.730000, 1100, 10.760000, 100, 2.480000, 0.260000
1476297449717, 10.740000, 10.730000, 1100, 10.760000, 100, 2.480000, 0.260000
1476297451732, 10.740000, 10.730000, 1100, 10.760000, 100, 2.480000, 0.260000
1476297453712, 10.740000, 10.730000, 1100, 10.760000, 100, 2.480000, 0.260000
1476297455721, 10.740000, 10.730000, 1100, 10.760000, 200, 2.480000, 0.260000
1476297457251, 10.740000, 10.730000, 1100, 10.760000, 200, 2.480000, 0.260000
1476297459225, 10.740000, 10.740000, 100, 10.750000, 200, 2.480000, 0.260000
1476297461726, 10.730000, 10.710000, 400, 10.740000, 200, 2.390000, 0.250000
1476297463764, 10.730000, 10.710000, 400, 10.740000, 300, 2.390000, 0.250000
1476297465727, 10.730000, 10.710000, 400, 10.740000, 300, 2.390000, 0.250000
1476297467721, 10.730000, 10.710000, 400, 10.740000, 300, 2.390000, 0.250000
1476297469716, 10.730000, 10.710000, 400, 10.740000, 300, 2.390000, 0.250000
1476297471719, 10.730000, 10.710000, 400, 10.740000, 300, 2.390000, 0.250000
1476297473731, 10.710000, 10.700000, 500, 10.740000, 500, 2.190000, 0.230000
1476297475238, 10.710000, 10.700000, 500, 10.740000, 500, 2.190000, 0.230000
1476297477712, 10.710000, 10.700000, 500, 10.740000, 500, 2.190000, 0.230000
1476297479728, 10.710000, 10.700000, 500, 10.740000, 500, 2.190000, 0.230000
1476297481716, 10.710000, 10.700000, 500, 10.740000, 500, 2.190000, 0.230000
1476297483742, 10.710000, 10.710000, 500, 10.740000, 300, 2.190000, 0.230000
1476297485226, 10.710000, 10.710000, 500, 10.740000, 300, 2.190000, 0.230000
1476297487732, 10.710000, 10.710000, 500, 10.740000, 300, 2.190000, 0.230000
1476297489727, 10.710000, 10.710000, 300, 10.740000, 300, 2.190000, 0.230000
1476297491734, 10.710000, 10.710000, 300, 10.740000, 300, 2.190000, 0.230000
1476297493730, 10.710000, 10.710000, 300, 10.740000, 300, 2.190000, 0.230000
1476297495226, 10.710000, 10.710000, 300, 10.740000, 300, 2.190000, 0.230000
1476297497735, 10.710000, 10.710000, 300, 10.740000, 300, 2.190000, 0.230000
1476297499732, 10.710000, 10.710000, 300, 10.740000, 300, 2.190000, 0.230000
1476297501758, 10.710000, 10.710000, 300, 10.740000, 300, 2.190000, 0.230000
1476297503765, 10.710000, 10.710000, 300, 10.740000, 300, 2.190000, 0.230000
1476297505732, 10.710000, 10.710000, 300, 10.740000, 300, 2.190000, 0.230000
1476297507730, 10.710000, 10.710000, 100, 10.740000, 300, 2.190000, 0.230000
1476297509739, 10.710000, 10.710000, 100, 10.740000, 300, 2.190000, 0.230000
1476297511738, 10.710000, 10.710000, 100, 10.740000, 300, 2.190000, 0.230000
1476297513745, 10.710000, 10.710000, 100, 10.740000, 300, 2.190000, 0.230000
1476297515779, 10.710000, 10.710000, 100, 10.740000, 300, 2.190000, 0.230000
1476297517773, 10.710000, 10.710000, 100, 10.740000, 300, 2.190000, 0.230000
1476297519725, 10.710000, 10.710000, 100, 10.740000, 300, 2.190000, 0.230000
1476297522156, 10.710000, 10.710000, 100, 10.740000, 300, 2.190000, 0.230000
1476297524148, 10.710000, 10.710000, 100, 10.740000, 300, 2.190000, 0.230000
1476297526152, 10.710000, 10.710000, 100, 10.740000, 300, 2.190000, 0.230000
1476297528156, 10.710000, 10.710000, 100, 10.740000, 200, 2.190000, 0.230000
1476297530163, 10.710000, 10.710000, 100, 10.740000, 200, 2.190000, 0.230000
1476297532160, 10.710000, 10.710000, 100, 10.740000, 200, 2.190000, 0.230000
1476297534152, 10.710000, 10.710000, 100, 10.740000, 200, 2.190000, 0.230000
1476297535694, 10.980000, 10.970000, 300, 11.060000, 300, 4.770000, 0.500000
1476297538159, 10.960000, 10.950000, 300, 10.960000, 600, 4.580000, 0.480000
1476297540157, 10.900000, 10.900000, 1000, 10.950000, 100, 4.010000, 0.420000
1476297542161, 10.910000, 10.900000, 100, 10.920000, 100, 4.100000, 0.430000
1476297544165, 10.980000, 10.920000, 500, 10.980000, 100, 4.770000, 0.500000
1476297546189, 10.950000, 10.920000, 600, 10.980000, 300, 4.480000, 0.470000
1476297548157, 10.950000, 10.920000, 600, 10.960000, 100, 4.480000, 0.470000
1476297550164, 10.930000, 10.920000, 600, 10.960000, 100, 4.290000, 0.450000
1476297551664, 10.950000, 10.920000, 300, 10.950000, 500, 4.480000, 0.470000
1476297554166, 10.950000, 10.920000, 300, 10.950000, 500, 4.480000, 0.470000
1476297556165, 10.920000, 10.920000, 100, 10.930000, 100, 4.200000, 0.440000
1476297558167, 10.930000, 10.910000, 100, 10.950000, 600, 4.290000, 0.450000
1476297559669, 10.910000, 10.910000, 100, 10.950000, 600, 4.100000, 0.430000
1476297562163, 10.930000, 10.910000, 500, 10.940000, 100, 4.290000, 0.450000
1476297563663, 10.910000, 10.910000, 100, 10.940000, 100, 4.100000, 0.430000
1476297566169, 10.900100, 10.900000, 300, 10.930000, 100, 4.010000, 0.420100
1476297568164, 10.900000, 10.890000, 200, 10.900000, 100, 4.010000, 0.420000
1476297570170, 10.880000, 10.880000, 100, 10.900000, 100, 3.820000, 0.400000
1476297572170, 10.900000, 10.890000, 100, 10.920000, 100, 4.010000, 0.420000
1476297574197, 10.900000, 10.890000, 100, 10.930000, 200, 4.010000, 0.420000
1476297575683, 10.900000, 10.890000, 100, 10.930000, 200, 4.010000, 0.420000
1476297578168, 10.890000, 10.900000, 100, 10.930000, 100, 3.910000, 0.410000
1476297580163, 10.900000, 10.900000, 100, 10.930000, 100, 4.010000, 0.420000
1476297582171, 10.900000, 10.900000, 100, 10.930000, 100, 4.010000, 0.420000
1476297584174, 10.900000, 10.890000, 300, 10.930000, 300, 4.010000, 0.420000
1476297585672, 10.900000, 10.890000, 300, 10.930000, 300, 4.010000, 0.420000
1476297588181, 10.900000, 10.890000, 300, 10.930000, 300, 4.010000, 0.420000
1476297590183, 10.895000, 10.890000, 300, 10.930000, 100, 3.960000, 0.415000
1476297592180, 10.895000, 10.890000, 300, 10.930000, 100, 3.960000, 0.415000
1476297594175, 10.895000, 10.890000, 300, 10.920000, 100, 3.960000, 0.415000
1476297596178, 10.895000, 10.890000, 100, 10.920000, 100, 3.960000, 0.415000
1476297598165, 10.895000, 10.890000, 100, 10.920000, 100, 3.960000, 0.415000
1476297600176, 10.890000, 10.870000, 500, 10.910000, 100, 3.910000, 0.410000
1476297601672, 10.890000, 10.870000, 500, 10.910000, 100, 3.910000, 0.410000
1476297604178, 10.890000, 10.870000, 400, 10.900000, 100, 3.910000, 0.410000
1476297606176, 10.890000, 10.870000, 500, 10.900000, 100, 3.910000, 0.410000
1476297608177, 10.890000, 10.880000, 600, 10.900000, 100, 3.910000, 0.410000
1476297610176, 10.890000, 10.880000, 300, 10.900000, 200, 3.910000, 0.410000
1476297612178, 10.880000, 10.880000, 300, 10.900000, 200, 3.820000, 0.400000
1476297614178, 10.890000, 10.880000, 200, 10.900000, 400, 3.910000, 0.410000
1476297615689, 10.890000, 10.880000, 200, 10.900000, 400, 3.910000, 0.410000
1476297618198, 10.890000, 10.880000, 300, 10.900000, 400, 3.910000, 0.410000
1476297620178, 10.890000, 10.880000, 300, 10.900000, 400, 3.910000, 0.410000
1476297622169, 10.890000, 10.880000, 300, 10.900000, 400, 3.910000, 0.410000
1476297624180, 10.870000, 10.870000, 100, 10.880000, 200, 3.720000, 0.390000
1476297625687, 10.875000, 10.870000, 200, 10.880000, 200, 3.770000, 0.395000
1476297628180, 10.870000, 10.830000, 300, 10.870000, 100, 3.720000, 0.390000
1476297630178, 10.850000, 10.830000, 300, 10.870000, 200, 3.530000, 0.370000
1476297632174, 10.850000, 10.830000, 300, 10.870000, 200, 3.530000, 0.370000
1476297634183, 10.850000, 10.830000, 300, 10.870000, 200, 3.530000, 0.370000
1476297635688, 10.850000, 10.830000, 300, 10.870000, 200, 3.530000, 0.370000
1476297638187, 10.850000, 10.830000, 300, 10.870000, 200, 3.530000, 0.370000
1476297640188, 10.850000, 10.830000, 300, 10.870000, 200, 3.530000, 0.370000
1476297642196, 10.850000, 10.830000, 300, 10.870000, 200, 3.530000, 0.370000
1476297644216, 10.850000, 10.830000, 300, 10.870000, 200, 3.530000, 0.370000
1476297646192, 10.850000, 10.830000, 300, 10.870000, 200, 3.530000, 0.370000
1476297648191, 10.874700, 10.840000, 400, 10.890000, 500, 3.770000, 0.394700
1476297650189, 10.850000, 10.840000, 400, 10.880000, 100, 3.530000, 0.370000
1476297652192, 10.850000, 10.840000, 500, 10.880000, 100, 3.530000, 0.370000
1476297654188, 10.850000, 10.840000, 500, 10.870000, 100, 3.530000, 0.370000
1476297656194, 10.850000, 10.840000, 500, 10.870000, 100, 3.530000, 0.370000
1476297658193, 10.850000, 10.840000, 500, 10.870000, 100, 3.530000, 0.370000
1476297660197, 10.850000, 10.840000, 500, 10.870000, 100, 3.530000, 0.370000
1476297662201, 10.850000, 10.840000, 500, 10.870000, 100, 3.530000, 0.370000
1476297664198, 10.855000, 10.840000, 500, 10.870000, 100, 3.580000, 0.375000
1476297665699, 10.855000, 10.840000, 500, 10.870000, 100, 3.580000, 0.375000
1476297668197, 10.855000, 10.840000, 500, 10.870000, 100, 3.580000, 0.375000
1476297670201, 10.855000, 10.840000, 500, 10.870000, 100, 3.580000, 0.375000
1476297672195, 10.855000, 10.840000, 500, 10.870000, 100, 3.580000, 0.375000
1476297674212, 10.855000, 10.850000, 200, 10.870000, 100, 3.580000, 0.375000
1476297676228, 10.850000, 10.840000, 500, 10.870000, 200, 3.530000, 0.370000
1476297678196, 10.820000, 10.820000, 200, 10.840000, 100, 3.240000, 0.340000
1476297680193, 10.820000, 10.810000, 100, 10.820000, 100, 3.240000, 0.340000
1476297682197, 10.840000, 10.810000, 300, 10.840000, 100, 3.440000, 0.360000
1476297684209, 10.840000, 10.810000, 300, 10.840000, 100, 3.440000, 0.360000
1476297686193, 10.840000, 10.810000, 300, 10.840000, 100, 3.440000, 0.360000
1476297688210, 10.840000, 10.810000, 300, 10.840000, 100, 3.440000, 0.360000
1476297690208, 10.840000, 10.810000, 300, 10.840000, 100, 3.440000, 0.360000
1476297692197, 10.840000, 10.810000, 400, 10.840000, 100, 3.440000, 0.360000
1476297694197, 10.840000, 10.810000, 300, 10.840000, 100, 3.440000, 0.360000
1476297696212, 10.840000, 10.810000, 300, 10.840000, 100, 3.440000, 0.360000
1476297698204, 10.840000, 10.810000, 300, 10.840000, 100, 3.440000, 0.360000
1476297699703, 10.840000, 10.810000, 300, 10.840000, 100, 3.440000, 0.360000
1476297701206, 10.840000, 10.810000, 300, 10.840000, 100, 3.440000, 0.360000
1476297704207, 10.840000, 10.810000, 300, 10.840000, 100, 3.440000, 0.360000
1476297706207, 10.840000, 10.810000, 600, 10.840000, 100, 3.440000, 0.360000
1476297708208, 10.840000, 10.810000, 600, 10.840000, 100, 3.440000, 0.360000
1476297710209, 10.840000, 10.810000, 600, 10.840000, 100, 3.440000, 0.360000
1476297712204, 10.840000, 10.810000, 600, 10.840000, 100, 3.440000, 0.360000
1476297714209, 10.830000, 10.820000, 100, 10.840000, 200, 3.340000, 0.350000
1476297716252, 10.830000, 10.820000, 100, 10.840000, 200, 3.340000, 0.350000
1476297718191, 10.830000, 10.820000, 100, 10.840000, 200, 3.340000, 0.350000
1476297720208, 10.830000, 10.820000, 100, 10.840000, 200, 3.340000, 0.350000
1476297722216, 10.835000, 10.820000, 400, 10.850000, 100, 3.390000, 0.355000
1476297724213, 10.835000, 10.820000, 500, 10.850000, 100, 3.390000, 0.355000
1476297726211, 10.850000, 10.820000, 400, 10.850000, 100, 3.530000, 0.370000
1476297727716, 10.850000, 10.820000, 400, 10.850000, 100, 3.530000, 0.370000
1476297730212, 10.850000, 10.820000, 500, 10.850000, 100, 3.530000, 0.370000
1476297732218, 10.850000, 10.820000, 500, 10.850000, 100, 3.530000, 0.370000
1476297734218, 10.830000, 10.820000, 100, 10.830000, 100, 3.340000, 0.350000
1476297736209, 10.830000, 10.820000, 600, 10.830000, 100, 3.340000, 0.350000
1476297738217, 10.830000, 10.820000, 100, 10.840000, 100, 3.340000, 0.350000
1476297740219, 10.830000, 10.820000, 100, 10.840000, 100, 3.340000, 0.350000
1476297741723, 10.830000, 10.820000, 100, 10.840000, 100, 3.340000, 0.350000
1476297743720, 10.830000, 10.820000, 100, 10.840000, 100, 3.340000, 0.350000
1476297746221, 10.940000, 10.940000, 200, 10.990000, 400, 4.390000, 0.460000
1476297747728, 10.940000, 10.930000, 100, 10.960000, 300, 4.390000, 0.460000
1476297749716, 10.900000, 10.890000, 300, 10.950000, 100, 4.010000, 0.420000
1476297752215, 10.900000, 10.900000, 500, 10.950000, 200, 4.010000, 0.420000
1476297753725, 10.900000, 10.900000, 500, 10.950000, 200, 4.010000, 0.420000
1476297755724, 10.900000, 10.900000, 500, 10.950000, 200, 4.010000, 0.420000
1476297758231, 10.900000, 10.900000, 500, 10.950000, 200, 4.010000, 0.420000
1476297760235, 10.900000, 10.900000, 500, 10.950000, 200, 4.010000, 0.420000
1476297761230, 10.900000, 10.900000, 500, 10.940000, 100, 4.010000, 0.420000
1476297764227, 10.900000, 10.900000, 500, 10.940000, 300, 4.010000, 0.420000
1476297766221, 10.900000, 10.900000, 500, 10.940000, 300, 4.010000, 0.420000
1476297768232, 10.900000, 10.900000, 100, 10.930000, 400, 4.010000, 0.420000
1476297770231, 10.900000, 10.870000, 400, 10.920000, 100, 4.010000, 0.420000
1476297772230, 10.880000, 10.870000, 600, 10.920000, 100, 3.820000, 0.400000
1476297773712, 10.880000, 10.870000, 800, 10.920000, 100, 3.820000, 0.400000
1476297776232, 10.880000, 10.870000, 800, 10.920000, 100, 3.820000, 0.400000
1476297778221, 10.880000, 10.870000, 900, 10.920000, 100, 3.820000, 0.400000
1476297780226, 10.880000, 10.870000, 900, 10.910000, 100, 3.820000, 0.400000
1476297782237, 10.880000, 10.870000, 900, 10.910000, 100, 3.820000, 0.400000
1476297784222, 10.880000, 10.870000, 900, 10.910000, 200, 3.820000, 0.400000
1476297786225, 10.880000, 10.870000, 1100, 10.910000, 200, 3.820000, 0.400000
1476297788222, 10.880000, 10.870000, 1100, 10.910000, 200, 3.820000, 0.400000
1476297790261, 10.880000, 10.870000, 1100, 10.910000, 200, 3.820000, 0.400000
1476297792230, 10.880000, 10.880000, 300, 10.910000, 200, 3.820000, 0.400000
1476297794222, 10.880000, 10.880000, 300, 10.910000, 200, 3.820000, 0.400000
1476297796227, 10.895000, 10.880000, 300, 10.910000, 200, 3.960000, 0.415000
1476297798235, 10.895000, 10.880000, 300, 10.910000, 200, 3.960000, 0.415000
1476297800234, 10.895000, 10.880000, 300, 10.910000, 200, 3.960000, 0.415000
1476297801746, 10.895000, 10.880000, 300, 10.910000, 200, 3.960000, 0.415000
1476297804269, 10.895000, 10.880000, 300, 10.910000, 200, 3.960000, 0.415000
1476297806256, 10.895000, 10.880000, 300, 10.910000, 200, 3.960000, 0.415000
1476297808233, 10.895000, 10.880000, 300, 10.910000, 200, 3.960000, 0.415000
1476297809737, 10.895000, 10.880000, 300, 10.910000, 200, 3.960000, 0.415000
1476297812269, 10.895000, 10.880000, 300, 10.910000, 200, 3.960000, 0.415000
1476297814245, 10.895000, 10.890000, 400, 10.910000, 200, 3.960000, 0.415000
1476297816230, 10.890000, 10.890000, 100, 10.910000, 200, 3.910000, 0.410000
1476297818234, 10.890000, 10.890000, 100, 10.910000, 200, 3.910000, 0.410000
1476297820229, 10.890000, 10.880000, 300, 10.910000, 200, 3.910000, 0.410000
1476297822241, 10.890000, 10.880000, 300, 10.910000, 200, 3.910000, 0.410000
1476297824232, 10.880000, 10.860000, 200, 10.900000, 100, 3.820000, 0.400000
1476297826234, 10.880000, 10.860000, 100, 10.900000, 200, 3.820000, 0.400000
1476297828239, 10.880000, 10.860000, 100, 10.900000, 200, 3.820000, 0.400000
1476297829738, 10.880000, 10.860000, 100, 10.900000, 200, 3.820000, 0.400000
1476297832158, 10.880000, 10.860000, 100, 10.900000, 200, 3.820000, 0.400000
1476297834167, 10.880000, 10.860000, 100, 10.900000, 200, 3.820000, 0.400000
1476297836156, 10.880000, 10.860000, 200, 10.900000, 200, 3.820000, 0.400000
1476297838158, 10.880000, 10.860000, 200, 10.890000, 100, 3.820000, 0.400000
1476297840158, 10.880000, 10.860000, 100, 10.890000, 200, 3.820000, 0.400000
1476297841659, 10.880000, 10.860000, 200, 10.890000, 200, 3.820000, 0.400000
1476297844160, 10.880000, 10.860000, 200, 10.890000, 200, 3.820000, 0.400000
1476297846159, 10.880000, 10.860000, 200, 10.890000, 200, 3.820000, 0.400000
1476297848161, 10.880000, 10.860000, 200, 10.890000, 200, 3.820000, 0.400000
1476297850162, 10.880000, 10.860000, 200, 10.890000, 200, 3.820000, 0.400000
1476297852159, 10.890000, 10.870000, 200, 10.890000, 100, 3.910000, 0.410000
1476297854150, 10.890000, 10.870000, 100, 10.890000, 100, 3.910000, 0.410000
1476297856164, 10.890000, 10.870000, 100, 10.890000, 100, 3.910000, 0.410000
1476297858164, 10.890000, 10.870000, 300, 10.890000, 100, 3.910000, 0.410000
1476297860167, 10.890000, 10.870000, 300, 10.890000, 100, 3.910000, 0.410000
1476297862157, 10.890000, 10.870000, 300, 10.890000, 100, 3.910000, 0.410000
1476297863665, 10.890000, 10.870000, 300, 10.890000, 100, 3.910000, 0.410000
1476297865704, 10.890000, 10.870000, 300, 10.890000, 100, 3.910000, 0.410000
1476297868168, 10.880000, 10.870000, 200, 10.890000, 100, 3.820000, 0.400000
1476297870162, 10.880000, 10.870000, 200, 10.890000, 100, 3.820000, 0.400000
1476297872168, 10.880000, 10.870000, 200, 10.890000, 100, 3.820000, 0.400000
1476297874161, 10.870000, 10.870000, 100, 10.890000, 300, 3.720000, 0.390000
1476297876162, 10.870000, 10.870000, 100, 10.890000, 300, 3.720000, 0.390000
1476297878170, 10.870000, 10.870000, 100, 10.890000, 300, 3.720000, 0.390000
1476297880169, 10.870000, 10.870000, 100, 10.890000, 300, 3.720000, 0.390000
1476297882164, 10.870000, 10.860000, 200, 10.890000, 300, 3.720000, 0.390000
1476297883672, 10.870000, 10.860000, 200, 10.890000, 300, 3.720000, 0.390000
1476297886163, 10.870000, 10.860000, 200, 10.890000, 300, 3.720000, 0.390000
1476297888196, 10.870000, 10.860000, 200, 10.890000, 300, 3.720000, 0.390000
1476297890209, 10.870000, 10.860000, 200, 10.900000, 200, 3.720000, 0.390000
1476297892171, 10.870000, 10.860000, 500, 10.910000, 200, 3.720000, 0.390000
1476297893680, 10.870000, 10.860000, 600, 10.900000, 100, 3.720000, 0.390000
1476297896173, 10.870000, 10.860000, 600, 10.900000, 100, 3.720000, 0.390000
1476297898172, 10.870000, 10.860000, 400, 10.900000, 100, 3.720000, 0.390000
1476297900179, 10.870000, 10.860000, 300, 10.900000, 300, 3.720000, 0.390000
1476297902168, 10.870000, 10.860000, 200, 10.890000, 500, 3.720000, 0.390000
1476297904178, 10.860000, 10.860000, 200, 10.880000, 200, 3.630000, 0.380000
1476297906182, 10.860000, 10.860000, 200, 10.880000, 300, 3.630000, 0.380000
1476297908176, 10.860000, 10.860000, 200, 10.880000, 300, 3.630000, 0.380000
1476297910180, 10.860000, 10.860000, 100, 10.870000, 500, 3.630000, 0.380000
1476297912179, 10.860000, 10.840000, 100, 10.860000, 100, 3.630000, 0.380000
1476297914180, 10.860000, 10.840000, 100, 10.860000, 200, 3.630000, 0.380000
1476297916174, 10.860000, 10.840000, 100, 10.860000, 200, 3.630000, 0.380000
1476297918176, 10.840000, 10.840000, 100, 10.860000, 300, 3.440000, 0.360000
1476297920178, 10.840000, 10.840000, 100, 10.860000, 300, 3.440000, 0.360000
1476297922201, 10.840000, 10.840000, 100, 10.860000, 300, 3.440000, 0.360000
1476297924169, 10.840000, 10.840000, 100, 10.860000, 300, 3.440000, 0.360000
1476297926166, 10.840000, 10.840000, 100, 10.860000, 300, 3.440000, 0.360000
1476297928180, 10.840000, 10.840000, 100, 10.860000, 300, 3.440000, 0.360000
1476297930182, 10.840000, 10.840000, 100, 10.860000, 300, 3.440000, 0.360000
1476297932178, 10.840000, 10.840000, 100, 10.860000, 300, 3.440000, 0.360000
1476297934187, 10.840000, 10.830000, 700, 10.860000, 200, 3.440000, 0.360000
1476297936189, 10.859500, 10.830000, 700, 10.860000, 200, 3.620000, 0.379500
1476297938183, 10.850000, 10.830000, 100, 10.840000, 100, 3.530000, 0.370000
1476297939684, 10.850000, 10.830000, 100, 10.840000, 100, 3.530000, 0.370000
1476297942194, 10.830000, 10.820000, 700, 10.840000, 100, 3.340000, 0.350000
1476297944190, 10.830000, 10.820000, 700, 10.840000, 100, 3.340000, 0.350000
1476297946187, 10.830000, 10.820000, 700, 10.840000, 100, 3.340000, 0.350000
1476297948175, 10.830000, 10.820000, 700, 10.840000, 100, 3.340000, 0.350000
1476297950187, 10.830000, 10.820000, 700, 10.840000, 100, 3.340000, 0.350000
1476297952177, 10.830000, 10.810000, 700, 10.830000, 100, 3.340000, 0.350000
1476297954178, 10.830000, 10.810000, 800, 10.830000, 100, 3.340000, 0.350000
1476297956190, 10.830000, 10.810000, 400, 10.820000, 100, 3.340000, 0.350000
1476297958188, 10.820000, 10.810000, 500, 10.830000, 100, 3.240000, 0.340000
1476297960188, 10.810000, 10.810000, 500, 10.830000, 100, 3.150000, 0.330000
1476297962195, 10.810000, 10.810000, 400, 10.830000, 100, 3.150000, 0.330000
1476297964183, 10.810000, 10.810000, 400, 10.830000, 100, 3.150000, 0.330000
1476297966217, 10.810000, 10.810000, 400, 10.830000, 100, 3.150000, 0.330000
1476297968193, 10.810000, 10.810000, 400, 10.830000, 100, 3.150000, 0.330000
1476297970195, 10.810000, 10.810000, 400, 10.830000, 100, 3.150000, 0.330000
1476297971722, 10.810000, 10.810000, 400, 10.830000, 100, 3.150000, 0.330000
1476297974187, 10.810000, 10.810000, 400, 10.830000, 100, 3.150000, 0.330000
1476297976194, 10.810000, 10.810000, 400, 10.830000, 100, 3.150000, 0.330000
1476297978195, 10.810000, 10.810000, 400, 10.830000, 100, 3.150000, 0.330000
1476297980238, 10.810000, 10.810000, 400, 10.830000, 100, 3.150000, 0.330000
1476297981700, 10.810000, 10.810000, 400, 10.830000, 100, 3.150000, 0.330000
1476297984194, 10.810000, 10.810000, 400, 10.830000, 100, 3.150000, 0.330000
1476297986199, 10.810000, 10.810000, 400, 10.830000, 100, 3.150000, 0.330000
1476297988197, 10.810000, 10.810000, 400, 10.830000, 100, 3.150000, 0.330000
1476297990203, 10.810000, 10.810000, 400, 10.830000, 100, 3.150000, 0.330000
1476297992236, 10.810000, 10.810000, 400, 10.830000, 100, 3.150000, 0.330000
1476297994238, 10.810000, 10.810000, 400, 10.830000, 100, 3.150000, 0.330000
1476297996203, 10.810000, 10.810000, 400, 10.830000, 100, 3.150000, 0.330000
1476297998211, 10.810000, 10.810000, 500, 10.830000, 100, 3.150000, 0.330000
1476298000194, 10.810000, 10.810000, 500, 10.830000, 100, 3.150000, 0.330000
1476298002198, 10.810000, 10.810000, 500, 10.830000, 100, 3.150000, 0.330000
1476298004241, 10.810000, 10.810000, 500, 10.830000, 100, 3.150000, 0.330000
1476298004707, 10.810000, 10.810000, 500, 10.830000, 100, 3.150000, 0.330000
1476298007732, 10.810000, 10.810000, 400, 10.830000, 100, 3.150000, 0.330000
1476298010215, 10.810000, 10.810000, 400, 10.830000, 100, 3.150000, 0.330000
1476298012201, 10.810000, 10.810000, 400, 10.830000, 100, 3.150000, 0.330000
1476298013706, 10.810000, 10.810000, 400, 10.830000, 100, 3.150000, 0.330000
1476298016200, 10.810000, 10.810000, 400, 10.830000, 100, 3.150000, 0.330000
1476298018206, 10.810000, 10.810000, 400, 10.830000, 100, 3.150000, 0.330000
1476298020209, 10.820000, 10.810000, 400, 10.830000, 100, 3.240000, 0.340000
1476298022224, 10.820000, 10.810000, 400, 10.830000, 100, 3.240000, 0.340000
1476298024206, 10.820000, 10.810000, 400, 10.830000, 100, 3.240000, 0.340000
1476298026205, 10.820000, 10.810000, 400, 10.830000, 100, 3.240000, 0.340000
1476298028217, 10.820000, 10.810000, 400, 10.830000, 100, 3.240000, 0.340000
1476298030203, 10.820000, 10.810000, 400, 10.830000, 100, 3.240000, 0.340000
1476298032200, 10.820000, 10.810000, 400, 10.830000, 100, 3.240000, 0.340000
1476298034208, 10.820000, 10.810000, 400, 10.830000, 100, 3.240000, 0.340000
1476298036211, 10.820000, 10.810000, 400, 10.830000, 100, 3.240000, 0.340000
1476298037708, 10.820000, 10.810000, 400, 10.830000, 100, 3.240000, 0.340000
1476298040233, 10.820000, 10.810000, 400, 10.830000, 100, 3.240000, 0.340000
1476298042221, 10.820000, 10.810000, 400, 10.830000, 100, 3.240000, 0.340000
1476298044215, 10.820000, 10.810000, 400, 10.830000, 100, 3.240000, 0.340000
1476298046219, 10.950000, 10.940000, 400, 11.000000, 100, 4.480000, 0.470000
1476298048220, 10.940000, 10.940000, 100, 10.970000, 200, 4.390000, 0.460000
1476298050205, 10.940000, 10.930000, 400, 10.970000, 100, 4.390000, 0.460000
1476298052214, 10.940000, 10.920000, 800, 10.960000, 500, 4.390000, 0.460000
1476298054218, 10.925000, 10.920000, 700, 10.940000, 100, 4.250000, 0.445000
1476298055221, 10.925000, 10.920000, 700, 10.940000, 100, 4.250000, 0.445000
1476298058207, 10.940000, 10.920000, 600, 10.960000, 500, 4.390000, 0.460000
1476298060225, 10.940000, 10.920000, 600, 10.960000, 500, 4.390000, 0.460000
1476298062215, 10.940000, 10.920000, 600, 10.960000, 500, 4.390000, 0.460000
1476298064228, 10.960000, 10.940000, 200, 10.960000, 400, 4.580000, 0.480000
1476298066206, 10.950000, 10.940000, 100, 10.950000, 100, 4.480000, 0.470000
1476298068231, 10.960000, 10.940000, 200, 10.960000, 200, 4.580000, 0.480000
1476298070226, 10.940000, 10.940000, 100, 10.960000, 200, 4.390000, 0.460000
1476298072218, 10.967900, 10.950000, 100, 10.970000, 100, 4.660000, 0.487900
1476298074214, 10.970000, 10.950000, 100, 10.980000, 500, 4.680000, 0.490000
1476298076233, 10.970000, 10.950000, 100, 10.970000, 100, 4.680000, 0.490000
1476298078234, 10.970000, 10.950000, 100, 10.970000, 200, 4.680000, 0.490000
1476298080220, 10.950000, 10.940000, 200, 10.970000, 200, 4.480000, 0.470000
1476298082268, 10.950000, 10.940000, 200, 10.960000, 100, 4.480000, 0.470000
1476298084238, 10.950000, 10.940000, 200, 10.960000, 100, 4.480000, 0.470000
1476298086239, 10.950000, 10.940000, 100, 10.960000, 100, 4.480000, 0.470000
1476298088239, 10.950000, 10.940000, 100, 10.960000, 100, 4.480000, 0.470000
1476298090232, 10.960000, 10.940000, 700, 10.970000, 200, 4.580000, 0.480000
1476298091733, 10.960000, 10.940000, 700, 10.970000, 200, 4.580000, 0.480000
1476298094225, 10.970000, 10.950000, 300, 11.000000, 300, 4.680000, 0.490000
1476298096246, 10.970000, 10.950000, 300, 11.000000, 300, 4.680000, 0.490000
1476298097729, 10.970000, 10.950000, 300, 11.000000, 300, 4.680000, 0.490000
1476298100228, 10.970000, 10.950000, 300, 11.000000, 300, 4.680000, 0.490000
1476298102237, 10.960000, 10.950000, 300, 11.000000, 300, 4.580000, 0.480000
1476298104229, 10.960000, 10.950000, 300, 11.000000, 300, 4.580000, 0.480000
1476298106237, 10.960000, 10.950000, 100, 10.990000, 500, 4.580000, 0.480000
1476298108233, 10.960000, 10.950000, 100, 10.990000, 500, 4.580000, 0.480000
1476298110260, 10.970000, 10.950000, 100, 10.990000, 500, 4.680000, 0.490000
1476298112232, 10.970000, 10.950000, 100, 10.990000, 500, 4.680000, 0.490000
1476298114248, 10.970000, 10.950000, 100, 10.990000, 500, 4.680000, 0.490000
1476298116233, 10.960000, 10.950000, 100, 10.990000, 500, 4.580000, 0.480000
1476298118231, 10.960000, 10.950000, 100, 10.990000, 500, 4.580000, 0.480000
1476298120241, 10.960000, 10.950000, 100, 10.990000, 500, 4.580000, 0.480000
1476298122233, 10.960000, 10.950000, 100, 10.990000, 400, 4.580000, 0.480000
1476298124254, 10.960000, 10.950000, 100, 10.990000, 400, 4.580000, 0.480000
1476298126235, 10.960000, 10.950000, 100, 10.980000, 400, 4.580000, 0.480000
1476298128236, 10.960000, 10.950000, 100, 10.980000, 400, 4.580000, 0.480000
1476298130240, 10.960000, 10.950000, 100, 10.980000, 400, 4.580000, 0.480000
1476298131752, 10.965000, 10.950000, 100, 10.980000, 400, 4.630000, 0.485000
1476298134245, 10.965000, 10.950000, 100, 10.970000, 100, 4.630000, 0.485000
1476298136247, 10.970000, 10.950000, 100, 10.970000, 100, 4.680000, 0.490000
1476298138255, 10.970000, 10.950000, 100, 10.970000, 100, 4.680000, 0.490000
1476298140461, 10.970000, 10.950000, 100, 10.970000, 100, 4.680000, 0.490000
1476298142159, 10.960000, 10.960000, 100, 10.970000, 100, 4.580000, 0.480000
1476298144157, 10.960000, 10.950000, 100, 10.970000, 100, 4.580000, 0.480000
1476298146159, 10.960000, 10.950000, 100, 10.970000, 100, 4.580000, 0.480000
1476298148156, 10.960000, 10.950000, 100, 10.970000, 100, 4.580000, 0.480000
1476298150164, 10.960000, 10.950000, 100, 10.970000, 100, 4.580000, 0.480000
1476298151681, 10.960000, 10.950000, 100, 10.970000, 100, 4.580000, 0.480000
1476298153162, 10.960000, 10.950000, 100, 10.970000, 100, 4.580000, 0.480000
1476298156163, 10.960000, 10.950000, 100, 10.970000, 100, 4.580000, 0.480000
1476298158153, 10.960000, 10.950000, 100, 10.970000, 100, 4.580000, 0.480000
1476298160164, 10.960000, 10.950000, 100, 10.970000, 100, 4.580000, 0.480000
1476298161153, 10.960000, 10.950000, 100, 10.970000, 100, 4.580000, 0.480000
1476298164161, 10.960000, 10.950000, 100, 10.970000, 100, 4.580000, 0.480000
1476298166164, 10.960000, 10.950000, 100, 10.970000, 100, 4.580000, 0.480000
1476298168161, 10.960000, 10.950000, 100, 10.970000, 100, 4.580000, 0.480000
1476298170167, 10.960000, 10.950000, 100, 10.970000, 100, 4.580000, 0.480000
1476298172169, 10.960000, 10.950000, 100, 10.970000, 100, 4.580000, 0.480000
1476298174159, 10.960000, 10.950000, 100, 10.970000, 100, 4.580000, 0.480000
1476298176159, 10.960000, 10.950000, 100, 10.970000, 100, 4.580000, 0.480000
1476298177163, 10.960000, 10.950000, 100, 10.970000, 100, 4.580000, 0.480000
1476298180184, 10.960000, 10.950000, 100, 10.970000, 100, 4.580000, 0.480000
1476298182203, 10.960000, 10.950000, 100, 10.970000, 100, 4.580000, 0.480000
1476298184170, 10.960000, 10.950000, 100, 10.970000, 100, 4.580000, 0.480000
1476298186174, 10.960000, 10.950000, 100, 10.970000, 100, 4.580000, 0.480000
1476298188166, 10.960000, 10.950000, 100, 10.970000, 100, 4.580000, 0.480000
1476298190161, 10.940000, 10.920000, 700, 10.960000, 400, 4.390000, 0.460000
1476298192174, 10.940000, 10.920000, 700, 10.960000, 400, 4.390000, 0.460000
1476298194204, 10.940000, 10.920000, 700, 10.960000, 400, 4.390000, 0.460000
1476298196172, 10.940000, 10.920000, 700, 10.960000, 400, 4.390000, 0.460000
1476298197667, 10.940000, 10.920000, 700, 10.960000, 400, 4.390000, 0.460000
1476298200179, 10.940000, 10.920000, 700, 10.960000, 400, 4.390000, 0.460000
1476298202172, 10.940000, 10.920000, 700, 10.960000, 400, 4.390000, 0.460000
1476298204166, 10.940000, 10.920000, 600, 10.960000, 400, 4.390000, 0.460000
1476298206173, 10.940000, 10.920000, 600, 10.960000, 400, 4.390000, 0.460000
1476298208172, 10.940000, 10.920000, 600, 10.960000, 400, 4.390000, 0.460000
1476298209676, 10.940000, 10.920000, 600, 10.960000, 400, 4.390000, 0.460000
1476298212177, 10.940000, 10.920000, 600, 10.960000, 400, 4.390000, 0.460000
1476298214176, 10.940000, 10.920000, 600, 10.960000, 400, 4.390000, 0.460000
1476298215678, 10.940000, 10.920000, 600, 10.960000, 400, 4.390000, 0.460000
1476298218178, 10.940000, 10.920000, 600, 10.960000, 400, 4.390000, 0.460000
1476298220180, 10.940000, 10.920000, 600, 10.960000, 400, 4.390000, 0.460000
1476298222186, 10.940000, 10.920000, 600, 10.960000, 400, 4.390000, 0.460000
1476298224201, 10.940000, 10.920000, 600, 10.960000, 400, 4.390000, 0.460000
1476298226196, 10.940000, 10.920000, 100, 10.950000, 200, 4.390000, 0.460000
1476298227684, 10.940000, 10.920000, 100, 10.950000, 200, 4.390000, 0.460000
1476298230184, 10.940000, 10.920000, 100, 10.950000, 200, 4.390000, 0.460000
1476298232187, 10.940000, 10.920000, 100, 10.950000, 200, 4.390000, 0.460000
1476298234184, 10.940000, 10.920000, 100, 10.950000, 200, 4.390000, 0.460000
1476298236184, 10.940000, 10.920000, 100, 10.950000, 100, 4.390000, 0.460000
1476298238194, 10.940000, 10.920000, 100, 10.950000, 100, 4.390000, 0.460000
1476298240184, 10.920000, 10.910000, 400, 10.950000, 200, 4.200000, 0.440000
1476298242194, 10.920000, 10.910000, 400, 10.950000, 200, 4.200000, 0.440000
1476298244187, 10.920000, 10.910000, 400, 10.950000, 200, 4.200000, 0.440000
1476298246188, 10.920000, 10.910000, 400, 10.950000, 200, 4.200000, 0.440000
1476298248184, 10.940000, 10.910000, 400, 10.940000, 100, 4.390000, 0.460000
1476298250193, 10.940000, 10.910000, 400, 10.940000, 100, 4.390000, 0.460000
1476298252204, 10.940000, 10.910000, 400, 10.940000, 100, 4.390000, 0.460000
1476298253187, 10.940000, 10.910000, 400, 10.940000, 100, 4.390000, 0.460000
1476298256192, 10.930000, 10.910000, 400, 10.940000, 200, 4.290000, 0.450000
1476298258188, 10.930000, 10.910000, 300, 10.940000, 200, 4.290000, 0.450000
1476298259695, 10.930000, 10.910000, 300, 10.940000, 200, 4.290000, 0.450000
1476298262193, 10.930000, 10.910000, 300, 10.940000, 200, 4.290000, 0.450000
1476298264196, 10.930000, 10.910000, 300, 10.940000, 200, 4.290000, 0.450000
1476298266185, 10.930000, 10.910000, 300, 10.940000, 200, 4.290000, 0.450000
1476298268192, 10.930000, 10.910000, 300, 10.940000, 200, 4.290000, 0.450000
1476298270211, 10.930000, 10.910000, 300, 10.940000, 200, 4.290000, 0.450000
1476298272237, 10.930000, 10.910000, 300, 10.940000, 300, 4.290000, 0.450000
1476298273697, 10.930000, 10.910000, 300, 10.940000, 300, 4.290000, 0.450000
1476298275735, 10.930000, 10.910000, 300, 10.940000, 300, 4.290000, 0.450000
1476298278187, 10.930000, 10.910000, 300, 10.940000, 300, 4.290000, 0.450000
1476298280199, 10.930000, 10.910000, 300, 10.940000, 300, 4.290000, 0.450000
1476298282207, 10.930000, 10.910000, 300, 10.940000, 300, 4.290000, 0.450000
1476298284207, 10.930000, 10.910000, 300, 10.940000, 300, 4.290000, 0.450000
1476298286240, 10.930000, 10.910000, 300, 10.940000, 300, 4.290000, 0.450000
1476298287699, 10.930000, 10.910000, 300, 10.940000, 300, 4.290000, 0.450000
1476298290187, 10.930000, 10.910000, 300, 10.940000, 300, 4.290000, 0.450000
1476298292202, 10.930000, 10.910000, 300, 10.940000, 300, 4.290000, 0.450000
1476298294184, 10.930000, 10.910000, 300, 10.940000, 300, 4.290000, 0.450000
1476298296197, 10.930000, 10.910000, 300, 10.940000, 300, 4.290000, 0.450000
1476298298201, 10.930000, 10.910000, 300, 10.940000, 300, 4.290000, 0.450000
1476298299706, 10.930000, 10.910000, 400, 10.940000, 200, 4.290000, 0.450000
1476298302200, 10.930000, 10.910000, 400, 10.940000, 200, 4.290000, 0.450000
1476298304200, 10.930000, 10.910000, 400, 10.940000, 200, 4.290000, 0.450000
1476298306206, 10.930000, 10.910000, 400, 10.940000, 200, 4.290000, 0.450000
1476298308210, 10.930000, 10.920000, 100, 10.940000, 200, 4.290000, 0.450000
1476298310189, 10.940000, 10.930000, 400, 10.960000, 200, 4.390000, 0.460000
1476298311200, 10.940000, 10.930000, 400, 10.960000, 200, 4.390000, 0.460000
1476298314207, 10.970000, 10.940000, 200, 10.970000, 100, 4.680000, 0.490000
1476298315711, 10.970000, 10.940000, 100, 10.970000, 200, 4.680000, 0.490000
1476298318208, 10.970000, 10.940000, 100, 10.970000, 200, 4.680000, 0.490000
1476298320211, 10.970000, 10.930000, 300, 10.960000, 300, 4.680000, 0.490000
1476298322204, 10.970000, 10.930000, 300, 10.960000, 300, 4.680000, 0.490000
1476298324215, 10.970000, 10.930000, 300, 10.960000, 300, 4.680000, 0.490000
1476298326200, 10.970000, 10.930000, 300, 10.960000, 300, 4.680000, 0.490000
1476298328215, 10.970000, 10.930000, 300, 10.960000, 300, 4.680000, 0.490000
1476298330211, 10.940000, 10.910000, 800, 10.960000, 600, 4.390000, 0.460000
1476298332218, 10.940000, 10.910000, 800, 10.960000, 600, 4.390000, 0.460000
1476298334219, 10.940000, 10.910000, 800, 10.960000, 600, 4.390000, 0.460000
1476298336257, 10.940000, 10.910000, 800, 10.960000, 600, 4.390000, 0.460000
1476298338213, 10.940000, 10.910000, 800, 10.960000, 600, 4.390000, 0.460000
1476298340248, 10.940000, 10.910000, 800, 10.960000, 600, 4.390000, 0.460000
1476298342208, 10.940000, 10.910000, 800, 10.960000, 600, 4.390000, 0.460000
1476298344228, 10.940000, 10.920000, 100, 10.960000, 500, 4.390000, 0.460000
1476298345720, 10.940000, 10.920000, 100, 10.960000, 500, 4.390000, 0.460000
1476298348214, 10.940000, 10.920000, 100, 10.960000, 500, 4.390000, 0.460000
1476298349723, 10.940000, 10.920000, 200, 10.950000, 100, 4.390000, 0.460000
1476298351721, 10.920000, 10.920000, 200, 10.950000, 400, 4.200000, 0.440000
1476298354234, 10.930000, 10.920000, 200, 10.950000, 400, 4.290000, 0.450000
1476298356276, 10.930000, 10.920000, 200, 10.950000, 400, 4.290000, 0.450000
1476298358227, 10.930000, 10.920000, 200, 10.950000, 400, 4.290000, 0.450000
1476298360224, 10.930000, 10.920000, 200, 10.950000, 400, 4.290000, 0.450000
1476298362233, 10.930000, 10.910000, 500, 10.950000, 400, 4.290000, 0.450000
1476298364214, 10.930000, 10.910000, 500, 10.950000, 400, 4.290000, 0.450000
1476298366229, 10.930000, 10.910000, 500, 10.950000, 400, 4.290000, 0.450000
1476298368232, 10.930000, 10.910000, 500, 10.950000, 300, 4.290000, 0.450000
1476298370268, 10.930000, 10.910000, 500, 10.950000, 300, 4.290000, 0.450000
1476298372216, 10.930000, 10.910000, 400, 10.950000, 300, 4.290000, 0.450000
1476298374227, 10.930000, 10.910000, 400, 10.950000, 300, 4.290000, 0.450000
1476298375722, 10.930000, 10.910000, 400, 10.950000, 300, 4.290000, 0.450000
1476298378222, 10.930000, 10.910000, 400, 10.950000, 300, 4.290000, 0.450000
1476298380225, 10.930000, 10.910000, 400, 10.950000, 300, 4.290000, 0.450000
1476298382266, 10.930000, 10.910000, 400, 10.950000, 600, 4.290000, 0.450000
1476298384220, 10.930000, 10.910000, 400, 10.950000, 500, 4.290000, 0.450000
1476298386230, 10.900000, 10.900000, 1200, 10.940000, 500, 4.010000, 0.420000
1476298388216, 10.901400, 10.900000, 600, 10.920000, 300, 4.020000, 0.421400
1476298390227, 10.890000, 10.880000, 100, 10.910000, 300, 3.910000, 0.410000
1476298392235, 10.900000, 10.880000, 100, 10.910000, 100, 4.010000, 0.420000
1476298394233, 10.895000, 10.880000, 100, 10.910000, 100, 3.960000, 0.415000
1476298396222, 10.900000, 10.890000, 300, 10.920000, 100, 4.010000, 0.420000
1476298398230, 10.902500, 10.890000, 400, 10.920000, 100, 4.030000, 0.422500
1476298400218, 10.900000, 10.890000, 400, 10.920000, 100, 4.010000, 0.420000
1476298402243, 10.902500, 10.890000, 400, 10.920000, 100, 4.030000, 0.422500
1476298404235, 10.902500, 10.890000, 400, 10.920000, 100, 4.030000, 0.422500
1476298406229, 10.902500, 10.890000, 400, 10.920000, 100, 4.030000, 0.422500
1476298408234, 10.902500, 10.890000, 400, 10.920000, 100, 4.030000, 0.422500
1476298410238, 10.902500, 10.890000, 400, 10.920000, 100, 4.030000, 0.422500
1476298412225, 10.902500, 10.890000, 400, 10.920000, 100, 4.030000, 0.422500
1476298414230, 10.890000, 10.890000, 100, 10.920000, 100, 3.910000, 0.410000
1476298416250, 10.890000, 10.890000, 100, 10.920000, 100, 3.910000, 0.410000
1476298418241, 10.890000, 10.890000, 100, 10.920000, 100, 3.910000, 0.410000
1476298419738, 10.890000, 10.890000, 100, 10.920000, 100, 3.910000, 0.410000
1476298422245, 10.890000, 10.890000, 100, 10.920000, 200, 3.910000, 0.410000
1476298424238, 10.890000, 10.890000, 100, 10.920000, 200, 3.910000, 0.410000
1476298426265, 10.890000, 10.890000, 100, 10.920000, 200, 3.910000, 0.410000
1476298428287, 10.890000, 10.890000, 100, 10.920000, 200, 3.910000, 0.410000
1476298430253, 10.890000, 10.890000, 100, 10.920000, 200, 3.910000, 0.410000
1476298432238, 10.890000, 10.870000, 400, 10.910000, 100, 3.910000, 0.410000
1476298434234, 10.870000, 10.870000, 400, 10.910000, 100, 3.720000, 0.390000
1476298436246, 10.870000, 10.870000, 400, 10.910000, 100, 3.720000, 0.390000
1476298438248, 10.870000, 10.870000, 400, 10.910000, 100, 3.720000, 0.390000
1476298440284, 10.870000, 10.870000, 400, 10.910000, 100, 3.720000, 0.390000
1476298442245, 10.870000, 10.870000, 400, 10.910000, 100, 3.720000, 0.390000
1476298444249, 10.870000, 10.870000, 400, 10.910000, 100, 3.720000, 0.390000
1476298446239, 10.870000, 10.870000, 400, 10.910000, 100, 3.720000, 0.390000
1476298448658, 10.890000, 10.870000, 400, 10.910000, 100, 3.910000, 0.410000
1476298450656, 10.890000, 10.870000, 400, 10.910000, 100, 3.910000, 0.410000
1476298452673, 10.890000, 10.870000, 400, 10.910000, 100, 3.910000, 0.410000
1476298454657, 10.890000, 10.870000, 500, 10.910000, 100, 3.910000, 0.410000
1476298456701, 10.900000, 10.870000, 400, 10.900000, 300, 4.010000, 0.420000
1476298458162, 10.900000, 10.870000, 400, 10.900000, 400, 4.010000, 0.420000
1476298460661, 10.900000, 10.870000, 300, 10.890000, 100, 4.010000, 0.420000
1476298462160, 10.860000, 10.850000, 400, 10.880000, 100, 3.630000, 0.380000
1476298464671, 10.860000, 10.850000, 400, 10.880000, 400, 3.630000, 0.380000
1476298466665, 10.860000, 10.850000, 300, 10.880000, 500, 3.630000, 0.380000
1476298468662, 10.860000, 10.850000, 300, 10.880000, 500, 3.630000, 0.380000
1476298470686, 10.860000, 10.840000, 300, 10.870000, 200, 3.630000, 0.380000
1476298472168, 10.860000, 10.840000, 300, 10.870000, 200, 3.630000, 0.380000
1476298474165, 10.860000, 10.840000, 300, 10.870000, 200, 3.630000, 0.380000
1476298476671, 10.860000, 10.840000, 300, 10.870000, 200, 3.630000, 0.380000
1476298478673, 10.860000, 10.840000, 300, 10.870000, 200, 3.630000, 0.380000
1476298478673, 10.860000, 10.840000, 300, 10.870000, 200, 3.630000, 0.380000
1476298482673, 10.860000, 10.840000, 300, 10.870000, 200, 3.630000, 0.380000
1476298484206, 10.860000, 10.840000, 300, 10.870000, 200, 3.630000, 0.380000
1476298486674, 10.860000, 10.840000, 300, 10.870000, 200, 3.630000, 0.380000
1476298488670, 10.860000, 10.840000, 300, 10.870000, 200, 3.630000, 0.380000
1476298490671, 10.860000, 10.840000, 300, 10.870000, 200, 3.630000, 0.380000
1476298492675, 10.860000, 10.840000, 300, 10.870000, 200, 3.630000, 0.380000
1476298494174, 10.860000, 10.840000, 300, 10.870000, 200, 3.630000, 0.380000
1476298496673, 10.860000, 10.840000, 200, 10.870000, 200, 3.630000, 0.380000
1476298498678, 10.860000, 10.840000, 100, 10.860000, 300, 3.630000, 0.380000
1476298500167, 10.860000, 10.840000, 100, 10.860000, 400, 3.630000, 0.380000
1476298502676, 10.860000, 10.840000, 100, 10.860000, 500, 3.630000, 0.380000
1476298504175, 10.840000, 10.830000, 300, 10.860000, 500, 3.440000, 0.360000
1476298506169, 10.840000, 10.840000, 300, 10.860000, 300, 3.440000, 0.360000
1476298508177, 10.840000, 10.840000, 300, 10.860000, 300, 3.440000, 0.360000
1476298510674, 10.840000, 10.840000, 100, 10.860000, 300, 3.440000, 0.360000
1476298512682, 10.840000, 10.840000, 100, 10.860000, 300, 3.440000, 0.360000
1476298514183, 10.840000, 10.840000, 100, 10.860000, 300, 3.440000, 0.360000
1476298516675, 10.840000, 10.840000, 200, 10.860000, 200, 3.440000, 0.360000
1476298518681, 10.840000, 10.840000, 200, 10.860000, 200, 3.440000, 0.360000
1476298520681, 10.840000, 10.840000, 100, 10.860000, 300, 3.440000, 0.360000
1476298522181, 10.840000, 10.840000, 100, 10.860000, 300, 3.440000, 0.360000
1476298524690, 10.840000, 10.840000, 100, 10.860000, 300, 3.440000, 0.360000
1476298526686, 10.840000, 10.840000, 100, 10.860000, 300, 3.440000, 0.360000
1476298528180, 10.840000, 10.840000, 100, 10.860000, 300, 3.440000, 0.360000
1476298530688, 10.840000, 10.840000, 300, 10.860000, 300, 3.440000, 0.360000
1476298532696, 10.840000, 10.840000, 300, 10.860000, 300, 3.440000, 0.360000
1476298534684, 10.830000, 10.820000, 800, 10.840000, 700, 3.340000, 0.350000
1476298536676, 10.830000, 10.810000, 400, 10.840000, 800, 3.340000, 0.350000
1476298538683, 10.830000, 10.810000, 500, 10.840000, 800, 3.340000, 0.350000
1476298540182, 10.830000, 10.810000, 500, 10.840000, 900, 3.340000, 0.350000
1476298542689, 10.830000, 10.810000, 500, 10.840000, 900, 3.340000, 0.350000
1476298544690, 10.830000, 10.810000, 400, 10.840000, 900, 3.340000, 0.350000
1476298546687, 10.830000, 10.810000, 400, 10.840000, 900, 3.340000, 0.350000
1476298548689, 10.830000, 10.810000, 400, 10.840000, 900, 3.340000, 0.350000
1476298550178, 10.830000, 10.810000, 400, 10.840000, 900, 3.340000, 0.350000
1476298552689, 10.809500, 10.800000, 100, 10.820000, 100, 3.140000, 0.329500
1476298554682, 10.809500, 10.800000, 100, 10.820000, 100, 3.140000, 0.329500
1476298556689, 10.800000, 10.800000, 100, 10.820000, 200, 3.050000, 0.320000
1476298558696, 10.800000, 10.800000, 100, 10.820000, 200, 3.050000, 0.320000
1476298560696, 10.800000, 10.800000, 100, 10.820000, 200, 3.050000, 0.320000
1476298562690, 10.800000, 10.790000, 200, 10.810000, 200, 3.050000, 0.320000
1476298564196, 10.800000, 10.790000, 200, 10.810000, 200, 3.050000, 0.320000
1476298566695, 10.800000, 10.790000, 200, 10.810000, 400, 3.050000, 0.320000
1476298568705, 10.790000, 10.790000, 200, 10.800000, 500, 2.960000, 0.310000
1476298570204, 10.790000, 10.790000, 200, 10.800000, 800, 2.960000, 0.310000
1476298572688, 10.790000, 10.790000, 200, 10.800000, 800, 2.960000, 0.310000
1476298574699, 10.790000, 10.790000, 200, 10.800000, 800, 2.960000, 0.310000
1476298576697, 10.790000, 10.790000, 200, 10.800000, 800, 2.960000, 0.310000
1476298578692, 10.800000, 10.790000, 500, 10.820000, 500, 3.050000, 0.320000
1476298580703, 10.800000, 10.790000, 300, 10.810000, 200, 3.050000, 0.320000
1476298582695, 10.791500, 10.790000, 300, 10.810000, 200, 2.970000, 0.311500
1476298584702, 10.791500, 10.790000, 300, 10.810000, 200, 2.970000, 0.311500
1476298586703, 10.791500, 10.790000, 300, 10.810000, 200, 2.970000, 0.311500
1476298588202, 10.791500, 10.790000, 100, 10.810000, 200, 2.970000, 0.311500
1476298590705, 10.791500, 10.790000, 100, 10.810000, 300, 2.970000, 0.311500
1476298592201, 10.790000, 10.790000, 100, 10.810000, 300, 2.960000, 0.310000
1476298594713, 10.790000, 10.790000, 100, 10.810000, 300, 2.960000, 0.310000
1476298596698, 10.790000, 10.790000, 100, 10.810000, 300, 2.960000, 0.310000
1476298598205, 10.790000, 10.790000, 100, 10.810000, 300, 2.960000, 0.310000
1476298600730, 10.790000, 10.790000, 100, 10.800000, 200, 2.960000, 0.310000
1476298602698, 10.790000, 10.790000, 100, 10.800000, 200, 2.960000, 0.310000
1476298604203, 10.790000, 10.790000, 100, 10.800000, 200, 2.960000, 0.310000
1476298606708, 10.790000, 10.790000, 200, 10.800000, 200, 2.960000, 0.310000
1476298608708, 10.790000, 10.790000, 200, 10.800000, 200, 2.960000, 0.310000
1476298610703, 10.790000, 10.790000, 200, 10.800000, 200, 2.960000, 0.310000
1476298612731, 10.790000, 10.790000, 200, 10.800000, 200, 2.960000, 0.310000
1476298614207, 10.790000, 10.790000, 200, 10.800000, 200, 2.960000, 0.310000
1476298616718, 10.790000, 10.780000, 200, 10.800000, 200, 2.960000, 0.310000
1476298618711, 10.790000, 10.780000, 400, 10.800000, 100, 2.960000, 0.310000
1476298620710, 10.810000, 10.800000, 200, 10.820000, 100, 3.150000, 0.330000
1476298622716, 10.810000, 10.800000, 200, 10.820000, 100, 3.150000, 0.330000
1476298624214, 10.810000, 10.800000, 200, 10.820000, 100, 3.150000, 0.330000
1476298626713, 10.810000, 10.800000, 200, 10.820000, 100, 3.150000, 0.330000
1476298627231, 10.810000, 10.800000, 200, 10.820000, 100, 3.150000, 0.330000
1476298630735, 10.820000, 10.820000, 400, 10.850000, 300, 3.240000, 0.340000
1476298632714, 10.820000, 10.810000, 100, 10.840000, 100, 3.240000, 0.340000
1476298634721, 10.820000, 10.800000, 1000, 10.840000, 300, 3.240000, 0.340000
1476298636713, 10.820000, 10.810000, 300, 10.840000, 300, 3.240000, 0.340000
1476298638215, 10.820000, 10.810000, 100, 10.840000, 400, 3.240000, 0.340000
1476298640701, 10.820000, 10.810000, 100, 10.830000, 300, 3.240000, 0.340000
1476298642255, 10.810000, 10.800000, 1000, 10.830000, 300, 3.150000, 0.330000
1476298644738, 10.810000, 10.800000, 1000, 10.830000, 300, 3.150000, 0.330000
1476298646209, 10.810000, 10.800000, 1000, 10.830000, 300, 3.150000, 0.330000
1476298648720, 10.820000, 10.800000, 1100, 10.820000, 200, 3.240000, 0.340000
1476298650711, 10.820000, 10.810000, 500, 10.830000, 100, 3.240000, 0.340000
1476298652222, 10.820000, 10.810000, 500, 10.830000, 100, 3.240000, 0.340000
1476298654715, 10.817600, 10.810000, 500, 10.830000, 100, 3.220000, 0.337600
1476298656720, 10.817600, 10.810000, 500, 10.830000, 100, 3.220000, 0.337600
1476298658718, 10.817600, 10.810000, 500, 10.830000, 100, 3.220000, 0.337600
1476298660714, 10.817600, 10.810000, 500, 10.830000, 100, 3.220000, 0.337600
1476298662711, 10.817600, 10.810000, 500, 10.830000, 100, 3.220000, 0.337600
1476298664732, 10.817600, 10.810000, 500, 10.830000, 100, 3.220000, 0.337600
1476298666719, 10.817600, 10.810000, 500, 10.830000, 100, 3.220000, 0.337600
1476298667716, 10.816700, 10.810000, 500, 10.830000, 100, 3.210000, 0.336700
1476298670716, 10.816700, 10.810000, 500, 10.830000, 100, 3.210000, 0.336700
1476298672728, 10.816700, 10.810000, 500, 10.830000, 100, 3.210000, 0.336700
1476298674729, 10.816700, 10.810000, 600, 10.840000, 300, 3.210000, 0.336700
1476298676230, 10.816700, 10.820000, 100, 10.840000, 300, 3.210000, 0.336700
1476298678717, 10.816700, 10.820000, 200, 10.840000, 200, 3.210000, 0.336700
1476298680230, 10.820000, 10.810000, 100, 10.830000, 100, 3.240000, 0.340000
1476298682228, 10.820000, 10.810000, 100, 10.830000, 200, 3.240000, 0.340000
1476298683749, 10.820000, 10.810000, 100, 10.830000, 200, 3.240000, 0.340000
1476298686763, 10.820000, 10.810000, 100, 10.830000, 200, 3.240000, 0.340000
1476298688739, 10.820000, 10.810000, 100, 10.830000, 200, 3.240000, 0.340000
1476298690222, 10.820000, 10.810000, 100, 10.830000, 200, 3.240000, 0.340000
1476298692734, 10.820000, 10.810000, 100, 10.830000, 200, 3.240000, 0.340000
1476298694742, 10.820000, 10.810000, 100, 10.830000, 200, 3.240000, 0.340000
1476298696733, 10.820000, 10.810000, 100, 10.830000, 200, 3.240000, 0.340000
1476298698231, 10.820000, 10.810000, 100, 10.830000, 200, 3.240000, 0.340000
1476298700737, 10.820000, 10.810000, 100, 10.820000, 100, 3.240000, 0.340000
1476298702721, 10.810000, 10.810000, 100, 10.820000, 200, 3.150000, 0.330000
1476298704725, 10.810000, 10.810000, 100, 10.820000, 200, 3.150000, 0.330000
1476298706228, 10.810000, 10.810000, 100, 10.820000, 200, 3.150000, 0.330000
1476298708742, 10.810000, 10.810000, 200, 10.820000, 200, 3.150000, 0.330000
1476298710742, 10.810000, 10.810000, 200, 10.820000, 200, 3.150000, 0.330000
1476298712746, 10.820000, 10.810000, 200, 10.830000, 100, 3.240000, 0.340000
1476298714231, 10.820000, 10.810000, 200, 10.840000, 300, 3.240000, 0.340000
1476298716735, 10.820000, 10.810000, 500, 10.840000, 200, 3.240000, 0.340000
1476298718731, 10.810000, 10.810000, 200, 10.840000, 100, 3.150000, 0.330000
1476298720739, 10.810000, 10.810000, 400, 10.850000, 300, 3.150000, 0.330000
1476298722742, 10.810000, 10.810000, 200, 10.840000, 100, 3.150000, 0.330000
1476298724741, 10.810000, 10.810000, 200, 10.840000, 100, 3.150000, 0.330000
1476298726237, 10.810000, 10.810000, 200, 10.840000, 100, 3.150000, 0.330000
1476298728258, 10.810000, 10.810000, 200, 10.840000, 100, 3.150000, 0.330000
1476298729736, 10.810000, 10.810000, 200, 10.840000, 100, 3.150000, 0.330000
1476298732739, 10.810000, 10.810000, 200, 10.840000, 100, 3.150000, 0.330000
1476298734738, 10.810000, 10.810000, 200, 10.840000, 100, 3.150000, 0.330000
1476298736735, 10.810000, 10.810000, 200, 10.830000, 200, 3.150000, 0.330000
1476298738227, 10.810000, 10.810000, 300, 10.830000, 200, 3.150000, 0.330000
1476298740241, 10.810000, 10.810000, 300, 10.830000, 200, 3.150000, 0.330000
1476298742274, 10.810000, 10.810000, 300, 10.830000, 200, 3.150000, 0.330000
1476298744757, 10.810000, 10.810000, 300, 10.830000, 200, 3.150000, 0.330000
1476298746745, 10.810000, 10.810000, 300, 10.830000, 200, 3.150000, 0.330000
1476298748757, 10.810000, 10.800000, 300, 10.810000, 100, 3.150000, 0.330000
1476298750731, 10.810000, 10.800000, 300, 10.810000, 100, 3.150000, 0.330000
1476298752749, 10.810000, 10.800000, 300, 10.810000, 100, 3.150000, 0.330000
1476298754271, 10.810000, 10.800000, 300, 10.810000, 100, 3.150000, 0.330000
1476298756674, 10.810000, 10.800000, 300, 10.820000, 200, 3.150000, 0.330000
1476298758667, 10.800000, 10.790000, 500, 10.810000, 100, 3.050000, 0.320000
1476298760655, 10.800000, 10.790000, 500, 10.810000, 100, 3.050000, 0.320000
1476298762657, 10.800000, 10.790000, 500, 10.810000, 100, 3.050000, 0.320000
1476298764699, 10.800000, 10.790000, 500, 10.810000, 100, 3.050000, 0.320000
1476298766657, 10.800000, 10.780000, 600, 10.810000, 200, 3.050000, 0.320000
1476298768660, 10.800000, 10.780000, 600, 10.810000, 200, 3.050000, 0.320000
1476298770662, 10.800000, 10.780000, 600, 10.810000, 200, 3.050000, 0.320000
1476298772684, 10.800000, 10.780000, 800, 10.810000, 200, 3.050000, 0.320000
1476298774664, 10.800000, 10.780000, 800, 10.810000, 200, 3.050000, 0.320000
1476298776665, 10.800000, 10.780000, 800, 10.810000, 200, 3.050000, 0.320000
1476298778166, 10.800000, 10.780000, 800, 10.810000, 200, 3.050000, 0.320000
1476298780656, 10.780000, 10.780000, 300, 10.790000, 800, 2.860000, 0.300000
1476298782156, 10.780000, 10.780000, 300, 10.790000, 800, 2.860000, 0.300000
1476298784662, 10.780000, 10.770000, 400, 10.790000, 800, 2.860000, 0.300000
1476298786173, 10.780000, 10.770000, 400, 10.790000, 900, 2.860000, 0.300000
1476298788702, 10.780000, 10.770000, 400, 10.790000, 900, 2.860000, 0.300000
1476298790675, 10.995000, 11.000000, 8800, 11.010000, 1100, 4.910000, 0.515000
1476298792671, 10.920000, 10.920000, 200, 10.930000, 200, 4.200000, 0.440000
1476298794674, 10.950000, 10.940000, 300, 10.970000, 200, 4.480000, 0.470000
1476298796676, 10.930100, 10.930000, 100, 10.960000, 200, 4.290000, 0.450100
1476298798685, 10.930000, 10.930000, 200, 10.960000, 200, 4.290000, 0.450000
1476298800692, 10.940000, 10.940000, 300, 11.010000, 200, 4.390000, 0.460000
1476298802672, 10.940000, 10.930000, 400, 11.000000, 700, 4.390000, 0.460000
1476298804668, 10.940000, 10.930000, 200, 10.980000, 100, 4.390000, 0.460000
1476298806675, 10.940000, 10.930000, 100, 10.970000, 200, 4.390000, 0.460000
1476298810667, 10.940000, 10.930000, 200, 10.970000, 300, 4.390000, 0.460000
1476298812680, 10.940000, 10.930000, 200, 10.970000, 200, 4.390000, 0.460000
1476298808169, 10.940000, 10.930000, 100, 10.970000, 200, 4.390000, 0.460000
1476298814677, 10.940000, 10.930000, 200, 10.970000, 500, 4.390000, 0.460000
1476298816682, 10.930000, 10.930000, 100, 10.960000, 300, 4.290000, 0.450000
1476298818680, 10.930000, 10.930000, 100, 10.960000, 300, 4.290000, 0.450000
1476298820679, 10.940000, 10.930000, 100, 10.960000, 400, 4.390000, 0.460000
1476298822674, 10.930000, 10.930000, 100, 10.960000, 100, 4.290000, 0.450000
1476298824675, 10.945000, 10.930000, 100, 10.960000, 100, 4.440000, 0.465000
1476298826676, 10.945000, 10.930000, 100, 10.960000, 100, 4.440000, 0.465000
1476298828669, 10.960000, 10.930000, 100, 10.960000, 200, 4.580000, 0.480000
1476298830185, 10.945000, 10.930000, 100, 10.960000, 200, 4.440000, 0.465000
1476298832689, 10.960000, 10.930000, 300, 10.960000, 200, 4.580000, 0.480000
1476298834690, 10.960000, 10.960000, 100, 10.970000, 400, 4.580000, 0.480000
1476298836684, 10.970000, 10.940000, 400, 10.970000, 400, 4.680000, 0.490000
1476298838671, 10.970000, 10.940000, 400, 10.970000, 400, 4.680000, 0.490000
1476298840693, 10.970000, 10.940000, 400, 10.970000, 400, 4.680000, 0.490000
1476298842708, 10.970000, 10.940000, 400, 10.970000, 400, 4.680000, 0.490000
1476298844697, 10.970000, 10.940000, 400, 10.970000, 200, 4.680000, 0.490000
1476298846725, 10.970000, 10.940000, 400, 10.970000, 200, 4.680000, 0.490000
1476298848692, 10.950000, 10.940000, 400, 10.970000, 200, 4.480000, 0.470000
1476298850684, 10.950000, 10.940000, 400, 10.970000, 200, 4.480000, 0.470000
1476298852690, 10.950000, 10.940000, 400, 10.970000, 200, 4.480000, 0.470000
1476298854696, 10.940100, 10.940000, 100, 10.960000, 100, 4.390000, 0.460100
1476298856692, 10.940000, 10.910000, 500, 10.940000, 100, 4.390000, 0.460000
1476298858693, 10.920000, 10.910000, 100, 10.930000, 200, 4.200000, 0.440000
1476298860702, 10.920000, 10.910000, 100, 10.930000, 200, 4.200000, 0.440000
1476298862704, 10.920000, 10.910000, 100, 10.930000, 200, 4.200000, 0.440000
1476298864692, 10.910000, 10.900000, 300, 10.920000, 100, 4.100000, 0.430000
1476298866695, 10.910000, 10.900000, 300, 10.920000, 100, 4.100000, 0.430000
1476298868732, 10.920000, 10.900000, 400, 10.930000, 300, 4.200000, 0.440000
1476298870698, 10.915000, 10.900000, 500, 10.930000, 200, 4.150000, 0.435000
1476298872723, 10.930000, 10.900000, 500, 10.930000, 200, 4.290000, 0.450000
1476298874698, 10.930000, 10.900000, 500, 10.930000, 200, 4.290000, 0.450000
1476298876706, 10.930000, 10.900000, 300, 10.930000, 200, 4.290000, 0.450000
1476298878699, 10.930000, 10.910000, 100, 10.930000, 200, 4.290000, 0.450000
1476298880696, 10.940000, 10.930000, 100, 10.950000, 100, 4.390000, 0.460000
1476298882751, 10.940000, 10.930000, 100, 10.950000, 100, 4.390000, 0.460000
1476298884745, 10.940000, 10.930000, 100, 10.950000, 100, 4.390000, 0.460000
1476298886194, 10.940000, 10.930000, 100, 10.950000, 100, 4.390000, 0.460000
1476298888698, 10.940000, 10.930000, 100, 10.950000, 100, 4.390000, 0.460000
1476298890706, 10.940000, 10.930000, 100, 10.950000, 100, 4.390000, 0.460000
1476298892708, 10.930000, 10.910000, 700, 10.950000, 100, 4.290000, 0.450000
1476298894706, 10.930000, 10.910000, 700, 10.950000, 100, 4.290000, 0.450000
1476298896702, 10.930000, 10.920000, 400, 10.950000, 100, 4.290000, 0.450000
1476298898716, 10.930000, 10.920000, 400, 10.950000, 100, 4.290000, 0.450000
1476298900732, 10.930000, 10.920000, 400, 10.950000, 100, 4.290000, 0.450000
1476298902707, 10.930000, 10.920000, 300, 10.940000, 100, 4.290000, 0.450000
1476298904712, 10.930000, 10.920000, 100, 10.940000, 100, 4.290000, 0.450000
1476298906703, 10.920000, 10.910000, 600, 10.940000, 200, 4.200000, 0.440000
1476298908197, 10.920000, 10.910000, 100, 10.940000, 200, 4.200000, 0.440000
1476298910703, 10.920000, 10.920000, 100, 10.950000, 200, 4.200000, 0.440000
1476298912718, 10.920000, 10.920000, 100, 10.950000, 200, 4.200000, 0.440000
1476298914705, 10.920000, 10.920000, 100, 10.950000, 200, 4.200000, 0.440000
1476298916693, 10.920000, 10.920000, 100, 10.950000, 200, 4.200000, 0.440000
1476298918703, 10.920000, 10.920000, 100, 10.950000, 200, 4.200000, 0.440000
1476298920723, 10.920000, 10.920000, 100, 10.950000, 200, 4.200000, 0.440000
1476298922217, 10.920000, 10.920000, 100, 10.950000, 200, 4.200000, 0.440000
1476301331713, 10.675000, 10.670000, 500, 10.680000, 600, 1.860000, 0.195000
1476301333689, 10.675000, 10.670000, 500, 10.680000, 600, 1.860000, 0.195000
1476301335683, 10.670000, 10.670000, 800, 10.680000, 600, 1.810000, 0.190000
1476301337686, 10.680000, 10.670000, 800, 10.680000, 600, 1.910000, 0.200000
1476301339676, 10.670000, 10.670000, 800, 10.680000, 600, 1.810000, 0.190000
1476301341696, 10.670000, 10.670000, 700, 10.680000, 600, 1.810000, 0.190000
1476301343678, 10.670000, 10.670000, 700, 10.680000, 600, 1.810000, 0.190000
1476301345695, 10.670000, 10.670000, 700, 10.680000, 600, 1.810000, 0.190000
1476301347692, 10.670000, 10.670000, 700, 10.680000, 600, 1.810000, 0.190000
1476301349693, 10.670000, 10.670000, 700, 10.680000, 600, 1.810000, 0.190000
1476301351679, 10.670000, 10.670000, 700, 10.680000, 600, 1.810000, 0.190000
