1478529283407,1.620000,1.610000,500,1.750000,1200,0.620000,0.010000
1478529285888,1.620000,1.610000,500,1.750000,1200,0.620000,0.010000
1478529288391,1.620000,1.610000,500,1.750000,1200,0.620000,0.010000
1478529290392,1.620000,1.610000,500,1.750000,1200,0.620000,0.010000
1478529293893,1.620000,1.610000,500,1.750000,1200,0.620000,0.010000
1478529296927,1.698200,1.610000,500,1.750000,1200,5.480000,0.088200
1478529298922,1.698200,1.610000,500,1.750000,1200,5.480000,0.088200
1478529301395,1.698200,1.610000,500,1.750000,1200,5.480000,0.088200
1478529304399,1.698200,1.610000,500,1.750000,1200,5.480000,0.088200
1478529307903,1.698200,1.610000,500,1.750000,1200,5.480000,0.088200
1478529310402,1.698200,1.610000,500,1.750000,1200,5.480000,0.088200
1478529311930,1.698200,1.610000,500,1.750000,1200,5.480000,0.088200
1478529315404,1.698200,1.610000,500,1.750000,1200,5.480000,0.088200
1478529316915,1.698200,1.610000,500,1.750000,1200,5.480000,0.088200
1478529319914,1.698200,1.610000,500,1.750000,1200,5.480000,0.088200
1478529322417,1.698200,1.610000,500,1.750000,1200,5.480000,0.088200
1478529324411,1.698200,1.610000,500,1.750000,1200,5.480000,0.088200
1478529326932,1.698200,1.610000,500,1.750000,1200,5.480000,0.088200
1478529329415,1.698200,1.610000,500,1.750000,1200,5.480000,0.088200
1478529331922,1.698200,1.610000,500,1.750000,1200,5.480000,0.088200
1478529333903,1.698200,1.610000,500,1.750000,1200,5.480000,0.088200
1478529336421,1.698200,1.610000,500,1.750000,1200,5.480000,0.088200
1478529339447,1.698200,1.610000,500,1.750000,1200,5.480000,0.088200
1478529341432,1.698200,1.610000,500,1.750000,1200,5.480000,0.088200
1478529345430,1.698200,1.610000,500,1.750000,1200,5.480000,0.088200
1478529347928,1.698200,1.610000,500,1.750000,1200,5.480000,0.088200
1478529350429,1.698200,1.610000,500,1.750000,1200,5.480000,0.088200
1478529352951,1.698200,1.610000,500,1.750000,1200,5.480000,0.088200
1478529356424,1.698200,1.610000,500,1.750000,1200,5.480000,0.088200
1478529358930,1.698200,1.610000,500,1.750000,1200,5.480000,0.088200
1478529361933,1.698200,1.610000,500,1.750000,1200,5.480000,0.088200
1478529363935,1.698200,1.610000,500,1.740000,1200,5.480000,0.088200
1478529366494,1.698200,1.610000,500,1.740000,1200,5.480000,0.088200
1478529368490,1.698200,1.610000,500,1.740000,1200,5.480000,0.088200
1478529371434,1.698200,1.610000,500,1.740000,1200,5.480000,0.088200
1478529374437,1.698200,1.610000,500,1.740000,1200,5.480000,0.088200
1478529376454,1.698200,1.610000,500,1.740000,1200,5.480000,0.088200
1478529379451,1.698200,1.610000,500,1.740000,1200,5.480000,0.088200
1478529383445,1.698200,1.610000,500,1.740000,1200,5.480000,0.088200
1478529386444,1.698200,1.610000,500,1.750000,1200,5.480000,0.088200
1478529389448,1.698200,1.610000,500,1.740000,1200,5.480000,0.088200
1478529393002,1.698200,1.610000,500,1.740000,1200,5.480000,0.088200
1478529395962,1.698200,1.610000,500,1.750000,2000,5.480000,0.088200
1478529397969,1.698200,1.610000,500,1.740000,1200,5.480000,0.088200
1478529407960,1.718600,1.610000,500,1.740000,1200,6.750000,0.108600
1478529414966,1.718600,1.610000,500,1.750000,2000,6.750000,0.108600
1478529417467,1.718600,1.610000,500,1.750000,2200,6.750000,0.108600
1478529419462,1.718600,1.610000,500,1.740000,1200,6.750000,0.108600
1478529422976,1.718600,1.610000,500,1.740000,1000,6.750000,0.108600
1478529424477,1.718600,1.610000,500,1.740000,1200,6.750000,0.108600
1478529429024,1.718600,1.610000,500,1.740000,1200,6.750000,0.108600
1478529431488,1.718600,1.610000,500,1.740000,1200,6.750000,0.108600
1478529432981,1.718600,1.610000,500,1.740000,1000,6.750000,0.108600
1478529435973,1.718600,1.610000,500,1.740000,1000,6.750000,0.108600
1478529439506,1.718600,1.610000,500,1.750000,2200,6.750000,0.108600
1478529441989,1.718600,1.610000,500,1.740000,1200,6.750000,0.108600
1478529444484,1.718600,1.610000,500,1.740000,1200,6.750000,0.108600
1478529446991,1.670000,1.610000,500,1.720000,1000,3.730000,0.060000
1478529449498,1.670000,1.610000,500,1.720000,1200,3.730000,0.060000
1478529451991,1.670000,1.610000,500,1.720000,1200,3.730000,0.060000
1478529454505,1.670000,1.610000,500,1.720000,1200,3.730000,0.060000
1478529456992,1.670000,1.610000,500,1.720000,1200,3.730000,0.060000
1478529459502,1.670000,1.610000,500,1.720000,1200,3.730000,0.060000
1478529462994,1.670000,1.610000,500,1.720000,1200,3.730000,0.060000
1478529465507,1.670000,1.610000,500,1.720000,1200,3.730000,0.060000
1478529468377,1.670000,1.610000,500,1.720000,1200,3.730000,0.060000
1478529470873,1.670000,1.610000,500,1.720000,1200,3.730000,0.060000
1478529473379,1.670000,1.610000,500,1.720000,1200,3.730000,0.060000
1478529475379,1.670000,1.610000,500,1.720000,1200,3.730000,0.060000
1478529478379,1.670000,1.610000,500,1.710000,1200,3.730000,0.060000
1478529480887,1.670000,1.610000,500,1.710000,1200,3.730000,0.060000
1478529483390,1.670000,1.610000,500,1.710000,1200,3.730000,0.060000
1478529486388,1.670000,1.610000,500,1.710000,1200,3.730000,0.060000
1478529488887,1.670000,1.610000,500,1.710000,1200,3.730000,0.060000
1478529491394,1.670000,1.610000,500,1.710000,1200,3.730000,0.060000
1478529493889,1.670000,1.610000,500,1.710000,1200,3.730000,0.060000
1478529494892,1.670000,1.610000,500,1.710000,1200,3.730000,0.060000
1478529496408,1.670000,1.610000,500,1.710000,1200,3.730000,0.060000
1478529500900,1.670000,1.610000,500,1.710000,1200,3.730000,0.060000
1478529501396,1.670000,1.610000,500,1.710000,1200,3.730000,0.060000
1478529505395,1.670000,1.610000,500,1.710000,1200,3.730000,0.060000
1478529507902,1.670000,1.610000,500,1.710000,1200,3.730000,0.060000
1478529510402,1.670000,1.610000,500,1.710000,1200,3.730000,0.060000
1478529512917,1.670000,1.610000,500,1.710000,1200,3.730000,0.060000
1478529515406,1.670000,1.610000,500,1.710000,1200,3.730000,0.060000
1478529517906,1.670000,1.610000,500,1.710000,1200,3.730000,0.060000
1478529520407,1.670000,1.610000,500,1.710000,1200,3.730000,0.060000
1478529523400,1.670000,1.610000,500,1.710000,1200,3.730000,0.060000
1478529526956,1.670000,1.610000,500,1.710000,1200,3.730000,0.060000
1478529528909,1.670000,1.610000,500,1.710000,1200,3.730000,0.060000
1478529533429,1.670000,1.610000,500,1.710000,1200,3.730000,0.060000
1478529535917,1.670000,1.610000,500,1.710000,1200,3.730000,0.060000
1478529537942,1.670000,1.610000,500,1.710000,1200,3.730000,0.060000
1478529540429,1.670000,1.610000,500,1.710000,1200,3.730000,0.060000
1478529542919,1.670000,1.610000,500,1.710000,1200,3.730000,0.060000
1478529545425,1.670000,1.610000,500,1.710000,1200,3.730000,0.060000
1478529547930,1.670000,1.610000,500,1.710000,1200,3.730000,0.060000
1478529550427,1.670000,1.610000,500,1.710000,1200,3.730000,0.060000
1478529552997,1.670000,1.610000,500,1.710000,1200,3.730000,0.060000
1478529555478,1.670000,1.610000,500,1.710000,1200,3.730000,0.060000
1478529557425,1.670000,1.610000,500,1.710000,1200,3.730000,0.060000
1478529560941,1.670000,1.610000,500,1.710000,1200,3.730000,0.060000
1478529565443,1.670000,1.610000,500,1.710000,1200,3.730000,0.060000
1478529567947,1.670000,1.610000,500,1.710000,1200,3.730000,0.060000
1478529570437,1.670000,1.610000,500,1.710000,1200,3.730000,0.060000
1478529597967,1.700000,1.610000,500,1.710000,1200,5.590000,0.090000
1478529624475,1.700000,1.610000,500,1.710000,1200,5.590000,0.090000
1478529628527,1.700000,1.610000,500,1.710000,1200,5.590000,0.090000
1478529631476,1.700000,1.610000,500,1.710000,1200,5.590000,0.090000
1478529633484,1.700000,1.610000,500,1.710000,1200,5.590000,0.090000
1478529638993,1.700000,1.610000,500,1.710000,1200,5.590000,0.090000
1478529640565,1.700000,1.610000,500,1.710000,1200,5.590000,0.090000
1478529644994,1.700000,1.610000,500,1.710000,1200,5.590000,0.090000
1478529647484,1.700000,1.610000,500,1.710000,1200,5.590000,0.090000
1478529650524,1.700000,1.610000,500,1.710000,1200,5.590000,0.090000
1478529653031,1.700000,1.610000,500,1.710000,1200,5.590000,0.090000
1478529656515,1.700000,1.610000,500,1.710000,1200,5.590000,0.090000
1478529660495,1.700000,1.610000,500,1.710000,1200,5.590000,0.090000
1478529686901,1.700000,1.610000,500,1.710000,1200,5.590000,0.090000
1478529698912,1.700000,1.610000,500,1.710000,1200,5.590000,0.090000
1478529701892,1.700000,1.610000,500,1.710000,1200,5.590000,0.090000
1478529705896,1.700000,1.610000,500,1.710000,1200,5.590000,0.090000
1478529708909,1.700000,1.610000,500,1.710000,1200,5.590000,0.090000
1478529711446,1.700000,1.610000,500,1.710000,1200,5.590000,0.090000
1478529715411,1.700000,1.610000,500,1.710000,1200,5.590000,0.090000
1478529718411,1.700000,1.610000,500,1.710000,1200,5.590000,0.090000
1478529721416,1.700000,1.610000,500,1.710000,1200,5.590000,0.090000
1478529727011,1.700000,1.610000,500,1.710000,1200,5.590000,0.090000
1478529730429,1.700000,1.610000,500,1.710000,200,5.590000,0.090000
1478529732424,1.700000,1.610000,500,1.710000,200,5.590000,0.090000
1478529736924,1.700000,1.610000,500,1.710000,200,5.590000,0.090000
1478529739937,1.700000,1.610000,500,1.710000,200,5.590000,0.090000
1478529742423,1.700000,1.610000,500,1.710000,200,5.590000,0.090000
1478529743915,1.700000,1.610000,500,1.710000,200,5.590000,0.090000
1478529747424,1.700000,1.610000,500,1.690000,200,5.590000,0.090000
1478529750433,1.700000,1.610000,500,1.690000,200,5.590000,0.090000
1478529752431,1.700000,1.610000,500,1.690000,200,5.590000,0.090000
1478529754936,1.700000,1.610000,500,1.690000,200,5.590000,0.090000
1478529760980,1.700000,1.610000,500,1.690000,200,5.590000,0.090000
1478529764444,1.700000,1.610000,500,1.690000,200,5.590000,0.090000
1478529767459,1.700000,1.610000,500,1.690000,200,5.590000,0.090000
1478529769975,1.700000,1.610000,500,1.690000,200,5.590000,0.090000
1478529772450,1.700000,1.610000,500,1.690000,200,5.590000,0.090000
1478529774456,1.700000,1.610000,500,1.690000,200,5.590000,0.090000
1478529776952,1.700000,1.610000,500,1.690000,200,5.590000,0.090000
1478529779465,1.700000,1.610000,500,1.690000,200,5.590000,0.090000
1478529781446,1.700000,1.610000,500,1.690000,200,5.590000,0.090000
1478529783463,1.700000,1.610000,500,1.690000,200,5.590000,0.090000
1478529786456,1.700000,1.610000,500,1.690000,200,5.590000,0.090000
1478529788471,1.700000,1.610000,500,1.690000,200,5.590000,0.090000
1478529790461,1.700000,1.610000,500,1.690000,200,5.590000,0.090000
1478529792473,1.700000,1.610000,500,1.690000,200,5.590000,0.090000
1478529795450,1.700000,1.610000,500,1.690000,200,5.590000,0.090000
1478529797979,1.700000,1.610000,500,1.690000,200,5.590000,0.090000
1478529799997,1.700000,1.610000,500,1.690000,200,5.590000,0.090000
1478529802499,1.700000,1.610000,500,1.690000,200,5.590000,0.090000
1478529804970,1.700000,1.610000,500,1.690000,200,5.590000,0.090000
1478529808473,1.700000,1.610000,500,1.690000,200,5.590000,0.090000
1478529810974,1.700000,1.610000,500,1.690000,200,5.590000,0.090000
1478529814027,1.700000,1.610000,500,1.690000,200,5.590000,0.090000
1478529816482,1.700000,1.610000,500,1.690000,200,5.590000,0.090000
1478529818978,1.700000,1.610000,500,1.690000,200,5.590000,0.090000
1478529821979,1.700000,1.610000,500,1.690000,200,5.590000,0.090000
1478529824500,1.700000,1.610000,500,1.690000,200,5.590000,0.090000
1478529826992,1.700000,1.610000,500,1.690000,200,5.590000,0.090000
1478529829491,1.700000,1.610000,500,1.690000,200,5.590000,0.090000
1478529831978,1.700000,1.610000,500,1.690000,200,5.590000,0.090000
1478529834495,1.700000,1.610000,500,1.690000,200,5.590000,0.090000
1478529839500,1.700000,1.610000,500,1.690000,200,5.590000,0.090000
1478529842019,1.700000,1.610000,500,1.690000,200,5.590000,0.090000
1478529845024,1.700000,1.610000,500,1.690000,200,5.590000,0.090000
1478529847004,1.700000,1.610000,500,1.690000,200,5.590000,0.090000
1478529850496,1.700000,1.610000,500,1.690000,200,5.590000,0.090000
1478529854990,1.700000,1.610000,500,1.690000,200,5.590000,0.090000
1478529857538,1.700000,1.610000,500,1.690000,200,5.590000,0.090000
1478529860506,1.700000,1.610000,500,1.690000,200,5.590000,0.090000
1478529863023,1.700000,1.610000,500,1.690000,200,5.590000,0.090000
1478529866203,1.700000,1.610000,500,1.690000,200,5.590000,0.090000
1478529868882,1.700000,1.610000,500,1.690000,200,5.590000,0.090000
1478529872893,1.700000,1.610000,500,1.690000,200,5.590000,0.090000
1478529875881,1.700000,1.610000,500,1.690000,200,5.590000,0.090000
1478529877884,1.700000,1.610000,500,1.690000,200,5.590000,0.090000
1478529881385,1.700000,1.610000,500,1.690000,200,5.590000,0.090000
1478529884887,1.700000,1.610000,500,1.690000,200,5.590000,0.090000
1478529888428,1.700000,1.610000,500,1.690000,200,5.590000,0.090000
1478529890920,1.700000,1.610000,500,1.690000,200,5.590000,0.090000
1478529893894,1.700000,1.610000,500,1.680000,100,5.590000,0.090000
1478529896392,1.700000,1.610000,500,1.680000,100,5.590000,0.090000
1478529898904,1.700000,1.610000,500,1.680000,100,5.590000,0.090000
1478529901899,1.700000,1.610000,500,1.680000,100,5.590000,0.090000
1478529904413,1.700000,1.610000,500,1.680000,100,5.590000,0.090000
1478529907898,1.700000,1.610000,500,1.680000,100,5.590000,0.090000
1478529910405,1.700000,1.610000,500,1.680000,100,5.590000,0.090000
1478529912441,1.700000,1.610000,500,1.680000,100,5.590000,0.090000
1478529914923,1.700000,1.610000,500,1.680000,100,5.590000,0.090000
1478529920407,1.700000,1.610000,500,1.680000,100,5.590000,0.090000
1478529927414,1.700000,1.610000,500,1.680000,100,5.590000,0.090000
1478529953422,1.700000,1.610000,500,1.680000,100,5.590000,0.090000
1478529959028,1.700000,1.610000,500,1.680000,100,5.590000,0.090000
1478529961473,1.700000,1.610000,500,1.680000,100,5.590000,0.090000
1478529963986,1.700000,1.610000,500,1.680000,100,5.590000,0.090000
1478529966481,1.700000,1.610000,500,1.680000,100,5.590000,0.090000
1478529970944,1.700000,1.610000,500,1.680000,100,5.590000,0.090000
1478529987011,1.700000,1.610000,500,1.680000,100,5.590000,0.090000
1478529994957,1.700000,1.610000,500,1.680000,100,5.590000,0.090000
1478530004472,1.700000,1.610000,500,1.680000,100,5.590000,0.090000
1478530033976,1.700000,1.610000,500,1.690000,200,5.590000,0.090000
1478530036961,1.700000,1.610000,500,1.690000,200,5.590000,0.090000
1478530039475,1.700000,1.610000,500,1.690000,200,5.590000,0.090000
1478530042609,1.700000,1.610000,500,1.690000,200,5.590000,0.090000
1478530044989,1.700000,1.610000,500,1.690000,200,5.590000,0.090000
1478530047500,1.700000,1.610000,500,1.690000,200,5.590000,0.090000
1478530049494,1.700000,1.610000,500,1.690000,200,5.590000,0.090000
1478530051980,1.700000,1.610000,500,1.690000,200,5.590000,0.090000
1478530053991,1.700000,1.610000,500,1.690000,200,5.590000,0.090000
1478530056493,1.700000,1.610000,500,1.690000,200,5.590000,0.090000
1478530058507,1.700000,1.610000,500,1.690000,200,5.590000,0.090000
1478530061495,1.700000,1.610000,500,1.690000,200,5.590000,0.090000
1478530063511,1.700000,1.610000,500,1.690000,200,5.590000,0.090000
1478530065873,1.700000,1.610000,500,1.690000,200,5.590000,0.090000
1478530068378,1.700000,1.610000,500,1.690000,200,5.590000,0.090000
1478530071920,1.700000,1.610000,500,1.690000,200,5.590000,0.090000
1478530073403,1.700000,1.610000,500,1.690000,200,5.590000,0.090000
1478530078383,1.700000,1.610000,500,1.690000,200,5.590000,0.090000
1478530082884,1.700000,1.610000,500,1.690000,200,5.590000,0.090000
1478530085913,1.700000,1.610000,500,1.690000,200,5.590000,0.090000
1478530088387,1.700000,1.610000,500,1.690000,200,5.590000,0.090000
1478530090889,1.700000,1.610000,500,1.690000,200,5.590000,0.090000
1478530094399,1.700000,1.610000,500,1.690000,200,5.590000,0.090000
1478530096895,1.700000,1.610000,500,1.690000,200,5.590000,0.090000
1478530099386,1.700000,1.610000,500,1.690000,200,5.590000,0.090000
1478530102429,1.700000,1.610000,500,1.690000,200,5.590000,0.090000
1478530104398,1.700000,1.610000,500,1.690000,200,5.590000,0.090000
1478530106900,1.700000,1.610000,500,1.690000,200,5.590000,0.090000
1478530109410,1.700000,1.610000,500,1.690000,200,5.590000,0.090000
1478530111399,1.700000,1.610000,500,1.690000,200,5.590000,0.090000
1478530113912,1.700000,1.610000,500,1.690000,200,5.590000,0.090000
1478530115908,1.700000,1.610000,500,1.690000,200,5.590000,0.090000
1478530118396,1.700000,1.610000,500,1.690000,200,5.590000,0.090000
1478530120913,1.700000,1.610000,500,1.690000,200,5.590000,0.090000
1478530121942,1.700000,1.610000,500,1.690000,200,5.590000,0.090000
1478530125924,1.700000,1.610000,500,1.690000,200,5.590000,0.090000
1478530128457,1.700000,1.610000,500,1.690000,200,5.590000,0.090000
1478530130910,1.700000,1.610000,500,1.690000,200,5.590000,0.090000
1478530133917,1.700000,1.610000,500,1.690000,200,5.590000,0.090000
1478530136928,1.700000,1.610000,500,1.690000,200,5.590000,0.090000
1478530139418,1.700000,1.610000,500,1.690000,200,5.590000,0.090000
1478530140970,1.700000,1.610000,500,1.690000,200,5.590000,0.090000
1478530143966,1.700000,1.610000,500,1.690000,200,5.590000,0.090000
1478530146451,1.700000,1.610000,500,1.680000,100,5.590000,0.090000
1478530148436,1.700000,1.610000,500,1.680000,100,5.590000,0.090000
1478530152434,1.700000,1.610000,500,1.680000,100,5.590000,0.090000
1478530154969,1.700000,1.610000,500,1.680000,100,5.590000,0.090000
1478530156995,1.700000,1.610000,500,1.680000,100,5.590000,0.090000
1478530159443,1.700000,1.610000,500,1.680000,100,5.590000,0.090000
1478530161434,1.700000,1.610000,500,1.680000,100,5.590000,0.090000
1478530164941,1.700000,1.610000,500,1.680000,100,5.590000,0.090000
1478530167945,1.700000,1.610000,500,1.680000,100,5.590000,0.090000
1478530170449,1.700000,1.610000,500,1.680000,100,5.590000,0.090000
1478530172958,1.700000,1.610000,500,1.680000,100,5.590000,0.090000
1478530180959,1.700000,1.620000,100,1.690000,200,5.590000,0.090000
1478530183505,1.700000,1.620000,100,1.690000,200,5.590000,0.090000
1478530185934,1.700000,1.620000,100,1.690000,200,5.590000,0.090000
1478530188463,1.680000,1.620000,100,1.690000,200,4.350000,0.070000
1478530189958,1.680000,1.620000,100,1.690000,200,4.350000,0.070000
1478530193005,1.680000,1.620000,100,1.690000,200,4.350000,0.070000
1478530195968,1.680000,1.620000,100,1.690000,200,4.350000,0.070000
1478530198063,1.680000,1.620000,100,1.690000,200,4.350000,0.070000
1478530200501,1.680000,1.620000,100,1.690000,200,4.350000,0.070000
1478530202964,1.680000,1.620000,100,1.690000,200,4.350000,0.070000
1478530206464,1.680000,1.620000,100,1.690000,200,4.350000,0.070000
1478530209975,1.680000,1.620000,100,1.690000,200,4.350000,0.070000
1478530212006,1.680000,1.620000,100,1.690000,200,4.350000,0.070000
1478530212490,1.680000,1.620000,100,1.690000,200,4.350000,0.070000
1478530216473,1.680000,1.620000,100,1.690000,200,4.350000,0.070000
1478530219491,1.680000,1.620000,100,1.690000,200,4.350000,0.070000
1478530220990,1.680000,1.620000,100,1.690000,200,4.350000,0.070000
1478530223977,1.680000,1.620000,100,1.690000,200,4.350000,0.070000
1478530225989,1.680000,1.620000,100,1.690000,200,4.350000,0.070000
1478530228983,1.680000,1.620000,100,1.690000,200,4.350000,0.070000
1478530231496,1.680000,1.620000,100,1.690000,200,4.350000,0.070000
1478530233497,1.680000,1.620000,100,1.690000,200,4.350000,0.070000
1478530236488,1.680000,1.620000,100,1.690000,200,4.350000,0.070000
1478530239491,1.680000,1.620000,100,1.690000,200,4.350000,0.070000
1478530242098,1.680000,1.620000,100,1.690000,200,4.350000,0.070000
1478530244502,1.680000,1.620000,100,1.690000,200,4.350000,0.070000
1478530246504,1.680000,1.620000,100,1.690000,200,4.350000,0.070000
1478530249002,1.680000,1.620000,100,1.690000,200,4.350000,0.070000
1478530251005,1.680000,1.620000,100,1.690000,200,4.350000,0.070000
1478530253507,1.680000,1.620000,100,1.690000,200,4.350000,0.070000
1478530255538,1.680000,1.620000,100,1.690000,200,4.350000,0.070000
1478530258503,1.680000,1.620000,100,1.690000,200,4.350000,0.070000
1478530260529,1.680000,1.620000,100,1.690000,200,4.350000,0.070000
1478530263877,1.680000,1.620000,100,1.690000,200,4.350000,0.070000
1478530266381,1.680000,1.620000,100,1.690000,200,4.350000,0.070000
1478530268877,1.680000,1.620000,100,1.690000,200,4.350000,0.070000
1478530270380,1.680000,1.620000,100,1.690000,200,4.350000,0.070000
1478530274391,1.680000,1.620000,100,1.690000,200,4.350000,0.070000
1478530276384,1.680000,1.620000,100,1.690000,200,4.350000,0.070000
1478530276921,1.680000,1.620000,100,1.690000,200,4.350000,0.070000
1478530280886,1.680000,1.620000,100,1.690000,200,4.350000,0.070000
1478530283888,1.680000,1.620000,100,1.690000,200,4.350000,0.070000
1478530286452,1.680000,1.620000,100,1.690000,200,4.350000,0.070000
1478530288396,1.680000,1.620000,100,1.690000,200,4.350000,0.070000
1478530290893,1.680000,1.620000,100,1.690000,200,4.350000,0.070000
1478530293399,1.680000,1.620000,100,1.690000,200,4.350000,0.070000
1478530295432,1.680000,1.620000,100,1.690000,200,4.350000,0.070000
1478530299412,1.680000,1.620000,100,1.690000,200,4.350000,0.070000
1478530300926,1.680000,1.620000,100,1.690000,200,4.350000,0.070000
1478530304411,1.680000,1.620000,100,1.690000,200,4.350000,0.070000
1478530306419,1.680000,1.620000,100,1.690000,200,4.350000,0.070000
1478530308908,1.680000,1.620000,100,1.690000,200,4.350000,0.070000
1478530311909,1.680000,1.620000,100,1.690000,200,4.350000,0.070000
1478530313975,1.680000,1.620000,100,1.690000,200,4.350000,0.070000
1478530315407,1.680000,1.620000,100,1.690000,200,4.350000,0.070000
1478530318912,1.680000,1.620000,100,1.690000,200,4.350000,0.070000
1478530321431,1.680000,1.620000,100,1.690000,200,4.350000,0.070000
1478530322925,1.680000,1.620000,100,1.690000,200,4.350000,0.070000
1478530325911,1.680000,1.620000,100,1.690000,200,4.350000,0.070000
1478530328426,1.680000,1.620000,100,1.690000,200,4.350000,0.070000
1478530330472,1.680000,1.620000,100,1.690000,200,4.350000,0.070000
1478530332927,1.680000,1.620000,100,1.690000,200,4.350000,0.070000
1478530335927,1.680000,1.620000,100,1.690000,200,4.350000,0.070000
1478530338965,1.680000,1.620000,100,1.690000,200,4.350000,0.070000
1478530341430,1.680000,1.620000,100,1.690000,200,4.350000,0.070000
1478530343933,1.680000,1.620000,100,1.690000,200,4.350000,0.070000
1478530346437,1.680000,1.620000,100,1.690000,200,4.350000,0.070000
1478530348934,1.680000,1.620000,100,1.690000,200,4.350000,0.070000
1478530351435,1.680000,1.620000,100,1.690000,200,4.350000,0.070000
1478530354437,1.680000,1.620000,100,1.690000,200,4.350000,0.070000
1478530357435,1.680000,1.620000,100,1.690000,200,4.350000,0.070000
1478530359972,1.680000,1.620000,100,1.690000,200,4.350000,0.070000
1478530362946,1.680000,1.620000,100,1.690000,200,4.350000,0.070000
1478530365455,1.680000,1.620000,100,1.690000,200,4.350000,0.070000
1478530368468,1.680000,1.620000,100,1.690000,200,4.350000,0.070000
1478530370959,1.680000,1.620000,100,1.690000,200,4.350000,0.070000
1478530373457,1.680000,1.620000,100,1.690000,200,4.350000,0.070000
1478530375499,1.680000,1.620000,100,1.690000,200,4.350000,0.070000
1478530378008,1.680000,1.620000,100,1.690000,200,4.350000,0.070000
1478530380491,1.680000,1.620000,100,1.690000,200,4.350000,0.070000
1478530383002,1.680000,1.620000,100,1.690000,200,4.350000,0.070000
1478530384469,1.680000,1.620000,100,1.690000,200,4.350000,0.070000
1478530387475,1.680000,1.620000,100,1.690000,200,4.350000,0.070000
1478530389972,1.680000,1.620000,100,1.690000,200,4.350000,0.070000
1478530391965,1.680000,1.620000,100,1.690000,200,4.350000,0.070000
1478530394463,1.680000,1.620000,100,1.690000,200,4.350000,0.070000
1478530396976,1.680000,1.620000,100,1.690000,200,4.350000,0.070000
1478530402502,1.680000,1.620000,100,1.690000,200,4.350000,0.070000
1478530404972,1.680000,1.620000,100,1.690000,200,4.350000,0.070000
1478530406480,1.680000,1.620000,100,1.690000,200,4.350000,0.070000
1478530409983,1.680000,1.620000,100,1.690000,200,4.350000,0.070000
1478530412475,1.680000,1.620000,100,1.690000,200,4.350000,0.070000
1478530415017,1.680000,1.620000,100,1.690000,200,4.350000,0.070000
1478530417989,1.680000,1.620000,100,1.690000,200,4.350000,0.070000
1478530420485,1.680000,1.620000,100,1.690000,200,4.350000,0.070000
1478530422990,1.676000,1.620000,100,1.690000,200,4.100000,0.066000
1478530425489,1.676000,1.620000,100,1.690000,200,4.100000,0.066000
1478530428501,1.676000,1.620000,100,1.690000,200,4.100000,0.066000
1478530430532,1.676000,1.620000,100,1.690000,200,4.100000,0.066000
1478530433492,1.676000,1.620000,100,1.690000,200,4.100000,0.066000
1478530435493,1.676000,1.620000,100,1.690000,200,4.100000,0.066000
1478530439013,1.676000,1.620000,100,1.690000,200,4.100000,0.066000
1478530441497,1.676000,1.620000,100,1.690000,200,4.100000,0.066000
1478530444025,1.676000,1.620000,100,1.690000,200,4.100000,0.066000
1478530446527,1.676000,1.620000,100,1.690000,200,4.100000,0.066000
1478530450004,1.676000,1.620000,100,1.690000,200,4.100000,0.066000
1478530453004,1.676000,1.620000,100,1.690000,200,4.100000,0.066000
1478530455510,1.676000,1.620000,100,1.690000,200,4.100000,0.066000
1478530457059,1.676000,1.620000,100,1.690000,200,4.100000,0.066000
1478530460402,1.676000,1.620000,100,1.690000,200,4.100000,0.066000
1478530463379,1.676000,1.620000,100,1.690000,200,4.100000,0.066000
1478530466383,1.676000,1.620000,100,1.690000,200,4.100000,0.066000
1478530472413,1.676000,1.620000,100,1.690000,200,4.100000,0.066000
1478530474920,1.676000,1.620000,100,1.690000,200,4.100000,0.066000
1478530477891,1.676000,1.620000,100,1.690000,200,4.100000,0.066000
1478530480395,1.676000,1.620000,100,1.690000,200,4.100000,0.066000
1478530482895,1.676000,1.620000,100,1.690000,200,4.100000,0.066000
1478530485440,1.676000,1.620000,100,1.690000,200,4.100000,0.066000
1478530487938,1.676000,1.620000,100,1.690000,200,4.100000,0.066000
1478530490902,1.676000,1.620000,100,1.690000,200,4.100000,0.066000
1478530492907,1.676000,1.620000,100,1.690000,200,4.100000,0.066000
1478530495404,1.676000,1.620000,100,1.690000,200,4.100000,0.066000
1478530498942,1.676000,1.620000,100,1.690000,200,4.100000,0.066000
1478530502467,1.676000,1.620000,100,1.690000,200,4.100000,0.066000
1478530505406,1.676000,1.620000,100,1.690000,200,4.100000,0.066000
1478530507926,1.676000,1.620000,100,1.690000,200,4.100000,0.066000
1478530510419,1.676000,1.620000,100,1.690000,200,4.100000,0.066000
1478530512914,1.676000,1.620000,100,1.690000,200,4.100000,0.066000
1478530515426,1.676000,1.620000,100,1.690000,200,4.100000,0.066000
1478530517959,1.676000,1.620000,100,1.690000,200,4.100000,0.066000
1478530520455,1.676000,1.620000,100,1.690000,200,4.100000,0.066000
1478530523431,1.676000,1.620000,100,1.690000,200,4.100000,0.066000
1478530525928,1.676000,1.620000,100,1.690000,200,4.100000,0.066000
1478530528445,1.676000,1.620000,100,1.690000,200,4.100000,0.066000
1478530531422,1.676000,1.620000,100,1.690000,200,4.100000,0.066000
1478530533425,1.676000,1.620000,100,1.690000,200,4.100000,0.066000
1478530535428,1.676000,1.620000,100,1.690000,200,4.100000,0.066000
1478530538438,1.676000,1.620000,100,1.690000,200,4.100000,0.066000
1478530540933,1.676000,1.620000,100,1.690000,200,4.100000,0.066000
1478530542980,1.676000,1.620000,100,1.690000,200,4.100000,0.066000
1478530545438,1.676000,1.620000,100,1.690000,200,4.100000,0.066000
1478530547932,1.676000,1.620000,100,1.690000,200,4.100000,0.066000
1478530550445,1.676000,1.620000,100,1.690000,200,4.100000,0.066000
1478530552951,1.676000,1.620000,100,1.690000,200,4.100000,0.066000
1478530555949,1.676000,1.620000,100,1.690000,200,4.100000,0.066000
1478530557945,1.676000,1.620000,100,1.690000,200,4.100000,0.066000
1478530561939,1.676000,1.620000,100,1.690000,200,4.100000,0.066000
1478530564446,1.676000,1.620000,100,1.690000,200,4.100000,0.066000
1478530566946,1.676000,1.620000,100,1.690000,200,4.100000,0.066000
1478530568456,1.676000,1.620000,100,1.690000,200,4.100000,0.066000
1478530570962,1.676000,1.620000,100,1.690000,200,4.100000,0.066000
1478530574457,1.676000,1.620000,100,1.690000,200,4.100000,0.066000
1478530577456,1.676000,1.620000,100,1.690000,200,4.100000,0.066000
1478530581470,1.676000,1.620000,100,1.690000,200,4.100000,0.066000
1478530582966,1.676000,1.620000,100,1.690000,200,4.100000,0.066000
1478530586006,1.676000,1.620000,100,1.690000,200,4.100000,0.066000
1478530588464,1.676000,1.620000,100,1.690000,200,4.100000,0.066000
1478530590459,1.676000,1.620000,100,1.690000,200,4.100000,0.066000
1478530593471,1.676000,1.620000,100,1.690000,200,4.100000,0.066000
1478530594967,1.676000,1.620000,100,1.690000,200,4.100000,0.066000
1478530598464,1.676000,1.620000,100,1.690000,200,4.100000,0.066000
1478530600463,1.676000,1.620000,100,1.690000,200,4.100000,0.066000
1478530603981,1.676000,1.620000,100,1.690000,200,4.100000,0.066000
1478530605973,1.676000,1.620000,100,1.690000,200,4.100000,0.066000
1478530608972,1.676000,1.620000,100,1.690000,200,4.100000,0.066000
1478530611020,1.676000,1.620000,100,1.690000,200,4.100000,0.066000
1478530613480,1.676000,1.620000,100,1.690000,200,4.100000,0.066000
1478530615984,1.676000,1.620000,100,1.690000,200,4.100000,0.066000
1478530618481,1.676000,1.620000,100,1.690000,200,4.100000,0.066000
1478530621479,1.676000,1.620000,100,1.690000,200,4.100000,0.066000
1478530623499,1.676000,1.620000,100,1.680000,100,4.100000,0.066000
1478530626487,1.676000,1.620000,100,1.680000,100,4.100000,0.066000
1478530628528,1.676000,1.620000,100,1.680000,100,4.100000,0.066000
1478530631502,1.676000,1.620000,100,1.680000,100,4.100000,0.066000
1478530634003,1.676000,1.620000,100,1.680000,100,4.100000,0.066000
1478530636506,1.676000,1.620000,100,1.680000,100,4.100000,0.066000
1478530639008,1.676000,1.620000,100,1.680000,100,4.100000,0.066000
1478530641508,1.676000,1.620000,100,1.680000,100,4.100000,0.066000
1478530644026,1.676000,1.620000,100,1.680000,100,4.100000,0.066000
1478530645515,1.676000,1.620000,100,1.680000,100,4.100000,0.066000
1478530648516,1.676000,1.620000,100,1.680000,100,4.100000,0.066000
1478530655398,1.676000,1.620000,100,1.680000,100,4.100000,0.066000
1478530657875,1.676000,1.620000,100,1.680000,100,4.100000,0.066000
1478530660378,1.676000,1.620000,100,1.680000,100,4.100000,0.066000
1478530663382,1.676000,1.620000,100,1.680000,100,4.100000,0.066000
1478530665886,1.676000,1.620000,100,1.680000,100,4.100000,0.066000
1478530668385,1.676000,1.620000,100,1.680000,100,4.100000,0.066000
1478530670405,1.676000,1.620000,100,1.680000,100,4.100000,0.066000
1478530673917,1.676000,1.620000,100,1.680000,100,4.100000,0.066000
1478530674888,1.676000,1.620000,100,1.680000,100,4.100000,0.066000
1478530678397,1.676000,1.620000,100,1.680000,100,4.100000,0.066000
1478530680889,1.676000,1.620000,100,1.680000,100,4.100000,0.066000
1478530683425,1.676000,1.620000,100,1.680000,100,4.100000,0.066000
1478530685938,1.676000,1.620000,100,1.680000,100,4.100000,0.066000
1478530687905,1.676000,1.620000,100,1.680000,100,4.100000,0.066000
1478530689903,1.676000,1.620000,100,1.680000,100,4.100000,0.066000
1478530692907,1.676000,1.620000,100,1.680000,100,4.100000,0.066000
1478530694910,1.676000,1.620000,100,1.680000,100,4.100000,0.066000
1478530697916,1.676000,1.620000,100,1.680000,100,4.100000,0.066000
1478530699905,1.676000,1.620000,100,1.680000,100,4.100000,0.066000
1478530702910,1.676000,1.620000,100,1.680000,100,4.100000,0.066000
1478530704410,1.676000,1.620000,100,1.680000,100,4.100000,0.066000
1478530707419,1.676000,1.620000,100,1.680000,100,4.100000,0.066000
1478530709414,1.676000,1.620000,100,1.680000,100,4.100000,0.066000
1478530711921,1.676000,1.620000,100,1.680000,100,4.100000,0.066000
1478530714924,1.676000,1.620000,100,1.680000,100,4.100000,0.066000
1478530716927,1.676000,1.620000,100,1.680000,100,4.100000,0.066000
1478530719420,1.676000,1.620000,100,1.680000,100,4.100000,0.066000
1478530723928,1.676000,1.620000,100,1.680000,100,4.100000,0.066000
1478530726436,1.676000,1.640000,200,1.680000,100,4.100000,0.066000
1478530728419,1.676000,1.640000,200,1.680000,100,4.100000,0.066000
1478530731448,1.676000,1.640000,200,1.680000,100,4.100000,0.066000
1478530733429,1.676000,1.640000,200,1.680000,100,4.100000,0.066000
1478530736444,1.676000,1.640000,200,1.680000,100,4.100000,0.066000
1478530738442,1.676000,1.640000,200,1.680000,100,4.100000,0.066000
1478530740972,1.676000,1.640000,200,1.680000,100,4.100000,0.066000
1478530742934,1.676000,1.640000,200,1.680000,100,4.100000,0.066000
1478530745946,1.676000,1.640000,200,1.690000,200,4.100000,0.066000
1478530748945,1.676000,1.640000,200,1.690000,200,4.100000,0.066000
1478530750953,1.676000,1.640000,200,1.690000,200,4.100000,0.066000
1478530754544,1.676000,1.640000,200,1.690000,200,4.100000,0.066000
1478530756983,1.676000,1.640000,200,1.690000,200,4.100000,0.066000
1478530759479,1.676000,1.640000,200,1.690000,200,4.100000,0.066000
1478530762453,1.676000,1.640000,200,1.690000,200,4.100000,0.066000
1478530764498,1.676000,1.640000,200,1.690000,200,4.100000,0.066000
1478530766996,1.676000,1.640000,200,1.690000,200,4.100000,0.066000
1478530769542,1.676000,1.640000,200,1.690000,200,4.100000,0.066000
1478530771998,1.676000,1.640000,200,1.690000,200,4.100000,0.066000
1478530774486,1.676000,1.640000,200,1.690000,200,4.100000,0.066000
1478530776998,1.676000,1.640000,200,1.690000,200,4.100000,0.066000
1478530779499,1.676000,1.640000,200,1.690000,200,4.100000,0.066000
1478530781466,1.676000,1.640000,200,1.690000,200,4.100000,0.066000
1478530784513,1.676000,1.640000,200,1.690000,200,4.100000,0.066000
1478530787022,1.676000,1.640000,200,1.690000,200,4.100000,0.066000
1478530788967,1.676000,1.640000,200,1.690000,200,4.100000,0.066000
1478530791473,1.676000,1.640000,200,1.690000,200,4.100000,0.066000
1478530793951,1.676000,1.640000,200,1.690000,200,4.100000,0.066000
1478530795504,1.676000,1.640000,200,1.690000,200,4.100000,0.066000
1478530798985,1.676000,1.640000,200,1.690000,200,4.100000,0.066000
1478530802028,1.676000,1.640000,200,1.690000,200,4.100000,0.066000
1478530804512,1.676000,1.640000,200,1.690000,200,4.100000,0.066000
1478530807477,1.676000,1.640000,200,1.690000,200,4.100000,0.066000
1478530808966,1.676000,1.640000,200,1.690000,200,4.100000,0.066000
1478530812029,1.676000,1.640000,200,1.690000,200,4.100000,0.066000
1478530815510,1.676000,1.640000,200,1.690000,200,4.100000,0.066000
1478530817993,1.676000,1.640000,200,1.690000,200,4.100000,0.066000
1478530820481,1.676000,1.640000,200,1.690000,200,4.100000,0.066000
1478530822497,1.676000,1.640000,200,1.690000,200,4.100000,0.066000
1478530825503,1.676000,1.640000,200,1.690000,200,4.100000,0.066000
1478530827987,1.676000,1.640000,200,1.690000,200,4.100000,0.066000
1478530830504,1.676000,1.640000,200,1.690000,200,4.100000,0.066000
1478530833011,1.676000,1.640000,200,1.690000,200,4.100000,0.066000
1478530835495,1.676000,1.640000,200,1.690000,200,4.100000,0.066000
1478530838002,1.676000,1.640000,200,1.690000,200,4.100000,0.066000
1478530840560,1.676000,1.640000,200,1.690000,200,4.100000,0.066000
1478530842573,1.676000,1.640000,200,1.690000,200,4.100000,0.066000
1478530846000,1.676000,1.640000,200,1.690000,200,4.100000,0.066000
1478530849542,1.676000,1.640000,200,1.690000,200,4.100000,0.066000
1478530851527,1.676000,1.640000,200,1.690000,200,4.100000,0.066000
1478530854592,1.676000,1.640000,200,1.690000,200,4.100000,0.066000
1478530857044,1.676000,1.640000,200,1.690000,200,4.100000,0.066000
1478530859372,1.676000,1.640000,200,1.690000,200,4.100000,0.066000
1478530861876,1.676000,1.640000,200,1.690000,200,4.100000,0.066000
1478530864380,1.676000,1.640000,200,1.690000,200,4.100000,0.066000
1478530866879,1.676000,1.640000,200,1.690000,200,4.100000,0.066000
1478530868899,1.676000,1.640000,200,1.690000,200,4.100000,0.066000
1478530871396,1.676000,1.640000,200,1.690000,200,4.100000,0.066000
1478530873384,1.676000,1.640000,200,1.690000,200,4.100000,0.066000
1478530875884,1.676000,1.640000,200,1.690000,200,4.100000,0.066000
1478530878388,1.676000,1.640000,200,1.690000,200,4.100000,0.066000
1478530881422,1.676000,1.640000,200,1.690000,200,4.100000,0.066000
1478530883956,1.676000,1.640000,200,1.690000,200,4.100000,0.066000
1478530886438,1.676000,1.640000,200,1.690000,200,4.100000,0.066000
1478530888393,1.676000,1.640000,200,1.690000,200,4.100000,0.066000
1478530890897,1.676000,1.640000,200,1.690000,200,4.100000,0.066000
1478530893399,1.676000,1.640000,200,1.690000,200,4.100000,0.066000
1478530895903,1.676000,1.640000,200,1.690000,200,4.100000,0.066000
1478530897407,1.676000,1.640000,200,1.690000,200,4.100000,0.066000
1478530900434,1.676000,1.640000,200,1.690000,200,4.100000,0.066000
1478530902919,1.676000,1.640000,200,1.690000,200,4.100000,0.066000
1478530905416,1.676000,1.640000,200,1.690000,200,4.100000,0.066000
1478530908413,1.676000,1.640000,200,1.690000,200,4.100000,0.066000
1478530910414,1.676000,1.640000,200,1.690000,200,4.100000,0.066000
1478530913970,1.676000,1.640000,200,1.690000,200,4.100000,0.066000
1478530917418,1.676000,1.640000,200,1.690000,200,4.100000,0.066000
1478530919911,1.676000,1.640000,200,1.690000,200,4.100000,0.066000
1478530922924,1.676000,1.640000,200,1.690000,200,4.100000,0.066000
1478530925940,1.676000,1.640000,200,1.690000,200,4.100000,0.066000
1478530928428,1.676000,1.640000,200,1.690000,200,4.100000,0.066000
1478530930427,1.676000,1.640000,200,1.690000,200,4.100000,0.066000
1478530932427,1.676000,1.640000,200,1.690000,200,4.100000,0.066000
1478530935424,1.676000,1.640000,200,1.690000,200,4.100000,0.066000
1478530938434,1.676000,1.640000,200,1.690000,200,4.100000,0.066000
1478530940472,1.676000,1.640000,200,1.690000,200,4.100000,0.066000
1478530942970,1.676000,1.640000,200,1.690000,200,4.100000,0.066000
1478530944953,1.676000,1.640000,200,1.690000,200,4.100000,0.066000
1478530947447,1.676000,1.640000,200,1.690000,200,4.100000,0.066000
1478530949934,1.676000,1.640000,200,1.690000,200,4.100000,0.066000
1478530952452,1.676000,1.640000,200,1.690000,200,4.100000,0.066000
1478530954030,1.676000,1.640000,200,1.690000,200,4.100000,0.066000
1478530956946,1.676000,1.640000,200,1.690000,200,4.100000,0.066000
1478530959458,1.676000,1.640000,200,1.690000,200,4.100000,0.066000
1478530961954,1.676000,1.640000,200,1.690000,200,4.100000,0.066000
1478530964953,1.676000,1.640000,200,1.690000,200,4.100000,0.066000
1478530966439,1.676000,1.640000,200,1.690000,200,4.100000,0.066000
1478530972456,1.676000,1.640000,200,1.690000,200,4.100000,0.066000
1478530974487,1.676000,1.640000,200,1.690000,200,4.100000,0.066000
1478530976451,1.676000,1.640000,200,1.690000,200,4.100000,0.066000
1478530978958,1.676000,1.640000,200,1.690000,200,4.100000,0.066000
1478530980988,1.676000,1.640000,200,1.690000,200,4.100000,0.066000
1478530982978,1.676000,1.640000,200,1.690000,200,4.100000,0.066000
1478530985459,1.676000,1.640000,200,1.690000,200,4.100000,0.066000
1478530985953,1.676000,1.640000,200,1.690000,200,4.100000,0.066000
1478530989506,1.676000,1.640000,200,1.690000,200,4.100000,0.066000
1478530991993,1.676000,1.640000,200,1.690000,200,4.100000,0.066000
1478530993980,1.676000,1.640000,200,1.690000,200,4.100000,0.066000
1478530995989,1.676000,1.640000,200,1.690000,200,4.100000,0.066000
1478530998468,1.676000,1.640000,200,1.690000,200,4.100000,0.066000
1478531000456,1.676000,1.640000,200,1.690000,200,4.100000,0.066000
1478531002983,1.676000,1.640000,200,1.690000,200,4.100000,0.066000
1478531005473,1.676000,1.640000,200,1.690000,200,4.100000,0.066000
1478531007512,1.676000,1.640000,200,1.690000,200,4.100000,0.066000
1478531009497,1.676000,1.640000,200,1.690000,200,4.100000,0.066000
1478531012985,1.676000,1.640000,200,1.690000,200,4.100000,0.066000
1478531014478,1.676000,1.640000,200,1.690000,200,4.100000,0.066000
1478531017518,1.676000,1.640000,200,1.690000,200,4.100000,0.066000
1478531019482,1.676000,1.640000,200,1.690000,200,4.100000,0.066000
1478531021489,1.676000,1.640000,200,1.690000,200,4.100000,0.066000
1478531024020,1.676000,1.640000,200,1.690000,200,4.100000,0.066000
1478531026500,1.676000,1.640000,200,1.690000,200,4.100000,0.066000
1478531028490,1.676000,1.640000,200,1.690000,200,4.100000,0.066000
1478531030993,1.676000,1.640000,200,1.690000,200,4.100000,0.066000
1478531032978,1.676000,1.640000,200,1.690000,200,4.100000,0.066000
1478531035501,1.676000,1.640000,200,1.690000,200,4.100000,0.066000
1478531037554,1.676000,1.640000,200,1.690000,200,4.100000,0.066000
1478531040082,1.676000,1.640000,200,1.690000,200,4.100000,0.066000
1478531041998,1.676000,1.640000,200,1.690000,200,4.100000,0.066000
1478531045001,1.676000,1.640000,200,1.680000,100,4.100000,0.066000
1478531047007,1.676000,1.640000,200,1.680000,100,4.100000,0.066000
1478531049013,1.676000,1.640000,200,1.680000,100,4.100000,0.066000
1478531051576,1.676000,1.640000,200,1.680000,100,4.100000,0.066000
1478531053063,1.676000,1.640000,200,1.680000,100,4.100000,0.066000
1478531056011,1.676000,1.640000,200,1.680000,100,4.100000,0.066000
1478531058042,1.676000,1.640000,200,1.680000,100,4.100000,0.066000
1478531060009,1.676000,1.640000,200,1.680000,100,4.100000,0.066000
1478531060997,1.676000,1.640000,200,1.680000,100,4.100000,0.066000
1478531064376,1.676000,1.640000,200,1.680000,100,4.100000,0.066000
1478531067376,1.676000,1.640000,200,1.680000,100,4.100000,0.066000
1478531069465,1.676000,1.640000,200,1.680000,100,4.100000,0.066000
1478531071381,1.676000,1.640000,200,1.680000,100,4.100000,0.066000
1478531073886,1.676000,1.640000,200,1.680000,100,4.100000,0.066000
1478531076384,1.676000,1.640000,200,1.680000,100,4.100000,0.066000
1478531078382,1.676000,1.640000,200,1.680000,100,4.100000,0.066000
1478531079887,1.676000,1.640000,200,1.680000,100,4.100000,0.066000
1478531082888,1.676000,1.640000,200,1.680000,100,4.100000,0.066000
1478531085388,1.676000,1.640000,200,1.680000,100,4.100000,0.066000
1478531086891,1.676000,1.640000,200,1.680000,100,4.100000,0.066000
1478531089393,1.676000,1.640000,200,1.680000,100,4.100000,0.066000
1478531091895,1.676000,1.640000,200,1.680000,100,4.100000,0.066000
1478531093899,1.676000,1.640000,200,1.680000,100,4.100000,0.066000
1478531096409,1.676000,1.640000,200,1.680000,100,4.100000,0.066000
1478531098436,1.676000,1.640000,200,1.680000,100,4.100000,0.066000
1478531100893,1.676000,1.640000,200,1.690000,200,4.100000,0.066000
1478531102897,1.676000,1.640000,200,1.690000,200,4.100000,0.066000
1478531105406,1.676000,1.640000,200,1.690000,200,4.100000,0.066000
1478531107908,1.676000,1.640000,200,1.690000,200,4.100000,0.066000
1478531149429,1.676000,1.640000,200,1.690000,200,4.100000,0.066000
1478531151436,1.676000,1.640000,200,1.690000,200,4.100000,0.066000
1478531153950,1.676000,1.640000,200,1.690000,200,4.100000,0.066000
1478531156948,1.676000,1.640000,200,1.690000,200,4.100000,0.066000
1478531159446,1.676000,1.640000,200,1.690000,200,4.100000,0.066000
1478531162444,1.676000,1.640000,200,1.690000,200,4.100000,0.066000
1478531164454,1.676000,1.640000,200,1.690000,200,4.100000,0.066000
1478531166428,1.676000,1.640000,200,1.690000,200,4.100000,0.066000
1478531169469,1.676000,1.640000,200,1.690000,200,4.100000,0.066000
1478531171953,1.676000,1.640000,200,1.690000,200,4.100000,0.066000
1478531173941,1.676000,1.640000,200,1.690000,200,4.100000,0.066000
1478531176445,1.676000,1.640000,200,1.690000,200,4.100000,0.066000
1478531178458,1.676000,1.640000,200,1.690000,200,4.100000,0.066000
1478531180456,1.676000,1.640000,200,1.690000,200,4.100000,0.066000
1478531182483,1.676000,1.640000,200,1.690000,200,4.100000,0.066000
1478531184484,1.676000,1.640000,200,1.690000,200,4.100000,0.066000
1478531186962,1.676000,1.640000,200,1.690000,200,4.100000,0.066000
1478531188456,1.676000,1.640000,200,1.690000,200,4.100000,0.066000
1478531191967,1.676000,1.640000,200,1.690000,200,4.100000,0.066000
1478531194466,1.676000,1.640000,200,1.690000,200,4.100000,0.066000
1478531196952,1.676000,1.640000,200,1.690000,200,4.100000,0.066000
1478531199524,1.676000,1.640000,200,1.690000,200,4.100000,0.066000
1478531201476,1.676000,1.640000,200,1.690000,200,4.100000,0.066000
1478531204468,1.676000,1.640000,200,1.690000,200,4.100000,0.066000
1478531206453,1.676000,1.640000,200,1.690000,200,4.100000,0.066000
1478531208978,1.676000,1.640000,200,1.690000,200,4.100000,0.066000
1478531212034,1.676000,1.640000,200,1.690000,200,4.100000,0.066000
1478531214976,1.676000,1.640000,200,1.690000,200,4.100000,0.066000
1478531217463,1.676000,1.640000,200,1.690000,200,4.100000,0.066000
1478531219973,1.676000,1.640000,200,1.690000,200,4.100000,0.066000
1478531222481,1.676000,1.640000,200,1.690000,200,4.100000,0.066000
1478531224992,1.676000,1.640000,200,1.690000,200,4.100000,0.066000
1478531227004,1.676000,1.640000,200,1.690000,200,4.100000,0.066000
1478531229493,1.676000,1.640000,200,1.690000,200,4.100000,0.066000
1478531231533,1.676000,1.640000,200,1.690000,200,4.100000,0.066000
1478531234495,1.676000,1.640000,200,1.690000,200,4.100000,0.066000
1478531236532,1.676000,1.640000,200,1.690000,200,4.100000,0.066000
1478531239020,1.676000,1.640000,200,1.690000,200,4.100000,0.066000
1478531241508,1.676000,1.640000,200,1.690000,200,4.100000,0.066000
1478531243999,1.676000,1.640000,200,1.690000,200,4.100000,0.066000
1478531246501,1.676000,1.640000,200,1.690000,200,4.100000,0.066000
1478531248498,1.676000,1.640000,200,1.690000,200,4.100000,0.066000
1478531251507,1.676000,1.640000,200,1.690000,200,4.100000,0.066000
1478531253518,1.676000,1.640000,200,1.690000,200,4.100000,0.066000
1478531256499,1.676000,1.640000,200,1.690000,200,4.100000,0.066000
1478531259004,1.676000,1.640000,200,1.690000,200,4.100000,0.066000
1478531261003,1.676000,1.640000,200,1.690000,200,4.100000,0.066000
1478531263995,1.676000,1.640000,200,1.690000,200,4.100000,0.066000
1478531265998,1.676000,1.640000,200,1.690000,200,4.100000,0.066000
1478531269051,1.676000,1.640000,200,1.690000,200,4.100000,0.066000
1478531271509,1.676000,1.640000,200,1.690000,200,4.100000,0.066000
1478531274373,1.676000,1.640000,200,1.690000,200,4.100000,0.066000
1478531277375,1.676000,1.640000,200,1.690000,200,4.100000,0.066000
1478531279410,1.676000,1.640000,200,1.690000,200,4.100000,0.066000
1478531280377,1.676000,1.640000,200,1.690000,200,4.100000,0.066000
1478531284387,1.676000,1.640000,200,1.690000,200,4.100000,0.066000
1478531286879,1.676000,1.640000,200,1.690000,200,4.100000,0.066000
1478531289915,1.676000,1.640000,200,1.690000,200,4.100000,0.066000
1478531292882,1.676000,1.640000,200,1.690000,200,4.100000,0.066000
1478531295394,1.676000,1.640000,200,1.690000,200,4.100000,0.066000
1478531298431,1.676000,1.640000,200,1.690000,200,4.100000,0.066000
1478531299891,1.676000,1.640000,200,1.690000,200,4.100000,0.066000
1478531303394,1.676000,1.640000,200,1.690000,200,4.100000,0.066000
1478531305896,1.676000,1.640000,200,1.690000,200,4.100000,0.066000
1478531308893,1.676000,1.640000,200,1.690000,200,4.100000,0.066000
1478531310959,1.676000,1.640000,200,1.690000,200,4.100000,0.066000
1478531313412,1.676000,1.640000,200,1.690000,200,4.100000,0.066000
1478531315898,1.676000,1.640000,200,1.690000,200,4.100000,0.066000
1478531318406,1.676000,1.640000,200,1.690000,200,4.100000,0.066000
1478531321907,1.676000,1.640000,200,1.690000,200,4.100000,0.066000
1478531324411,1.676000,1.640000,200,1.690000,200,4.100000,0.066000
1478531327457,1.676000,1.640000,200,1.690000,200,4.100000,0.066000
1478531329912,1.676000,1.640000,200,1.690000,200,4.100000,0.066000
1478531332418,1.676000,1.640000,200,1.690000,200,4.100000,0.066000
1478531334448,1.676000,1.640000,200,1.690000,200,4.100000,0.066000
1478531336922,1.642300,1.640000,200,1.690000,200,2.010000,0.032300
1478531338930,1.642300,1.640000,200,1.690000,200,2.010000,0.032300
1478531341941,1.642300,1.640000,200,1.690000,200,2.010000,0.032300
1478531343920,1.642300,1.640000,200,1.690000,200,2.010000,0.032300
1478531346417,1.642300,1.640000,200,1.690000,200,2.010000,0.032300
1478531349419,1.642300,1.640000,200,1.690000,200,2.010000,0.032300
1478531351421,1.642300,1.640000,200,1.690000,200,2.010000,0.032300
1478531353943,1.642300,1.640000,200,1.690000,200,2.010000,0.032300
1478531356450,1.642300,1.640000,200,1.690000,200,2.010000,0.032300
1478531358932,1.642300,1.640000,200,1.690000,200,2.010000,0.032300
1478531361425,1.642300,1.640000,200,1.690000,200,2.010000,0.032300
1478531363466,1.642300,1.640000,200,1.690000,200,2.010000,0.032300
1478531365980,1.642300,1.640000,200,1.690000,200,2.010000,0.032300
1478531368971,1.642300,1.640000,200,1.690000,200,2.010000,0.032300
1478531371440,1.642300,1.640000,200,1.690000,200,2.010000,0.032300
1478531373446,1.642300,1.640000,200,1.690000,200,2.010000,0.032300
1478531375944,1.642300,1.640000,200,1.690000,200,2.010000,0.032300
1478531377433,1.642300,1.640000,200,1.690000,200,2.010000,0.032300
1478531380962,1.642300,1.640000,200,1.690000,200,2.010000,0.032300
1478531382444,1.642300,1.640000,200,1.690000,200,2.010000,0.032300
1478531386490,1.642300,1.640000,200,1.690000,200,2.010000,0.032300
1478531388443,1.642300,1.640000,200,1.690000,200,2.010000,0.032300
1478531390945,1.642300,1.640000,200,1.690000,200,2.010000,0.032300
1478531393460,1.642300,1.640000,200,1.690000,200,2.010000,0.032300
1478531395444,1.642300,1.640000,200,1.690000,200,2.010000,0.032300
1478531397940,1.642300,1.640000,200,1.690000,200,2.010000,0.032300
1478531401999,1.642300,1.640000,200,1.690000,200,2.010000,0.032300
1478531404949,1.642300,1.640000,200,1.690000,200,2.010000,0.032300
1478531407466,1.642300,1.640000,200,1.690000,200,2.010000,0.032300
1478531409995,1.642300,1.640000,200,1.690000,200,2.010000,0.032300
1478531411998,1.678300,1.640000,100,1.690000,200,4.240000,0.068300
1478531414447,1.678300,1.640000,100,1.690000,200,4.240000,0.068300
1478531416468,1.678300,1.640000,100,1.690000,200,4.240000,0.068300
1478531419460,1.678300,1.640000,100,1.690000,200,4.240000,0.068300
1478531421976,1.678300,1.640000,100,1.690000,200,4.240000,0.068300
1478531424473,1.678300,1.640000,100,1.690000,200,4.240000,0.068300
1478531426518,1.678300,1.640000,100,1.690000,200,4.240000,0.068300
1478531428983,1.678300,1.640000,100,1.690000,200,4.240000,0.068300
1478531431480,1.678300,1.640000,100,1.690000,200,4.240000,0.068300
1478531433989,1.678300,1.640000,100,1.690000,200,4.240000,0.068300
1478531435978,1.678300,1.640000,100,1.690000,200,4.240000,0.068300
1478531438000,1.678300,1.640000,100,1.690000,200,4.240000,0.068300
1478531441060,1.678300,1.640000,100,1.690000,200,4.240000,0.068300
1478531443021,1.678300,1.640000,100,1.690000,200,4.240000,0.068300
1478531445490,1.678300,1.640000,100,1.690000,200,4.240000,0.068300
1478531447979,1.678300,1.640000,100,1.690000,200,4.240000,0.068300
1478531450986,1.678300,1.640000,100,1.690000,200,4.240000,0.068300
1478531453531,1.678300,1.640000,100,1.690000,200,4.240000,0.068300
1478531456080,1.678300,1.640000,100,1.690000,200,4.240000,0.068300
1478531458492,1.678300,1.640000,100,1.690000,200,4.240000,0.068300
1478531461000,1.678300,1.640000,100,1.690000,200,4.240000,0.068300
1478531463492,1.678300,1.640000,100,1.690000,200,4.240000,0.068300
1478531467066,1.678300,1.640000,100,1.690000,200,4.240000,0.068300
1478531469530,1.678300,1.640000,100,1.690000,200,4.240000,0.068300
1478531472498,1.678300,1.640000,100,1.690000,200,4.240000,0.068300
1478531474519,1.678300,1.640000,100,1.690000,200,4.240000,0.068300
1478531477027,1.678300,1.640000,100,1.690000,200,4.240000,0.068300
1478531479500,1.678300,1.640000,100,1.690000,200,4.240000,0.068300
1478531482547,1.678300,1.640000,100,1.690000,200,4.240000,0.068300
1478531485060,1.678300,1.640000,100,1.690000,200,4.240000,0.068300
1478531487874,1.678300,1.640000,100,1.690000,200,4.240000,0.068300
1478531490383,1.678300,1.640000,100,1.690000,200,4.240000,0.068300
1478531492376,1.678300,1.640000,100,1.690000,200,4.240000,0.068300
1478531496898,1.678300,1.640000,100,1.690000,200,4.240000,0.068300
1478531499385,1.678300,1.640000,100,1.690000,200,4.240000,0.068300
1478531501888,1.678300,1.640000,100,1.690000,200,4.240000,0.068300
1478531504394,1.678300,1.640000,100,1.690000,200,4.240000,0.068300
1478531505890,1.678300,1.640000,100,1.690000,200,4.240000,0.068300
1478531508388,1.678300,1.640000,100,1.690000,200,4.240000,0.068300
1478531511406,1.678300,1.640000,100,1.690000,200,4.240000,0.068300
1478531514391,1.678300,1.640000,100,1.690000,200,4.240000,0.068300
1478531516897,1.678300,1.640000,100,1.690000,200,4.240000,0.068300
1478531519897,1.678300,1.640000,100,1.690000,200,4.240000,0.068300
1478531522406,1.678300,1.640000,100,1.690000,200,4.240000,0.068300
1478531525415,1.678300,1.640000,100,1.690000,200,4.240000,0.068300
1478531527897,1.678300,1.640000,100,1.690000,200,4.240000,0.068300
1478531531914,1.678300,1.640000,100,1.690000,200,4.240000,0.068300
1478531534410,1.678300,1.640000,100,1.690000,200,4.240000,0.068300
1478531536900,1.678300,1.640000,100,1.690000,200,4.240000,0.068300
1478531541411,1.678300,1.640000,100,1.690000,200,4.240000,0.068300
1478531543918,1.678300,1.640000,100,1.690000,200,4.240000,0.068300
1478531545451,1.678300,1.640000,100,1.690000,200,4.240000,0.068300
1478531548917,1.678300,1.640000,100,1.690000,200,4.240000,0.068300
1478531551440,1.678300,1.640000,100,1.690000,200,4.240000,0.068300
1478531553936,1.678300,1.640000,100,1.690000,200,4.240000,0.068300
1478531555929,1.678300,1.640000,100,1.690000,200,4.240000,0.068300
1478531558926,1.678300,1.640000,100,1.690000,200,4.240000,0.068300
1478531560953,1.678300,1.640000,100,1.690000,200,4.240000,0.068300
1478531563455,1.678300,1.640000,100,1.690000,200,4.240000,0.068300
1478531565933,1.678300,1.640000,100,1.690000,200,4.240000,0.068300
1478531568439,1.678300,1.640000,100,1.690000,200,4.240000,0.068300
1478531570928,1.678300,1.640000,100,1.690000,200,4.240000,0.068300
1478531572931,1.678300,1.640000,100,1.690000,200,4.240000,0.068300
1478531575436,1.678300,1.640000,100,1.690000,200,4.240000,0.068300
1478531577448,1.678300,1.640000,100,1.690000,200,4.240000,0.068300
1478531579962,1.678300,1.640000,100,1.690000,200,4.240000,0.068300
1478531581457,1.678300,1.640000,100,1.690000,200,4.240000,0.068300
1478531584445,1.678300,1.640000,100,1.690000,200,4.240000,0.068300
1478531587444,1.678300,1.640000,100,1.690000,200,4.240000,0.068300
1478531589949,1.678300,1.640000,100,1.690000,200,4.240000,0.068300
1478531591983,1.678300,1.640000,100,1.690000,200,4.240000,0.068300
1478531595445,1.678300,1.640000,100,1.690000,200,4.240000,0.068300
1478531597945,1.678300,1.640000,100,1.690000,200,4.240000,0.068300
1478531599444,1.678300,1.640000,100,1.690000,200,4.240000,0.068300
1478531601951,1.678300,1.640000,100,1.690000,200,4.240000,0.068300
1478531605452,1.678300,1.640000,100,1.690000,200,4.240000,0.068300
1478531607963,1.678300,1.640000,100,1.690000,200,4.240000,0.068300
1478531610466,1.642500,1.640000,100,1.690000,200,2.020000,0.032500
1478531612442,1.642500,1.640000,100,1.690000,200,2.020000,0.032500
1478531614955,1.642500,1.640000,100,1.690000,200,2.020000,0.032500
1478531616959,1.642500,1.640000,100,1.690000,200,2.020000,0.032500
1478531619451,1.642500,1.640000,100,1.690000,200,2.020000,0.032500
1478531623039,1.642500,1.640000,100,1.690000,200,2.020000,0.032500
1478531624965,1.680000,1.640000,100,1.690000,200,4.350000,0.070000
1478531626463,1.680000,1.640000,100,1.690000,200,4.350000,0.070000
1478531629965,1.680000,1.640000,100,1.690000,200,4.350000,0.070000
1478531631467,1.680000,1.640000,100,1.690000,200,4.350000,0.070000
1478531634502,1.680000,1.640000,100,1.690000,200,4.350000,0.070000
1478531635978,1.680000,1.640000,100,1.690000,200,4.350000,0.070000
1478531639476,1.680000,1.640000,100,1.690000,200,4.350000,0.070000
1478531641480,1.680000,1.640000,100,1.690000,200,4.350000,0.070000
1478531643975,1.680000,1.640000,100,1.690000,200,4.350000,0.070000
1478531645980,1.680000,1.640000,100,1.690000,200,4.350000,0.070000
1478531648487,1.680000,1.640000,100,1.690000,200,4.350000,0.070000
1478531650491,1.680000,1.640000,100,1.690000,200,4.350000,0.070000
1478531654476,1.680000,1.640000,100,1.690000,200,4.350000,0.070000
1478531657495,1.680000,1.640000,100,1.690000,200,4.350000,0.070000
1478531660475,1.680000,1.640000,100,1.690000,200,4.350000,0.070000
1478531661973,1.680000,1.640000,100,1.690000,200,4.350000,0.070000
1478531665496,1.680000,1.640000,100,1.690000,200,4.350000,0.070000
1478531667988,1.680000,1.640000,100,1.690000,200,4.350000,0.070000
1478531671026,1.680000,1.640000,100,1.690000,200,4.350000,0.070000
1478531672493,1.680000,1.640000,100,1.690000,200,4.350000,0.070000
1478531675993,1.680000,1.640000,100,1.690000,200,4.350000,0.070000
1478531678508,1.680000,1.640000,100,1.690000,200,4.350000,0.070000
1478531680995,1.680000,1.640000,100,1.690000,200,4.350000,0.070000
1478531683501,1.680000,1.640000,100,1.690000,200,4.350000,0.070000
1478531684507,1.680000,1.640000,100,1.690000,200,4.350000,0.070000
1478531688987,1.645000,1.640000,100,1.690000,200,2.170000,0.035000
1478531691515,1.645000,1.640000,100,1.690000,200,2.170000,0.035000
1478531694509,1.645000,1.640000,100,1.690000,200,2.170000,0.035000
1478531696502,1.645000,1.640000,100,1.690000,200,2.170000,0.035000
1478531699376,1.645000,1.640000,100,1.690000,200,2.170000,0.035000
1478531701877,1.645000,1.640000,100,1.690000,200,2.170000,0.035000
1478531703878,1.645000,1.640000,100,1.690000,200,2.170000,0.035000
1478531706419,1.645000,1.640000,100,1.690000,200,2.170000,0.035000
1478531709880,1.645000,1.640000,100,1.690000,200,2.170000,0.035000
1478531712888,1.645000,1.640000,100,1.690000,200,2.170000,0.035000
1478531714890,1.645000,1.640000,100,1.690000,200,2.170000,0.035000
1478531717886,1.645000,1.640000,100,1.690000,200,2.170000,0.035000
1478531720884,1.645000,1.640000,100,1.690000,200,2.170000,0.035000
1478531724936,1.645000,1.640000,100,1.690000,200,2.170000,0.035000
1478531727895,1.645000,1.640000,100,1.690000,200,2.170000,0.035000
1478531730404,1.645000,1.640000,100,1.680000,1000,2.170000,0.035000
1478531731898,1.645000,1.640000,100,1.680000,1200,2.170000,0.035000
1478531735468,1.645000,1.640000,100,1.680000,1200,2.170000,0.035000
1478531738408,1.645000,1.640000,100,1.680000,1200,2.170000,0.035000
1478531740909,1.645000,1.640000,100,1.680000,1200,2.170000,0.035000
1478531742409,1.645000,1.640000,100,1.680000,1200,2.170000,0.035000
1478531746402,1.645000,1.640000,100,1.680000,1200,2.170000,0.035000
1478531748907,1.645000,1.640000,100,1.680000,1200,2.170000,0.035000
1478531751437,1.645000,1.640000,100,1.680000,1200,2.170000,0.035000
1478531755410,1.645000,1.640000,3000,1.680000,1200,2.170000,0.035000
1478531756915,1.645000,1.640000,3000,1.680000,1200,2.170000,0.035000
1478531760411,1.645000,1.640000,3000,1.680000,1200,2.170000,0.035000
1478531764414,1.645000,1.640000,3000,1.680000,1200,2.170000,0.035000
1478531766419,1.645000,1.640000,3000,1.680000,1200,2.170000,0.035000
1478531769920,1.645000,1.640000,3000,1.680000,1200,2.170000,0.035000
1478531771960,1.645000,1.640000,3000,1.680000,1200,2.170000,0.035000
1478531773924,1.645000,1.640000,3000,1.680000,1200,2.170000,0.035000
1478531776955,1.642100,1.640000,3000,1.680000,1200,1.990000,0.032100
1478531779440,1.642100,1.640000,3000,1.680000,1200,1.990000,0.032100
1478531781917,1.642100,1.640000,3000,1.680000,1200,1.990000,0.032100
1478531784924,1.642100,1.640000,3000,1.680000,1200,1.990000,0.032100
1478531787433,1.642100,1.640000,3000,1.680000,1200,1.990000,0.032100
1478531789930,1.642100,1.640000,3000,1.680000,1200,1.990000,0.032100
1478531791936,1.642100,1.640000,3000,1.680000,1200,1.990000,0.032100
1478531794440,1.642100,1.640000,3000,1.680000,1200,1.990000,0.032100
1478531796936,1.642100,1.640000,3000,1.680000,1200,1.990000,0.032100
1478531799944,1.642100,1.640000,3000,1.680000,1200,1.990000,0.032100
1478531802440,1.642100,1.640000,3000,1.680000,1200,1.990000,0.032100
1478531804939,1.642100,1.640000,3000,1.680000,1200,1.990000,0.032100
1478531807471,1.642100,1.640000,3000,1.680000,1200,1.990000,0.032100
1478531810448,1.642100,1.640000,3000,1.680000,1200,1.990000,0.032100
1478531812957,1.642100,1.640000,3000,1.680000,1200,1.990000,0.032100
1478531815463,1.642100,1.640000,3000,1.680000,1200,1.990000,0.032100
1478531817452,1.642100,1.640000,3000,1.680000,1200,1.990000,0.032100
1478531820471,1.642100,1.640000,3000,1.680000,1200,1.990000,0.032100
1478531823439,1.642100,1.640000,3000,1.680000,1200,1.990000,0.032100
1478531825964,1.642100,1.640000,3000,1.680000,1200,1.990000,0.032100
1478531828967,1.642100,1.640000,3000,1.680000,1200,1.990000,0.032100
1478531832466,1.642100,1.640000,3000,1.680000,1200,1.990000,0.032100
1478531834473,1.642100,1.640000,3000,1.680000,1200,1.990000,0.032100
1478531837001,1.642100,1.640000,3000,1.680000,1200,1.990000,0.032100
1478531839468,1.642100,1.640000,3000,1.680000,1200,1.990000,0.032100
1478531841974,1.642100,1.640000,3000,1.680000,1200,1.990000,0.032100
1478531843478,1.642100,1.640000,3000,1.680000,1200,1.990000,0.032100
1478531845974,1.642100,1.640000,3000,1.680000,1200,1.990000,0.032100
1478531849019,1.642100,1.640000,3000,1.680000,1200,1.990000,0.032100
1478531851962,1.642100,1.640000,3000,1.680000,1200,1.990000,0.032100
1478531854476,1.642100,1.640000,3000,1.680000,1200,1.990000,0.032100
1478531856985,1.642100,1.640000,3000,1.680000,1200,1.990000,0.032100
1478531859466,1.642100,1.640000,3000,1.680000,1200,1.990000,0.032100
1478531862018,1.642100,1.640000,3000,1.680000,1200,1.990000,0.032100
1478531864516,1.642100,1.640000,3000,1.680000,1200,1.990000,0.032100
1478531866979,1.642100,1.640000,3000,1.680000,1200,1.990000,0.032100
1478531868971,1.642100,1.640000,3000,1.680000,1200,1.990000,0.032100
1478531870972,1.642100,1.640000,3000,1.680000,1200,1.990000,0.032100
1478531872990,1.642100,1.640000,3000,1.680000,1200,1.990000,0.032100
1478531876481,1.642100,1.640000,3000,1.680000,1200,1.990000,0.032100
1478531879027,1.642100,1.640000,3000,1.680000,1200,1.990000,0.032100
1478531881488,1.642100,1.640000,3000,1.680000,1200,1.990000,0.032100
1478531882987,1.642100,1.640000,3000,1.680000,1200,1.990000,0.032100
1478531886995,1.642100,1.640000,3000,1.680000,1200,1.990000,0.032100
1478531889489,1.642100,1.640000,3000,1.680000,1200,1.990000,0.032100
1478531891991,1.642100,1.640000,3000,1.680000,1200,1.990000,0.032100
1478531894550,1.642100,1.640000,3000,1.680000,1200,1.990000,0.032100
1478531896496,1.642100,1.640000,3000,1.680000,1200,1.990000,0.032100
1478531899009,1.642100,1.640000,3000,1.680000,1200,1.990000,0.032100
1478531901489,1.642100,1.640000,3000,1.680000,1200,1.990000,0.032100
1478531904497,1.642100,1.640000,3000,1.680000,1200,1.990000,0.032100
1478531908019,1.642100,1.640000,3000,1.680000,1200,1.990000,0.032100
1478531910873,1.642100,1.640000,3000,1.680000,1200,1.990000,0.032100
1478531914374,1.642100,1.640000,3000,1.680000,1200,1.990000,0.032100
1478531917411,1.642100,1.640000,3000,1.680000,1200,1.990000,0.032100
1478531919877,1.642100,1.640000,3000,1.680000,1200,1.990000,0.032100
1478531920899,1.642100,1.640000,3000,1.680000,1200,1.990000,0.032100
1478531924888,1.642100,1.640000,3000,1.680000,1200,1.990000,0.032100
1478531926380,1.642100,1.640000,3000,1.680000,1200,1.990000,0.032100
1478531929886,1.642100,1.640000,3000,1.680000,1200,1.990000,0.032100
1478531931385,1.642100,1.640000,3000,1.680000,1200,1.990000,0.032100
1478531934386,1.642100,1.640000,3000,1.680000,1200,1.990000,0.032100
1478531936896,1.642100,1.640000,3000,1.680000,1200,1.990000,0.032100
1478531939390,1.642100,1.640000,3000,1.680000,1200,1.990000,0.032100
1478531941891,1.642100,1.640000,3000,1.680000,1200,1.990000,0.032100
1478531945895,1.642100,1.640000,3000,1.680000,1200,1.990000,0.032100
1478531948893,1.642100,1.640000,3000,1.680000,1200,1.990000,0.032100
1478531951411,1.642100,1.640000,3000,1.680000,1200,1.990000,0.032100
1478531953396,1.642100,1.640000,3000,1.680000,1200,1.990000,0.032100
1478531955900,1.642100,1.640000,3000,1.680000,1200,1.990000,0.032100
1478531958902,1.642100,1.640000,3000,1.680000,1200,1.990000,0.032100
1478531960900,1.642100,1.640000,3000,1.680000,1200,1.990000,0.032100
1478531963446,1.642100,1.640000,3000,1.680000,1200,1.990000,0.032100
1478531964907,1.642100,1.640000,3000,1.680000,1200,1.990000,0.032100
1478531967914,1.642100,1.640000,3000,1.680000,1200,1.990000,0.032100
1478531970408,1.642100,1.640000,3000,1.680000,1200,1.990000,0.032100
1478531970408,1.642100,1.640000,3000,1.680000,1200,1.990000,0.032100
1478531975401,1.642100,1.640000,3000,1.680000,1200,1.990000,0.032100
1478531977444,1.642100,1.640000,3000,1.680000,1200,1.990000,0.032100
1478531980415,1.642100,1.640000,3000,1.680000,1200,1.990000,0.032100
1478531982912,1.642100,1.640000,3000,1.680000,1200,1.990000,0.032100
1478531986418,1.642100,1.640000,3000,1.680000,1200,1.990000,0.032100
1478531988917,1.642100,1.640000,3000,1.680000,1200,1.990000,0.032100
1478531991422,1.642100,1.640000,3000,1.680000,1200,1.990000,0.032100
1478531994428,1.642100,1.640000,3000,1.680000,1200,1.990000,0.032100
1478531996427,1.642100,1.640000,3000,1.680000,1200,1.990000,0.032100
1478531998919,1.642100,1.640000,3000,1.680000,1200,1.990000,0.032100
1478532001436,1.642100,1.640000,3000,1.680000,1200,1.990000,0.032100
1478532003498,1.642100,1.640000,3000,1.680000,1200,1.990000,0.032100
1478532006902,1.642100,1.640000,3000,1.680000,1200,1.990000,0.032100
1478532009934,1.642100,1.640000,3000,1.680000,1200,1.990000,0.032100
1478532012435,1.642100,1.640000,3000,1.680000,1200,1.990000,0.032100
1478532014434,1.642100,1.640000,3000,1.680000,1200,1.990000,0.032100
1478532016984,1.642100,1.640000,3000,1.680000,1200,1.990000,0.032100
1478532018983,1.642100,1.640000,3000,1.680000,1200,1.990000,0.032100
1478532021939,1.642100,1.640000,3000,1.680000,1200,1.990000,0.032100
1478532024438,1.642100,1.640000,3000,1.680000,1200,1.990000,0.032100
1478532026453,1.642100,1.640000,3000,1.680000,1200,1.990000,0.032100
1478532028948,1.642100,1.640000,3000,1.680000,1200,1.990000,0.032100
1478532031454,1.642100,1.640000,3000,1.680000,1200,1.990000,0.032100
1478532033462,1.642100,1.640000,3000,1.680000,1200,1.990000,0.032100
1478532036942,1.642100,1.640000,3000,1.680000,1200,1.990000,0.032100
1478532038943,1.642100,1.640000,3000,1.680000,1200,1.990000,0.032100
1478532042948,1.642100,1.640000,3000,1.680000,1200,1.990000,0.032100
1478532044950,1.642100,1.640000,3000,1.680000,1200,1.990000,0.032100
1478532047954,1.642100,1.640000,3000,1.680000,1200,1.990000,0.032100
1478532049965,1.642100,1.640000,3000,1.680000,1200,1.990000,0.032100
1478532052961,1.642100,1.640000,3000,1.680000,1200,1.990000,0.032100
1478532055448,1.642100,1.640000,3000,1.680000,1200,1.990000,0.032100
1478532057967,1.642100,1.640000,3000,1.680000,1200,1.990000,0.032100
1478532059959,1.642100,1.640000,3000,1.680000,1200,1.990000,0.032100
1478532062962,1.642100,1.640000,3000,1.680000,1200,1.990000,0.032100
1478532065468,1.642100,1.640000,3000,1.680000,1200,1.990000,0.032100
1478532067470,1.642100,1.640000,3000,1.680000,1200,1.990000,0.032100
1478532070509,1.642100,1.640000,3000,1.680000,1200,1.990000,0.032100
1478532072970,1.642100,1.640000,3000,1.680000,1200,1.990000,0.032100
1478532075466,1.642100,1.640000,3000,1.680000,1200,1.990000,0.032100
1478532080502,1.642100,1.640000,3000,1.680000,1200,1.990000,0.032100
1478532082969,1.642100,1.640000,3000,1.680000,1200,1.990000,0.032100
1478532084977,1.642100,1.640000,3000,1.680000,1200,1.990000,0.032100
1478532087986,1.642100,1.640000,3000,1.680000,1200,1.990000,0.032100
1478532090518,1.642100,1.640000,3000,1.680000,1200,1.990000,0.032100
1478532092484,1.642100,1.640000,3000,1.680000,1200,1.990000,0.032100
1478532095491,1.642100,1.640000,3000,1.680000,1200,1.990000,0.032100
1478532097493,1.642100,1.640000,3000,1.680000,1200,1.990000,0.032100
1478532099978,1.642100,1.640000,3000,1.680000,1200,1.990000,0.032100
1478532102489,1.642100,1.640000,3000,1.680000,1200,1.990000,0.032100
1478532107028,1.642100,1.640000,3000,1.680000,1200,1.990000,0.032100
1478532109478,1.642100,1.640000,3000,1.680000,1200,1.990000,0.032100
1478532112004,1.642100,1.640000,3000,1.680000,1200,1.990000,0.032100
1478532114498,1.642100,1.640000,3000,1.680000,1200,1.990000,0.032100
1478532117007,1.642100,1.640000,3000,1.680000,1200,1.990000,0.032100
1478532118994,1.642100,1.640000,3000,1.680000,1200,1.990000,0.032100
1478532121522,1.642100,1.640000,3000,1.680000,1200,1.990000,0.032100
1478532123011,1.642100,1.640000,3000,1.680000,1200,1.990000,0.032100
1478532126505,1.642100,1.640000,3000,1.680000,1200,1.990000,0.032100
1478532129179,1.642100,1.640000,3000,1.680000,1200,1.990000,0.032100
1478532129874,1.642100,1.640000,3000,1.680000,1200,1.990000,0.032100
1478532134383,1.642100,1.640000,3000,1.680000,1200,1.990000,0.032100
1478532137376,1.642100,1.640000,3000,1.680000,1200,1.990000,0.032100
1478532140378,1.642100,1.640000,3000,1.680000,1200,1.990000,0.032100
1478532142882,1.642100,1.640000,3000,1.680000,1200,1.990000,0.032100
1478532145879,1.642100,1.640000,3000,1.680000,1200,1.990000,0.032100
1478532147882,1.642100,1.640000,3000,1.680000,1200,1.990000,0.032100
1478532150885,1.642100,1.640000,3000,1.680000,1200,1.990000,0.032100
1478532153383,1.642100,1.640000,3000,1.680000,1200,1.990000,0.032100
1478532155388,1.642100,1.640000,3000,1.680000,1200,1.990000,0.032100
1478532158387,1.642100,1.640000,3000,1.680000,1200,1.990000,0.032100
1478532160391,1.642100,1.640000,3000,1.680000,1200,1.990000,0.032100
1478532162893,1.642100,1.640000,3000,1.680000,1200,1.990000,0.032100
1478532165398,1.642100,1.640000,3000,1.680000,1200,1.990000,0.032100
1478532168422,1.642100,1.640000,3000,1.680000,1200,1.990000,0.032100
1478532171431,1.642100,1.640000,3000,1.680000,1200,1.990000,0.032100
1478532173394,1.642100,1.640000,3000,1.680000,1200,1.990000,0.032100
1478532175402,1.642100,1.640000,3000,1.680000,1200,1.990000,0.032100
1478532179433,1.642100,1.640000,3000,1.680000,1200,1.990000,0.032100
1478532180432,1.642100,1.640000,3000,1.680000,1200,1.990000,0.032100
1478532183906,1.642100,1.640000,3000,1.680000,1200,1.990000,0.032100
1478532186403,1.642100,1.640000,3000,1.680000,1200,1.990000,0.032100
1478532188905,1.642100,1.640000,3000,1.680000,1200,1.990000,0.032100
1478532191407,1.642100,1.640000,3000,1.680000,1200,1.990000,0.032100
1478532193908,1.642100,1.640000,3000,1.680000,1200,1.990000,0.032100
1478532196414,1.642100,1.640000,3000,1.680000,1200,1.990000,0.032100
1478532198471,1.642100,1.640000,3000,1.680000,1200,1.990000,0.032100
1478532201915,1.642100,1.640000,3000,1.680000,1200,1.990000,0.032100
1478532204918,1.642100,1.640000,3000,1.680000,1200,1.990000,0.032100
1478532207926,1.642100,1.640000,3000,1.680000,1200,1.990000,0.032100
1478532210412,1.642100,1.640000,3000,1.680000,1200,1.990000,0.032100
1478532212456,1.642100,1.640000,3000,1.680000,1200,1.990000,0.032100
1478532214948,1.642100,1.640000,3000,1.680000,1200,1.990000,0.032100
1478532217421,1.642100,1.640000,3000,1.680000,1200,1.990000,0.032100
1478532219429,1.642100,1.640000,3000,1.680000,1200,1.990000,0.032100
1478532222421,1.642100,1.640000,3000,1.680000,1200,1.990000,0.032100
1478532224421,1.642100,1.640000,3000,1.680000,1200,1.990000,0.032100
1478532226921,1.642100,1.640000,3000,1.680000,1200,1.990000,0.032100
1478532230430,1.642100,1.640000,3000,1.680000,1200,1.990000,0.032100
1478532233922,1.642100,1.640000,3000,1.680000,1200,1.990000,0.032100
1478532236433,1.642100,1.640000,3000,1.680000,1200,1.990000,0.032100
1478532237438,1.642100,1.640000,3000,1.680000,1200,1.990000,0.032100
1478532240444,1.642100,1.640000,3000,1.680000,1200,1.990000,0.032100
1478532243437,1.642100,1.640000,3000,1.680000,1200,1.990000,0.032100
1478532245443,1.642100,1.640000,3000,1.680000,1200,1.990000,0.032100
1478532248947,1.642100,1.640000,3000,1.680000,1200,1.990000,0.032100
1478532252942,1.642100,1.640000,3000,1.680000,1200,1.990000,0.032100
1478532255486,1.642100,1.640000,3000,1.680000,1200,1.990000,0.032100
1478532258477,1.642100,1.640000,3000,1.680000,1200,1.990000,0.032100
1478532260447,1.642100,1.640000,3000,1.680000,1200,1.990000,0.032100
1478532261939,1.642100,1.640000,3000,1.680000,1200,1.990000,0.032100
1478532269018,1.642100,1.640000,3000,1.680000,1200,1.990000,0.032100
1478532272467,1.642100,1.640000,3000,1.680000,1200,1.990000,0.032100
1478532274467,1.642100,1.640000,3000,1.680000,1200,1.990000,0.032100
1478532276965,1.642100,1.640000,3000,1.680000,1200,1.990000,0.032100
1478532279456,1.642100,1.640000,3000,1.680000,1200,1.990000,0.032100
1478532281995,1.642100,1.640000,3000,1.680000,1200,1.990000,0.032100
1478532283991,1.642100,1.640000,3000,1.680000,1200,1.990000,0.032100
1478532286965,1.642100,1.640000,3000,1.680000,1200,1.990000,0.032100
1478532289478,1.642100,1.640000,3000,1.680000,1200,1.990000,0.032100
1478532291960,1.642100,1.640000,3000,1.680000,1200,1.990000,0.032100
1478532294476,1.642100,1.640000,3000,1.680000,1200,1.990000,0.032100
1478532296995,1.642100,1.640000,3000,1.680000,1200,1.990000,0.032100
1478532299467,1.642100,1.640000,3000,1.680000,1200,1.990000,0.032100
1478532301475,1.642100,1.640000,3000,1.680000,1200,1.990000,0.032100
1478532303985,1.642100,1.640000,3000,1.680000,1200,1.990000,0.032100
1478532306978,1.642100,1.640000,3000,1.680000,1200,1.990000,0.032100
1478532309961,1.642100,1.640000,3000,1.680000,1200,1.990000,0.032100
1478532312996,1.642100,1.640000,3000,1.680000,1200,1.990000,0.032100
1478532314989,1.642100,1.640000,3000,1.680000,1200,1.990000,0.032100
1478532318020,1.642100,1.640000,3000,1.680000,1200,1.990000,0.032100
1478532320481,1.642100,1.640000,3000,1.680000,1200,1.990000,0.032100
1478532322966,1.642100,1.640000,3000,1.680000,1200,1.990000,0.032100
1478532325492,1.642100,1.640000,3000,1.680000,1200,1.990000,0.032100
1478532327526,1.642100,1.640000,3000,1.680000,1200,1.990000,0.032100
1478532330487,1.642100,1.640000,3000,1.680000,1200,1.990000,0.032100
1478532333497,1.642100,1.640000,3000,1.680000,1200,1.990000,0.032100
1478532335991,1.642100,1.640000,3000,1.680000,1200,1.990000,0.032100
1478532337488,1.642100,1.640000,3000,1.680000,1200,1.990000,0.032100
1478532340488,1.642100,1.640000,3000,1.680000,1200,1.990000,0.032100
1478532343496,1.642100,1.640000,3000,1.680000,1200,1.990000,0.032100
1478532346009,1.642100,1.640000,3000,1.680000,1200,1.990000,0.032100
1478532349006,1.642100,1.640000,3000,1.680000,1200,1.990000,0.032100
1478532351516,1.642100,1.640000,3000,1.680000,1200,1.990000,0.032100
1478532354875,1.642100,1.640000,3000,1.680000,1200,1.990000,0.032100
1478532356872,1.642100,1.640000,3000,1.680000,1200,1.990000,0.032100
1478532358379,1.642100,1.640000,3000,1.680000,1200,1.990000,0.032100
1478532360877,1.642100,1.640000,3000,1.680000,1200,1.990000,0.032100
1478532364384,1.642100,1.640000,3000,1.680000,1200,1.990000,0.032100
1478532368383,1.642100,1.640000,3000,1.680000,1200,1.990000,0.032100
1478532371395,1.642100,1.640000,3000,1.680000,1200,1.990000,0.032100
1478532376911,1.642100,1.640000,3000,1.680000,1200,1.990000,0.032100
1478532379395,1.642100,1.640000,3000,1.680000,1200,1.990000,0.032100
1478532381921,1.642100,1.640000,3000,1.680000,1200,1.990000,0.032100
1478532384389,1.642100,1.640000,3000,1.680000,1200,1.990000,0.032100
1478532386884,1.642100,1.640000,3000,1.680000,1200,1.990000,0.032100
1478532389393,1.642100,1.640000,3000,1.680000,1200,1.990000,0.032100
1478532391405,1.642100,1.640000,3000,1.680000,1200,1.990000,0.032100
1478532394940,1.642100,1.640000,3000,1.680000,1200,1.990000,0.032100
1478532397431,1.642100,1.640000,3000,1.680000,1200,1.990000,0.032100
1478532400416,1.642100,1.640000,3000,1.680000,1200,1.990000,0.032100
1478532402898,1.642100,1.640000,3000,1.680000,1200,1.990000,0.032100
1478532405905,1.642100,1.640000,3000,1.680000,1200,1.990000,0.032100
1478532407906,1.642100,1.640000,3000,1.680000,1200,1.990000,0.032100
1478532411412,1.642100,1.640000,3000,1.680000,1200,1.990000,0.032100
1478532413416,1.642100,1.640000,3000,1.680000,1200,1.990000,0.032100
1478532416942,1.642100,1.640000,3000,1.680000,1200,1.990000,0.032100
1478532419413,1.642100,1.640000,3000,1.680000,1200,1.990000,0.032100
1478532421917,1.642100,1.640000,3000,1.680000,1200,1.990000,0.032100
1478532424426,1.642100,1.640000,3000,1.680000,1200,1.990000,0.032100
1478532430915,1.642100,1.640000,3000,1.680000,1200,1.990000,0.032100
1478532433924,1.642100,1.640000,3000,1.680000,1200,1.990000,0.032100
1478532436417,1.642100,1.640000,3000,1.680000,1200,1.990000,0.032100
1478532437942,1.642100,1.640000,3000,1.680000,1200,1.990000,0.032100
1478532440925,1.642100,1.640000,3000,1.680000,1200,1.990000,0.032100
1478532443426,1.642100,1.640000,3000,1.680000,1200,1.990000,0.032100
1478532445931,1.642100,1.640000,3000,1.680000,1200,1.990000,0.032100
1478532447934,1.642100,1.640000,3000,1.680000,1200,1.990000,0.032100
1478532451461,1.642100,1.640000,3000,1.680000,1200,1.990000,0.032100
1478532454433,1.642100,1.640000,3000,1.680000,1200,1.990000,0.032100
1478532456922,1.642100,1.640000,3000,1.680000,1200,1.990000,0.032100
1478532459441,1.642100,1.640000,3000,1.680000,1200,1.990000,0.032100
1478532461435,1.642100,1.640000,3000,1.680000,1200,1.990000,0.032100
1478532464493,1.642100,1.640000,3000,1.680000,1200,1.990000,0.032100
1478532470935,1.642100,1.640000,3000,1.680000,1200,1.990000,0.032100
1478532473432,1.642100,1.640000,3000,1.680000,1200,1.990000,0.032100
1478532475925,1.642100,1.640000,3000,1.680000,1200,1.990000,0.032100
1478532478948,1.642100,1.640000,3000,1.680000,1200,1.990000,0.032100
1478532480957,1.642100,1.640000,3000,1.680000,1200,1.990000,0.032100
1478532484447,1.642100,1.640000,3000,1.680000,1200,1.990000,0.032100
1478532486952,1.642100,1.640000,3000,1.680000,1200,1.990000,0.032100
1478532488963,1.642100,1.640000,3000,1.680000,1200,1.990000,0.032100
1478532491942,1.642100,1.640000,3000,1.680000,1200,1.990000,0.032100
1478532494492,1.642100,1.640000,3000,1.680000,1200,1.990000,0.032100
1478532496459,1.642100,1.640000,3000,1.680000,1200,1.990000,0.032100
1478532500961,1.642100,1.640000,3000,1.680000,1200,1.990000,0.032100
1478532503467,1.642100,1.640000,3000,1.680000,1200,1.990000,0.032100
1478532505451,1.642100,1.640000,3000,1.680000,1200,1.990000,0.032100
1478532508962,1.642100,1.640000,3000,1.680000,1200,1.990000,0.032100
1478532512001,1.642100,1.640000,3000,1.680000,1200,1.990000,0.032100
1478532513962,1.642100,1.640000,3000,1.680000,1200,1.990000,0.032100
1478532517506,1.642100,1.640000,3000,1.680000,1200,1.990000,0.032100
1478532519972,1.642100,1.640000,3000,1.680000,1200,1.990000,0.032100
1478532523552,1.642100,1.640000,3000,1.680000,1200,1.990000,0.032100
1478532526486,1.642100,1.640000,3000,1.680000,1200,1.990000,0.032100
1478532529474,1.642100,1.640000,3000,1.680000,1200,1.990000,0.032100
1478532532470,1.642100,1.640000,3000,1.680000,1200,1.990000,0.032100
1478532534976,1.642100,1.640000,3000,1.680000,1200,1.990000,0.032100
1478532537524,1.642100,1.640000,3000,1.680000,1200,1.990000,0.032100
1478532539976,1.642100,1.640000,3000,1.680000,1200,1.990000,0.032100
1478532542984,1.642100,1.640000,3000,1.680000,1200,1.990000,0.032100
1478532545018,1.642100,1.640000,3000,1.690000,200,1.990000,0.032100
1478532547974,1.642100,1.640000,3000,1.690000,200,1.990000,0.032100
1478532550007,1.642100,1.640000,3000,1.690000,200,1.990000,0.032100
1478532552988,1.642100,1.650000,100,1.690000,200,1.990000,0.032100
1478532556026,1.642100,1.650000,100,1.690000,200,1.990000,0.032100
1478532559022,1.642100,1.650000,100,1.690000,200,1.990000,0.032100
1478532561490,1.642100,1.650000,100,1.690000,200,1.990000,0.032100
1478532564525,1.642100,1.650000,100,1.690000,200,1.990000,0.032100
1478532565986,1.642100,1.650000,100,1.690000,200,1.990000,0.032100
1478532569000,1.642100,1.650000,100,1.690000,200,1.990000,0.032100
1478532571481,1.642100,1.650000,100,1.690000,200,1.990000,0.032100
1478532573499,1.642100,1.650000,100,1.690000,200,1.990000,0.032100
1478532575990,1.642100,1.650000,100,1.690000,200,1.990000,0.032100
1478532577996,1.642100,1.650000,100,1.690000,200,1.990000,0.032100
1478532580878,1.642100,1.650000,100,1.690000,200,1.990000,0.032100
1478532583374,1.642100,1.650000,100,1.690000,200,1.990000,0.032100
1478532585873,1.642100,1.650000,100,1.690000,200,1.990000,0.032100
1478532588375,1.642100,1.650000,100,1.690000,200,1.990000,0.032100
1478532590378,1.642100,1.650000,100,1.690000,200,1.990000,0.032100
1478532592876,1.642100,1.650000,100,1.690000,200,1.990000,0.032100
1478532594403,1.642100,1.650000,100,1.690000,200,1.990000,0.032100
1478532597387,1.642100,1.650000,100,1.690000,200,1.990000,0.032100
1478532599879,1.642100,1.650000,100,1.690000,200,1.990000,0.032100
1478532603381,1.642100,1.650000,100,1.690000,200,1.990000,0.032100
1478532605882,1.642100,1.650000,100,1.690000,200,1.990000,0.032100
1478532607896,1.642100,1.650000,100,1.690000,200,1.990000,0.032100
1478532611424,1.642100,1.650000,100,1.690000,200,1.990000,0.032100
1478532613392,1.642100,1.650000,100,1.690000,200,1.990000,0.032100
1478532615888,1.642100,1.650000,100,1.690000,200,1.990000,0.032100
1478532617897,1.642100,1.650000,100,1.690000,200,1.990000,0.032100
1478532620894,1.642100,1.650000,100,1.690000,200,1.990000,0.032100
1478532622905,1.642100,1.650000,100,1.690000,200,1.990000,0.032100
1478532625405,1.642100,1.650000,100,1.690000,200,1.990000,0.032100
1478532627902,1.642100,1.650000,100,1.690000,200,1.990000,0.032100
1478532630398,1.642100,1.650000,100,1.690000,200,1.990000,0.032100
1478532632932,1.642100,1.650000,100,1.690000,200,1.990000,0.032100
1478532635408,1.642100,1.650000,100,1.690000,200,1.990000,0.032100
1478532637911,1.642100,1.650000,100,1.690000,200,1.990000,0.032100
1478532639910,1.642100,1.650000,100,1.690000,200,1.990000,0.032100
1478532642404,1.642100,1.650000,100,1.690000,200,1.990000,0.032100
1478532644905,1.642100,1.650000,100,1.690000,200,1.990000,0.032100
1478532647911,1.642100,1.650000,100,1.690000,200,1.990000,0.032100
1478532650410,1.642100,1.650000,100,1.690000,200,1.990000,0.032100
1478532653405,1.642100,1.650000,100,1.690000,200,1.990000,0.032100
1478532655452,1.642100,1.650000,100,1.690000,200,1.990000,0.032100
1478532657913,1.642100,1.650000,100,1.690000,200,1.990000,0.032100
1478532660415,1.642100,1.650000,100,1.690000,200,1.990000,0.032100
1478532662920,1.642100,1.650000,100,1.690000,200,1.990000,0.032100
1478532665947,1.642100,1.650000,100,1.690000,200,1.990000,0.032100
1478532668925,1.642100,1.650000,100,1.690000,200,1.990000,0.032100
1478532670921,1.642100,1.650000,100,1.690000,200,1.990000,0.032100
1478532673422,1.642100,1.650000,100,1.690000,200,1.990000,0.032100
1478532675923,1.642100,1.650000,100,1.690000,200,1.990000,0.032100
1478532678427,1.642100,1.650000,100,1.690000,200,1.990000,0.032100
1478532680448,1.642100,1.650000,100,1.690000,200,1.990000,0.032100
1478532682944,1.642100,1.650000,100,1.690000,200,1.990000,0.032100
1478532685436,1.642100,1.650000,100,1.690000,200,1.990000,0.032100
1478532687947,1.642100,1.650000,100,1.690000,200,1.990000,0.032100
1478532689939,1.642100,1.650000,100,1.690000,200,1.990000,0.032100
1478532692435,1.642100,1.650000,100,1.690000,200,1.990000,0.032100
1478532694463,1.642100,1.650000,100,1.690000,200,1.990000,0.032100
1478532697427,1.642100,1.650000,100,1.690000,200,1.990000,0.032100
1478532699943,1.642100,1.650000,100,1.690000,200,1.990000,0.032100
1478532703436,1.642100,1.650000,100,1.690000,200,1.990000,0.032100
1478532705444,1.642100,1.650000,100,1.690000,200,1.990000,0.032100
1478532707486,1.642100,1.650000,100,1.690000,200,1.990000,0.032100
1478532710462,1.642100,1.650000,100,1.690000,200,1.990000,0.032100
1478532712945,1.642100,1.650000,100,1.690000,200,1.990000,0.032100
1478532715949,1.642100,1.650000,100,1.690000,200,1.990000,0.032100
1478532718942,1.642100,1.650000,100,1.690000,200,1.990000,0.032100
1478532720993,1.642100,1.650000,100,1.690000,200,1.990000,0.032100
1478532724455,1.642100,1.650000,100,1.690000,200,1.990000,0.032100
1478532726977,1.642100,1.650000,100,1.690000,200,1.990000,0.032100
1478532729466,1.642100,1.650000,100,1.690000,200,1.990000,0.032100
1478532731456,1.642100,1.650000,100,1.690000,200,1.990000,0.032100
1478532733462,1.642100,1.650000,100,1.690000,200,1.990000,0.032100
1478532736454,1.642100,1.650000,100,1.690000,200,1.990000,0.032100
1478532738988,1.642100,1.650000,100,1.690000,200,1.990000,0.032100
1478532740493,1.642100,1.650000,100,1.690000,200,1.990000,0.032100
1478532743457,1.642100,1.650000,100,1.690000,200,1.990000,0.032100
1478532746969,1.641700,1.640000,2100,1.650000,200,1.970000,0.031700
1478532748957,1.641700,1.640000,2100,1.650000,200,1.970000,0.031700
1478532751583,1.641700,1.640000,2100,1.650000,200,1.970000,0.031700
1478532754468,1.641700,1.640000,2100,1.650000,200,1.970000,0.031700
1478532755974,1.641700,1.640000,2100,1.650000,200,1.970000,0.031700
1478532758979,1.641700,1.640000,2100,1.650000,200,1.970000,0.031700
1478532761483,1.641700,1.640000,2100,1.650000,200,1.970000,0.031700
1478532763977,1.641700,1.640000,2100,1.650000,200,1.970000,0.031700
1478532766459,1.641700,1.640000,2100,1.650000,200,1.970000,0.031700
1478532768979,1.641700,1.640000,2100,1.650000,200,1.970000,0.031700
1478532771483,1.641700,1.640000,2100,1.650000,200,1.970000,0.031700
1478532773977,1.641700,1.640000,2100,1.650000,200,1.970000,0.031700
1478532776984,1.641700,1.640000,2100,1.650000,200,1.970000,0.031700
1478532780512,1.641700,1.640000,2100,1.650000,200,1.970000,0.031700
1478532782978,1.641700,1.640000,2100,1.650000,200,1.970000,0.031700
1478532785025,1.641700,1.640000,2100,1.650000,200,1.970000,0.031700
1478532788488,1.641700,1.640000,2100,1.650000,200,1.970000,0.031700
1478532790993,1.641700,1.640000,2100,1.650000,200,1.970000,0.031700
1478532794547,1.641700,1.640000,2100,1.650000,200,1.970000,0.031700
1478532796993,1.641700,1.640000,2100,1.650000,200,1.970000,0.031700
1478532799065,1.641700,1.640000,2100,1.650000,200,1.970000,0.031700
1478532802491,1.641700,1.640000,2100,1.650000,200,1.970000,0.031700
1478532804006,1.641700,1.640000,2100,1.650000,200,1.970000,0.031700
1478532807020,1.641700,1.640000,2100,1.650000,200,1.970000,0.031700
1478532809518,1.641700,1.640000,2100,1.650000,200,1.970000,0.031700
1478532811875,1.641700,1.640000,2100,1.650000,200,1.970000,0.031700
1478532814373,1.641700,1.640000,2100,1.650000,200,1.970000,0.031700
1478532816875,1.641700,1.640000,2100,1.650000,200,1.970000,0.031700
1478532818875,1.641700,1.640000,2100,1.650000,200,1.970000,0.031700
1478532821882,1.641700,1.640000,2100,1.650000,200,1.970000,0.031700
1478532823385,1.641700,1.640000,2100,1.650000,200,1.970000,0.031700
1478532827379,1.641700,1.640000,2100,1.650000,200,1.970000,0.031700
1478532829914,1.641700,1.640000,2100,1.650000,200,1.970000,0.031700
1478532832387,1.641700,1.640000,2100,1.650000,200,1.970000,0.031700
1478532834391,1.641700,1.640000,2100,1.650000,200,1.970000,0.031700
1478532836928,1.642400,1.640000,1800,1.650000,200,2.010000,0.032400
1478532838888,1.642400,1.640000,1800,1.650000,200,2.010000,0.032400
1478532840925,1.642400,1.640000,1900,1.650000,200,2.010000,0.032400
1478532845399,1.642400,1.640000,1900,1.650000,200,2.010000,0.032400
1478532847895,1.642400,1.640000,1900,1.650000,200,2.010000,0.032400
1478532850411,1.642400,1.640000,1900,1.650000,200,2.010000,0.032400
1478532853417,1.642400,1.640000,1900,1.650000,200,2.010000,0.032400
1478532855900,1.642400,1.640000,1900,1.650000,200,2.010000,0.032400
1478532857937,1.642400,1.640000,1900,1.650000,200,2.010000,0.032400
1478532860900,1.642400,1.640000,1900,1.650000,200,2.010000,0.032400
1478532862401,1.642400,1.640000,1900,1.650000,200,2.010000,0.032400
1478532865956,1.642400,1.640000,1900,1.650000,200,2.010000,0.032400
1478532868426,1.642400,1.640000,1900,1.650000,200,2.010000,0.032400
1478532871910,1.642400,1.640000,1900,1.650000,200,2.010000,0.032400
1478532874410,1.642400,1.640000,1900,1.650000,200,2.010000,0.032400
1478532876910,1.642400,1.640000,1900,1.650000,200,2.010000,0.032400
1478532878911,1.642400,1.640000,1900,1.650000,200,2.010000,0.032400
1478532881931,1.642400,1.640000,1900,1.650000,200,2.010000,0.032400
1478532884414,1.642400,1.640000,1900,1.650000,200,2.010000,0.032400
1478532886919,1.642400,1.640000,1900,1.650000,200,2.010000,0.032400
1478532888911,1.642400,1.640000,1900,1.650000,200,2.010000,0.032400
1478532891420,1.642400,1.640000,1900,1.650000,200,2.010000,0.032400
1478532893937,1.642400,1.640000,1900,1.650000,200,2.010000,0.032400
1478532895951,1.642400,1.640000,1900,1.650000,200,2.010000,0.032400
1478532898410,1.642400,1.640000,1900,1.650000,200,2.010000,0.032400
1478532900922,1.642400,1.640000,1900,1.650000,200,2.010000,0.032400
1478532901417,1.642400,1.640000,1900,1.650000,200,2.010000,0.032400
1478532905422,1.642400,1.640000,1900,1.650000,200,2.010000,0.032400
1478532907928,1.642400,1.640000,1900,1.650000,200,2.010000,0.032400
1478532910958,1.642400,1.640000,1900,1.650000,200,2.010000,0.032400
1478532913426,1.642400,1.640000,1900,1.650000,200,2.010000,0.032400
1478532915431,1.642400,1.640000,1900,1.650000,200,2.010000,0.032400
1478532919428,1.642400,1.640000,1900,1.650000,200,2.010000,0.032400
1478532921939,1.642400,1.640000,1900,1.650000,200,2.010000,0.032400
1478532924461,1.642400,1.640000,1900,1.650000,200,2.010000,0.032400
1478532926931,1.642400,1.640000,1900,1.650000,200,2.010000,0.032400
1478532929441,1.642400,1.640000,1900,1.650000,200,2.010000,0.032400
1478532932447,1.642400,1.640000,1900,1.650000,200,2.010000,0.032400
1478532936989,1.642400,1.640000,1900,1.650000,200,2.010000,0.032400
1478532939440,1.642400,1.640000,1900,1.650000,200,2.010000,0.032400
1478532942449,1.642400,1.640000,1900,1.650000,200,2.010000,0.032400
1478532944946,1.642400,1.640000,1900,1.650000,200,2.010000,0.032400
1478532947450,1.642400,1.640000,1900,1.650000,200,2.010000,0.032400
1478532949463,1.642400,1.640000,1900,1.650000,200,2.010000,0.032400
1478532950988,1.642400,1.640000,1900,1.650000,200,2.010000,0.032400
1478532953956,1.642400,1.640000,1900,1.650000,200,2.010000,0.032400
1478532956445,1.642400,1.640000,1900,1.650000,200,2.010000,0.032400
1478532958948,1.642400,1.640000,1900,1.650000,200,2.010000,0.032400
1478532961450,1.642400,1.640000,1900,1.650000,200,2.010000,0.032400
1478532963972,1.642400,1.640000,1900,1.650000,200,2.010000,0.032400
1478532965964,1.642400,1.640000,1900,1.650000,200,2.010000,0.032400
1478532968454,1.642400,1.640000,1900,1.650000,200,2.010000,0.032400
1478532970953,1.642400,1.640000,1900,1.650000,200,2.010000,0.032400
1478532973471,1.642400,1.640000,1900,1.650000,200,2.010000,0.032400
1478532975965,1.642400,1.640000,1900,1.650000,200,2.010000,0.032400
1478532978960,1.642400,1.640000,1900,1.650000,200,2.010000,0.032400
1478532980997,1.642400,1.640000,1900,1.650000,200,2.010000,0.032400
1478532982495,1.642400,1.640000,1900,1.650000,200,2.010000,0.032400
1478532985967,1.642400,1.640000,1900,1.650000,200,2.010000,0.032400
1478532988464,1.642400,1.640000,1900,1.650000,200,2.010000,0.032400
1478532991007,1.642400,1.640000,1900,1.650000,200,2.010000,0.032400
1478532993502,1.642400,1.640000,1900,1.650000,200,2.010000,0.032400
1478532996467,1.642400,1.640000,1900,1.650000,200,2.010000,0.032400
1478532998986,1.642400,1.640000,1900,1.650000,200,2.010000,0.032400
1478533001472,1.642400,1.640000,1900,1.650000,200,2.010000,0.032400
1478533003964,1.642400,1.640000,1900,1.650000,200,2.010000,0.032400
1478533007525,1.642400,1.640000,1900,1.650000,200,2.010000,0.032400
1478533009980,1.642400,1.640000,1900,1.650000,200,2.010000,0.032400
1478533011977,1.642400,1.640000,1900,1.650000,200,2.010000,0.032400
1478533014456,1.642400,1.640000,1900,1.650000,200,2.010000,0.032400
1478533016998,1.642400,1.640000,1900,1.650000,200,2.010000,0.032400
1478533019474,1.642400,1.640000,1900,1.650000,200,2.010000,0.032400
1478533020014,1.642400,1.640000,1900,1.650000,200,2.010000,0.032400
1478533024478,1.642400,1.640000,1900,1.650000,200,2.010000,0.032400
1478533027471,1.642400,1.640000,1900,1.650000,200,2.010000,0.032400
1478533029990,1.642400,1.640000,1900,1.650000,200,2.010000,0.032400
1478533032988,1.642400,1.640000,1900,1.650000,200,2.010000,0.032400
1478533034996,1.642400,1.640000,1900,1.650000,200,2.010000,0.032400
1478533037551,1.642400,1.640000,1900,1.650000,200,2.010000,0.032400
1478533040024,1.642400,1.640000,1900,1.650000,200,2.010000,0.032400
1478533042994,1.642400,1.640000,1900,1.650000,200,2.010000,0.032400
1478533044989,1.642400,1.640000,1900,1.650000,200,2.010000,0.032400
1478533047374,1.642400,1.640000,1900,1.650000,200,2.010000,0.032400
1478533049880,1.642400,1.640000,1900,1.650000,200,2.010000,0.032400
1478533051879,1.642400,1.640000,1900,1.650000,200,2.010000,0.032400
1478533054410,1.642400,1.640000,1900,1.650000,200,2.010000,0.032400
1478533057378,1.642400,1.640000,1900,1.650000,200,2.010000,0.032400
1478533059881,1.642400,1.640000,1900,1.650000,200,2.010000,0.032400
1478533062883,1.642400,1.640000,1900,1.650000,200,2.010000,0.032400
1478533065915,1.642400,1.640000,1900,1.650000,200,2.010000,0.032400
1478533068388,1.642400,1.640000,1900,1.650000,200,2.010000,0.032400
1478533070891,1.642400,1.640000,1900,1.650000,200,2.010000,0.032400
1478533072891,1.642400,1.640000,1900,1.650000,200,2.010000,0.032400
1478533075892,1.642400,1.640000,1900,1.650000,200,2.010000,0.032400
1478533077388,1.642400,1.640000,1900,1.650000,200,2.010000,0.032400
1478533080442,1.642400,1.640000,1900,1.650000,200,2.010000,0.032400
1478533082887,1.642400,1.640000,1900,1.650000,200,2.010000,0.032400
1478533085402,1.642400,1.640000,1900,1.650000,200,2.010000,0.032400
1478533087399,1.642400,1.640000,1900,1.650000,200,2.010000,0.032400
1478533089395,1.642400,1.640000,1900,1.650000,200,2.010000,0.032400
1478533092395,1.642400,1.640000,1900,1.650000,200,2.010000,0.032400
1478533094901,1.642400,1.640000,1900,1.650000,200,2.010000,0.032400
1478533095420,1.642400,1.640000,1900,1.650000,200,2.010000,0.032400
1478533099894,1.642400,1.640000,1900,1.650000,200,2.010000,0.032400
1478533103405,1.642400,1.640000,1900,1.650000,200,2.010000,0.032400
1478533105910,1.642400,1.640000,1900,1.650000,200,2.010000,0.032400
1478533108419,1.642400,1.640000,1900,1.650000,200,2.010000,0.032400
1478533110406,1.642400,1.640000,1900,1.650000,200,2.010000,0.032400
1478533111940,1.642400,1.640000,1900,1.650000,200,2.010000,0.032400
1478533115912,1.642400,1.640000,1900,1.650000,200,2.010000,0.032400
1478533117922,1.642400,1.640000,1900,1.650000,200,2.010000,0.032400
1478533120448,1.642400,1.640000,1900,1.650000,200,2.010000,0.032400
1478533122460,1.642400,1.640000,1900,1.650000,200,2.010000,0.032400
1478533124955,1.642400,1.640000,1900,1.650000,200,2.010000,0.032400
1478533127419,1.642400,1.640000,1900,1.650000,200,2.010000,0.032400
1478533129913,1.642400,1.640000,1900,1.650000,200,2.010000,0.032400
1478533131951,1.642400,1.640000,1900,1.650000,200,2.010000,0.032400
1478533135422,1.642400,1.640000,1900,1.650000,200,2.010000,0.032400
1478533137943,1.642400,1.640000,1900,1.650000,200,2.010000,0.032400
1478533139911,1.642400,1.640000,1900,1.650000,200,2.010000,0.032400
1478533142424,1.642400,1.640000,1900,1.650000,200,2.010000,0.032400
1478533144926,1.642400,1.640000,1900,1.650000,200,2.010000,0.032400
1478533145926,1.642400,1.640000,1900,1.650000,200,2.010000,0.032400
1478533150424,1.642400,1.640000,1900,1.650000,200,2.010000,0.032400
1478533152425,1.642400,1.640000,1900,1.650000,200,2.010000,0.032400
1478533154953,1.642400,1.640000,1900,1.650000,200,2.010000,0.032400
1478533157424,1.642400,1.640000,1900,1.650000,200,2.010000,0.032400
1478533159425,1.642400,1.640000,1900,1.650000,200,2.010000,0.032400
1478533161928,1.642400,1.640000,1900,1.650000,200,2.010000,0.032400
1478533164431,1.642400,1.640000,1900,1.650000,200,2.010000,0.032400
1478533166940,1.630000,1.620000,100,1.650000,100,1.240000,0.020000
1478533169931,1.630000,1.620000,100,1.630000,100,1.240000,0.020000
1478533172443,1.630000,1.620000,100,1.630000,100,1.240000,0.020000
1478533174931,1.630000,1.620000,100,1.630000,100,1.240000,0.020000
1478533177434,1.630000,1.620000,100,1.630000,100,1.240000,0.020000
1478533179435,1.630000,1.620000,100,1.630000,100,1.240000,0.020000
1478533182447,1.630000,1.620000,100,1.630000,100,1.240000,0.020000
1478533184932,1.630000,1.620000,100,1.630000,100,1.240000,0.020000
1478533187446,1.630000,1.620000,100,1.630000,100,1.240000,0.020000
1478533189446,1.630000,1.620000,100,1.630000,100,1.240000,0.020000
1478533191991,1.630000,1.620000,100,1.630000,100,1.240000,0.020000
1478533194459,1.630000,1.620000,100,1.630000,100,1.240000,0.020000
1478533197952,1.630000,1.620000,100,1.630000,100,1.240000,0.020000
1478533200948,1.630000,1.620000,100,1.630000,100,1.240000,0.020000
1478533203496,1.630000,1.620000,100,1.630000,100,1.240000,0.020000
1478533205951,1.630000,1.620000,100,1.630000,100,1.240000,0.020000
1478533207982,1.630000,1.620000,100,1.630000,100,1.240000,0.020000
1478533211478,1.630000,1.620000,100,1.630000,100,1.240000,0.020000
1478533213452,1.630000,1.620000,100,1.630000,100,1.240000,0.020000
1478533215965,1.630000,1.620000,100,1.630000,100,1.240000,0.020000
1478533218461,1.630000,1.620000,100,1.630000,100,1.240000,0.020000
1478533220969,1.630000,1.620000,100,1.630000,100,1.240000,0.020000
1478533223466,1.630000,1.620000,100,1.630000,100,1.240000,0.020000
1478533225494,1.630000,1.620000,100,1.630000,100,1.240000,0.020000
1478533228972,1.630000,1.620000,100,1.630000,100,1.240000,0.020000
1478533232524,1.630000,1.620000,100,1.630000,100,1.240000,0.020000
1478533234978,1.630000,1.620000,100,1.630000,100,1.240000,0.020000
1478533237032,1.630000,1.620000,100,1.630000,100,1.240000,0.020000
1478533239998,1.630000,1.620000,100,1.630000,100,1.240000,0.020000
1478533242486,1.630000,1.620000,100,1.630000,100,1.240000,0.020000
1478533244972,1.630000,1.620000,100,1.630000,100,1.240000,0.020000
1478533246977,1.630000,1.620000,100,1.630000,100,1.240000,0.020000
1478533249491,1.630000,1.620000,100,1.630000,100,1.240000,0.020000
1478533252056,1.630000,1.620000,100,1.630000,100,1.240000,0.020000
1478533254484,1.630000,1.620000,100,1.630000,100,1.240000,0.020000
1478533256986,1.630000,1.620000,100,1.630000,100,1.240000,0.020000
1478533259481,1.630000,1.620000,100,1.630000,100,1.240000,0.020000
1478533261982,1.630000,1.620000,100,1.630000,100,1.240000,0.020000
1478533264569,1.630000,1.620000,100,1.630000,100,1.240000,0.020000
1478533266496,1.630000,1.620000,100,1.630000,100,1.240000,0.020000
1478533269998,1.630000,1.620000,100,1.630000,100,1.240000,0.020000
1478533272508,1.630000,1.620000,100,1.630000,100,1.240000,0.020000
1478533275001,1.630000,1.620000,100,1.630000,100,1.240000,0.020000
1478533276964,1.630000,1.620000,100,1.630000,100,1.240000,0.020000
1478533279504,1.630000,1.620000,100,1.630000,100,1.240000,0.020000
1478533281825,1.630000,1.620000,100,1.630000,100,1.240000,0.020000
1478533283874,1.630000,1.620000,100,1.630000,100,1.240000,0.020000
1478533286372,1.630000,1.620000,100,1.630000,100,1.240000,0.020000
1478533288877,1.630000,1.620000,100,1.630000,100,1.240000,0.020000
1478533291375,1.630000,1.620000,100,1.630000,100,1.240000,0.020000
1478533293878,1.630000,1.620000,100,1.630000,100,1.240000,0.020000
1478533297372,1.630000,1.620000,100,1.630000,100,1.240000,0.020000
1478533300379,1.630000,1.620000,100,1.630000,100,1.240000,0.020000
1478533302882,1.630000,1.620000,100,1.630000,100,1.240000,0.020000
1478533305881,1.630000,1.620000,100,1.630000,100,1.240000,0.020000
1478533308388,1.630000,1.620000,100,1.630000,100,1.240000,0.020000
1478533310890,1.630000,1.620000,100,1.630000,100,1.240000,0.020000
1478533313388,1.630000,1.620000,100,1.630000,100,1.240000,0.020000
1478533315434,1.630000,1.620000,100,1.630000,100,1.240000,0.020000
1478533317893,1.630000,1.620000,100,1.630000,100,1.240000,0.020000
1478533320395,1.630000,1.620000,100,1.630000,100,1.240000,0.020000
1478533322396,1.630000,1.620000,100,1.630000,100,1.240000,0.020000
1478533325938,1.630000,1.620000,100,1.630000,100,1.240000,0.020000
1478533329905,1.630000,1.620000,100,1.630000,100,1.240000,0.020000
1478533332401,1.630000,1.620000,100,1.630000,100,1.240000,0.020000
1478533334932,1.630000,1.620000,100,1.630000,100,1.240000,0.020000
1478533337938,1.630000,1.620000,100,1.630000,100,1.240000,0.020000
1478533341397,1.630000,1.620000,100,1.630000,100,1.240000,0.020000
1478533343906,1.630000,1.620000,100,1.630000,100,1.240000,0.020000
1478533345904,1.630000,1.620000,100,1.630000,100,1.240000,0.020000
1478533347407,1.630000,1.620000,100,1.630000,100,1.240000,0.020000
1478533349905,1.630000,1.620000,100,1.630000,100,1.240000,0.020000
1478533353408,1.630000,1.620000,100,1.630000,100,1.240000,0.020000
1478533355910,1.630000,1.620000,100,1.630000,100,1.240000,0.020000
1478533358412,1.630000,1.620000,100,1.630000,100,1.240000,0.020000
1478533362917,1.630000,1.620000,100,1.630000,100,1.240000,0.020000
1478533365409,1.630000,1.620000,100,1.630000,100,1.240000,0.020000
1478533367418,1.630000,1.620000,100,1.630000,100,1.240000,0.020000
1478533369931,1.630000,1.620000,100,1.630000,100,1.240000,0.020000
1478533372429,1.630000,1.620000,100,1.630000,100,1.240000,0.020000
1478533374924,1.630000,1.620000,100,1.630000,100,1.240000,0.020000
1478533377463,1.630000,1.620000,100,1.630000,100,1.240000,0.020000
1478533379922,1.630000,1.620000,100,1.630000,100,1.240000,0.020000
1478533382432,1.630000,1.620000,100,1.630000,100,1.240000,0.020000
1478533384942,1.630000,1.620000,100,1.630000,100,1.240000,0.020000
1478533387437,1.630000,1.620000,100,1.630000,100,1.240000,0.020000
1478533389934,1.630000,1.620000,100,1.630000,100,1.240000,0.020000
1478533393928,1.630000,1.620000,100,1.630000,100,1.240000,0.020000
1478533395430,1.630000,1.620000,100,1.630000,100,1.240000,0.020000
1478533398456,1.630000,1.620000,100,1.630000,100,1.240000,0.020000
1478533400943,1.630000,1.620000,100,1.630000,100,1.240000,0.020000
1478533402436,1.630000,1.620000,100,1.630000,100,1.240000,0.020000
1478533405445,1.630000,1.620000,100,1.630000,100,1.240000,0.020000
1478533407938,1.630000,1.620000,100,1.630000,100,1.240000,0.020000
1478533410447,1.630000,1.620000,100,1.630000,100,1.240000,0.020000
1478533412969,1.630000,1.620000,100,1.630000,100,1.240000,0.020000
1478533414969,1.630000,1.620000,100,1.630000,100,1.240000,0.020000
1478533417943,1.630000,1.620000,100,1.630000,100,1.240000,0.020000
1478533419944,1.630000,1.620000,100,1.630000,100,1.240000,0.020000
1478533424946,1.630000,1.620000,100,1.630000,100,1.240000,0.020000
1478533428475,1.630000,1.620000,100,1.630000,100,1.240000,0.020000
1478533430947,1.630000,1.620000,100,1.630000,100,1.240000,0.020000
1478533432963,1.630000,1.620000,100,1.630000,100,1.240000,0.020000
1478533435946,1.630000,1.620000,100,1.630000,100,1.240000,0.020000
1478533438458,1.630000,1.620000,100,1.630000,100,1.240000,0.020000
1478533441003,1.630000,1.620000,100,1.630000,100,1.240000,0.020000
1478533443503,1.630000,1.620000,100,1.630000,100,1.240000,0.020000
1478533445959,1.630000,1.620000,100,1.630000,100,1.240000,0.020000
1478533449461,1.630000,1.620000,100,1.630000,100,1.240000,0.020000
1478533452459,1.630000,1.620000,100,1.630000,100,1.240000,0.020000
1478533454455,1.630000,1.620000,100,1.630000,100,1.240000,0.020000
1478533456962,1.630000,1.620000,100,1.630000,100,1.240000,0.020000
1478533459470,1.630000,1.620000,100,1.630000,100,1.240000,0.020000
1478533461966,1.630000,1.620000,100,1.630000,100,1.240000,0.020000
1478533464465,1.630000,1.620000,100,1.630000,100,1.240000,0.020000
1478533467470,1.630000,1.620000,100,1.630000,100,1.240000,0.020000
1478533468977,1.630000,1.620000,100,1.630000,100,1.240000,0.020000
1478533470964,1.630000,1.620000,100,1.630000,100,1.240000,0.020000
1478533474979,1.630000,1.620000,100,1.630000,100,1.240000,0.020000
1478533477475,1.630000,1.620000,100,1.630000,100,1.240000,0.020000
1478533480459,1.630000,1.620000,100,1.630000,100,1.240000,0.020000
1478533482489,1.630000,1.620000,100,1.630000,100,1.240000,0.020000
1478533485523,1.630000,1.620000,100,1.630000,100,1.240000,0.020000
1478533489990,1.630000,1.620000,100,1.630000,100,1.240000,0.020000
1478533492986,1.630000,1.620000,100,1.630000,100,1.240000,0.020000
1478533495995,1.630000,1.620000,100,1.630000,100,1.240000,0.020000
1478533498983,1.630000,1.620000,100,1.630000,100,1.240000,0.020000
1478533501488,1.630000,1.620000,100,1.630000,100,1.240000,0.020000
1478533503480,1.630000,1.620000,100,1.630000,100,1.240000,0.020000
1478533505987,1.630000,1.620000,100,1.630000,100,1.240000,0.020000
1478533508475,1.630000,1.620000,100,1.630000,100,1.240000,0.020000
1478533510990,1.630000,1.620000,100,1.630000,100,1.240000,0.020000
1478533513496,1.630000,1.620000,100,1.630000,100,1.240000,0.020000
1478533516003,1.630000,1.620000,100,1.630000,100,1.240000,0.020000
1478533518006,1.630000,1.620000,100,1.630000,100,1.240000,0.020000
1478533520900,1.630000,1.620000,100,1.630000,100,1.240000,0.020000
1478533524377,1.630000,1.620000,100,1.630000,100,1.240000,0.020000
1478533526379,1.630000,1.620000,100,1.630000,100,1.240000,0.020000
1478533528884,1.630000,1.620000,100,1.630000,100,1.240000,0.020000
1478533531381,1.630000,1.620000,100,1.630000,100,1.240000,0.020000
1478533534378,1.630000,1.620000,100,1.630000,100,1.240000,0.020000
1478533536890,1.630000,1.620000,100,1.630000,100,1.240000,0.020000
1478533538886,1.630000,1.620000,100,1.630000,100,1.240000,0.020000
1478533542912,1.630000,1.620000,100,1.630000,100,1.240000,0.020000
1478533544888,1.630000,1.620000,100,1.630000,100,1.240000,0.020000
1478533548888,1.630000,1.620000,100,1.630000,100,1.240000,0.020000
1478533551892,1.630000,1.620000,100,1.630000,100,1.240000,0.020000
1478533557453,1.630000,1.620000,100,1.630000,100,1.240000,0.020000
1478533559894,1.630000,1.620000,100,1.630000,100,1.240000,0.020000
1478533563403,1.630000,1.620000,100,1.630000,100,1.240000,0.020000
1478533565396,1.630000,1.620000,100,1.630000,100,1.240000,0.020000
1478533568941,1.630000,1.620000,100,1.630000,100,1.240000,0.020000
1478533571402,1.630000,1.620000,100,1.630000,100,1.240000,0.020000
1478533573408,1.630000,1.620000,100,1.630000,100,1.240000,0.020000
1478533576407,1.630000,1.620000,100,1.630000,100,1.240000,0.020000
1478533578910,1.630000,1.620000,100,1.630000,100,1.240000,0.020000
1478533582436,1.630000,1.620000,100,1.630000,100,1.240000,0.020000
1478533584409,1.630000,1.620000,100,1.630000,100,1.240000,0.020000
1478533588428,1.630000,1.620000,100,1.630000,100,1.240000,0.020000
1478533590943,1.630000,1.620000,100,1.630000,100,1.240000,0.020000
1478533593414,1.630000,1.620000,100,1.630000,100,1.240000,0.020000
1478533596408,1.630000,1.620000,100,1.630000,100,1.240000,0.020000
1478533599416,1.630000,1.620000,100,1.630000,100,1.240000,0.020000
1478533602941,1.630000,1.620000,100,1.630000,100,1.240000,0.020000
1478533605415,1.630000,1.620000,100,1.630000,100,1.240000,0.020000
1478533608446,1.630000,1.620000,100,1.630000,100,1.240000,0.020000
1478533611423,1.630000,1.620000,100,1.630000,100,1.240000,0.020000
1478533613915,1.630000,1.620000,100,1.630000,100,1.240000,0.020000
1478533616921,1.630000,1.620000,100,1.630000,100,1.240000,0.020000
1478533619924,1.630000,1.620000,100,1.630000,100,1.240000,0.020000
1478533622418,1.630000,1.620000,100,1.630000,100,1.240000,0.020000
1478533624930,1.630000,1.620000,100,1.630000,100,1.240000,0.020000
1478533626936,1.630000,1.620000,100,1.630000,100,1.240000,0.020000
1478533630545,1.630000,1.620000,100,1.630000,100,1.240000,0.020000
1478533633429,1.630000,1.620000,100,1.630000,100,1.240000,0.020000
1478533636436,1.630000,1.620000,100,1.630000,100,1.240000,0.020000
1478533639444,1.630000,1.620000,100,1.630000,100,1.240000,0.020000
1478533641931,1.630000,1.620000,100,1.630000,100,1.240000,0.020000
1478533644500,1.630000,1.620000,100,1.630000,100,1.240000,0.020000
1478533646952,1.630000,1.620000,100,1.630000,100,1.240000,0.020000
1478533649448,1.630000,1.620000,100,1.630000,100,1.240000,0.020000
1478533652451,1.630000,1.620000,100,1.630000,100,1.240000,0.020000
1478533654946,1.630000,1.620000,100,1.630000,100,1.240000,0.020000
1478533657458,1.630000,1.620000,100,1.630000,100,1.240000,0.020000
1478533659980,1.630000,1.620000,100,1.630000,100,1.240000,0.020000
1478533662952,1.630000,1.620000,100,1.630000,100,1.240000,0.020000
1478533665454,1.630000,1.620000,100,1.630000,100,1.240000,0.020000
1478533667957,1.630000,1.620000,100,1.630000,100,1.240000,0.020000
1478533670454,1.630000,1.620000,100,1.630000,100,1.240000,0.020000
1478533670454,1.630000,1.620000,100,1.630000,100,1.240000,0.020000
1478533675442,1.630000,1.620000,100,1.630000,100,1.240000,0.020000
1478533677950,1.630000,1.620000,100,1.630000,100,1.240000,0.020000
1478533680468,1.630000,1.620000,100,1.630000,100,1.240000,0.020000
1478533685469,1.629900,1.620000,100,1.630000,100,1.240000,0.019900
1478533688961,1.629900,1.620000,100,1.630000,100,1.240000,0.019900
1478533691466,1.629900,1.620000,100,1.630000,100,1.240000,0.019900
1478533693966,1.629900,1.620000,100,1.630000,100,1.240000,0.019900
1478533696962,1.629900,1.620000,100,1.630000,100,1.240000,0.019900
1478533699468,1.629900,1.620000,100,1.630000,100,1.240000,0.019900
1478533701958,1.629900,1.620000,100,1.630000,100,1.240000,0.019900
1478533704975,1.629900,1.620000,100,1.630000,100,1.240000,0.019900
1478533707468,1.629900,1.620000,100,1.630000,100,1.240000,0.019900
1478533709981,1.629900,1.620000,100,1.630000,100,1.240000,0.019900
1478533712524,1.629900,1.620000,100,1.630000,100,1.240000,0.019900
1478533715469,1.629900,1.620000,100,1.630000,100,1.240000,0.019900
1478533717983,1.629900,1.620000,100,1.630000,100,1.240000,0.019900
1478533720486,1.629900,1.620000,100,1.630000,100,1.240000,0.019900
1478533722975,1.629900,1.620000,100,1.630000,100,1.240000,0.019900
1478533725980,1.629900,1.620000,100,1.630000,100,1.240000,0.019900
1478533727994,1.629900,1.620000,100,1.630000,100,1.240000,0.019900
1478533730516,1.629900,1.620000,100,1.630000,100,1.240000,0.019900
1478533733987,1.629900,1.620000,100,1.630000,100,1.240000,0.019900
1478533736491,1.629900,1.620000,100,1.630000,100,1.240000,0.019900
1478533739489,1.629900,1.620000,100,1.630000,100,1.240000,0.019900
1478533742016,1.629900,1.620000,100,1.630000,100,1.240000,0.019900
1478533744537,1.629900,1.620000,100,1.630000,100,1.240000,0.019900
1478533749005,1.629900,1.620000,100,1.630000,100,1.240000,0.019900
1478533750502,1.630000,1.620000,100,1.630000,100,1.240000,0.020000
1478533753877,1.630000,1.620000,100,1.630000,100,1.240000,0.020000
1478533756372,1.630000,1.620000,100,1.630000,100,1.240000,0.020000
1478533759382,1.630000,1.620000,100,1.630000,100,1.240000,0.020000
1478533761909,1.630000,1.620000,100,1.630000,100,1.240000,0.020000
1478533763881,1.630000,1.620000,100,1.630000,100,1.240000,0.020000
1478533767415,1.630000,1.620000,100,1.630000,100,1.240000,0.020000
1478533769881,1.630000,1.620000,100,1.630000,100,1.240000,0.020000
1478533771894,1.630000,1.620000,100,1.630000,100,1.240000,0.020000
1478533782392,1.630000,1.620000,100,1.630000,100,1.240000,0.020000
1478533784887,1.630000,1.620000,100,1.630000,100,1.240000,0.020000
1478533787930,1.630000,1.620000,100,1.630000,100,1.240000,0.020000
1478533791896,1.630000,1.620000,100,1.630000,100,1.240000,0.020000
1478533792926,1.630000,1.620000,100,1.630000,100,1.240000,0.020000
1478533796900,1.630000,1.620000,100,1.630000,100,1.240000,0.020000
1478533799395,1.630000,1.620000,100,1.630000,100,1.240000,0.020000
1478533801447,1.630000,1.620000,100,1.630000,100,1.240000,0.020000
1478533804402,1.630000,1.620000,100,1.630000,100,1.240000,0.020000
1478533806903,1.630000,1.620000,100,1.630000,100,1.240000,0.020000
1478533809407,1.630000,1.620000,100,1.630000,100,1.240000,0.020000
1478533814415,1.630000,1.620000,100,1.630000,100,1.240000,0.020000
1478533816419,1.630000,1.620000,100,1.630000,100,1.240000,0.020000
1478533818427,1.630000,1.620000,100,1.630000,100,1.240000,0.020000
1478533821435,1.630000,1.620000,100,1.630000,100,1.240000,0.020000
1478533823415,1.630000,1.620000,100,1.630000,100,1.240000,0.020000
1478533826413,1.630000,1.620000,100,1.630000,100,1.240000,0.020000
1478533828927,1.630000,1.620000,100,1.630000,100,1.240000,0.020000
1478533830915,1.630000,1.620000,100,1.630000,100,1.240000,0.020000
1478533832911,1.630000,1.620000,100,1.630000,100,1.240000,0.020000
1478533835914,1.630000,1.620000,100,1.630000,100,1.240000,0.020000
1478533838453,1.630000,1.620000,100,1.630000,100,1.240000,0.020000
1478533840416,1.630000,1.620000,100,1.630000,100,1.240000,0.020000
1478533843459,1.630000,1.620000,100,1.630000,100,1.240000,0.020000
1478533845466,1.630000,1.620000,100,1.630000,100,1.240000,0.020000
1478533847927,1.630000,1.620000,100,1.630000,100,1.240000,0.020000
1478533850427,1.630000,1.620000,100,1.630000,100,1.240000,0.020000
1478533853428,1.630000,1.620000,100,1.630000,100,1.240000,0.020000
1478533855941,1.630000,1.620000,100,1.630000,100,1.240000,0.020000
1478533858496,1.630000,1.620000,100,1.630000,100,1.240000,0.020000
1478533860931,1.630000,1.620000,100,1.630000,100,1.240000,0.020000
1478533863430,1.630000,1.620000,100,1.630000,100,1.240000,0.020000
1478533865935,1.630000,1.620000,100,1.630000,100,1.240000,0.020000
1478533868940,1.630000,1.620000,100,1.630000,100,1.240000,0.020000
1478533871466,1.630000,1.620000,100,1.630000,100,1.240000,0.020000
1478533873963,1.630000,1.620000,100,1.630000,100,1.240000,0.020000
1478533876432,1.630000,1.620000,100,1.630000,100,1.240000,0.020000
1478533878438,1.630000,1.620000,100,1.630000,100,1.240000,0.020000
1478533881443,1.630000,1.620000,100,1.630000,100,1.240000,0.020000
1478533883491,1.630000,1.620000,100,1.630000,100,1.240000,0.020000
1478533885480,1.630000,1.620000,100,1.630000,100,1.240000,0.020000
1478533888445,1.630000,1.620000,100,1.630000,100,1.240000,0.020000
1478533890941,1.630000,1.620000,100,1.630000,100,1.240000,0.020000
1478533893440,1.630000,1.620000,100,1.630000,100,1.240000,0.020000
1478533895445,1.630000,1.620000,100,1.630000,100,1.240000,0.020000
1478533897446,1.630000,1.620000,100,1.630000,100,1.240000,0.020000
1478533899987,1.630000,1.620000,100,1.630000,100,1.240000,0.020000
1478533902447,1.630000,1.620000,100,1.630000,100,1.240000,0.020000
1478533904951,1.630000,1.620000,100,1.630000,100,1.240000,0.020000
1478533907461,1.630000,1.620000,100,1.630000,100,1.240000,0.020000
1478533909956,1.630000,1.620000,100,1.630000,100,1.240000,0.020000
1478533912452,1.630000,1.620000,100,1.630000,100,1.240000,0.020000
1478533914987,1.630000,1.620000,100,1.630000,100,1.240000,0.020000
1478533917459,1.630000,1.620000,100,1.630000,100,1.240000,0.020000
1478533919967,1.630000,1.620000,100,1.630000,100,1.240000,0.020000
1478533922446,1.630000,1.620000,100,1.630000,100,1.240000,0.020000
1478533924968,1.630000,1.620000,100,1.630000,100,1.240000,0.020000
1478533927465,1.630000,1.620000,100,1.630000,100,1.240000,0.020000
1478533929480,1.630000,1.620000,100,1.630000,100,1.240000,0.020000
1478533931962,1.630000,1.620000,100,1.630000,100,1.240000,0.020000
1478533933961,1.630000,1.620000,100,1.630000,100,1.240000,0.020000
1478533936966,1.630000,1.620000,100,1.630000,100,1.240000,0.020000
1478533939474,1.630000,1.620000,100,1.630000,100,1.240000,0.020000
1478533941471,1.630000,1.620000,100,1.630000,100,1.240000,0.020000
1478533944006,1.630000,1.620000,100,1.630000,100,1.240000,0.020000
1478533946471,1.630000,1.620000,100,1.630000,100,1.240000,0.020000
1478533948451,1.630000,1.620000,100,1.630000,100,1.240000,0.020000
1478533950963,1.630000,1.620000,100,1.630000,100,1.240000,0.020000
1478533953467,1.630000,1.620000,100,1.630000,100,1.240000,0.020000
1478533955956,1.630000,1.620000,100,1.630000,100,1.240000,0.020000
1478533958961,1.630000,1.620000,100,1.630000,100,1.240000,0.020000
1478533961971,1.630000,1.620000,100,1.630000,100,1.240000,0.020000
1478533964964,1.630000,1.620000,100,1.630000,100,1.240000,0.020000
1478533967467,1.630000,1.620000,100,1.630000,100,1.240000,0.020000
1478533970467,1.630000,1.620000,100,1.630000,100,1.240000,0.020000
1478533972469,1.630000,1.620000,100,1.630000,100,1.240000,0.020000
1478533975473,1.630000,1.620000,100,1.630000,100,1.240000,0.020000
1478533978012,1.630000,1.620000,100,1.630000,100,1.240000,0.020000
1478533980477,1.630000,1.620000,100,1.630000,100,1.240000,0.020000
1478533982476,1.630000,1.620000,100,1.630000,100,1.240000,0.020000
1478533985488,1.630000,1.620000,100,1.630000,100,1.240000,0.020000
1478533987489,1.630000,1.620000,100,1.630000,100,1.240000,0.020000
1478533990527,1.630000,1.620000,100,1.630000,100,1.240000,0.020000
1478533992869,1.630000,1.620000,100,1.630000,100,1.240000,0.020000
1478533994371,1.630000,1.620000,100,1.630000,100,1.240000,0.020000
1478533997369,1.630000,1.620000,100,1.630000,100,1.240000,0.020000
1478533999873,1.630000,1.620000,100,1.630000,100,1.240000,0.020000
1478534001872,1.630000,1.620000,100,1.630000,100,1.240000,0.020000
1478534003881,1.630000,1.620000,100,1.630000,100,1.240000,0.020000
1478534006877,1.630000,1.620000,100,1.630000,100,1.240000,0.020000
1478534008382,1.630000,1.620000,100,1.630000,100,1.240000,0.020000
1478534010878,1.630000,1.620000,100,1.630000,100,1.240000,0.020000
1478534014379,1.630000,1.620000,100,1.630000,100,1.240000,0.020000
1478534016881,1.630000,1.620000,100,1.630000,100,1.240000,0.020000
1478534018881,1.630000,1.620000,100,1.630000,100,1.240000,0.020000
1478534021382,1.630000,1.620000,100,1.630000,100,1.240000,0.020000
1478534023383,1.630000,1.620000,100,1.630000,100,1.240000,0.020000
1478534026388,1.630000,1.620000,100,1.630000,100,1.240000,0.020000
1478534029393,1.630000,1.620000,100,1.630000,100,1.240000,0.020000
1478534031924,1.630000,1.620000,100,1.630000,100,1.240000,0.020000
1478534034890,1.630000,1.620000,100,1.630000,100,1.240000,0.020000
1478534037895,1.630000,1.620000,100,1.630000,100,1.240000,0.020000
1478534039894,1.630000,1.620000,100,1.630000,100,1.240000,0.020000
1478534042894,1.630000,1.620000,100,1.630000,100,1.240000,0.020000
1478534045895,1.630000,1.620000,100,1.630000,100,1.240000,0.020000
1478534048431,1.630000,1.620000,100,1.630000,100,1.240000,0.020000
1478534050395,1.630000,1.620000,100,1.630000,100,1.240000,0.020000
1478534053901,1.630000,1.620000,100,1.630000,100,1.240000,0.020000
1478534056404,1.630000,1.620000,100,1.630000,100,1.240000,0.020000
1478534058407,1.630000,1.620000,100,1.630000,100,1.240000,0.020000
1478534058407,1.630000,1.620000,100,1.630000,100,1.240000,0.020000
1478534061917,1.630000,1.620000,100,1.630000,100,1.240000,0.020000
1478534063904,1.630000,1.620000,100,1.630000,100,1.240000,0.020000
1478534068402,1.630000,1.620000,100,1.630000,100,1.240000,0.020000
1478534070898,1.630000,1.620000,100,1.630000,100,1.240000,0.020000
1478534073449,1.630000,1.620000,100,1.630000,100,1.240000,0.020000
1478534075412,1.630000,1.620000,100,1.630000,100,1.240000,0.020000
1478534077913,1.630000,1.620000,100,1.630000,100,1.240000,0.020000
1478534080917,1.630000,1.620000,100,1.630000,100,1.240000,0.020000
1478534084415,1.630000,1.620000,100,1.630000,100,1.240000,0.020000
1478534086919,1.630000,1.620000,100,1.630000,100,1.240000,0.020000
1478534089416,1.630000,1.620000,100,1.630000,100,1.240000,0.020000
1478534091933,1.630000,1.620000,100,1.630000,100,1.240000,0.020000
1478534093984,1.630000,1.620000,100,1.630000,100,1.240000,0.020000
1478534096918,1.630000,1.620000,100,1.630000,100,1.240000,0.020000
1478534099924,1.630000,1.620000,100,1.630000,100,1.240000,0.020000
1478534102425,1.630000,1.620000,100,1.630000,100,1.240000,0.020000
1478534104936,1.630000,1.620000,100,1.630000,100,1.240000,0.020000
1478534106424,1.630000,1.620000,100,1.630000,100,1.240000,0.020000
1478534109452,1.630000,1.620000,100,1.630000,100,1.240000,0.020000
1478534111925,1.630000,1.620000,100,1.630000,100,1.240000,0.020000
1478534114426,1.630000,1.620000,100,1.630000,100,1.240000,0.020000
1478534116466,1.630000,1.620000,100,1.630000,100,1.240000,0.020000
1478534118931,1.630000,1.620000,100,1.630000,100,1.240000,0.020000
1478534120948,1.630000,1.620000,100,1.630000,100,1.240000,0.020000
1478534124453,1.630000,1.620000,100,1.630000,100,1.240000,0.020000
1478534126932,1.630000,1.620000,100,1.630000,100,1.240000,0.020000
1478534129932,1.630000,1.620000,100,1.630000,100,1.240000,0.020000
1478534132424,1.630000,1.620000,100,1.630000,100,1.240000,0.020000
1478534134943,1.630000,1.620000,100,1.630000,100,1.240000,0.020000
1478534136966,1.630000,1.620000,100,1.630000,100,1.240000,0.020000
1478534139441,1.630000,1.620000,100,1.630000,100,1.240000,0.020000
1478534141941,1.630000,1.620000,100,1.630000,100,1.240000,0.020000
1478534144440,1.630000,1.620000,100,1.630000,100,1.240000,0.020000
1478534146441,1.630000,1.620000,100,1.630000,100,1.240000,0.020000
1478534149466,1.630000,1.620000,100,1.630000,100,1.240000,0.020000
1478534151947,1.630000,1.620000,100,1.630000,100,1.240000,0.020000
1478534154454,1.630000,1.620000,100,1.630000,100,1.240000,0.020000
1478534156947,1.630000,1.620000,100,1.630000,100,1.240000,0.020000
1478534159439,1.630000,1.620000,100,1.630000,100,1.240000,0.020000
1478534161450,1.630000,1.620000,100,1.630000,100,1.240000,0.020000
1478534163461,1.630000,1.620000,100,1.630000,100,1.240000,0.020000
1478534167961,1.630000,1.620000,100,1.630000,100,1.240000,0.020000
1478534170442,1.630000,1.620000,100,1.630000,100,1.240000,0.020000
1478534172460,1.630000,1.620000,100,1.630000,100,1.240000,0.020000
1478534175459,1.630000,1.620000,100,1.630000,100,1.240000,0.020000
1478534177951,1.630000,1.620000,100,1.630000,100,1.240000,0.020000
1478534180476,1.630000,1.620000,100,1.630000,100,1.240000,0.020000
1478534183453,1.630000,1.620000,100,1.630000,100,1.240000,0.020000
1478534185949,1.630000,1.620000,100,1.630000,100,1.240000,0.020000
1478534188455,1.630000,1.620000,100,1.630000,100,1.240000,0.020000
1478534190962,1.630000,1.620000,100,1.630000,100,1.240000,0.020000
1478534192977,1.630000,1.620000,100,1.630000,100,1.240000,0.020000
1478534197508,1.630000,1.620000,100,1.630000,100,1.240000,0.020000
1478534200971,1.630000,1.620000,100,1.630000,100,1.240000,0.020000
1478534203953,1.630000,1.620000,100,1.630000,100,1.240000,0.020000
1478534205994,1.630000,1.620000,100,1.630000,100,1.240000,0.020000
1478534208499,1.630000,1.620000,100,1.630000,100,1.240000,0.020000
1478534211465,1.630000,1.620000,100,1.630000,100,1.240000,0.020000
1478534213978,1.630000,1.620000,100,1.630000,100,1.240000,0.020000
1478534214975,1.630000,1.620000,100,1.630000,100,1.240000,0.020000
1478534218468,1.630000,1.620000,100,1.630000,100,1.240000,0.020000
1478534221012,1.630000,1.620000,100,1.630000,100,1.240000,0.020000
1478534223964,1.630000,1.620000,100,1.630000,100,1.240000,0.020000
1478534226979,1.630000,1.620000,100,1.630000,100,1.240000,0.020000
1478534228977,1.630000,1.620000,100,1.630000,100,1.240000,0.020000
1478534231982,1.630000,1.620000,100,1.630000,100,1.240000,0.020000
1478534234488,1.630000,1.620000,100,1.630000,100,1.240000,0.020000
1478534236485,1.630000,1.620000,100,1.630000,100,1.240000,0.020000
1478534239479,1.630000,1.620000,100,1.630000,100,1.240000,0.020000
1478534241994,1.630000,1.620000,100,1.630000,100,1.240000,0.020000
1478534243986,1.630000,1.620000,100,1.630000,100,1.240000,0.020000
1478534246127,1.630000,1.620000,100,1.630000,100,1.240000,0.020000
1478534248889,1.630000,1.620000,100,1.630000,100,1.240000,0.020000
1478534251383,1.630000,1.620000,100,1.630000,100,1.240000,0.020000
1478534253876,1.630000,1.620000,100,1.630000,600,1.240000,0.020000
1478534255875,1.630000,1.620000,100,1.630000,600,1.240000,0.020000
1478534258880,1.630000,1.620000,100,1.630000,600,1.240000,0.020000
1478534261377,1.620000,1.620000,100,1.630000,600,0.620000,0.010000
1478534263888,1.620000,1.620000,100,1.630000,600,0.620000,0.010000
1478534266370,1.620000,1.620000,100,1.630000,600,0.620000,0.010000
1478534268882,1.620000,1.620000,100,1.630000,600,0.620000,0.010000
1478534272381,1.620000,1.620000,100,1.630000,600,0.620000,0.010000
1478534276386,1.620000,1.620000,100,1.630000,600,0.620000,0.010000
1478534280399,1.620000,1.620000,100,1.630000,600,0.620000,0.010000
1478534283385,1.630000,1.620000,100,1.630000,600,1.240000,0.020000
1478534286392,1.620700,1.620000,100,1.630000,100,0.660000,0.010700
1478534288890,1.620700,1.620000,100,1.630000,100,0.660000,0.010700
1478534290894,1.620700,1.620000,100,1.630000,100,0.660000,0.010700
1478534293423,1.620700,1.620000,100,1.630000,100,0.660000,0.010700
1478534295908,1.620700,1.620000,100,1.630000,100,0.660000,0.010700
1478534298406,1.620700,1.620000,100,1.630000,100,0.660000,0.010700
1478534300907,1.620700,1.620000,100,1.630000,100,0.660000,0.010700
1478534303398,1.620700,1.620000,100,1.630000,100,0.660000,0.010700
1478534305918,1.620700,1.620000,100,1.630000,100,0.660000,0.010700
1478534307430,1.620700,1.620000,100,1.630000,100,0.660000,0.010700
1478534309400,1.620700,1.620000,100,1.630000,100,0.660000,0.010700
1478534312906,1.620700,1.620000,100,1.630000,100,0.660000,0.010700
1478534314907,1.620700,1.620000,100,1.630000,100,0.660000,0.010700
1478534316402,1.620700,1.620000,100,1.630000,100,0.660000,0.010700
1478534319407,1.620700,1.620000,100,1.630000,100,0.660000,0.010700
1478534321943,1.620700,1.620000,100,1.630000,100,0.660000,0.010700
1478534324907,1.620700,1.620000,100,1.630000,100,0.660000,0.010700
1478534327900,1.620700,1.620000,100,1.630000,100,0.660000,0.010700
1478534330415,1.620700,1.620000,100,1.630000,100,0.660000,0.010700
1478534332413,1.620700,1.620000,100,1.630000,100,0.660000,0.010700
1478534336416,1.620700,1.620000,100,1.630000,100,0.660000,0.010700
1478534338417,1.620700,1.620000,100,1.630000,100,0.660000,0.010700
1478534340926,1.620700,1.620000,100,1.630000,100,0.660000,0.010700
1478534343414,1.620700,1.620000,100,1.630000,100,0.660000,0.010700
1478534345417,1.620700,1.620000,100,1.630000,100,0.660000,0.010700
1478534347435,1.620700,1.620000,100,1.630000,100,0.660000,0.010700
1478534350420,1.620700,1.620000,100,1.630000,100,0.660000,0.010700
1478534352426,1.620700,1.620000,100,1.630000,100,0.660000,0.010700
1478534355421,1.620700,1.620000,100,1.630000,100,0.660000,0.010700
1478534358465,1.620700,1.620000,100,1.630000,100,0.660000,0.010700
1478534360416,1.620700,1.620000,100,1.630000,100,0.660000,0.010700
1478534363425,1.620700,1.620000,100,1.630000,100,0.660000,0.010700
1478534365925,1.620700,1.620000,100,1.630000,100,0.660000,0.010700
1478534367924,1.620700,1.620000,100,1.630000,100,0.660000,0.010700
1478534370437,1.620700,1.620000,100,1.630000,100,0.660000,0.010700
1478534372930,1.620700,1.620000,100,1.630000,100,0.660000,0.010700
1478534374925,1.620700,1.620000,100,1.630000,100,0.660000,0.010700
1478534377433,1.620700,1.620000,100,1.630000,100,0.660000,0.010700
1478534379429,1.620700,1.620000,100,1.630000,100,0.660000,0.010700
1478534382934,1.620700,1.620000,100,1.630000,100,0.660000,0.010700
1478534385422,1.620700,1.620000,200,1.630000,100,0.660000,0.010700
1478534387431,1.620700,1.620000,200,1.630000,100,0.660000,0.010700
1478534389949,1.620700,1.620000,200,1.630000,100,0.660000,0.010700
1478534393444,1.620700,1.620000,200,1.630000,100,0.660000,0.010700
1478534395933,1.620700,1.620000,200,1.630000,100,0.660000,0.010700
1478534397440,1.620700,1.620000,200,1.630000,100,0.660000,0.010700
1478534400447,1.620700,1.620000,200,1.630000,100,0.660000,0.010700
1478534402470,1.620700,1.620000,200,1.630000,100,0.660000,0.010700
1478534405456,1.620700,1.620000,200,1.630000,100,0.660000,0.010700
1478534407964,1.620700,1.620000,200,1.630000,100,0.660000,0.010700
1478534410457,1.620700,1.620000,200,1.630000,100,0.660000,0.010700
1478534412947,1.620700,1.620000,200,1.630000,100,0.660000,0.010700
1478534415446,1.620700,1.620000,200,1.630000,100,0.660000,0.010700
1478534420455,1.620700,1.620000,200,1.630000,100,0.660000,0.010700
1478534423956,1.620700,1.620000,200,1.630000,100,0.660000,0.010700
1478534426456,1.620700,1.620000,200,1.630000,100,0.660000,0.010700
1478534428950,1.620700,1.620000,200,1.630000,100,0.660000,0.010700
1478534430953,1.620700,1.620000,200,1.630000,100,0.660000,0.010700
1478534432453,1.620700,1.620000,200,1.630000,100,0.660000,0.010700
1478534435479,1.620700,1.620000,200,1.630000,100,0.660000,0.010700
1478534437960,1.620700,1.620000,200,1.630000,100,0.660000,0.010700
1478534440490,1.620700,1.620000,200,1.630000,100,0.660000,0.010700
1478534442964,1.620700,1.620000,200,1.630000,100,0.660000,0.010700
1478534445454,1.620700,1.620000,200,1.630000,100,0.660000,0.010700
1478534447970,1.620700,1.620000,200,1.630000,100,0.660000,0.010700
1478534450486,1.620700,1.620000,200,1.630000,100,0.660000,0.010700
1478534455498,1.620700,1.620000,200,1.630000,100,0.660000,0.010700
1478534457964,1.620700,1.620000,200,1.630000,100,0.660000,0.010700
1478534460980,1.620700,1.620000,200,1.630000,100,0.660000,0.010700
1478534463468,1.620700,1.620000,200,1.630000,100,0.660000,0.010700
1478534466485,1.620700,1.620000,200,1.630000,100,0.660000,0.010700
1478534468982,1.620700,1.620000,200,1.630000,100,0.660000,0.010700
1478534470982,1.620700,1.620000,200,1.630000,100,0.660000,0.010700
1478534473494,1.620700,1.620000,200,1.630000,100,0.660000,0.010700
1478534475991,1.620700,1.620000,200,1.630000,100,0.660000,0.010700
1478534478519,1.620700,1.620000,200,1.630000,100,0.660000,0.010700
1478534481481,1.620700,1.620000,200,1.630000,100,0.660000,0.010700
1478534483988,1.620700,1.620000,200,1.630000,100,0.660000,0.010700
1478534486482,1.620700,1.620000,200,1.630000,100,0.660000,0.010700
1478534489020,1.620700,1.620000,200,1.630000,100,0.660000,0.010700
1478534491472,1.620700,1.620000,200,1.630000,100,0.660000,0.010700
1478534493872,1.620700,1.620000,200,1.630000,100,0.660000,0.010700
1478534496396,1.620700,1.620000,200,1.630000,100,0.660000,0.010700
1478534497373,1.620700,1.620000,200,1.630000,100,0.660000,0.010700
1478534500873,1.620700,1.620000,200,1.630000,100,0.660000,0.010700
1478534503376,1.620700,1.620000,200,1.630000,100,0.660000,0.010700
1478534505891,1.620700,1.620000,200,1.630000,100,0.660000,0.010700
1478534508378,1.620700,1.620000,200,1.630000,100,0.660000,0.010700
1478534510881,1.620700,1.620000,200,1.630000,100,0.660000,0.010700
1478534513890,1.620700,1.620000,200,1.630000,100,0.660000,0.010700
1478534515878,1.620700,1.620000,200,1.630000,100,0.660000,0.010700
1478534518390,1.620700,1.620000,200,1.630000,100,0.660000,0.010700
1478534519402,1.620700,1.620000,200,1.630000,100,0.660000,0.010700
1478534522889,1.620700,1.620000,200,1.630000,100,0.660000,0.010700
1478534524384,1.620700,1.620000,200,1.630000,100,0.660000,0.010700
1478534527888,1.620700,1.620000,200,1.630000,100,0.660000,0.010700
1478534531393,1.620700,1.620000,200,1.630000,100,0.660000,0.010700
1478534532916,1.620700,1.620000,200,1.630000,100,0.660000,0.010700
1478534535926,1.620700,1.620000,200,1.630000,100,0.660000,0.010700
1478534538401,1.620700,1.620000,200,1.630000,100,0.660000,0.010700
1478534540927,1.620700,1.620000,200,1.630000,100,0.660000,0.010700
1478534543399,1.620700,1.620000,200,1.630000,100,0.660000,0.010700
1478534545897,1.620700,1.620000,200,1.630000,100,0.660000,0.010700
1478534547896,1.620700,1.620000,200,1.630000,100,0.660000,0.010700
1478534551392,1.620700,1.620000,200,1.630000,100,0.660000,0.010700
1478534553898,1.620700,1.620000,200,1.630000,100,0.660000,0.010700
1478534556909,1.620700,1.620000,200,1.630000,100,0.660000,0.010700
1478534559401,1.620700,1.620000,200,1.630000,100,0.660000,0.010700
1478534560903,1.620700,1.620000,200,1.630000,100,0.660000,0.010700
1478534563901,1.620700,1.620000,200,1.630000,100,0.660000,0.010700
1478534567446,1.620700,1.620000,200,1.630000,100,0.660000,0.010700
1478534569407,1.620700,1.620000,200,1.630000,100,0.660000,0.010700
1478534571914,1.620700,1.620000,200,1.630000,100,0.660000,0.010700
1478534573449,1.620700,1.620000,200,1.630000,100,0.660000,0.010700
1478534576416,1.620700,1.620000,200,1.630000,100,0.660000,0.010700
1478534580411,1.620700,1.620000,200,1.630000,100,0.660000,0.010700
1478534584416,1.620700,1.620000,200,1.630000,100,0.660000,0.010700
1478534586919,1.620700,1.620000,200,1.630000,100,0.660000,0.010700
1478534588907,1.620700,1.620000,200,1.630000,100,0.660000,0.010700
1478534591911,1.620700,1.620000,200,1.630000,100,0.660000,0.010700
1478534593925,1.620700,1.620000,200,1.630000,100,0.660000,0.010700
1478534596422,1.620700,1.620000,200,1.630000,100,0.660000,0.010700
1478534598912,1.620700,1.620000,200,1.630000,100,0.660000,0.010700
1478534601415,1.620700,1.620000,200,1.630000,100,0.660000,0.010700
1478534603923,1.620700,1.620000,200,1.630000,100,0.660000,0.010700
1478534606427,1.620700,1.620000,200,1.630000,100,0.660000,0.010700
1478534608990,1.620700,1.620000,200,1.630000,100,0.660000,0.010700
1478534610451,1.620700,1.620000,200,1.630000,100,0.660000,0.010700
1478534614430,1.620700,1.620000,200,1.630000,100,0.660000,0.010700
1478534617425,1.620700,1.620000,200,1.630000,100,0.660000,0.010700
1478534620426,1.620700,1.620000,200,1.630000,100,0.660000,0.010700
1478534621456,1.620700,1.620000,200,1.630000,100,0.660000,0.010700
1478534625933,1.620700,1.620000,200,1.630000,100,0.660000,0.010700
1478534628938,1.620700,1.620000,200,1.630000,100,0.660000,0.010700
1478534631432,1.620700,1.620000,200,1.630000,100,0.660000,0.010700
1478534633441,1.620700,1.620000,200,1.630000,100,0.660000,0.010700
1478534636468,1.620700,1.620000,200,1.630000,100,0.660000,0.010700
1478534639436,1.620700,1.620000,200,1.630000,100,0.660000,0.010700
1478534641939,1.620700,1.620000,200,1.630000,100,0.660000,0.010700
1478534644480,1.620700,1.620000,200,1.630000,100,0.660000,0.010700
1478534646943,1.620700,1.620000,200,1.630000,100,0.660000,0.010700
1478534648453,1.620700,1.620000,200,1.630000,100,0.660000,0.010700
1478534651984,1.620700,1.620000,200,1.630000,100,0.660000,0.010700
1478534653930,1.620700,1.620000,200,1.630000,100,0.660000,0.010700
1478534656450,1.620700,1.620000,200,1.630000,100,0.660000,0.010700
1478534658946,1.620700,1.620000,200,1.630000,100,0.660000,0.010700
1478534661444,1.620700,1.620000,200,1.630000,100,0.660000,0.010700
1478534664453,1.620700,1.620000,200,1.630000,100,0.660000,0.010700
1478534666447,1.620700,1.620000,200,1.630000,100,0.660000,0.010700
1478534669451,1.620700,1.620000,200,1.630000,100,0.660000,0.010700
1478534671970,1.620700,1.620000,200,1.630000,100,0.660000,0.010700
1478534674964,1.620700,1.620000,200,1.630000,100,0.660000,0.010700
1478534675958,1.620700,1.620000,200,1.630000,100,0.660000,0.010700
1478534680473,1.620700,1.620000,200,1.630000,100,0.660000,0.010700
1478534683465,1.620700,1.620000,200,1.630000,100,0.660000,0.010700
1478534685960,1.620700,1.620000,200,1.630000,100,0.660000,0.010700
1478534688455,1.620700,1.620000,200,1.630000,100,0.660000,0.010700
1478534690458,1.620700,1.620000,200,1.630000,100,0.660000,0.010700
1478534692985,1.620700,1.620000,200,1.630000,100,0.660000,0.010700
1478534694970,1.620700,1.620000,200,1.630000,100,0.660000,0.010700
1478534698455,1.620700,1.620000,200,1.630000,100,0.660000,0.010700
1478534700959,1.620700,1.620000,200,1.630000,100,0.660000,0.010700
1478534703513,1.620700,1.620000,200,1.630000,100,0.660000,0.010700
1478534708470,1.620700,1.620000,200,1.630000,100,0.660000,0.010700
1478534710491,1.620700,1.620000,200,1.630000,100,0.660000,0.010700
1478534713477,1.620700,1.620000,200,1.630000,100,0.660000,0.010700
1478534715973,1.620700,1.620000,200,1.630000,100,0.660000,0.010700
1478534718516,1.620700,1.620000,200,1.630000,100,0.660000,0.010700
1478534720971,1.620700,1.620000,200,1.630000,100,0.660000,0.010700
1478534723507,1.620700,1.620000,200,1.630000,100,0.660000,0.010700
1478534725987,1.620700,1.620000,200,1.630000,100,0.660000,0.010700
1478534728978,1.620700,1.620000,200,1.630000,100,0.660000,0.010700
1478534730976,1.620700,1.620000,200,1.630000,100,0.660000,0.010700
1478534733522,1.620700,1.620000,200,1.630000,100,0.660000,0.010700
1478534735472,1.620700,1.620000,200,1.630000,100,0.660000,0.010700
1478534739369,1.620700,1.620000,200,1.630000,100,0.660000,0.010700
1478534742869,1.620700,1.620000,200,1.630000,100,0.660000,0.010700
1478534745873,1.620700,1.620000,200,1.630000,100,0.660000,0.010700
1478534748377,1.620700,1.620000,200,1.630000,100,0.660000,0.010700
1478534750897,1.620700,1.620000,200,1.630000,100,0.660000,0.010700
1478534752898,1.620700,1.620000,200,1.630000,100,0.660000,0.010700
1478534755881,1.620700,1.620000,200,1.630000,100,0.660000,0.010700
1478534757384,1.620700,1.620000,200,1.630000,100,0.660000,0.010700
1478534760878,1.620700,1.620000,200,1.630000,100,0.660000,0.010700
1478534763380,1.620700,1.620000,200,1.630000,100,0.660000,0.010700
1478534764887,1.620700,1.620000,200,1.630000,100,0.660000,0.010700
1478534768400,1.620700,1.620000,200,1.630000,100,0.660000,0.010700
1478534770381,1.620700,1.620000,200,1.630000,100,0.660000,0.010700
1478534772886,1.620700,1.620000,200,1.630000,100,0.660000,0.010700
1478534775383,1.620700,1.620000,200,1.630000,100,0.660000,0.010700
1478534778389,1.620700,1.620000,200,1.630000,100,0.660000,0.010700
1478534780910,1.620700,1.620000,200,1.630000,100,0.660000,0.010700
1478534783388,1.620700,1.620000,200,1.630000,100,0.660000,0.010700
1478534786393,1.620700,1.620000,200,1.630000,100,0.660000,0.010700
1478534789395,1.620700,1.620000,200,1.630000,100,0.660000,0.010700
1478534792396,1.620700,1.620000,200,1.630000,100,0.660000,0.010700
1478534795410,1.620700,1.620000,200,1.630000,100,0.660000,0.010700
1478534796390,1.620700,1.620000,200,1.630000,100,0.660000,0.010700
1478534798898,1.620700,1.620000,200,1.630000,100,0.660000,0.010700
1478534802406,1.620700,1.620000,200,1.630000,100,0.660000,0.010700
1478534804436,1.620700,1.620000,200,1.630000,100,0.660000,0.010700
1478534807925,1.620700,1.620000,200,1.630000,100,0.660000,0.010700
1478534809909,1.620700,1.620000,200,1.630000,100,0.660000,0.010700
1478534812911,1.620700,1.620000,200,1.630000,100,0.660000,0.010700
1478534814406,1.620700,1.620000,200,1.630000,100,0.660000,0.010700
1478534817405,1.620700,1.620000,200,1.630000,100,0.660000,0.010700
1478534819968,1.620700,1.620000,200,1.630000,100,0.660000,0.010700
1478534821923,1.620700,1.620000,200,1.630000,100,0.660000,0.010700
1478534824407,1.620700,1.620000,200,1.630000,100,0.660000,0.010700
1478534826911,1.620700,1.620000,200,1.630000,100,0.660000,0.010700
1478534828949,1.620700,1.620000,200,1.630000,100,0.660000,0.010700
1478534831957,1.620700,1.620000,200,1.630000,100,0.660000,0.010700
1478534834430,1.620700,1.620000,200,1.630000,100,0.660000,0.010700
1478534836442,1.630000,1.620000,100,1.630000,100,1.240000,0.020000
1478534838923,1.630000,1.620000,100,1.630000,100,1.240000,0.020000
1478534841921,1.630000,1.620000,100,1.630000,100,1.240000,0.020000
1478534844417,1.630000,1.620000,100,1.630000,100,1.240000,0.020000
1478534846958,1.630000,1.620000,100,1.630000,100,1.240000,0.020000
1478534848982,1.630000,1.620000,100,1.630000,100,1.240000,0.020000
1478534851427,1.630000,1.620000,100,1.630000,100,1.240000,0.020000
1478534854925,1.630000,1.620000,100,1.630000,100,1.240000,0.020000
1478534857922,1.630000,1.620000,100,1.630000,100,1.240000,0.020000
1478534860434,1.630000,1.620000,100,1.630000,100,1.240000,0.020000
1478534862966,1.630000,1.620000,100,1.630000,100,1.240000,0.020000
1478534865026,1.630000,1.620000,100,1.630000,100,1.240000,0.020000
1478534867456,1.630000,1.620000,100,1.630000,100,1.240000,0.020000
1478534869930,1.630000,1.620000,100,1.630000,100,1.240000,0.020000
1478534872434,1.630000,1.620000,100,1.630000,100,1.240000,0.020000
1478534874432,1.630000,1.620000,100,1.630000,100,1.240000,0.020000
1478534876434,1.630000,1.620000,100,1.630000,100,1.240000,0.020000
1478534879998,1.630000,1.620000,100,1.630000,100,1.240000,0.020000
1478534881942,1.630000,1.620000,100,1.630000,100,1.240000,0.020000
1478534884946,1.630000,1.620000,100,1.630000,100,1.240000,0.020000
1478534886938,1.630000,1.620000,100,1.630000,100,1.240000,0.020000
1478534888962,1.630000,1.620000,100,1.630000,100,1.240000,0.020000
1478534891437,1.630000,1.620000,100,1.630000,100,1.240000,0.020000
1478534894464,1.630000,1.620000,100,1.630000,100,1.240000,0.020000
1478534896945,1.630000,1.620000,100,1.630000,100,1.240000,0.020000
1478534900985,1.630000,1.620000,100,1.630000,100,1.240000,0.020000
1478534903448,1.630000,1.620000,100,1.630000,100,1.240000,0.020000
1478534905450,1.630000,1.620000,100,1.630000,100,1.240000,0.020000
1478534908460,1.630000,1.620000,100,1.630000,100,1.240000,0.020000
1478534910450,1.630000,1.620000,100,1.630000,100,1.240000,0.020000
1478534912948,1.630000,1.620000,100,1.630000,100,1.240000,0.020000
1478534914956,1.630000,1.620000,100,1.630000,100,1.240000,0.020000
1478534917966,1.630000,1.620000,100,1.630000,100,1.240000,0.020000
1478534920469,1.630000,1.620000,100,1.630000,100,1.240000,0.020000
1478534921994,1.630000,1.620000,100,1.630000,100,1.240000,0.020000
1478534924958,1.630000,1.620000,100,1.630000,100,1.240000,0.020000
1478534927485,1.630000,1.620000,100,1.630000,100,1.240000,0.020000
1478534929959,1.630000,1.620000,100,1.630000,100,1.240000,0.020000
1478534932461,1.630000,1.620000,100,1.630000,100,1.240000,0.020000
1478534935490,1.630000,1.620000,100,1.630000,100,1.240000,0.020000
1478534937480,1.630000,1.620000,100,1.630000,100,1.240000,0.020000
1478534939474,1.630000,1.620000,100,1.630000,100,1.240000,0.020000
1478534942467,1.630000,1.620000,100,1.630000,100,1.240000,0.020000
1478534943967,1.630000,1.620000,100,1.630000,100,1.240000,0.020000
1478534946968,1.630000,1.620000,100,1.630000,100,1.240000,0.020000
1478534948004,1.630000,1.620000,100,1.630000,100,1.240000,0.020000
1478534952486,1.630000,1.620000,100,1.630000,100,1.240000,0.020000
1478534954980,1.630000,1.620000,100,1.630000,100,1.240000,0.020000
1478534957472,1.630000,1.620000,100,1.630000,100,1.240000,0.020000
1478534959488,1.630000,1.620000,100,1.630000,100,1.240000,0.020000
1478534961474,1.630000,1.620000,100,1.630000,100,1.240000,0.020000
1478534964483,1.630000,1.620000,100,1.630000,100,1.240000,0.020000
1478534967485,1.630000,1.620000,100,1.630000,100,1.240000,0.020000
1478534969970,1.630000,1.620000,100,1.630000,100,1.240000,0.020000
1478534972479,1.630000,1.620000,100,1.630000,100,1.240000,0.020000
1478534974986,1.630000,1.620000,100,1.630000,100,1.240000,0.020000
1478534977477,1.630000,1.620000,100,1.630000,100,1.240000,0.020000
1478534979535,1.630000,1.620000,100,1.630000,100,1.240000,0.020000
1478534982491,1.630000,1.620000,100,1.630000,100,1.240000,0.020000
1478534984988,1.630000,1.620000,100,1.630000,100,1.240000,0.020000
1478534986996,1.630000,1.620000,100,1.630000,100,1.240000,0.020000
1478534989373,1.630000,1.620000,100,1.630000,100,1.240000,0.020000
1478534991890,1.630000,1.620000,100,1.630000,100,1.240000,0.020000
1478534994374,1.630000,1.620000,100,1.630000,100,1.240000,0.020000
1478534996906,1.630000,1.620000,100,1.630000,100,1.240000,0.020000
1478534999908,1.630000,1.620000,100,1.630000,100,1.240000,0.020000
1478535002910,1.630000,1.620000,100,1.630000,100,1.240000,0.020000
1478535005385,1.630000,1.620000,100,1.630000,100,1.240000,0.020000
1478535007880,1.630000,1.620000,100,1.630000,100,1.240000,0.020000
1478535010880,1.630000,1.620000,100,1.630000,100,1.240000,0.020000
1478535012883,1.630000,1.620000,100,1.630000,100,1.240000,0.020000
1478535014919,1.630000,1.620000,100,1.630000,100,1.240000,0.020000
1478535018387,1.630000,1.620000,100,1.630000,100,1.240000,0.020000
1478535019891,1.630000,1.620000,100,1.630000,100,1.240000,0.020000
1478535022924,1.630000,1.620000,100,1.630000,100,1.240000,0.020000
1478535024377,1.630000,1.620000,100,1.630000,100,1.240000,0.020000
1478535027392,1.630000,1.620000,100,1.630000,100,1.240000,0.020000
1478535029893,1.630000,1.620000,100,1.630000,100,1.240000,0.020000
1478535032426,1.630000,1.620000,100,1.630000,100,1.240000,0.020000
1478535036423,1.630000,1.620000,100,1.630000,100,1.240000,0.020000
1478535038428,1.630000,1.620000,100,1.630000,100,1.240000,0.020000
1478535041902,1.630000,1.620000,100,1.630000,100,1.240000,0.020000
1478535043900,1.630000,1.620000,100,1.630000,100,1.240000,0.020000
1478535046898,1.630000,1.620000,100,1.630000,100,1.240000,0.020000
1478535048916,1.630000,1.620000,100,1.630000,100,1.240000,0.020000
1478535051402,1.630000,1.620000,100,1.630000,100,1.240000,0.020000
1478535053902,1.630000,1.620000,100,1.630000,100,1.240000,0.020000
1478535056399,1.630000,1.620000,100,1.630000,100,1.240000,0.020000
1478535058411,1.630000,1.620000,100,1.630000,100,1.240000,0.020000
1478535060907,1.630000,1.620000,100,1.630000,100,1.240000,0.020000
1478535064963,1.630000,1.620000,100,1.630000,100,1.240000,0.020000
1478535066412,1.630000,1.620000,100,1.630000,100,1.240000,0.020000
1478535069412,1.630000,1.620000,100,1.630000,100,1.240000,0.020000
1478535072407,1.630000,1.620000,100,1.630000,100,1.240000,0.020000
1478535074913,1.630000,1.620000,100,1.630000,100,1.240000,0.020000
1478535077410,1.630000,1.620000,100,1.630000,100,1.240000,0.020000
1478535079421,1.630000,1.620000,100,1.630000,100,1.240000,0.020000
1478535081917,1.630000,1.620000,100,1.630000,100,1.240000,0.020000
1478535084912,1.630000,1.620000,100,1.630000,100,1.240000,0.020000
1478535086916,1.630000,1.620000,100,1.630000,100,1.240000,0.020000
1478535089427,1.630000,1.620000,100,1.630000,100,1.240000,0.020000
1478535091931,1.630000,1.620000,100,1.630000,100,1.240000,0.020000
1478535095916,1.630000,1.620000,100,1.630000,100,1.240000,0.020000
1478535098924,1.630000,1.620000,100,1.630000,100,1.240000,0.020000
1478535100423,1.630000,1.620000,100,1.630000,100,1.240000,0.020000
1478535103937,1.630000,1.620000,100,1.630000,100,1.240000,0.020000
1478535106447,1.630000,1.620000,100,1.630000,100,1.240000,0.020000
1478535109433,1.630000,1.620000,100,1.630000,100,1.240000,0.020000
1478535111939,1.630000,1.620000,100,1.630000,100,1.240000,0.020000
1478535114429,1.630000,1.620000,100,1.630000,100,1.240000,0.020000
1478535116970,1.630000,1.620000,100,1.630000,100,1.240000,0.020000
1478535119441,1.630000,1.620000,100,1.630000,100,1.240000,0.020000
1478535121939,1.630000,1.620000,100,1.630000,100,1.240000,0.020000
1478535123931,1.630000,1.620000,100,1.630000,100,1.240000,0.020000
1478535126435,1.630000,1.620000,100,1.630000,100,1.240000,0.020000
1478535129444,1.630000,1.620000,100,1.630000,100,1.240000,0.020000
1478535131438,1.630000,1.620000,100,1.630000,100,1.240000,0.020000
1478535133482,1.630000,1.620000,100,1.630000,100,1.240000,0.020000
1478535135474,1.630000,1.620000,100,1.630000,100,1.240000,0.020000
1478535137944,1.630000,1.620000,100,1.630000,100,1.240000,0.020000
1478535140443,1.630000,1.620000,100,1.630000,100,1.240000,0.020000
1478535142953,1.630000,1.620000,100,1.630000,100,1.240000,0.020000
1478535144946,1.630000,1.620000,100,1.630000,100,1.240000,0.020000
1478535147968,1.630000,1.620000,100,1.630000,100,1.240000,0.020000
1478535149973,1.630000,1.620000,100,1.630000,100,1.240000,0.020000
1478535152444,1.630000,1.620000,100,1.630000,100,1.240000,0.020000
1478535154952,1.630000,1.620000,100,1.630000,100,1.240000,0.020000
1478535157440,1.630000,1.620000,100,1.630000,100,1.240000,0.020000
1478535160454,1.630000,1.620000,100,1.630000,100,1.240000,0.020000
1478535162967,1.630000,1.620000,100,1.630000,100,1.240000,0.020000
1478535165455,1.630000,1.620000,100,1.630000,100,1.240000,0.020000
1478535167954,1.630000,1.620000,100,1.630000,100,1.240000,0.020000
1478535169963,1.630000,1.620000,100,1.630000,100,1.240000,0.020000
1478535172437,1.630000,1.620000,100,1.630000,100,1.240000,0.020000
1478535174458,1.630000,1.620000,100,1.630000,100,1.240000,0.020000
1478535177456,1.630000,1.620000,100,1.630000,100,1.240000,0.020000
1478535179066,1.630000,1.620000,100,1.630000,100,1.240000,0.020000
1478535182963,1.630000,1.620000,100,1.630000,100,1.240000,0.020000
1478535185460,1.630000,1.620000,100,1.630000,100,1.240000,0.020000
1478535187964,1.630000,1.620000,100,1.630000,100,1.240000,0.020000
1478535190981,1.630000,1.620000,100,1.630000,100,1.240000,0.020000
1478535193470,1.630000,1.620000,100,1.630000,100,1.240000,0.020000
1478535195971,1.630000,1.620000,100,1.630000,100,1.240000,0.020000
1478535200472,1.630000,1.620000,100,1.630000,100,1.240000,0.020000
1478535202473,1.630000,1.620000,100,1.630000,100,1.240000,0.020000
1478535204966,1.630000,1.620000,100,1.630000,100,1.240000,0.020000
1478535208005,1.630000,1.620000,100,1.630000,100,1.240000,0.020000
1478535210477,1.630000,1.620000,100,1.630000,100,1.240000,0.020000
1478535213486,1.630000,1.620000,100,1.630000,100,1.240000,0.020000
1478535215987,1.630000,1.620000,100,1.630000,100,1.240000,0.020000
1478535218479,1.630000,1.620000,100,1.630000,100,1.240000,0.020000
1478535220962,1.630000,1.620000,100,1.630000,100,1.240000,0.020000
1478535224967,1.630000,1.620000,100,1.630000,100,1.240000,0.020000
1478535227473,1.630000,1.620000,100,1.630000,100,1.240000,0.020000
1478535228990,1.630000,1.620000,100,1.630000,100,1.240000,0.020000
1478535231982,1.630000,1.620000,100,1.630000,100,1.240000,0.020000
1478535234370,1.630000,1.620000,100,1.630000,100,1.240000,0.020000
1478535236891,1.630000,1.620000,100,1.630000,100,1.240000,0.020000
1478535238872,1.630000,1.620000,100,1.630000,100,1.240000,0.020000
1478535241873,1.630000,1.620000,100,1.630000,100,1.240000,0.020000
1478535244375,1.630000,1.620000,100,1.630000,100,1.240000,0.020000
1478535246876,1.630000,1.620000,100,1.630000,100,1.240000,0.020000
1478535248378,1.630000,1.620000,100,1.630000,100,1.240000,0.020000
1478535250378,1.630000,1.620000,100,1.630000,100,1.240000,0.020000
1478535254381,1.630000,1.620000,100,1.630000,100,1.240000,0.020000
1478535257387,1.630000,1.620000,100,1.630000,100,1.240000,0.020000
1478535259882,1.630000,1.620000,100,1.630000,100,1.240000,0.020000
1478535262388,1.630000,1.620000,100,1.630000,100,1.240000,0.020000
1478535264428,1.630000,1.620000,100,1.630000,100,1.240000,0.020000
1478535267424,1.630000,1.620000,100,1.630000,100,1.240000,0.020000
1478535268389,1.630000,1.620000,100,1.630000,100,1.240000,0.020000
1478535272393,1.630000,1.620000,100,1.630000,100,1.240000,0.020000
1478535275391,1.630000,1.620000,100,1.630000,100,1.240000,0.020000
1478535278392,1.630000,1.620000,100,1.630000,100,1.240000,0.020000
1478535280907,1.630000,1.620000,100,1.630000,100,1.240000,0.020000
1478535283393,1.630000,1.620000,100,1.630000,100,1.240000,0.020000
1478535285398,1.630000,1.620000,100,1.630000,100,1.240000,0.020000
1478535288904,1.630000,1.620000,100,1.630000,100,1.240000,0.020000
1478535291398,1.630000,1.620000,100,1.630000,100,1.240000,0.020000
1478535293424,1.630000,1.620000,100,1.630000,100,1.240000,0.020000
1478535295904,1.630000,1.620000,100,1.630000,100,1.240000,0.020000
1478535297900,1.630000,1.620000,100,1.630000,100,1.240000,0.020000
1478535300908,1.630000,1.620000,100,1.630000,100,1.240000,0.020000
1478535302937,1.630000,1.620000,100,1.630000,100,1.240000,0.020000
1478535305403,1.630000,1.620000,100,1.630000,100,1.240000,0.020000
1478535306913,1.630000,1.620000,100,1.630000,100,1.240000,0.020000
1478535310934,1.630000,1.620000,100,1.630000,100,1.240000,0.020000
1478535314412,1.630000,1.620000,100,1.630000,100,1.240000,0.020000
1478535316904,1.630000,1.620000,100,1.630000,100,1.240000,0.020000
1478535319413,1.630000,1.620000,100,1.630000,100,1.240000,0.020000
1478535321914,1.630000,1.620000,100,1.630000,100,1.240000,0.020000
1478535323933,1.630000,1.620000,100,1.630000,100,1.240000,0.020000
1478535327915,1.630000,1.620000,100,1.630000,100,1.240000,0.020000
1478535329915,1.630000,1.620000,100,1.630000,100,1.240000,0.020000
1478535332415,1.630000,1.620000,100,1.630000,100,1.240000,0.020000
1478535335453,1.630000,1.620000,100,1.630000,100,1.240000,0.020000
1478535337921,1.630000,1.620000,100,1.630000,100,1.240000,0.020000
1478535339439,1.630000,1.620000,100,1.630000,100,1.240000,0.020000
1478535342923,1.630000,1.620000,100,1.630000,100,1.240000,0.020000
1478535345419,1.630000,1.620000,100,1.630000,100,1.240000,0.020000
1478535346920,1.630000,1.620000,100,1.630000,100,1.240000,0.020000
1478535350454,1.630000,1.620000,100,1.630000,100,1.240000,0.020000
1478535352439,1.630000,1.620000,100,1.630000,100,1.240000,0.020000
1478535355466,1.630000,1.620000,100,1.630000,100,1.240000,0.020000
1478535357921,1.630000,1.620000,100,1.630000,100,1.240000,0.020000
1478535360429,1.630000,1.620000,100,1.630000,100,1.240000,0.020000
1478535363431,1.630000,1.620000,100,1.630000,100,1.240000,0.020000
1478535365938,1.630000,1.620000,100,1.630000,100,1.240000,0.020000
1478535368443,1.630000,1.620000,100,1.630000,100,1.240000,0.020000
1478535370466,1.630000,1.620000,100,1.630000,100,1.240000,0.020000
1478535373434,1.630000,1.620000,100,1.630000,100,1.240000,0.020000
1478535375927,1.630000,1.620000,100,1.630000,100,1.240000,0.020000
1478535378432,1.630000,1.620000,100,1.630000,100,1.240000,0.020000
1478535380436,1.630000,1.620000,100,1.630000,100,1.240000,0.020000
1478535382983,1.630000,1.620000,100,1.630000,100,1.240000,0.020000
1478535385923,1.630000,1.620000,100,1.630000,100,1.240000,0.020000
1478535388428,1.630000,1.620000,100,1.630000,100,1.240000,0.020000
1478535390428,1.630000,1.620000,100,1.630000,100,1.240000,0.020000
1478535392940,1.630000,1.620000,100,1.630000,100,1.240000,0.020000
1478535396471,1.630000,1.620000,100,1.630000,100,1.240000,0.020000
1478535398950,1.630000,1.620000,100,1.630000,100,1.240000,0.020000
1478535401442,1.630000,1.620000,100,1.630000,100,1.240000,0.020000
1478535403950,1.630000,1.620000,100,1.630000,100,1.240000,0.020000
1478535406447,1.630000,1.620000,100,1.630000,100,1.240000,0.020000
1478535408940,1.630000,1.620000,100,1.630000,100,1.240000,0.020000
1478535411437,1.630000,1.620000,100,1.630000,100,1.240000,0.020000
1478535413464,1.630000,1.620000,100,1.630000,100,1.240000,0.020000
1478535415950,1.630000,1.620000,100,1.630000,100,1.240000,0.020000
1478535418457,1.630000,1.620000,100,1.630000,100,1.240000,0.020000
1478535420454,1.630000,1.620000,100,1.630000,100,1.240000,0.020000
1478535422959,1.630000,1.620000,100,1.630000,100,1.240000,0.020000
1478535424462,1.630000,1.620000,100,1.630000,100,1.240000,0.020000
1478535427990,1.630000,1.620000,100,1.630000,100,1.240000,0.020000
1478535429958,1.630000,1.620000,100,1.630000,100,1.240000,0.020000
1478535431952,1.630000,1.620000,100,1.630000,100,1.240000,0.020000
1478535434961,1.630000,1.620000,100,1.630000,100,1.240000,0.020000
1478535437464,1.630000,1.620000,100,1.630000,100,1.240000,0.020000
1478535439967,1.630000,1.620000,100,1.630000,100,1.240000,0.020000
1478535441993,1.630000,1.620000,100,1.630000,100,1.240000,0.020000
1478535444450,1.630000,1.620000,100,1.630000,100,1.240000,0.020000
1478535446953,1.630000,1.620000,100,1.630000,100,1.240000,0.020000
1478535449469,1.630000,1.620000,100,1.630000,100,1.240000,0.020000
1478535451461,1.630000,1.620000,100,1.630000,100,1.240000,0.020000
1478535453961,1.630000,1.620000,100,1.630000,100,1.240000,0.020000
1478535456458,1.630000,1.620000,100,1.630000,100,1.240000,0.020000
1478535459004,1.630000,1.620000,100,1.630000,100,1.240000,0.020000
1478535460964,1.630000,1.620000,100,1.630000,100,1.240000,0.020000
1478535463458,1.630000,1.620000,100,1.630000,100,1.240000,0.020000
1478535467460,1.630000,1.620000,100,1.630000,100,1.240000,0.020000
1478535469968,1.630000,1.620000,100,1.630000,100,1.240000,0.020000
1478535471470,1.630000,1.620000,100,1.630000,100,1.240000,0.020000
1478535474477,1.630000,1.620000,100,1.630000,100,1.240000,0.020000
1478535477468,1.630000,1.620000,100,1.630000,100,1.240000,0.020000
1478535479981,1.630000,1.620000,100,1.630000,100,1.240000,0.020000
1478535482978,1.630000,1.620000,100,1.630000,100,1.240000,0.020000
1478535485869,1.630000,1.620000,100,1.630000,100,1.240000,0.020000
1478535488388,1.630000,1.620000,100,1.630000,100,1.240000,0.020000
1478535490875,1.630000,1.620000,100,1.630000,100,1.240000,0.020000
1478535493372,1.630000,1.620000,100,1.630000,100,1.240000,0.020000
1478535495874,1.630000,1.620000,100,1.630000,100,1.240000,0.020000
1478535498374,1.630000,1.620000,100,1.630000,100,1.240000,0.020000
1478535500375,1.630000,1.620000,100,1.630000,100,1.240000,0.020000
1478535501876,1.630000,1.620000,100,1.630000,100,1.240000,0.020000
1478535505371,1.630000,1.620000,100,1.630000,100,1.240000,0.020000
1478535507877,1.630000,1.620000,100,1.630000,100,1.240000,0.020000
1478535510380,1.630000,1.620000,100,1.630000,100,1.240000,0.020000
1478535512876,1.630000,1.620000,100,1.630000,100,1.240000,0.020000
1478535515382,1.630000,1.620000,100,1.630000,100,1.240000,0.020000
1478535517885,1.630000,1.620000,100,1.630000,100,1.240000,0.020000
1478535521396,1.630000,1.620000,100,1.630000,100,1.240000,0.020000
1478535524386,1.630000,1.620000,100,1.630000,100,1.240000,0.020000
1478535526387,1.630000,1.620000,100,1.630000,100,1.240000,0.020000
1478535528889,1.630000,1.620000,100,1.630000,100,1.240000,0.020000
1478535531426,1.630000,1.620000,100,1.630000,100,1.240000,0.020000
1478535533388,1.630000,1.620000,100,1.630000,100,1.240000,0.020000
1478535535894,1.630000,1.620000,100,1.630000,100,1.240000,0.020000
1478535538389,1.630000,1.620000,100,1.630000,100,1.240000,0.020000
1478535540897,1.630000,1.620000,100,1.630000,100,1.240000,0.020000
1478535542898,1.630000,1.620000,100,1.630000,100,1.240000,0.020000
1478535545898,1.630000,1.620000,100,1.630000,100,1.240000,0.020000
1478535548403,1.630000,1.620000,100,1.630000,100,1.240000,0.020000
1478535550400,1.630000,1.620000,100,1.630000,100,1.240000,0.020000
1478535552898,1.630000,1.620000,100,1.630000,100,1.240000,0.020000
1478535554897,1.630000,1.620000,100,1.630000,100,1.240000,0.020000
1478535557406,1.630000,1.620000,100,1.630000,100,1.240000,0.020000
1478535559434,1.630000,1.620000,100,1.630000,100,1.240000,0.020000
1478535561908,1.630000,1.620000,100,1.630000,100,1.240000,0.020000
1478535564894,1.630000,1.620000,100,1.630000,100,1.240000,0.020000
1478535567405,1.630000,1.620000,100,1.630000,100,1.240000,0.020000
1478535569905,1.630000,1.620000,100,1.630000,100,1.240000,0.020000
1478535572413,1.630000,1.620000,100,1.630000,100,1.240000,0.020000
1478535573408,1.630000,1.620000,100,1.630000,100,1.240000,0.020000
1478535577943,1.630000,1.620000,100,1.630000,100,1.240000,0.020000
1478535580947,1.630000,1.620000,100,1.630000,100,1.240000,0.020000
1478535583943,1.630000,1.620000,100,1.630000,100,1.240000,0.020000
1478535586963,1.630000,1.620000,100,1.630000,100,1.240000,0.020000
1478535588417,1.630000,1.620000,100,1.630000,100,1.240000,0.020000
1478535592416,1.630000,1.620000,100,1.630000,100,1.240000,0.020000
1478535594919,1.630000,1.620000,100,1.630000,100,1.240000,0.020000
1478535597430,1.630000,1.620000,100,1.630000,100,1.240000,0.020000
1478535599926,1.630000,1.620000,100,1.630000,100,1.240000,0.020000
1478535601964,1.630000,1.620000,100,1.630000,100,1.240000,0.020000
1478535603428,1.630000,1.620000,100,1.630000,100,1.240000,0.020000
1478535606926,1.630000,1.620000,100,1.630000,100,1.240000,0.020000
1478535609938,1.630000,1.620000,100,1.630000,100,1.240000,0.020000
1478535612927,1.630000,1.620000,100,1.630000,100,1.240000,0.020000
1478535616441,1.630000,1.620000,100,1.630000,100,1.240000,0.020000
1478535618428,1.630000,1.620000,100,1.630000,100,1.240000,0.020000
1478535620461,1.630000,1.620000,100,1.630000,100,1.240000,0.020000
1478535623441,1.630000,1.620000,100,1.630000,100,1.240000,0.020000
1478535626931,1.630000,1.620000,100,1.630000,100,1.240000,0.020000
1478535629944,1.630000,1.620000,100,1.630000,100,1.240000,0.020000
1478535632939,1.630000,1.620000,100,1.630000,100,1.240000,0.020000
1478535635443,1.630000,1.620000,100,1.630000,100,1.240000,0.020000
1478535637949,1.630000,1.620000,100,1.630000,100,1.240000,0.020000
1478535640440,1.630000,1.620000,100,1.630000,100,1.240000,0.020000
1478535642947,1.630000,1.620000,100,1.630000,100,1.240000,0.020000
1478535645442,1.630000,1.620000,100,1.630000,100,1.240000,0.020000
1478535648452,1.630000,1.620000,100,1.630000,100,1.240000,0.020000
1478535649500,1.630000,1.620000,100,1.630000,100,1.240000,0.020000
1478535653442,1.630000,1.620000,100,1.630000,100,1.240000,0.020000
1478535655451,1.630000,1.620000,100,1.630000,100,1.240000,0.020000
1478535658451,1.630000,1.620000,100,1.630000,100,1.240000,0.020000
1478535660955,1.630000,1.620000,100,1.630000,100,1.240000,0.020000
1478535663480,1.630000,1.620000,100,1.630000,100,1.240000,0.020000
1478535665974,1.630000,1.620000,100,1.630000,100,1.240000,0.020000
1478535667959,1.630000,1.620000,100,1.630000,100,1.240000,0.020000
1478535671455,1.630000,1.620000,100,1.630000,100,1.240000,0.020000
1478535675457,1.630000,1.620000,100,1.630000,100,1.240000,0.020000
1478535677975,1.630000,1.620000,100,1.630000,100,1.240000,0.020000
1478535680467,1.630000,1.620000,100,1.630000,100,1.240000,0.020000
1478535682460,1.630000,1.620000,100,1.630000,100,1.240000,0.020000
1478535685476,1.630000,1.620000,100,1.630000,100,1.240000,0.020000
1478535687967,1.630000,1.620000,100,1.630000,100,1.240000,0.020000
1478535689971,1.630000,1.620000,100,1.630000,100,1.240000,0.020000
1478535692978,1.630000,1.620000,100,1.630000,100,1.240000,0.020000
1478535695469,1.630000,1.620000,100,1.630000,100,1.240000,0.020000
1478535697960,1.630000,1.620000,100,1.630000,100,1.240000,0.020000
1478535699964,1.630000,1.620000,100,1.630000,100,1.240000,0.020000
1478535701981,1.630000,1.620000,100,1.630000,100,1.240000,0.020000
1478535704959,1.630000,1.620000,100,1.630000,100,1.240000,0.020000
1478535706506,1.630000,1.620000,100,1.630000,100,1.240000,0.020000
1478535709970,1.630000,1.620000,100,1.630000,100,1.240000,0.020000
1478535712473,1.630000,1.620000,100,1.630000,100,1.240000,0.020000
1478535714517,1.630000,1.620000,100,1.630000,100,1.240000,0.020000
1478535716984,1.630000,1.620000,100,1.630000,100,1.240000,0.020000
1478535719479,1.630000,1.620000,100,1.630000,100,1.240000,0.020000
1478535721999,1.630000,1.620000,100,1.630000,100,1.240000,0.020000
1478535724481,1.630000,1.620000,100,1.630000,100,1.240000,0.020000
1478535727490,1.630000,1.620000,100,1.630000,100,1.240000,0.020000
1478535729991,1.630000,1.620000,100,1.630000,100,1.240000,0.020000
1478535732988,1.630000,1.620000,100,1.630000,100,1.240000,0.020000
1478535734496,1.630000,1.620000,100,1.630000,100,1.240000,0.020000
1478535737149,1.630000,1.620000,100,1.630000,100,1.240000,0.020000
1478535739901,1.630000,1.620000,100,1.630000,100,1.240000,0.020000
1478535741371,1.630000,1.620000,100,1.630000,100,1.240000,0.020000
1478535744375,1.630000,1.620000,100,1.630000,100,1.240000,0.020000
1478535746879,1.630000,1.620000,100,1.630000,100,1.240000,0.020000
1478535748934,1.630000,1.620000,100,1.630000,100,1.240000,0.020000
1478535751908,1.630000,1.620000,100,1.630000,100,1.240000,0.020000
1478535754374,1.630000,1.620000,100,1.630000,100,1.240000,0.020000
1478535756879,1.630000,1.620000,100,1.630000,100,1.240000,0.020000
1478535759381,1.630000,1.620000,100,1.630000,100,1.240000,0.020000
1478535760389,1.630000,1.620000,100,1.630000,100,1.240000,0.020000
1478535764404,1.630000,1.620000,100,1.630000,100,1.240000,0.020000
1478535766889,1.630000,1.620000,100,1.630000,100,1.240000,0.020000
1478535768886,1.630000,1.620000,100,1.630000,100,1.240000,0.020000
1478535771387,1.630000,1.620000,100,1.630000,100,1.240000,0.020000
1478535773890,1.630000,1.620000,100,1.630000,100,1.240000,0.020000
1478535776389,1.630000,1.620000,100,1.630000,100,1.240000,0.020000
1478535778930,1.630000,1.620000,100,1.630000,100,1.240000,0.020000
1478535781392,1.630000,1.620000,100,1.630000,100,1.240000,0.020000
1478535783890,1.630000,1.620000,100,1.630000,100,1.240000,0.020000
1478535786402,1.630000,1.620000,100,1.630000,100,1.240000,0.020000
1478535788898,1.630000,1.620000,100,1.630000,100,1.240000,0.020000
1478535790894,1.630000,1.620000,100,1.630000,100,1.240000,0.020000
1478535793409,1.630000,1.620000,100,1.630000,100,1.240000,0.020000
1478535795890,1.630000,1.620000,100,1.630000,100,1.240000,0.020000
1478535798897,1.630000,1.620000,100,1.630000,100,1.240000,0.020000
1478535801402,1.630000,1.620000,100,1.630000,100,1.240000,0.020000
1478535803905,1.630000,1.620000,100,1.630000,100,1.240000,0.020000
1478535805905,1.630000,1.620000,100,1.630000,100,1.240000,0.020000
1478535808400,1.630000,1.620000,100,1.630000,100,1.240000,0.020000
1478535810911,1.630000,1.620000,100,1.630000,100,1.240000,0.020000
1478535812902,1.630000,1.620000,100,1.630000,100,1.240000,0.020000
1478535815906,1.630000,1.620000,100,1.630000,100,1.240000,0.020000
1478535818439,1.630000,1.620000,100,1.630000,100,1.240000,0.020000
1478535820413,1.630000,1.620000,100,1.630000,100,1.240000,0.020000
1478535823411,1.630000,1.620000,100,1.630000,100,1.240000,0.020000
1478535825901,1.630000,1.620000,100,1.630000,100,1.240000,0.020000
1478535827903,1.630000,1.620000,100,1.630000,100,1.240000,0.020000
1478535830902,1.630000,1.620000,100,1.630000,100,1.240000,0.020000
1478535833913,1.630000,1.620000,100,1.630000,100,1.240000,0.020000
1478535838423,1.630000,1.620000,100,1.630000,100,1.240000,0.020000
1478535840908,1.630000,1.620000,100,1.630000,100,1.240000,0.020000
1478535843417,1.630000,1.620000,100,1.630000,100,1.240000,0.020000
1478535846430,1.630000,1.620000,100,1.630000,100,1.240000,0.020000
1478535848918,1.630000,1.620000,100,1.630000,100,1.240000,0.020000
1478535851421,1.630000,1.620000,100,1.630000,100,1.240000,0.020000
1478535853973,1.630000,1.620000,100,1.630000,100,1.240000,0.020000
1478535856423,1.630000,1.620000,100,1.630000,100,1.240000,0.020000
1478535858923,1.630000,1.620000,100,1.630000,100,1.240000,0.020000
1478535860930,1.630000,1.620000,100,1.630000,100,1.240000,0.020000
1478535863427,1.630000,1.620000,100,1.630000,100,1.240000,0.020000
1478535866430,1.630000,1.620000,100,1.630000,100,1.240000,0.020000
1478535868977,1.630000,1.620000,100,1.630000,100,1.240000,0.020000
1478535871433,1.630000,1.620000,100,1.630000,100,1.240000,0.020000
1478535873931,1.630000,1.620000,100,1.630000,100,1.240000,0.020000
1478535875937,1.630000,1.620000,100,1.630000,100,1.240000,0.020000
1478535878474,1.630000,1.620000,100,1.630000,100,1.240000,0.020000
1478535880483,1.630000,1.620000,100,1.630000,100,1.240000,0.020000
1478535883437,1.630000,1.620000,100,1.630000,100,1.240000,0.020000
1478535885431,1.630000,1.620000,100,1.630000,100,1.240000,0.020000
1478535887941,1.630000,1.620000,100,1.630000,100,1.240000,0.020000
1478535890944,1.630000,1.620000,100,1.630000,100,1.240000,0.020000
1478535893467,1.630000,1.620000,100,1.630000,100,1.240000,0.020000
1478535895446,1.630000,1.620000,100,1.630000,100,1.240000,0.020000
1478535898435,1.630000,1.620000,100,1.630000,100,1.240000,0.020000
1478535901443,1.630000,1.620000,100,1.630000,100,1.240000,0.020000
1478535903450,1.630000,1.620000,100,1.630000,100,1.240000,0.020000
1478535905950,1.630000,1.620000,100,1.630000,100,1.240000,0.020000
1478535907976,1.630000,1.620000,100,1.630000,100,1.240000,0.020000
1478535910465,1.630000,1.620000,100,1.630000,100,1.240000,0.020000
1478535912948,1.630000,1.620000,100,1.630000,100,1.240000,0.020000
1478535916953,1.630000,1.620000,100,1.630000,100,1.240000,0.020000
1478535919458,1.630000,1.620000,100,1.630000,100,1.240000,0.020000
1478535921968,1.630000,1.620000,100,1.630000,100,1.240000,0.020000
1478535924464,1.630000,1.620000,100,1.630000,100,1.240000,0.020000
1478535926958,1.630000,1.620000,100,1.630000,100,1.240000,0.020000
1478535928961,1.630000,1.620000,100,1.630000,100,1.240000,0.020000
1478535931459,1.630000,1.620000,100,1.630000,100,1.240000,0.020000
1478535933954,1.630000,1.620000,100,1.630000,100,1.240000,0.020000
1478535935970,1.630000,1.620000,100,1.630000,100,1.240000,0.020000
1478535938958,1.630000,1.620000,100,1.630000,100,1.240000,0.020000
1478535940966,1.630000,1.620000,100,1.630000,100,1.240000,0.020000
1478535943989,1.630000,1.620000,100,1.630000,100,1.240000,0.020000
1478535946469,1.630000,1.620000,100,1.630000,100,1.240000,0.020000
1478535948967,1.630000,1.620000,100,1.630000,100,1.240000,0.020000
1478535951454,1.630000,1.620000,100,1.630000,100,1.240000,0.020000
1478535954478,1.630000,1.620000,100,1.630000,100,1.240000,0.020000
1478535956476,1.630000,1.620000,100,1.630000,100,1.240000,0.020000
1478535959980,1.630000,1.620000,100,1.630000,100,1.240000,0.020000
1478535961476,1.630000,1.620000,100,1.630000,100,1.240000,0.020000
1478535965001,1.630000,1.620000,100,1.630000,100,1.240000,0.020000
1478535967496,1.630000,1.620000,100,1.630000,100,1.240000,0.020000
1478535969978,1.630000,1.620000,100,1.630000,100,1.240000,0.020000
1478535972484,1.630000,1.620000,100,1.630000,100,1.240000,0.020000
1478535974983,1.630000,1.620000,100,1.630000,100,1.240000,0.020000
1478535977475,1.630000,1.620000,100,1.630000,100,1.240000,0.020000
1478535979472,1.630000,1.620000,100,1.630000,100,1.240000,0.020000
1478535982529,1.630000,1.620000,100,1.630000,100,1.240000,0.020000
1478535984989,1.630000,1.620000,100,1.630000,100,1.240000,0.020000
1478535987871,1.630000,1.620000,100,1.630000,100,1.240000,0.020000
1478535990370,1.630000,1.620000,100,1.630000,100,1.240000,0.020000
1478535992403,1.630000,1.620000,100,1.630000,100,1.240000,0.020000
1478535994372,1.630000,1.620000,100,1.630000,100,1.240000,0.020000
1478535997377,1.630000,1.620000,100,1.630000,100,1.240000,0.020000
1478535999372,1.630000,1.620000,100,1.630000,100,1.240000,0.020000
1478536003380,1.630000,1.620000,100,1.630000,100,1.240000,0.020000
1478536005879,1.630000,1.620000,100,1.630000,100,1.240000,0.020000
1478536008387,1.630000,1.620000,100,1.630000,100,1.240000,0.020000
1478536010887,1.630000,1.620000,100,1.630000,100,1.240000,0.020000
1478536013378,1.630000,1.620000,100,1.630000,100,1.240000,0.020000
1478536015922,1.630000,1.620000,100,1.630000,100,1.240000,0.020000
1478536018384,1.630000,1.620000,100,1.630000,100,1.240000,0.020000
1478536021898,1.630000,1.620000,100,1.630000,100,1.240000,0.020000
1478536024903,1.630000,1.620000,100,1.630000,100,1.240000,0.020000
1478536027384,1.630000,1.620000,100,1.630000,100,1.240000,0.020000
1478536029893,1.630000,1.620000,100,1.630000,100,1.240000,0.020000
1478536032393,1.630000,1.620000,100,1.630000,100,1.240000,0.020000
1478536034895,1.630000,1.620000,100,1.630000,100,1.240000,0.020000
1478536037435,1.630000,1.620000,100,1.630000,100,1.240000,0.020000
1478536039396,1.630000,1.620000,100,1.630000,100,1.240000,0.020000
1478536041901,1.630000,1.620000,100,1.630000,100,1.240000,0.020000
1478536044405,1.630000,1.620000,100,1.630000,100,1.240000,0.020000
1478536046900,1.630000,1.620000,100,1.630000,100,1.240000,0.020000
1478536048406,1.630000,1.620000,100,1.630000,100,1.240000,0.020000
1478536051437,1.630000,1.620000,100,1.630000,100,1.240000,0.020000
1478536053912,1.630000,1.620000,100,1.630000,100,1.240000,0.020000
1478536056905,1.630000,1.620000,100,1.630000,100,1.240000,0.020000
1478536059406,1.630000,1.620000,100,1.630000,100,1.240000,0.020000
1478536062912,1.630000,1.620000,100,1.630000,100,1.240000,0.020000
1478536065432,1.630000,1.620000,100,1.630000,100,1.240000,0.020000
1478536067908,1.630000,1.620000,100,1.630000,100,1.240000,0.020000
1478536070409,1.630000,1.620000,100,1.630000,100,1.240000,0.020000
1478536072439,1.630000,1.620000,100,1.630000,100,1.240000,0.020000
1478536075411,1.630000,1.620000,100,1.630000,100,1.240000,0.020000
1478536078928,1.630000,1.620000,100,1.630000,100,1.240000,0.020000
1478536081420,1.630000,1.620000,100,1.630000,100,1.240000,0.020000
1478536082925,1.630000,1.620000,100,1.630000,100,1.240000,0.020000
1478536085919,1.630000,1.620000,100,1.630000,100,1.240000,0.020000
1478536088919,1.630000,1.620000,100,1.630000,100,1.240000,0.020000
1478536090924,1.630000,1.620000,100,1.630000,100,1.240000,0.020000
1478536095419,1.630000,1.620000,100,1.630000,100,1.240000,0.020000
1478536097922,1.630000,1.620000,100,1.630000,100,1.240000,0.020000
1478536100415,1.630000,1.620000,100,1.630000,100,1.240000,0.020000
1478536102927,1.630000,1.620000,100,1.630000,100,1.240000,0.020000
1478536105429,1.630000,1.620000,100,1.630000,100,1.240000,0.020000
1478536107957,1.630000,1.620000,100,1.630000,100,1.240000,0.020000
1478536110466,1.630000,1.620000,100,1.630000,100,1.240000,0.020000
1478536113471,1.630000,1.620000,100,1.630000,100,1.240000,0.020000
1478536115430,1.630000,1.620000,100,1.630000,100,1.240000,0.020000
1478536117936,1.630000,1.620000,100,1.630000,100,1.240000,0.020000
1478536121939,1.630000,1.620000,100,1.630000,100,1.240000,0.020000
1478536124446,1.630000,1.620000,100,1.630000,100,1.240000,0.020000
1478536127438,1.630000,1.620000,100,1.630000,100,1.240000,0.020000
1478536129931,1.630000,1.620000,100,1.630000,100,1.240000,0.020000
1478536132435,1.630000,1.620000,100,1.630000,100,1.240000,0.020000
1478536134448,1.630000,1.620000,100,1.630000,100,1.240000,0.020000
1478536137479,1.630000,1.620000,100,1.630000,100,1.240000,0.020000
1478536140442,1.630000,1.620000,100,1.630000,100,1.240000,0.020000
1478536142986,1.630000,1.620000,100,1.630000,100,1.240000,0.020000
1478536145443,1.630000,1.620000,100,1.630000,100,1.240000,0.020000
1478536147441,1.630000,1.620000,100,1.630000,100,1.240000,0.020000
1478536149451,1.630000,1.620000,100,1.630000,100,1.240000,0.020000
1478536152459,1.630000,1.620000,100,1.630000,100,1.240000,0.020000
1478536154444,1.630000,1.620000,100,1.630000,100,1.240000,0.020000
1478536157455,1.630000,1.620000,100,1.630000,100,1.240000,0.020000
1478536160456,1.630000,1.620000,100,1.630000,100,1.240000,0.020000
1478536162947,1.630000,1.620000,100,1.630000,100,1.240000,0.020000
1478536165476,1.630000,1.620000,100,1.630000,100,1.240000,0.020000
1478536168460,1.630000,1.620000,100,1.630000,100,1.240000,0.020000
1478536170461,1.630000,1.620000,100,1.630000,100,1.240000,0.020000
1478536172952,1.630000,1.620000,100,1.630000,100,1.240000,0.020000
1478536175460,1.630000,1.620000,100,1.630000,100,1.240000,0.020000
1478536176469,1.630000,1.620000,100,1.630000,100,1.240000,0.020000
1478536176469,1.630000,1.620000,100,1.630000,100,1.240000,0.020000
1478536182463,1.630000,1.620000,100,1.630000,100,1.240000,0.020000
1478536184965,1.630000,1.620000,100,1.630000,100,1.240000,0.020000
1478536187457,1.630000,1.620000,100,1.630000,100,1.240000,0.020000
1478536189462,1.630000,1.620000,100,1.630000,100,1.240000,0.020000
1478536192493,1.630000,1.620000,100,1.630000,100,1.240000,0.020000
1478536195472,1.630000,1.620000,100,1.630000,100,1.240000,0.020000
1478536199009,1.630000,1.620000,100,1.630000,100,1.240000,0.020000
1478536201478,1.630000,1.620000,100,1.630000,100,1.240000,0.020000
1478536203962,1.630000,1.620000,100,1.630000,100,1.240000,0.020000
1478536204516,1.630000,1.620000,100,1.630000,100,1.240000,0.020000
1478536208481,1.630000,1.620000,100,1.630000,100,1.240000,0.020000
1478536209977,1.630000,1.620000,100,1.630000,100,1.240000,0.020000
1478536213480,1.630000,1.620000,100,1.630000,100,1.240000,0.020000
1478536215974,1.630000,1.620000,100,1.630000,100,1.240000,0.020000
1478536217997,1.630000,1.620000,100,1.630000,100,1.240000,0.020000
1478536219525,1.630000,1.620000,100,1.630000,100,1.240000,0.020000
1478536223491,1.630000,1.620000,100,1.630000,100,1.240000,0.020000
1478536226503,1.630000,1.620000,100,1.630000,100,1.240000,0.020000
1478536229483,1.630000,1.620000,100,1.630000,100,1.240000,0.020000
1478536231022,1.630000,1.620000,100,1.630000,100,1.240000,0.020000
1478536234370,1.630000,1.620000,100,1.630000,100,1.240000,0.020000
1478536236870,1.630000,1.620000,100,1.630000,100,1.240000,0.020000
1478536239377,1.630000,1.620000,100,1.630000,100,1.240000,0.020000
1478536241875,1.630000,1.620000,100,1.630000,100,1.240000,0.020000
1478536243875,1.630000,1.620000,100,1.630000,100,1.240000,0.020000
1478536246378,1.630000,1.620000,100,1.630000,100,1.240000,0.020000
1478536248896,1.630000,1.620000,100,1.630000,100,1.240000,0.020000
1478536250875,1.630000,1.620000,100,1.630000,100,1.240000,0.020000
1478536252887,1.630000,1.620000,100,1.630000,100,1.240000,0.020000
1478536255880,1.630000,1.620000,100,1.630000,100,1.240000,0.020000
1478536258882,1.630000,1.620000,100,1.630000,100,1.240000,0.020000
1478536260904,1.630000,1.620000,100,1.630000,100,1.240000,0.020000
1478536263415,1.630000,1.620000,100,1.630000,100,1.240000,0.020000
1478536266388,1.630000,1.620000,100,1.630000,100,1.240000,0.020000
1478536269888,1.630000,1.620000,100,1.630000,100,1.240000,0.020000
1478536272391,1.630000,1.620000,100,1.630000,100,1.240000,0.020000
1478536274892,1.630000,1.620000,100,1.630000,100,1.240000,0.020000
1478536276953,1.630000,1.620000,100,1.630000,100,1.240000,0.020000
1478536279916,1.630000,1.620000,100,1.630000,100,1.240000,0.020000
1478536282396,1.630000,1.620000,100,1.630000,100,1.240000,0.020000
1478536284895,1.630000,1.620000,100,1.630000,100,1.240000,0.020000
1478536287405,1.630000,1.620000,100,1.630000,100,1.240000,0.020000
1478536290403,1.630000,1.620000,100,1.630000,100,1.240000,0.020000
1478536292410,1.630000,1.620000,100,1.630000,100,1.240000,0.020000
1478536294901,1.630000,1.620000,100,1.630000,100,1.240000,0.020000
1478536297402,1.630000,1.620000,100,1.630000,100,1.240000,0.020000
1478536299900,1.630000,1.620000,100,1.630000,100,1.240000,0.020000
1478536302403,1.630000,1.620000,100,1.630000,100,1.240000,0.020000
1478536304902,1.630000,1.620000,100,1.630000,100,1.240000,0.020000
1478536307436,1.630000,1.620000,100,1.630000,100,1.240000,0.020000
1478536309919,1.630000,1.620000,100,1.630000,100,1.240000,0.020000
1478536310907,1.630000,1.620000,100,1.630000,100,1.240000,0.020000
1478536313911,1.630000,1.620000,100,1.630000,100,1.240000,0.020000
1478536316911,1.630000,1.620000,100,1.630000,100,1.240000,0.020000
1478536320440,1.630000,1.620000,100,1.630000,100,1.240000,0.020000
1478536322943,1.630000,1.620000,100,1.630000,100,1.240000,0.020000
1478536325915,1.630000,1.620000,100,1.630000,100,1.240000,0.020000
1478536328918,1.630000,1.620000,100,1.630000,100,1.240000,0.020000
1478536330921,1.630000,1.620000,100,1.630000,100,1.240000,0.020000
1478536333428,1.630000,1.620000,100,1.630000,100,1.240000,0.020000
1478536335920,1.630000,1.620000,100,1.630000,100,1.240000,0.020000
1478536337915,1.630000,1.620000,100,1.630000,100,1.240000,0.020000
1478536342421,1.630000,1.620000,100,1.630000,100,1.240000,0.020000
1478536344423,1.630000,1.620000,100,1.630000,100,1.240000,0.020000
1478536347443,1.630000,1.620000,100,1.630000,100,1.240000,0.020000
1478536353939,1.630000,1.620000,100,1.630000,100,1.240000,0.020000
1478536357429,1.630000,1.620000,100,1.630000,100,1.240000,0.020000
1478536359930,1.630000,1.620000,100,1.630000,100,1.240000,0.020000
1478536362970,1.630000,1.620000,100,1.630000,100,1.240000,0.020000
1478536364962,1.630000,1.620000,100,1.630000,100,1.240000,0.020000
1478536367440,1.630000,1.620000,100,1.630000,100,1.240000,0.020000
1478536369928,1.630000,1.620000,100,1.630000,100,1.240000,0.020000
1478536372444,1.630000,1.620000,100,1.630000,100,1.240000,0.020000
1478536374942,1.630000,1.620000,100,1.630000,100,1.240000,0.020000
1478536376947,1.630000,1.620000,100,1.630000,100,1.240000,0.020000
1478536379952,1.630000,1.620000,100,1.630000,100,1.240000,0.020000
1478536382446,1.630000,1.620000,100,1.630000,100,1.240000,0.020000
1478536384948,1.630000,1.620000,100,1.630000,100,1.240000,0.020000
1478536387462,1.630000,1.620000,100,1.630000,100,1.240000,0.020000
1478536389953,1.630000,1.620000,100,1.630000,100,1.240000,0.020000
1478536392468,1.630000,1.620000,100,1.630000,100,1.240000,0.020000
1478536393453,1.630000,1.620000,100,1.630000,100,1.240000,0.020000
1478536397448,1.630000,1.620000,100,1.630000,100,1.240000,0.020000
1478536399949,1.630000,1.620000,100,1.630000,100,1.240000,0.020000
1478536401462,1.630000,1.620000,100,1.630000,100,1.240000,0.020000
1478536404455,1.630000,1.620000,100,1.630000,100,1.240000,0.020000
1478536405962,1.630000,1.620000,100,1.630000,100,1.240000,0.020000
1478536409025,1.630000,1.620000,100,1.630000,100,1.240000,0.020000
1478536409948,1.630000,1.620000,100,1.630000,100,1.240000,0.020000
1478536413965,1.630000,1.620000,100,1.630000,100,1.240000,0.020000
1478536417495,1.630000,1.620000,100,1.630000,100,1.240000,0.020000
1478536420471,1.630000,1.620000,100,1.630000,100,1.240000,0.020000
1478536423966,1.630000,1.620000,100,1.630000,100,1.240000,0.020000
1478536426460,1.630000,1.620000,100,1.630000,100,1.240000,0.020000
1478536429009,1.630000,1.620000,100,1.630000,100,1.240000,0.020000
1478536430975,1.630000,1.620000,100,1.630000,100,1.240000,0.020000
1478536433467,1.630000,1.620000,100,1.630000,100,1.240000,0.020000
1478536435993,1.630000,1.620000,100,1.630000,100,1.240000,0.020000
1478536438476,1.630000,1.620000,100,1.630000,100,1.240000,0.020000
1478536440983,1.630000,1.620000,100,1.630000,100,1.240000,0.020000
1478536442998,1.630000,1.620000,100,1.630000,100,1.240000,0.020000
1478536445463,1.630000,1.620000,100,1.630000,100,1.240000,0.020000
1478536448033,1.630000,1.620000,100,1.630000,100,1.240000,0.020000
1478536450490,1.630000,1.620000,100,1.630000,100,1.240000,0.020000
1478536452985,1.630000,1.620000,100,1.630000,100,1.240000,0.020000
1478536455495,1.630000,1.620000,100,1.630000,100,1.240000,0.020000
1478536457972,1.630000,1.620000,100,1.630000,100,1.240000,0.020000
1478536461000,1.630000,1.620000,100,1.630000,100,1.240000,0.020000
1478536463497,1.630000,1.620000,100,1.630000,100,1.240000,0.020000
1478536466052,1.630000,1.620000,100,1.630000,100,1.240000,0.020000
1478536468533,1.630000,1.620000,100,1.630000,100,1.240000,0.020000
1478536471007,1.630000,1.620000,100,1.630000,100,1.240000,0.020000
1478536473374,1.630000,1.620000,100,1.630000,100,1.240000,0.020000
1478536475873,1.630000,1.620000,100,1.630000,100,1.240000,0.020000
1478536478377,1.630000,1.620000,100,1.630000,100,1.240000,0.020000
1478536481879,1.630000,1.620000,100,1.630000,100,1.240000,0.020000
1478536484881,1.630000,1.620000,100,1.630000,100,1.240000,0.020000
1478536487881,1.630000,1.620000,100,1.630000,100,1.240000,0.020000
1478536490384,1.630000,1.620000,100,1.630000,100,1.240000,0.020000
1478536492883,1.630000,1.620000,100,1.630000,100,1.240000,0.020000
1478536495392,1.630000,1.620000,100,1.630000,100,1.240000,0.020000
1478536497889,1.630000,1.620000,100,1.630000,100,1.240000,0.020000
1478536499891,1.630000,1.620000,100,1.630000,100,1.240000,0.020000
1478536502892,1.630000,1.620000,100,1.630000,100,1.240000,0.020000
1478536505425,1.630000,1.620000,100,1.630000,100,1.240000,0.020000
1478536507924,1.630000,1.620000,100,1.630000,100,1.240000,0.020000
1478536510397,1.630000,1.620000,100,1.630000,100,1.240000,0.020000
1478536512902,1.630000,1.620000,100,1.630000,100,1.240000,0.020000
1478536514903,1.630000,1.620000,100,1.630000,100,1.240000,0.020000
1478536517898,1.630000,1.620000,100,1.630000,100,1.240000,0.020000
1478536519893,1.630000,1.620000,100,1.630000,100,1.240000,0.020000
1478536521952,1.630000,1.620000,100,1.630000,100,1.240000,0.020000
1478536524904,1.630000,1.620000,100,1.630000,100,1.240000,0.020000
1478536527417,1.630000,1.620000,100,1.630000,100,1.240000,0.020000
1478536529909,1.630000,1.620000,100,1.630000,100,1.240000,0.020000
1478536531903,1.630000,1.620000,100,1.630000,100,1.240000,0.020000
1478536534939,1.630000,1.620000,100,1.630000,100,1.240000,0.020000
1478536536941,1.630000,1.620000,100,1.630000,100,1.240000,0.020000
1478536539414,1.630000,1.620000,100,1.630000,100,1.240000,0.020000
1478536541909,1.630000,1.620000,100,1.630000,100,1.240000,0.020000
1478536544916,1.630000,1.620000,100,1.630000,100,1.240000,0.020000
1478536547412,1.630000,1.620000,100,1.630000,100,1.240000,0.020000
1478536549938,1.630000,1.620000,100,1.630000,100,1.240000,0.020000
1478536552411,1.630000,1.620000,100,1.630000,100,1.240000,0.020000
1478536554916,1.630000,1.620000,100,1.630000,100,1.240000,0.020000
1478536557416,1.630000,1.620000,100,1.630000,100,1.240000,0.020000
1478536559918,1.630000,1.620000,100,1.630000,100,1.240000,0.020000
1478536561919,1.630000,1.620000,100,1.630000,100,1.240000,0.020000
1478536564950,1.630000,1.620000,100,1.630000,100,1.240000,0.020000
1478536566916,1.630000,1.620000,100,1.630000,100,1.240000,0.020000
1478536569427,1.630000,1.620000,100,1.630000,100,1.240000,0.020000
1478536571427,1.630000,1.620000,100,1.630000,100,1.240000,0.020000
1478536573926,1.630000,1.620000,100,1.630000,100,1.240000,0.020000
1478536576425,1.630000,1.620000,100,1.630000,100,1.240000,0.020000
1478536579500,1.630000,1.620000,100,1.630000,100,1.240000,0.020000
1478536581935,1.630000,1.620000,100,1.630000,100,1.240000,0.020000
1478536583922,1.630000,1.620000,100,1.630000,100,1.240000,0.020000
1478536585926,1.630000,1.620000,100,1.630000,100,1.240000,0.020000
1478536588927,1.630000,1.620000,100,1.630000,100,1.240000,0.020000
1478536591435,1.630000,1.620000,100,1.630000,100,1.240000,0.020000
1478536594472,1.630000,1.620000,100,1.630000,100,1.240000,0.020000
1478536596973,1.630000,1.620000,100,1.630000,100,1.240000,0.020000
1478536599446,1.630000,1.620000,100,1.630000,100,1.240000,0.020000
1478536601936,1.630000,1.620000,100,1.630000,100,1.240000,0.020000
1478536604435,1.630000,1.620000,100,1.630000,100,1.240000,0.020000
1478536606931,1.630000,1.620000,100,1.630000,100,1.240000,0.020000
1478536609956,1.630000,1.620000,100,1.630000,100,1.240000,0.020000
1478536612941,1.630000,1.620000,100,1.630000,100,1.240000,0.020000
1478536614941,1.630000,1.620000,100,1.630000,100,1.240000,0.020000
1478536618453,1.630000,1.620000,100,1.630000,100,1.240000,0.020000
1478536621002,1.630000,1.620000,100,1.630000,100,1.240000,0.020000
1478536623461,1.630000,1.620000,100,1.630000,100,1.240000,0.020000
1478536625443,1.630000,1.620000,100,1.630000,100,1.240000,0.020000
1478536628501,1.630000,1.620000,100,1.630000,100,1.240000,0.020000
1478536630954,1.630000,1.620000,100,1.630000,100,1.240000,0.020000
1478536633445,1.630000,1.620000,100,1.630000,100,1.240000,0.020000
1478536636019,1.630000,1.620000,100,1.630000,100,1.240000,0.020000
1478536638460,1.630000,1.620000,100,1.630000,100,1.240000,0.020000
1478536641945,1.630000,1.620000,100,1.630000,100,1.240000,0.020000
1478536643966,1.630000,1.620000,100,1.630000,100,1.240000,0.020000
1478536646949,1.630000,1.620000,100,1.630000,100,1.240000,0.020000
1478536649001,1.630000,1.620000,100,1.630000,100,1.240000,0.020000
1478536652465,1.630000,1.620000,100,1.630000,100,1.240000,0.020000
1478536654453,1.630000,1.620000,100,1.630000,100,1.240000,0.020000
1478536656962,1.630000,1.620000,100,1.630000,100,1.240000,0.020000
1478536659468,1.630000,1.620000,100,1.630000,100,1.240000,0.020000
1478536660950,1.630000,1.620000,100,1.630000,300,1.240000,0.020000
1478536663503,1.630000,1.620000,100,1.630000,300,1.240000,0.020000
1478536665958,1.630000,1.620000,100,1.630000,300,1.240000,0.020000
1478536669012,1.630000,1.620000,100,1.630000,300,1.240000,0.020000
1478536671469,1.630000,1.620000,100,1.630000,300,1.240000,0.020000
1478536673975,1.630000,1.620000,100,1.630000,300,1.240000,0.020000
1478536675959,1.630000,1.620000,100,1.630000,300,1.240000,0.020000
1478536678988,1.630000,1.620000,100,1.630000,300,1.240000,0.020000
1478536680968,1.630000,1.620000,100,1.630000,300,1.240000,0.020000
1478536683467,1.630000,1.620000,100,1.630000,300,1.240000,0.020000
1478536685971,1.630000,1.620000,100,1.630000,300,1.240000,0.020000
1478536688473,1.630000,1.620000,100,1.630000,300,1.240000,0.020000
1478536690989,1.630000,1.620000,100,1.630000,300,1.240000,0.020000
1478536693483,1.630000,1.620000,100,1.630000,300,1.240000,0.020000
1478536695490,1.630000,1.620000,100,1.630000,300,1.240000,0.020000
1478536697978,1.630000,1.620000,100,1.630000,300,1.240000,0.020000
1478536700474,1.630000,1.620000,100,1.630000,100,1.240000,0.020000
1478536702468,1.630000,1.620000,100,1.630000,100,1.240000,0.020000
1478536704968,1.630000,1.620000,100,1.630000,100,1.240000,0.020000
1478536707479,1.630000,1.620000,100,1.630000,100,1.240000,0.020000
1478536710031,1.630000,1.620000,100,1.630000,100,1.240000,0.020000
1478536712872,1.630000,1.620000,100,1.630000,100,1.240000,0.020000
1478536714368,1.630000,1.620000,100,1.630000,100,1.240000,0.020000
1478536717371,1.630000,1.620000,100,1.630000,100,1.240000,0.020000
1478536719372,1.630000,1.620000,100,1.630000,100,1.240000,0.020000
1478536720378,1.630000,1.620000,100,1.630000,100,1.240000,0.020000
1478536724379,1.630000,1.620000,100,1.630000,100,1.240000,0.020000
1478536726872,1.630000,1.620000,100,1.630000,100,1.240000,0.020000
1478536729378,1.630000,1.620000,100,1.630000,100,1.240000,0.020000
1478536731883,1.630000,1.620000,100,1.630000,100,1.240000,0.020000
1478536733884,1.630000,1.620000,100,1.630000,100,1.240000,0.020000
1478536736402,1.630000,1.620000,100,1.630000,100,1.240000,0.020000
1478536739382,1.630000,1.620000,100,1.630000,100,1.240000,0.020000
1478536741882,1.630000,1.620000,100,1.630000,100,1.240000,0.020000
1478536744382,1.630000,1.620000,100,1.630000,100,1.240000,0.020000
1478536746885,1.630000,1.620000,100,1.630000,100,1.240000,0.020000
1478536749883,1.630000,1.620000,100,1.630000,100,1.240000,0.020000
1478536751891,1.630000,1.620000,100,1.630000,100,1.240000,0.020000
1478536754398,1.630000,1.620000,100,1.630000,100,1.240000,0.020000
1478536757390,1.630000,1.620000,100,1.630000,100,1.240000,0.020000
1478536759892,1.630000,1.620000,100,1.630000,100,1.240000,0.020000
1478536763392,1.630000,1.620000,100,1.630000,100,1.240000,0.020000
1478536765939,1.630000,1.620000,100,1.630000,100,1.240000,0.020000
1478536767387,1.630000,1.620000,100,1.630000,100,1.240000,0.020000
1478536770896,1.630000,1.620000,100,1.630000,100,1.240000,0.020000
1478536773400,1.630000,1.620000,100,1.630000,300,1.240000,0.020000
1478536775404,1.630000,1.620000,100,1.630000,300,1.240000,0.020000
1478536777895,1.630000,1.620000,100,1.630000,300,1.240000,0.020000
1478536780431,1.630000,1.620000,100,1.630000,300,1.240000,0.020000
1478536782898,1.630000,1.620000,100,1.630000,300,1.240000,0.020000
1478536784407,1.630000,1.620000,100,1.630000,300,1.240000,0.020000
1478536787402,1.630000,1.620000,100,1.630000,300,1.240000,0.020000
1478536789909,1.630000,1.620000,100,1.630000,300,1.240000,0.020000
1478536792406,1.630000,1.620000,100,1.630000,300,1.240000,0.020000
1478536795418,1.630000,1.620000,100,1.630000,300,1.240000,0.020000
1478536797910,1.630000,1.620000,100,1.630000,300,1.240000,0.020000
1478536799910,1.630000,1.620000,100,1.630000,300,1.240000,0.020000
1478536805402,1.630000,1.620000,100,1.630000,300,1.240000,0.020000
1478536807971,1.630000,1.620000,100,1.630000,300,1.240000,0.020000
1478536811911,1.630000,1.620000,100,1.630000,300,1.240000,0.020000
1478536814421,1.630000,1.620000,100,1.630000,300,1.240000,0.020000
1478536816916,1.630000,1.620000,100,1.630000,300,1.240000,0.020000
1478536819458,1.630000,1.620000,100,1.630000,100,1.240000,0.020000
1478536821926,1.630000,1.620000,100,1.630000,100,1.240000,0.020000
1478536824419,1.630000,1.620000,100,1.630000,100,1.240000,0.020000
1478536826929,1.630000,1.620000,100,1.630000,100,1.240000,0.020000
1478536828920,1.630000,1.620000,100,1.630000,100,1.240000,0.020000
1478536831427,1.630000,1.620000,100,1.630000,100,1.240000,0.020000
1478536833967,1.630000,1.620000,100,1.630000,100,1.240000,0.020000
1478536836427,1.630000,1.620000,100,1.630000,100,1.240000,0.020000
1478536838924,1.630000,1.620000,100,1.630000,100,1.240000,0.020000
1478536840929,1.630000,1.620000,100,1.630000,100,1.240000,0.020000
1478536843431,1.630000,1.620000,100,1.630000,100,1.240000,0.020000
1478536845432,1.630000,1.620000,100,1.630000,100,1.240000,0.020000
1478536847450,1.630000,1.620000,100,1.630000,100,1.240000,0.020000
1478536850435,1.630000,1.620000,100,1.630000,100,1.240000,0.020000
1478536852433,1.630000,1.620000,100,1.630000,100,1.240000,0.020000
1478536855436,1.630000,1.620000,100,1.630000,100,1.240000,0.020000
1478536857935,1.630000,1.620000,100,1.630000,100,1.240000,0.020000
1478536859922,1.630000,1.620000,100,1.630000,100,1.240000,0.020000
1478536862472,1.630000,1.620000,100,1.630000,100,1.240000,0.020000
1478536865437,1.630000,1.620000,100,1.630000,100,1.240000,0.020000
1478536867928,1.630000,1.620000,100,1.630000,100,1.240000,0.020000
1478536870450,1.630000,1.620000,100,1.630000,100,1.240000,0.020000
1478536872925,1.630000,1.620000,100,1.630000,100,1.240000,0.020000
1478536875492,1.630000,1.620000,100,1.630000,100,1.240000,0.020000
1478536877950,1.630000,1.620000,100,1.630000,100,1.240000,0.020000
1478536879955,1.630000,1.620000,100,1.630000,100,1.240000,0.020000
1478536882455,1.630000,1.620000,100,1.630000,100,1.240000,0.020000
1478536885452,1.630000,1.620000,100,1.630000,100,1.240000,0.020000
1478536887948,1.630000,1.620000,100,1.630000,100,1.240000,0.020000
1478536890467,1.630000,1.620000,100,1.630000,100,1.240000,0.020000
1478536893452,1.610000,1.590000,200,1.620000,100,0.000000,0.000000
1478536895946,1.610000,1.590000,200,1.600000,100,0.000000,0.000000
1478536898454,1.590000,1.590000,100,1.600000,100,-1.240000,-0.020000
1478536900453,1.590000,1.590000,100,1.600000,100,-1.240000,-0.020000
1478536902459,1.590000,1.590000,100,1.600000,100,-1.240000,-0.020000
1478536905467,1.590000,1.590000,100,1.600000,100,-1.240000,-0.020000
1478536907454,1.590000,1.590000,100,1.600000,100,-1.240000,-0.020000
1478536909968,1.590000,1.590000,100,1.600000,100,-1.240000,-0.020000
1478536911992,1.590000,1.590000,100,1.600000,100,-1.240000,-0.020000
1478536914972,1.590000,1.590000,100,1.600000,100,-1.240000,-0.020000
1478536917434,1.590000,1.590000,100,1.600000,100,-1.240000,-0.020000
1478536919968,1.590000,1.590000,100,1.600000,100,-1.240000,-0.020000
1478536922467,1.590000,1.590000,100,1.600000,100,-1.240000,-0.020000
1478536924963,1.590000,1.590000,100,1.600000,100,-1.240000,-0.020000
1478536927468,1.590000,1.590000,100,1.600000,100,-1.240000,-0.020000
1478536929466,1.590000,1.590000,100,1.600000,100,-1.240000,-0.020000
1478536931977,1.580000,1.580000,1000,1.600000,100,-1.860000,-0.030000
1478536934473,1.580000,1.580000,1000,1.600000,100,-1.860000,-0.030000
1478536936980,1.580000,1.580000,1000,1.600000,100,-1.860000,-0.030000
1478536939477,1.580000,1.580000,1000,1.600000,100,-1.860000,-0.030000
1478536941969,1.580000,1.580000,1000,1.600000,100,-1.860000,-0.030000
1478536944476,1.580000,1.580000,1000,1.600000,100,-1.860000,-0.030000
1478536946982,1.580000,1.580000,1000,1.600000,100,-1.860000,-0.030000
1478536949489,1.580000,1.580000,1000,1.600000,100,-1.860000,-0.030000
1478536951476,1.580000,1.580000,1000,1.600000,100,-1.860000,-0.030000
1478536953982,1.580000,1.580000,1000,1.600000,100,-1.860000,-0.030000
1478536956530,1.580000,1.580000,1000,1.600000,100,-1.860000,-0.030000
1478536958474,1.580000,1.580000,1000,1.600000,100,-1.860000,-0.030000
1478536962985,1.580000,1.580000,1000,1.600000,100,-1.860000,-0.030000
1478536965369,1.580000,1.580000,1000,1.600000,100,-1.860000,-0.030000
1478536967876,1.580000,1.580000,1000,1.600000,100,-1.860000,-0.030000
1478536969870,1.580000,1.580000,1000,1.600000,100,-1.860000,-0.030000
1478536972874,1.580000,1.580000,1000,1.600000,100,-1.860000,-0.030000
1478536975401,1.580000,1.580000,1000,1.600000,100,-1.860000,-0.030000
1478536977876,1.580000,1.580000,1000,1.600000,100,-1.860000,-0.030000
1478536979882,1.580000,1.580000,1000,1.600000,100,-1.860000,-0.030000
1478536981878,1.580000,1.580000,1000,1.600000,100,-1.860000,-0.030000
1478536984878,1.580000,1.580000,1000,1.600000,100,-1.860000,-0.030000
1478536987890,1.580000,1.580000,1000,1.600000,100,-1.860000,-0.030000
1478536990394,1.580000,1.580000,1000,1.600000,100,-1.860000,-0.030000
1478536992891,1.580000,1.580000,1000,1.600000,100,-1.860000,-0.030000
1478536995386,1.580000,1.580000,1000,1.600000,100,-1.860000,-0.030000
1478536998390,1.580000,1.580000,1000,1.600000,100,-1.860000,-0.030000
1478537001386,1.580000,1.580000,1000,1.600000,100,-1.860000,-0.030000
1478537003909,1.580000,1.580000,1000,1.600000,100,-1.860000,-0.030000
1478537006415,1.580000,1.580000,1000,1.600000,100,-1.860000,-0.030000
1478537008892,1.580000,1.580000,1000,1.600000,100,-1.860000,-0.030000
1478537011396,1.580000,1.580000,1000,1.600000,100,-1.860000,-0.030000
1478537013891,1.580000,1.580000,1000,1.600000,100,-1.860000,-0.030000
1478537016406,1.580000,1.580000,1000,1.600000,400,-1.860000,-0.030000
1478537018424,1.580000,1.580000,1000,1.600000,400,-1.860000,-0.030000
1478537020893,1.580000,1.580000,1000,1.600000,400,-1.860000,-0.030000
1478537023404,1.580000,1.580000,1000,1.600000,400,-1.860000,-0.030000
1478537025904,1.580000,1.580000,1000,1.600000,400,-1.860000,-0.030000
1478537028398,1.580000,1.580000,1000,1.600000,400,-1.860000,-0.030000
1478537030906,1.580000,1.580000,1000,1.600000,400,-1.860000,-0.030000
1478537032945,1.580000,1.580000,1000,1.600000,400,-1.860000,-0.030000
1478537035391,1.580000,1.580000,1000,1.600000,400,-1.860000,-0.030000
1478537037916,1.580000,1.580000,1000,1.600000,400,-1.860000,-0.030000
1478537040909,1.580000,1.580000,1000,1.600000,400,-1.860000,-0.030000
1478537043409,1.580000,1.580000,1000,1.600000,400,-1.860000,-0.030000
1478537045904,1.580000,1.580000,1000,1.600000,400,-1.860000,-0.030000
1478537048436,1.580000,1.580000,1000,1.600000,400,-1.860000,-0.030000
1478537051953,1.580000,1.580000,1000,1.600000,400,-1.860000,-0.030000
1478537054418,1.580000,1.580000,1000,1.600000,400,-1.860000,-0.030000
1478537056415,1.580000,1.580000,1000,1.600000,400,-1.860000,-0.030000
1478537058920,1.580000,1.580000,1000,1.600000,100,-1.860000,-0.030000
1478537061412,1.580000,1.580000,1000,1.600000,100,-1.860000,-0.030000
1478537064409,1.600000,1.580000,1000,1.600000,100,-0.620000,-0.010000
1478537066960,1.600000,1.580000,1000,1.600000,100,-0.620000,-0.010000
1478537069417,1.600000,1.580000,1000,1.600000,100,-0.620000,-0.010000
1478537071920,1.590000,1.580000,1000,1.600000,100,-1.240000,-0.020000
1478537074412,1.590000,1.580000,1000,1.600000,100,-1.240000,-0.020000
1478537076412,1.590000,1.580000,1000,1.600000,100,-1.240000,-0.020000
1478537078973,1.590000,1.580000,1000,1.600000,100,-1.240000,-0.020000
1478537081423,1.590000,1.580000,1000,1.600000,100,-1.240000,-0.020000
1478537083427,1.590000,1.580000,1000,1.600000,100,-1.240000,-0.020000
1478537085927,1.590000,1.580000,1000,1.600000,100,-1.240000,-0.020000
1478537088429,1.590000,1.580000,1000,1.600000,100,-1.240000,-0.020000
1478537090976,1.590000,1.580000,1000,1.600000,100,-1.240000,-0.020000
1478537093971,1.590000,1.580000,1000,1.600000,100,-1.240000,-0.020000
1478537096966,1.590000,1.580000,1000,1.600000,100,-1.240000,-0.020000
1478537099437,1.590000,1.580000,1000,1.600000,100,-1.240000,-0.020000
1478537102448,1.590000,1.580000,1000,1.600000,100,-1.240000,-0.020000
1478537104431,1.590000,1.580000,1000,1.600000,100,-1.240000,-0.020000
1478537107440,1.590000,1.580000,1000,1.600000,100,-1.240000,-0.020000
1478537111937,1.590000,1.580000,1000,1.600000,100,-1.240000,-0.020000
1478537114439,1.590000,1.580000,1000,1.600000,100,-1.240000,-0.020000
1478537116946,1.590000,1.580000,1000,1.600000,100,-1.240000,-0.020000
1478537119480,1.590000,1.580000,1000,1.600000,100,-1.240000,-0.020000
1478537121999,1.590000,1.580000,1000,1.600000,100,-1.240000,-0.020000
1478537124502,1.590000,1.580000,1000,1.600000,100,-1.240000,-0.020000
1478537126946,1.590000,1.580000,1000,1.600000,100,-1.240000,-0.020000
1478537129458,1.590000,1.580000,1000,1.600000,100,-1.240000,-0.020000
1478537131941,1.590000,1.580000,1000,1.600000,100,-1.240000,-0.020000
1478537133947,1.590000,1.580000,1000,1.600000,300,-1.240000,-0.020000
1478537135461,1.590000,1.580000,1000,1.600000,300,-1.240000,-0.020000
1478537138962,1.590000,1.580000,1000,1.600000,300,-1.240000,-0.020000
1478537140952,1.590000,1.580000,900,1.600000,300,-1.240000,-0.020000
1478537143462,1.590000,1.580000,900,1.600000,300,-1.240000,-0.020000
1478537144947,1.590000,1.580000,900,1.600000,300,-1.240000,-0.020000
1478537147956,1.590000,1.580000,900,1.600000,300,-1.240000,-0.020000
1478537150475,1.590000,1.580000,900,1.600000,300,-1.240000,-0.020000
1478537152962,1.590000,1.580000,900,1.600000,300,-1.240000,-0.020000
1478537154964,1.590000,1.580000,900,1.600000,300,-1.240000,-0.020000
1478537158947,1.590000,1.580000,900,1.600000,300,-1.240000,-0.020000
1478537160457,1.590000,1.580000,900,1.600000,300,-1.240000,-0.020000
1478537163487,1.590000,1.580000,900,1.600000,300,-1.240000,-0.020000
1478537165966,1.590000,1.580000,900,1.600000,300,-1.240000,-0.020000
1478537505877,1.590000,1.580000,900,1.600000,100,-1.240000,-0.020000
1478537508881,1.590000,1.580000,900,1.600000,100,-1.240000,-0.020000
1478537511391,1.590000,1.580000,900,1.600000,100,-1.240000,-0.020000
1478537513889,1.590000,1.580000,900,1.600000,100,-1.240000,-0.020000
1478537516417,1.590000,1.580000,900,1.600000,100,-1.240000,-0.020000
1478537518891,1.590000,1.580000,900,1.600000,100,-1.240000,-0.020000
1478537521398,1.590000,1.580000,900,1.600000,100,-1.240000,-0.020000
1478537524383,1.590000,1.580000,900,1.600000,100,-1.240000,-0.020000
1478538438441,1.590000,1.590000,200,1.600000,100,-1.240000,-0.020000
1478538440946,1.590000,1.590000,200,1.600000,100,-1.240000,-0.020000
1478538443444,1.590000,1.590000,200,1.600000,100,-1.240000,-0.020000
1478538445954,1.590000,1.590000,200,1.600000,100,-1.240000,-0.020000
1478538448475,1.590000,1.590000,200,1.600000,100,-1.240000,-0.020000
1478538450947,1.590000,1.590000,200,1.600000,100,-1.240000,-0.020000
1478538453468,1.590000,1.590000,200,1.600000,100,-1.240000,-0.020000
1478538455459,1.590000,1.590000,200,1.600000,100,-1.240000,-0.020000
1478538457956,1.590000,1.590000,200,1.600000,100,-1.240000,-0.020000
1478538460465,1.590000,1.590000,200,1.600000,100,-1.240000,-0.020000
1478538462973,1.590000,1.590000,200,1.600000,100,-1.240000,-0.020000
1478538465457,1.590000,1.590000,200,1.600000,100,-1.240000,-0.020000
1478538467953,1.590000,1.590000,200,1.600000,100,-1.240000,-0.020000
1478538470460,1.590000,1.590000,200,1.600000,100,-1.240000,-0.020000
1478538472971,1.590000,1.590000,200,1.600000,100,-1.240000,-0.020000
1478538475458,1.590000,1.590000,200,1.600000,100,-1.240000,-0.020000
1478538478028,1.590000,1.590000,200,1.600000,100,-1.240000,-0.020000
1478538480475,1.590000,1.590000,200,1.600000,100,-1.240000,-0.020000
1478538482965,1.590000,1.590000,200,1.600000,100,-1.240000,-0.020000
1478538485521,1.590000,1.590000,200,1.600000,100,-1.240000,-0.020000
1478538487975,1.590000,1.590000,200,1.600000,100,-1.240000,-0.020000
1478538490472,1.590000,1.590000,200,1.600000,100,-1.240000,-0.020000
1478538493009,1.590000,1.590000,200,1.600000,100,-1.240000,-0.020000
1478538495480,1.590000,1.590000,200,1.600000,100,-1.240000,-0.020000
1478538497481,1.590000,1.590000,200,1.600000,100,-1.240000,-0.020000
1478538500469,1.590000,1.590000,200,1.600000,100,-1.240000,-0.020000
1478538502474,1.590000,1.590000,200,1.600000,100,-1.240000,-0.020000
1478538505483,1.590000,1.590000,200,1.600000,100,-1.240000,-0.020000
1478538508033,1.590000,1.590000,200,1.600000,100,-1.240000,-0.020000
1478538510979,1.590000,1.590000,200,1.600000,100,-1.240000,-0.020000
1478538513485,1.590000,1.590000,200,1.600000,100,-1.240000,-0.020000
1478538515988,1.590000,1.590000,200,1.600000,100,-1.240000,-0.020000
1478538518484,1.590000,1.590000,200,1.600000,100,-1.240000,-0.020000
1478538520502,1.590000,1.590000,200,1.600000,100,-1.240000,-0.020000
1478538521983,1.590000,1.590000,200,1.600000,100,-1.240000,-0.020000
1478538525872,1.590000,1.590000,200,1.600000,100,-1.240000,-0.020000
1478538527871,1.590000,1.590000,200,1.600000,100,-1.240000,-0.020000
1478538530378,1.590000,1.590000,200,1.600000,100,-1.240000,-0.020000
1478538532874,1.590000,1.590000,200,1.600000,100,-1.240000,-0.020000
1478538535392,1.590000,1.590000,200,1.600000,100,-1.240000,-0.020000
1478538537883,1.590000,1.590000,200,1.600000,100,-1.240000,-0.020000
1478538540377,1.590000,1.590000,200,1.600000,100,-1.240000,-0.020000
1478538543386,1.590000,1.590000,200,1.600000,100,-1.240000,-0.020000
1478538545884,1.590000,1.590000,200,1.600000,100,-1.240000,-0.020000
1478538548410,1.590000,1.590000,200,1.600000,100,-1.240000,-0.020000
1478538550944,1.590000,1.590000,200,1.600000,100,-1.240000,-0.020000
1478538553386,1.590000,1.590000,200,1.600000,100,-1.240000,-0.020000
1478538555384,1.590000,1.590000,200,1.600000,100,-1.240000,-0.020000
1478538557888,1.590000,1.590000,200,1.600000,100,-1.240000,-0.020000
1478538560389,1.590000,1.590000,200,1.600000,100,-1.240000,-0.020000
1478538562892,1.590000,1.590000,200,1.600000,100,-1.240000,-0.020000
1478538565394,1.590000,1.590000,200,1.600000,100,-1.240000,-0.020000
1478538567894,1.590000,1.590000,200,1.600000,100,-1.240000,-0.020000
1478538570391,1.590000,1.590000,200,1.600000,100,-1.240000,-0.020000
1478538573897,1.590000,1.590000,200,1.600000,100,-1.240000,-0.020000
1478538576897,1.590000,1.590000,200,1.600000,100,-1.240000,-0.020000
1478538579420,1.590000,1.590000,200,1.600000,100,-1.240000,-0.020000
1478538581905,1.590000,1.590000,200,1.600000,100,-1.240000,-0.020000
1478538586398,1.590000,1.590000,200,1.600000,100,-1.240000,-0.020000
1478538588902,1.590000,1.590000,200,1.600000,100,-1.240000,-0.020000
1478538591406,1.590000,1.590000,200,1.600000,100,-1.240000,-0.020000
1478538593903,1.590000,1.590000,200,1.600000,100,-1.240000,-0.020000
1478538597904,1.590000,1.590000,200,1.600000,100,-1.240000,-0.020000
1478538600408,1.590000,1.590000,200,1.600000,100,-1.240000,-0.020000
1478538602916,1.590000,1.590000,200,1.600000,100,-1.240000,-0.020000
1478538606411,1.590000,1.590000,200,1.600000,100,-1.240000,-0.020000
1478538608912,1.590000,1.590000,200,1.600000,100,-1.240000,-0.020000
1478538611449,1.590000,1.590000,200,1.600000,100,-1.240000,-0.020000
1478538613902,1.590000,1.590000,200,1.600000,100,-1.240000,-0.020000
1478538616412,1.590000,1.590000,200,1.600000,100,-1.240000,-0.020000
1478538618916,1.590000,1.590000,200,1.600000,100,-1.240000,-0.020000
1478538621437,1.590000,1.590000,200,1.600000,100,-1.240000,-0.020000
1478538623925,1.590000,1.590000,200,1.600000,100,-1.240000,-0.020000
1478538626449,1.590000,1.590000,200,1.600000,100,-1.240000,-0.020000
1478538628918,1.590000,1.590000,200,1.600000,100,-1.240000,-0.020000
1478538631917,1.590000,1.590000,200,1.600000,100,-1.240000,-0.020000
1478538633923,1.590000,1.590000,200,1.600000,100,-1.240000,-0.020000
1478538636425,1.590000,1.590000,200,1.600000,100,-1.240000,-0.020000
1478538638952,1.590000,1.590000,200,1.600000,100,-1.240000,-0.020000
1478538641463,1.590000,1.590000,200,1.600000,100,-1.240000,-0.020000
1478538643428,1.590000,1.590000,200,1.600000,100,-1.240000,-0.020000
1478538645929,1.590000,1.590000,200,1.600000,100,-1.240000,-0.020000
1478538648427,1.590000,1.590000,200,1.600000,100,-1.240000,-0.020000
1478538649936,1.590000,1.590000,200,1.600000,100,-1.240000,-0.020000
1478538653469,1.590000,1.590000,200,1.600000,100,-1.240000,-0.020000
1478538655930,1.590000,1.590000,200,1.600000,100,-1.240000,-0.020000
1478538658422,1.590000,1.590000,200,1.600000,100,-1.240000,-0.020000
1478538660920,1.590000,1.590000,200,1.600000,100,-1.240000,-0.020000
1478538663458,1.590000,1.590000,200,1.600000,100,-1.240000,-0.020000
1478538664451,1.590000,1.590000,200,1.600000,100,-1.240000,-0.020000
1478538667433,1.590000,1.590000,200,1.600000,100,-1.240000,-0.020000
1478538670438,1.590000,1.590000,200,1.600000,100,-1.240000,-0.020000
1478538672941,1.590000,1.590000,200,1.600000,100,-1.240000,-0.020000
1478538675441,1.590000,1.590000,200,1.600000,100,-1.240000,-0.020000
1478538677443,1.590000,1.590000,200,1.600000,100,-1.240000,-0.020000
1478538679948,1.590000,1.590000,200,1.600000,100,-1.240000,-0.020000
1478538682441,1.590000,1.590000,200,1.600000,100,-1.240000,-0.020000
1478538684440,1.590000,1.590000,200,1.600000,100,-1.240000,-0.020000
1478538686942,1.590000,1.590000,200,1.600000,100,-1.240000,-0.020000
1478538689441,1.590000,1.590000,200,1.600000,100,-1.240000,-0.020000
1478538691953,1.590000,1.590000,200,1.600000,100,-1.240000,-0.020000
1478538694956,1.590000,1.590000,200,1.600000,100,-1.240000,-0.020000
1478538697456,1.590000,1.590000,200,1.600000,100,-1.240000,-0.020000
1478538699947,1.590000,1.590000,200,1.600000,100,-1.240000,-0.020000
1478538702487,1.590000,1.590000,200,1.600000,100,-1.240000,-0.020000
1478538704964,1.590000,1.590000,200,1.600000,100,-1.240000,-0.020000
1478538707477,1.590000,1.590000,200,1.600000,100,-1.240000,-0.020000
1478538709442,1.590000,1.590000,200,1.600000,100,-1.240000,-0.020000
1478538712455,1.590000,1.590000,200,1.600000,100,-1.240000,-0.020000
1478538714453,1.590000,1.590000,200,1.600000,100,-1.240000,-0.020000
1478538716956,1.590000,1.590000,100,1.600000,100,-1.240000,-0.020000
1478538719461,1.590000,1.590000,100,1.600000,100,-1.240000,-0.020000
1478538721990,1.590000,1.590000,100,1.600000,100,-1.240000,-0.020000
1478538724462,1.590000,1.590000,100,1.600000,100,-1.240000,-0.020000
1478538726965,1.590000,1.590000,100,1.600000,100,-1.240000,-0.020000
1478538729463,1.590000,1.590000,100,1.600000,100,-1.240000,-0.020000
1478538732467,1.590000,1.590000,100,1.600000,100,-1.240000,-0.020000
1478538735090,1.590000,1.590000,100,1.600000,100,-1.240000,-0.020000
1478538736956,1.590000,1.590000,100,1.600000,100,-1.240000,-0.020000
1478538739464,1.590000,1.590000,100,1.600000,100,-1.240000,-0.020000
1478538741463,1.590000,1.590000,100,1.600000,100,-1.240000,-0.020000
1478538744484,1.590000,1.590000,100,1.600000,100,-1.240000,-0.020000
1478538746952,1.590000,1.590000,100,1.600000,100,-1.240000,-0.020000
1478538747960,1.590000,1.590000,100,1.600000,100,-1.240000,-0.020000
1478538750509,1.590000,1.590000,100,1.600000,100,-1.240000,-0.020000
1478538754478,1.590000,1.590000,100,1.600000,100,-1.240000,-0.020000
1478538756975,1.590000,1.590000,100,1.600000,100,-1.240000,-0.020000
1478538758470,1.590000,1.590000,100,1.600000,100,-1.240000,-0.020000
1478538761472,1.590000,1.590000,100,1.600000,100,-1.240000,-0.020000
1478538763491,1.590000,1.590000,100,1.600000,100,-1.240000,-0.020000
1478538765974,1.590000,1.590000,100,1.600000,100,-1.240000,-0.020000
1478538768488,1.590000,1.590000,100,1.600000,100,-1.240000,-0.020000
1478538771025,1.590000,1.590000,100,1.600000,100,-1.240000,-0.020000
1478538772990,1.590000,1.590000,100,1.600000,100,-1.240000,-0.020000
1478538775984,1.590000,1.590000,100,1.600000,100,-1.240000,-0.020000
1478538777491,1.590000,1.590000,100,1.600000,100,-1.240000,-0.020000
1478538780375,1.590000,1.590000,100,1.600000,100,-1.240000,-0.020000
1478538782897,1.590000,1.590000,100,1.600000,100,-1.240000,-0.020000
1478538785371,1.590000,1.590000,100,1.600000,100,-1.240000,-0.020000
1478538787872,1.590000,1.590000,100,1.600000,100,-1.240000,-0.020000
1478538790381,1.590000,1.590000,100,1.600000,100,-1.240000,-0.020000
1478538792914,1.590000,1.590000,100,1.600000,100,-1.240000,-0.020000
1478538794408,1.590000,1.590000,100,1.600000,100,-1.240000,-0.020000
1478538798388,1.590000,1.590000,100,1.600000,100,-1.240000,-0.020000
1478538800377,1.590000,1.590000,100,1.600000,100,-1.240000,-0.020000
1478538802883,1.590000,1.590000,100,1.600000,100,-1.240000,-0.020000
1478538805380,1.590000,1.590000,100,1.600000,100,-1.240000,-0.020000
1478538808886,1.590000,1.590000,100,1.600000,100,-1.240000,-0.020000
1478538810893,1.590000,1.590000,100,1.600000,100,-1.240000,-0.020000
1478538813387,1.590000,1.590000,100,1.600000,100,-1.240000,-0.020000
1478538816895,1.590000,1.590000,100,1.600000,100,-1.240000,-0.020000
1478538819397,1.590000,1.590000,100,1.600000,100,-1.240000,-0.020000
1478538821889,1.590000,1.590000,100,1.600000,100,-1.240000,-0.020000
1478538824405,1.590000,1.590000,100,1.600000,100,-1.240000,-0.020000
1478538826889,1.590000,1.590000,100,1.600000,100,-1.240000,-0.020000
1478538829902,1.590000,1.590000,100,1.600000,100,-1.240000,-0.020000
1478538832394,1.590000,1.590000,100,1.600000,100,-1.240000,-0.020000
1478538834893,1.600000,1.590000,100,1.600000,100,-0.620000,-0.010000
1478538837901,1.600000,1.590000,100,1.600000,100,-0.620000,-0.010000
1478538840407,1.600000,1.590000,100,1.600000,100,-0.620000,-0.010000
1478538842906,1.600000,1.590000,100,1.600000,100,-0.620000,-0.010000
1478538845396,1.600000,1.590000,100,1.600000,100,-0.620000,-0.010000
1478538848416,1.600000,1.590000,100,1.600000,100,-0.620000,-0.010000
1478538851912,1.600000,1.590000,100,1.600000,100,-0.620000,-0.010000
1478538853925,1.600000,1.590000,100,1.600000,100,-0.620000,-0.010000
1478538856919,1.600000,1.590000,100,1.600000,100,-0.620000,-0.010000
1478538859910,1.600000,1.590000,100,1.600000,100,-0.620000,-0.010000
1478538862914,1.600000,1.590000,100,1.600000,100,-0.620000,-0.010000
1478538865413,1.600000,1.590000,100,1.600000,100,-0.620000,-0.010000
1478538867967,1.600000,1.590000,100,1.600000,100,-0.620000,-0.010000
1478538869913,1.600000,1.590000,100,1.600000,100,-0.620000,-0.010000
1478538872917,1.600000,1.590000,100,1.600000,100,-0.620000,-0.010000
1478538875937,1.600000,1.590000,100,1.600000,100,-0.620000,-0.010000
1478538878431,1.600000,1.590000,100,1.600000,100,-0.620000,-0.010000
1478538880441,1.600000,1.590000,100,1.600000,100,-0.620000,-0.010000
1478538882472,1.600000,1.590000,100,1.600000,100,-0.620000,-0.010000
1478538885422,1.600000,1.590000,100,1.600000,100,-0.620000,-0.010000
1478538887921,1.600000,1.590000,100,1.600000,100,-0.620000,-0.010000
1478538889930,1.600000,1.590000,100,1.600000,100,-0.620000,-0.010000
1478538892433,1.600000,1.590000,100,1.600000,100,-0.620000,-0.010000
1478538894433,1.600000,1.590000,100,1.600000,100,-0.620000,-0.010000
1478538896961,1.600000,1.590000,100,1.600000,100,-0.620000,-0.010000
1478538899433,1.600000,1.590000,100,1.600000,100,-0.620000,-0.010000
1478538901934,1.600000,1.590000,100,1.600000,100,-0.620000,-0.010000
1478538904934,1.600000,1.590000,100,1.600000,100,-0.620000,-0.010000
1478538907470,1.600000,1.590000,100,1.600000,100,-0.620000,-0.010000
1478538909941,1.600000,1.590000,100,1.600000,100,-0.620000,-0.010000
1478538912433,1.600000,1.590000,100,1.600000,100,-0.620000,-0.010000
1478538914436,1.600000,1.590000,100,1.600000,100,-0.620000,-0.010000
1478538916934,1.600000,1.590000,100,1.600000,100,-0.620000,-0.010000
1478538919475,1.600000,1.590000,100,1.600000,100,-0.620000,-0.010000
1478538921939,1.600000,1.590000,100,1.600000,100,-0.620000,-0.010000
1478538924437,1.600000,1.590000,100,1.600000,100,-0.620000,-0.010000
1478538926951,1.600000,1.590000,100,1.600000,100,-0.620000,-0.010000
1478538928939,1.600000,1.590000,100,1.600000,100,-0.620000,-0.010000
1478538931476,1.600000,1.590000,200,1.600000,100,-0.620000,-0.010000
1478538933944,1.600000,1.590000,200,1.600000,100,-0.620000,-0.010000
1478538936437,1.600000,1.590000,200,1.600000,100,-0.620000,-0.010000
1478538939432,1.600000,1.590000,200,1.600000,100,-0.620000,-0.010000
1478538941453,1.600000,1.590000,200,1.600000,100,-0.620000,-0.010000
1478538944434,1.600000,1.590000,200,1.600000,100,-0.620000,-0.010000
1478538946953,1.600000,1.590000,200,1.600000,100,-0.620000,-0.010000
1478538948953,1.600000,1.590000,200,1.600000,100,-0.620000,-0.010000
1478538951485,1.600000,1.590000,200,1.600000,100,-0.620000,-0.010000
1478538953949,1.600000,1.590000,200,1.600000,100,-0.620000,-0.010000
1478538956953,1.600000,1.590000,200,1.600000,100,-0.620000,-0.010000
1478538959461,1.600000,1.590000,200,1.600000,100,-0.620000,-0.010000
1478538961492,1.600000,1.590000,200,1.600000,100,-0.620000,-0.010000
1478538963959,1.600000,1.590000,200,1.600000,100,-0.620000,-0.010000
1478538965975,1.600000,1.590000,200,1.600000,100,-0.620000,-0.010000
1478538968974,1.600000,1.590000,200,1.600000,100,-0.620000,-0.010000
1478538970551,1.600000,1.590000,200,1.600000,100,-0.620000,-0.010000
1478538973460,1.600000,1.590000,200,1.600000,100,-0.620000,-0.010000
1478538975959,1.600000,1.590000,200,1.600000,100,-0.620000,-0.010000
1478538978464,1.600000,1.590000,200,1.600000,100,-0.620000,-0.010000
1478538981477,1.600000,1.590000,200,1.600000,100,-0.620000,-0.010000
1478538983452,1.600000,1.590000,200,1.600000,100,-0.620000,-0.010000
1478538986471,1.600000,1.590000,200,1.600000,100,-0.620000,-0.010000
1478538991959,1.600000,1.590000,200,1.600000,100,-0.620000,-0.010000
1478538994491,1.600000,1.590000,200,1.600000,100,-0.620000,-0.010000
1478538996480,1.600000,1.590000,200,1.600000,100,-0.620000,-0.010000
1478538999479,1.600000,1.590000,200,1.600000,100,-0.620000,-0.010000
1478539001973,1.600000,1.590000,200,1.600000,100,-0.620000,-0.010000
1478539003489,1.600000,1.590000,200,1.600000,100,-0.620000,-0.010000
1478539006480,1.600000,1.590000,200,1.600000,100,-0.620000,-0.010000
1478539008990,1.600000,1.590000,200,1.600000,100,-0.620000,-0.010000
1478539010460,1.600000,1.590000,200,1.600000,100,-0.620000,-0.010000
1478539014489,1.600000,1.590000,200,1.600000,100,-0.620000,-0.010000
1478539016495,1.600000,1.590000,200,1.600000,100,-0.620000,-0.010000
1478539018487,1.600000,1.590000,200,1.600000,100,-0.620000,-0.010000
1478539022036,1.600000,1.590000,200,1.600000,100,-0.620000,-0.010000
1478539025507,1.600000,1.590000,200,1.600000,100,-0.620000,-0.010000
1478539027494,1.600000,1.590000,200,1.600000,100,-0.620000,-0.010000
1478539031373,1.600000,1.590000,200,1.600000,100,-0.620000,-0.010000
1478539034373,1.600000,1.590000,200,1.600000,100,-0.620000,-0.010000
1478539036874,1.600000,1.590000,200,1.600000,100,-0.620000,-0.010000
1478539038875,1.600000,1.590000,200,1.600000,100,-0.620000,-0.010000
1478539040925,1.600000,1.590000,200,1.600000,100,-0.620000,-0.010000
1478539043917,1.600000,1.590000,200,1.600000,100,-0.620000,-0.010000
1478539045884,1.600000,1.590000,200,1.600000,100,-0.620000,-0.010000
1478539048374,1.600000,1.590000,200,1.600000,100,-0.620000,-0.010000
1478539051380,1.600000,1.590000,200,1.600000,100,-0.620000,-0.010000
1478539054382,1.600000,1.590000,200,1.600000,100,-0.620000,-0.010000
1478539057392,1.600000,1.590000,200,1.600000,100,-0.620000,-0.010000
1478539059903,1.600000,1.590000,200,1.600000,100,-0.620000,-0.010000
1478539062388,1.600000,1.590000,200,1.600000,100,-0.620000,-0.010000
1478539064887,1.600000,1.590000,200,1.600000,100,-0.620000,-0.010000
1478539070389,1.600000,1.590000,200,1.600000,100,-0.620000,-0.010000
1478539073399,1.600000,1.590000,200,1.600000,100,-0.620000,-0.010000
1478539075895,1.600000,1.590000,200,1.600000,100,-0.620000,-0.010000
1478539078894,1.600000,1.590000,200,1.600000,100,-0.620000,-0.010000
1478539081432,1.600000,1.590000,200,1.600000,100,-0.620000,-0.010000
1478539083896,1.600000,1.590000,200,1.600000,100,-0.620000,-0.010000
1478539086396,1.600000,1.590000,200,1.600000,100,-0.620000,-0.010000
1478539088897,1.600000,1.590000,200,1.600000,100,-0.620000,-0.010000
1478539090410,1.600000,1.590000,200,1.600000,100,-0.620000,-0.010000
1478539093402,1.600000,1.590000,200,1.600000,100,-0.620000,-0.010000
1478539095916,1.600000,1.590000,200,1.600000,100,-0.620000,-0.010000
1478539098407,1.600000,1.590000,200,1.600000,100,-0.620000,-0.010000
1478539100912,1.600000,1.590000,200,1.600000,100,-0.620000,-0.010000
1478539103406,1.600000,1.590000,200,1.600000,100,-0.620000,-0.010000
1478539105907,1.600000,1.590000,200,1.600000,100,-0.620000,-0.010000
1478539108414,1.600000,1.590000,200,1.600000,100,-0.620000,-0.010000
1478539110909,1.600000,1.590000,200,1.600000,100,-0.620000,-0.010000
1478539112933,1.600000,1.590000,200,1.600000,100,-0.620000,-0.010000
1478539115416,1.600000,1.590000,200,1.600000,100,-0.620000,-0.010000
1478539118412,1.600000,1.590000,200,1.600000,100,-0.620000,-0.010000
1478539121911,1.600000,1.590000,200,1.600000,100,-0.620000,-0.010000
1478539124473,1.600000,1.590000,200,1.600000,100,-0.620000,-0.010000
1478539126426,1.600000,1.590000,200,1.600000,100,-0.620000,-0.010000
1478539128419,1.600000,1.590000,200,1.600000,100,-0.620000,-0.010000
1478539131424,1.600000,1.590000,200,1.600000,100,-0.620000,-0.010000
1478539133916,1.600000,1.590000,200,1.600000,100,-0.620000,-0.010000
1478539135921,1.600000,1.590000,200,1.600000,100,-0.620000,-0.010000
1478539137426,1.600000,1.590000,200,1.600000,100,-0.620000,-0.010000
1478539140440,1.600000,1.590000,200,1.600000,100,-0.620000,-0.010000
1478539143421,1.600000,1.590000,200,1.600000,100,-0.620000,-0.010000
1478539145421,1.600000,1.590000,200,1.600000,100,-0.620000,-0.010000
1478539148442,1.600000,1.590000,200,1.600000,100,-0.620000,-0.010000
1478539150927,1.600000,1.590000,200,1.600000,100,-0.620000,-0.010000
1478539153436,1.600000,1.590000,200,1.600000,100,-0.620000,-0.010000
1478539155927,1.600000,1.590000,200,1.600000,100,-0.620000,-0.010000
1478539157927,1.600000,1.590000,200,1.600000,100,-0.620000,-0.010000
1478539160438,1.600000,1.590000,200,1.600000,100,-0.620000,-0.010000
1478539162929,1.600000,1.590000,200,1.600000,100,-0.620000,-0.010000
1478539165939,1.600000,1.590000,200,1.600000,100,-0.620000,-0.010000
1478539168434,1.600000,1.590000,200,1.600000,100,-0.620000,-0.010000
1478539170433,1.600000,1.590000,200,1.600000,100,-0.620000,-0.010000
1478539173454,1.600000,1.590000,200,1.600000,100,-0.620000,-0.010000
1478539175948,1.600000,1.590000,200,1.600000,100,-0.620000,-0.010000
1478539178449,1.600000,1.590000,200,1.600000,100,-0.620000,-0.010000
1478539179935,1.600000,1.590000,200,1.600000,100,-0.620000,-0.010000
1478539182950,1.600000,1.590000,200,1.600000,100,-0.620000,-0.010000
1478539185446,1.600000,1.590000,200,1.600000,100,-0.620000,-0.010000
1478539188445,1.600000,1.590000,200,1.600000,100,-0.620000,-0.010000
1478539190956,1.600000,1.590000,200,1.600000,100,-0.620000,-0.010000
1478539193955,1.600000,1.590000,100,1.600000,100,-0.620000,-0.010000
1478539196478,1.600000,1.590000,100,1.600000,100,-0.620000,-0.010000
1478539198969,1.600000,1.590000,100,1.600000,100,-0.620000,-0.010000
1478539202001,1.600000,1.590000,100,1.600000,100,-0.620000,-0.010000
1478539203954,1.600000,1.590000,100,1.600000,100,-0.620000,-0.010000
1478539206461,1.600000,1.590000,100,1.600000,100,-0.620000,-0.010000
1478539208961,1.600000,1.590000,100,1.600000,100,-0.620000,-0.010000
1478539211461,1.590000,1.580000,900,1.600000,100,-1.240000,-0.020000
1478539214456,1.590000,1.580000,900,1.600000,100,-1.240000,-0.020000
1478539216502,1.590000,1.580000,900,1.600000,100,-1.240000,-0.020000
1478539218454,1.590000,1.580000,900,1.600000,100,-1.240000,-0.020000
1478539221470,1.590000,1.580000,900,1.600000,100,-1.240000,-0.020000
1478539223467,1.590000,1.580000,900,1.600000,100,-1.240000,-0.020000
1478539226455,1.590000,1.580000,900,1.600000,100,-1.240000,-0.020000
1478539229966,1.590000,1.580000,900,1.600000,100,-1.240000,-0.020000
1478539233471,1.590000,1.580000,900,1.600000,100,-1.240000,-0.020000
1478539235971,1.590000,1.580000,900,1.600000,100,-1.240000,-0.020000
1478539237960,1.590000,1.580000,900,1.600000,100,-1.240000,-0.020000
1478539239975,1.590000,1.580000,900,1.600000,100,-1.240000,-0.020000
1478539242968,1.590000,1.580000,900,1.600000,100,-1.240000,-0.020000
1478539245975,1.590000,1.580000,900,1.600000,100,-1.240000,-0.020000
1478539247967,1.590000,1.580000,900,1.600000,100,-1.240000,-0.020000
1478539250490,1.590000,1.580000,900,1.600000,100,-1.240000,-0.020000
1478539252970,1.590000,1.580000,900,1.600000,100,-1.240000,-0.020000
1478539255494,1.590000,1.580000,900,1.600000,100,-1.240000,-0.020000
1478539256479,1.590000,1.580000,900,1.600000,100,-1.240000,-0.020000
1478539258994,1.590000,1.580000,900,1.600000,100,-1.240000,-0.020000
1478539262524,1.590000,1.580000,900,1.600000,100,-1.240000,-0.020000
1478539264993,1.590000,1.580000,900,1.600000,100,-1.240000,-0.020000
1478539266995,1.590000,1.580000,900,1.600000,100,-1.240000,-0.020000
1478539269531,1.590000,1.580000,900,1.600000,100,-1.240000,-0.020000
1478539272037,1.590000,1.580000,900,1.600000,100,-1.240000,-0.020000
1478539274489,1.590000,1.580000,900,1.600000,100,-1.240000,-0.020000
1478539276614,1.590000,1.580000,900,1.600000,100,-1.240000,-0.020000
1478539279369,1.590000,1.580000,900,1.600000,100,-1.240000,-0.020000
1478539281871,1.590000,1.580000,900,1.600000,100,-1.240000,-0.020000
1478539283873,1.590000,1.580000,900,1.600000,100,-1.240000,-0.020000
1478539286910,1.590000,1.580000,900,1.600000,100,-1.240000,-0.020000
1478539289376,1.590000,1.580000,900,1.600000,100,-1.240000,-0.020000
1478539291880,1.590000,1.580000,900,1.600000,100,-1.240000,-0.020000
1478539293878,1.590000,1.580000,900,1.600000,100,-1.240000,-0.020000
1478539296384,1.590000,1.580000,900,1.600000,100,-1.240000,-0.020000
1478539298892,1.590000,1.580000,900,1.600000,100,-1.240000,-0.020000
1478539301383,1.590000,1.580000,900,1.600000,100,-1.240000,-0.020000
1478539304387,1.590000,1.580000,900,1.600000,100,-1.240000,-0.020000
1478539306916,1.590000,1.580000,900,1.600000,100,-1.240000,-0.020000
1478539309906,1.590000,1.580000,900,1.600000,100,-1.240000,-0.020000
1478539312417,1.590000,1.580000,900,1.600000,100,-1.240000,-0.020000
1478539314392,1.590000,1.580000,900,1.600000,100,-1.240000,-0.020000
1478539316893,1.590000,1.580000,900,1.600000,100,-1.240000,-0.020000
1478539327904,1.590000,1.580000,900,1.600000,100,-1.240000,-0.020000
1478539330398,1.590000,1.580000,900,1.600000,100,-1.240000,-0.020000
1478539332898,1.590000,1.580000,900,1.600000,100,-1.240000,-0.020000
1478539335405,1.590000,1.580000,900,1.600000,100,-1.240000,-0.020000
1478539337907,1.590000,1.580000,900,1.600000,100,-1.240000,-0.020000
1478539340426,1.590000,1.580000,900,1.600000,100,-1.240000,-0.020000
1478539342895,1.590000,1.580000,900,1.600000,100,-1.240000,-0.020000
1478539345404,1.590000,1.580000,900,1.600000,100,-1.240000,-0.020000
1478539347903,1.590000,1.580000,900,1.600000,100,-1.240000,-0.020000
1478539349902,1.590000,1.580000,900,1.600000,100,-1.240000,-0.020000
1478539352432,1.590000,1.580000,900,1.600000,100,-1.240000,-0.020000
1478539354895,1.590000,1.580000,900,1.600000,100,-1.240000,-0.020000
1478539357429,1.590000,1.580000,900,1.600000,100,-1.240000,-0.020000
1478539359445,1.590000,1.580000,900,1.600000,100,-1.240000,-0.020000
1478539361911,1.590000,1.580000,900,1.600000,100,-1.240000,-0.020000
1478539364410,1.590000,1.580000,900,1.600000,100,-1.240000,-0.020000
1478539366407,1.590000,1.580000,900,1.600000,100,-1.240000,-0.020000
1478539368916,1.590000,1.580000,900,1.600000,100,-1.240000,-0.020000
1478539370424,1.590000,1.580000,900,1.600000,100,-1.240000,-0.020000
1478539373918,1.590000,1.580000,900,1.600000,100,-1.240000,-0.020000
1478539376407,1.590000,1.580000,900,1.600000,100,-1.240000,-0.020000
1478539378916,1.590000,1.580000,900,1.600000,100,-1.240000,-0.020000
1478539381417,1.590000,1.580000,900,1.600000,100,-1.240000,-0.020000
1478539383923,1.590000,1.580000,900,1.600000,100,-1.240000,-0.020000
1478539386478,1.590000,1.580000,900,1.600000,100,-1.240000,-0.020000
1478539389422,1.590000,1.580000,900,1.600000,100,-1.240000,-0.020000
1478539391929,1.590000,1.580000,900,1.600000,100,-1.240000,-0.020000
1478539394432,1.590000,1.580000,900,1.600000,100,-1.240000,-0.020000
1478539396930,1.590000,1.580000,900,1.600000,100,-1.240000,-0.020000
1478539398937,1.590000,1.580000,900,1.600000,100,-1.240000,-0.020000
1478539401461,1.590000,1.580000,900,1.600000,100,-1.240000,-0.020000
1478539404467,1.590000,1.580000,900,1.600000,100,-1.240000,-0.020000
1478539406930,1.590000,1.580000,900,1.600000,100,-1.240000,-0.020000
1478539409430,1.590000,1.580000,900,1.600000,100,-1.240000,-0.020000
1478539411948,1.590000,1.580000,900,1.600000,100,-1.240000,-0.020000
1478539416476,1.590000,1.580000,900,1.600000,100,-1.240000,-0.020000
1478539418934,1.590000,1.580000,900,1.600000,100,-1.240000,-0.020000
1478539421428,1.590000,1.580000,900,1.600000,100,-1.240000,-0.020000
1478539423433,1.590000,1.580000,900,1.600000,100,-1.240000,-0.020000
1478539426450,1.590000,1.580000,900,1.600000,100,-1.240000,-0.020000
1478539428942,1.590000,1.580000,900,1.600000,100,-1.240000,-0.020000
1478539431433,1.590000,1.580000,900,1.600000,100,-1.240000,-0.020000
1478539433945,1.590000,1.580000,900,1.600000,100,-1.240000,-0.020000
1478539436944,1.590000,1.580000,900,1.600000,100,-1.240000,-0.020000
1478539439473,1.590000,1.580000,900,1.600000,100,-1.240000,-0.020000
1478539443446,1.590000,1.580000,900,1.600000,100,-1.240000,-0.020000
1478539445947,1.590000,1.580000,900,1.600000,100,-1.240000,-0.020000
1478539448448,1.590000,1.580000,900,1.600000,100,-1.240000,-0.020000
1478539450947,1.590000,1.580000,900,1.600000,100,-1.240000,-0.020000
1478539452963,1.590000,1.580000,900,1.600000,100,-1.240000,-0.020000
1478539454447,1.590000,1.580000,900,1.600000,100,-1.240000,-0.020000
1478539457450,1.590000,1.580000,900,1.600000,100,-1.240000,-0.020000
1478539460440,1.590000,1.580000,900,1.600000,100,-1.240000,-0.020000
1478539462452,1.590000,1.580000,900,1.600000,100,-1.240000,-0.020000
1478539464954,1.590000,1.580000,900,1.600000,100,-1.240000,-0.020000
1478539466971,1.590000,1.580000,900,1.600000,100,-1.240000,-0.020000
1478539470516,1.590000,1.580000,900,1.600000,100,-1.240000,-0.020000
1478539472446,1.590000,1.580000,900,1.600000,100,-1.240000,-0.020000
1478539475467,1.590000,1.580000,900,1.600000,100,-1.240000,-0.020000
1478539477465,1.590000,1.580000,900,1.600000,100,-1.240000,-0.020000
1478539480451,1.590000,1.580000,900,1.600000,100,-1.240000,-0.020000
1478539482488,1.590000,1.580000,900,1.600000,100,-1.240000,-0.020000
1478539484504,1.590000,1.580000,900,1.600000,100,-1.240000,-0.020000
1478539487467,1.590000,1.580000,900,1.600000,100,-1.240000,-0.020000
1478539489967,1.590000,1.580000,900,1.600000,100,-1.240000,-0.020000
1478539492458,1.590000,1.580000,900,1.600000,100,-1.240000,-0.020000
1478539494458,1.590000,1.580000,900,1.600000,100,-1.240000,-0.020000
1478539497020,1.590000,1.580000,900,1.600000,100,-1.240000,-0.020000
1478539500477,1.590000,1.580000,900,1.600000,100,-1.240000,-0.020000
1478539503003,1.590000,1.580000,900,1.600000,100,-1.240000,-0.020000
1478539505472,1.590000,1.580000,900,1.600000,100,-1.240000,-0.020000
1478539508485,1.590000,1.580000,900,1.600000,100,-1.240000,-0.020000
1478539511517,1.590000,1.580000,900,1.600000,100,-1.240000,-0.020000
1478539513474,1.590000,1.580000,900,1.600000,100,-1.240000,-0.020000
1478539516489,1.590000,1.580000,900,1.600000,100,-1.240000,-0.020000
1478539518979,1.590000,1.580000,900,1.600000,100,-1.240000,-0.020000
1478539521475,1.590000,1.580000,900,1.600000,100,-1.240000,-0.020000
1478539523475,1.590000,1.580000,900,1.600000,100,-1.240000,-0.020000
1478539525990,1.590000,1.580000,900,1.600000,100,-1.240000,-0.020000
1478539528498,1.590000,1.580000,900,1.600000,100,-1.240000,-0.020000
1478539531376,1.590000,1.580000,900,1.600000,100,-1.240000,-0.020000
1478539534900,1.590000,1.580000,900,1.600000,100,-1.240000,-0.020000
1478539537377,1.590000,1.580000,900,1.600000,100,-1.240000,-0.020000
1478539539884,1.590000,1.580000,900,1.600000,100,-1.240000,-0.020000
1478539541886,1.590000,1.580000,900,1.600000,100,-1.240000,-0.020000
1478539544398,1.590000,1.580000,900,1.600000,100,-1.240000,-0.020000
1478539546908,1.590000,1.580000,900,1.600000,100,-1.240000,-0.020000
1478539549379,1.590000,1.580000,900,1.600000,100,-1.240000,-0.020000
1478539551880,1.590000,1.580000,900,1.600000,100,-1.240000,-0.020000
1478539554381,1.590000,1.580000,900,1.600000,100,-1.240000,-0.020000
1478539556397,1.590000,1.580000,900,1.600000,100,-1.240000,-0.020000
1478539558908,1.590000,1.580000,900,1.600000,100,-1.240000,-0.020000
1478539561386,1.590000,1.580000,900,1.600000,100,-1.240000,-0.020000
1478539563886,1.590000,1.580000,900,1.600000,100,-1.240000,-0.020000
1478539566387,1.590000,1.580000,900,1.600000,100,-1.240000,-0.020000
1478539568890,1.590000,1.580000,900,1.600000,100,-1.240000,-0.020000
1478539572424,1.590000,1.580000,900,1.600000,100,-1.240000,-0.020000
1478539574397,1.590000,1.580000,900,1.600000,100,-1.240000,-0.020000
1478539576907,1.590000,1.580000,900,1.600000,100,-1.240000,-0.020000
1478539579898,1.590000,1.580000,900,1.600000,100,-1.240000,-0.020000
1478539581898,1.590000,1.580000,900,1.600000,100,-1.240000,-0.020000
1478539584398,1.590000,1.580000,900,1.600000,100,-1.240000,-0.020000
1478539586903,1.590000,1.580000,900,1.600000,100,-1.240000,-0.020000
1478539589403,1.590000,1.580000,900,1.600000,100,-1.240000,-0.020000
1478539591905,1.590000,1.580000,900,1.600000,100,-1.240000,-0.020000
1478539593399,1.590000,1.580000,900,1.600000,100,-1.240000,-0.020000
1478539595900,1.590000,1.580000,900,1.600000,100,-1.240000,-0.020000
1478539598905,1.590000,1.580000,900,1.600000,100,-1.240000,-0.020000
1478539601908,1.590000,1.580000,900,1.600000,100,-1.240000,-0.020000
1478539603953,1.590000,1.580000,900,1.600000,100,-1.240000,-0.020000
1478539606408,1.590000,1.580000,900,1.600000,100,-1.240000,-0.020000
1478539609403,1.590000,1.580000,900,1.600000,100,-1.240000,-0.020000
1478539611912,1.590000,1.580000,900,1.600000,100,-1.240000,-0.020000
1478539614428,1.590000,1.580000,900,1.600000,100,-1.240000,-0.020000
1478539616906,1.590000,1.580000,900,1.600000,100,-1.240000,-0.020000
1478539622416,1.590000,1.580000,900,1.600000,100,-1.240000,-0.020000
1478539624415,1.590000,1.580000,900,1.600000,100,-1.240000,-0.020000
1478539626408,1.590000,1.580000,900,1.600000,100,-1.240000,-0.020000
1478539627486,1.590000,1.580000,900,1.600000,100,-1.240000,-0.020000
1478539632416,1.590000,1.580000,900,1.600000,100,-1.240000,-0.020000
1478539634430,1.590000,1.580000,900,1.600000,100,-1.240000,-0.020000
1478539637923,1.590000,1.580000,900,1.600000,100,-1.240000,-0.020000
1478539640927,1.590000,1.580000,900,1.600000,100,-1.240000,-0.020000
1478539643434,1.590000,1.580000,900,1.600000,100,-1.240000,-0.020000
1478539645419,1.590000,1.580000,900,1.600000,100,-1.240000,-0.020000
1478539649435,1.590000,1.580000,900,1.600000,100,-1.240000,-0.020000
1478539651932,1.590000,1.580000,900,1.600000,100,-1.240000,-0.020000
1478539654952,1.590000,1.580000,900,1.600000,100,-1.240000,-0.020000
1478539657434,1.590000,1.580000,900,1.600000,100,-1.240000,-0.020000
1478539659930,1.590000,1.580000,900,1.600000,100,-1.240000,-0.020000
1478539662411,1.590000,1.580000,900,1.600000,100,-1.240000,-0.020000
1478539663435,1.590000,1.580000,900,1.600000,100,-1.240000,-0.020000
1478539666935,1.590000,1.580000,900,1.600000,100,-1.240000,-0.020000
1478539669972,1.590000,1.580000,900,1.600000,100,-1.240000,-0.020000
1478539672463,1.590000,1.580000,900,1.600000,100,-1.240000,-0.020000
1478539674444,1.590000,1.580000,900,1.600000,100,-1.240000,-0.020000
1478539676440,1.590000,1.580000,900,1.600000,100,-1.240000,-0.020000
1478539679932,1.590000,1.580000,900,1.600000,100,-1.240000,-0.020000
1478539682440,1.590000,1.580000,900,1.600000,100,-1.240000,-0.020000
1478539684449,1.590000,1.580000,900,1.600000,100,-1.240000,-0.020000
1478539688947,1.590000,1.580000,900,1.600000,100,-1.240000,-0.020000
1478539691943,1.590000,1.580000,900,1.600000,100,-1.240000,-0.020000
1478539693953,1.590000,1.580000,900,1.600000,100,-1.240000,-0.020000
1478539696472,1.590000,1.580000,900,1.600000,100,-1.240000,-0.020000
1478539698437,1.590000,1.580000,900,1.600000,100,-1.240000,-0.020000
1478539701446,1.590000,1.580000,900,1.600000,100,-1.240000,-0.020000
1478539704948,1.590000,1.580000,900,1.600000,100,-1.240000,-0.020000
1478539706954,1.590000,1.580000,900,1.600000,100,-1.240000,-0.020000
1478539708949,1.590000,1.580000,900,1.600000,100,-1.240000,-0.020000
1478539711496,1.590000,1.580000,900,1.600000,100,-1.240000,-0.020000
1478539713458,1.590000,1.580000,900,1.600000,200,-1.240000,-0.020000
1478539717960,1.590000,1.580000,900,1.600000,200,-1.240000,-0.020000
1478539720482,1.590000,1.580000,900,1.600000,200,-1.240000,-0.020000
1478539722463,1.590000,1.580000,900,1.600000,200,-1.240000,-0.020000
1478539727520,1.590000,1.580000,900,1.600000,200,-1.240000,-0.020000
1478539730466,1.590000,1.580000,900,1.600000,200,-1.240000,-0.020000
1478539732974,1.590000,1.580000,900,1.600000,200,-1.240000,-0.020000
1478539735474,1.590000,1.580000,900,1.600000,200,-1.240000,-0.020000
1478539736972,1.590000,1.580000,900,1.600000,200,-1.240000,-0.020000
1478539739972,1.590000,1.580000,900,1.600000,200,-1.240000,-0.020000
1478539741975,1.590000,1.580000,900,1.600000,200,-1.240000,-0.020000
1478539745013,1.590000,1.580000,900,1.600000,200,-1.240000,-0.020000
1478539747458,1.590000,1.580000,900,1.600000,200,-1.240000,-0.020000
1478539749473,1.590000,1.580000,900,1.600000,200,-1.240000,-0.020000
1478539751989,1.590000,1.580000,900,1.600000,200,-1.240000,-0.020000
1478539753982,1.590000,1.580000,900,1.600000,200,-1.240000,-0.020000
1478539756986,1.590000,1.580000,900,1.600000,200,-1.240000,-0.020000
1478539760992,1.590000,1.580000,900,1.600000,200,-1.240000,-0.020000
1478539762985,1.590000,1.580000,900,1.600000,200,-1.240000,-0.020000
1478539764977,1.590000,1.580000,900,1.600000,200,-1.240000,-0.020000
1478539767521,1.590000,1.580000,900,1.600000,200,-1.240000,-0.020000
1478539769975,1.590000,1.580000,900,1.600000,200,-1.240000,-0.020000
1478539772485,1.590000,1.580000,900,1.600000,200,-1.240000,-0.020000
1478539775490,1.590000,1.580000,900,1.600000,200,-1.240000,-0.020000
1478539777986,1.590000,1.580000,900,1.600000,200,-1.240000,-0.020000
1478539780370,1.590000,1.580000,900,1.600000,200,-1.240000,-0.020000
1478539782873,1.590000,1.580000,900,1.600000,200,-1.240000,-0.020000
1478539785411,1.580000,1.580000,700,1.600000,200,-1.860000,-0.030000
1478539786874,1.580000,1.580000,700,1.600000,200,-1.860000,-0.030000
1478539789875,1.580000,1.580000,700,1.600000,200,-1.860000,-0.030000
1478539792376,1.580000,1.580000,700,1.600000,200,-1.860000,-0.030000
1478539794377,1.580000,1.580000,700,1.600000,200,-1.860000,-0.030000
1478539796921,1.580000,1.580000,700,1.600000,200,-1.860000,-0.030000
1478539798932,1.580000,1.580000,700,1.600000,200,-1.860000,-0.030000
1478539800904,1.580000,1.580000,700,1.600000,200,-1.860000,-0.030000
1478539803382,1.580000,1.580000,700,1.600000,200,-1.860000,-0.030000
1478539808385,1.580000,1.580000,700,1.600000,200,-1.860000,-0.030000
1478539810393,1.580000,1.580000,700,1.600000,200,-1.860000,-0.030000
1478539812889,1.580000,1.580000,700,1.600000,200,-1.860000,-0.030000
1478539814889,1.580000,1.580000,700,1.600000,200,-1.860000,-0.030000
1478539816897,1.580000,1.580000,700,1.600000,200,-1.860000,-0.030000
1478539819396,1.580000,1.580000,700,1.600000,200,-1.860000,-0.030000
1478539823403,1.580000,1.580000,700,1.600000,200,-1.860000,-0.030000
1478539825929,1.580000,1.580000,700,1.600000,200,-1.860000,-0.030000
1478539828411,1.580000,1.580000,700,1.600000,200,-1.860000,-0.030000
1478539829901,1.580000,1.580000,700,1.600000,200,-1.860000,-0.030000
1478539831393,1.580000,1.580000,700,1.600000,200,-1.860000,-0.030000
1478539834893,1.580000,1.580000,700,1.600000,200,-1.860000,-0.030000
1478539837435,1.580000,1.580000,700,1.600000,200,-1.860000,-0.030000
1478539839401,1.580000,1.580000,700,1.600000,200,-1.860000,-0.030000
1478539842403,1.580000,1.580000,700,1.600000,200,-1.860000,-0.030000
1478539844401,1.580000,1.580000,700,1.600000,200,-1.860000,-0.030000
1478539846413,1.580000,1.580000,700,1.600000,200,-1.860000,-0.030000
1478539848397,1.580000,1.580000,700,1.600000,200,-1.860000,-0.030000
1478539850914,1.580000,1.580000,700,1.600000,200,-1.860000,-0.030000
1478539853413,1.580000,1.580000,700,1.600000,200,-1.860000,-0.030000
1478539855911,1.580000,1.580000,700,1.600000,200,-1.860000,-0.030000
1478539858925,1.580000,1.580000,700,1.600000,200,-1.860000,-0.030000
1478539861406,1.580000,1.580000,700,1.600000,200,-1.860000,-0.030000
1478539863458,1.580000,1.580000,700,1.600000,200,-1.860000,-0.030000
1478539865919,1.580000,1.580000,700,1.600000,200,-1.860000,-0.030000
1478539867916,1.580000,1.580000,700,1.600000,200,-1.860000,-0.030000
1478539871412,1.580000,1.580000,700,1.600000,200,-1.860000,-0.030000
1478539873438,1.580000,1.580000,700,1.600000,200,-1.860000,-0.030000
1478539875420,1.580000,1.580000,700,1.600000,200,-1.860000,-0.030000
1478539877921,1.580000,1.580000,700,1.600000,200,-1.860000,-0.030000
1478539880412,1.580000,1.580000,700,1.600000,200,-1.860000,-0.030000
1478539882415,1.580000,1.580000,700,1.600000,200,-1.860000,-0.030000
1478539884923,1.580000,1.580000,700,1.600000,200,-1.860000,-0.030000
1478539886917,1.580000,1.580000,700,1.600000,200,-1.860000,-0.030000
1478539889489,1.580000,1.580000,700,1.600000,200,-1.860000,-0.030000
1478539891933,1.580000,1.580000,700,1.600000,200,-1.860000,-0.030000
1478539893930,1.580000,1.580000,700,1.600000,200,-1.860000,-0.030000
1478539896427,1.580000,1.580000,700,1.600000,200,-1.860000,-0.030000
1478539898434,1.580000,1.580000,700,1.600000,200,-1.860000,-0.030000
1478539901923,1.580000,1.580000,700,1.600000,200,-1.860000,-0.030000
1478539904438,1.580000,1.580000,700,1.600000,200,-1.860000,-0.030000
1478539906936,1.580000,1.580000,700,1.600000,200,-1.860000,-0.030000
1478539908926,1.580000,1.580000,700,1.600000,200,-1.860000,-0.030000
1478539910937,1.580000,1.580000,700,1.600000,200,-1.860000,-0.030000
1478539913449,1.580000,1.580000,700,1.600000,200,-1.860000,-0.030000
1478539915441,1.580000,1.580000,700,1.600000,200,-1.860000,-0.030000
1478539918503,1.580000,1.580000,700,1.600000,200,-1.860000,-0.030000
1478539920941,1.580000,1.580000,700,1.600000,200,-1.860000,-0.030000
1478539923447,1.580000,1.580000,700,1.600000,200,-1.860000,-0.030000
1478539925446,1.580000,1.580000,700,1.600000,200,-1.860000,-0.030000
1478539927943,1.580000,1.580000,700,1.600000,200,-1.860000,-0.030000
1478539929953,1.580000,1.580000,700,1.600000,200,-1.860000,-0.030000
1478539932458,1.580000,1.580000,700,1.600000,200,-1.860000,-0.030000
1478539934553,1.580000,1.580000,700,1.600000,200,-1.860000,-0.030000
1478539936940,1.580000,1.580000,700,1.600000,200,-1.860000,-0.030000
1478539939434,1.580000,1.580000,700,1.600000,200,-1.860000,-0.030000
1478539941459,1.580000,1.580000,700,1.600000,200,-1.860000,-0.030000
1478539943951,1.580000,1.580000,700,1.600000,200,-1.860000,-0.030000
1478539946453,1.580000,1.580000,700,1.600000,200,-1.860000,-0.030000
1478539948451,1.580000,1.580000,700,1.600000,200,-1.860000,-0.030000
1478539951448,1.580000,1.580000,700,1.600000,200,-1.860000,-0.030000
1478539955456,1.580000,1.580000,700,1.600000,200,-1.860000,-0.030000
1478539957965,1.580000,1.580000,700,1.600000,200,-1.860000,-0.030000
1478539959468,1.580000,1.580000,700,1.600000,200,-1.860000,-0.030000
1478539961965,1.580000,1.580000,700,1.600000,200,-1.860000,-0.030000
1478539964961,1.580000,1.580000,700,1.600000,200,-1.860000,-0.030000
1478539967465,1.580000,1.580000,700,1.600000,100,-1.860000,-0.030000
1478539969954,1.580000,1.580000,700,1.600000,100,-1.860000,-0.030000
1478539971962,1.580000,1.580000,700,1.600000,100,-1.860000,-0.030000
1478539973971,1.580000,1.580000,700,1.600000,100,-1.860000,-0.030000
1478539976466,1.580000,1.580000,700,1.600000,100,-1.860000,-0.030000
1478539978963,1.580000,1.580000,700,1.600000,100,-1.860000,-0.030000
1478539980969,1.580000,1.580000,700,1.600000,100,-1.860000,-0.030000
1478539983455,1.580000,1.580000,700,1.600000,100,-1.860000,-0.030000
1478539985476,1.580000,1.580000,700,1.600000,100,-1.860000,-0.030000
1478539987477,1.580000,1.580000,700,1.600000,100,-1.860000,-0.030000
1478539989992,1.580000,1.580000,700,1.600000,100,-1.860000,-0.030000
1478539991983,1.580000,1.580000,700,1.600000,100,-1.860000,-0.030000
1478539994485,1.580000,1.580000,700,1.600000,100,-1.860000,-0.030000
1478539996471,1.580000,1.580000,700,1.600000,100,-1.860000,-0.030000
1478539999025,1.580000,1.580000,700,1.600000,100,-1.860000,-0.030000
1478540000974,1.580000,1.580000,700,1.600000,100,-1.860000,-0.030000
1478540003475,1.580000,1.580000,700,1.600000,100,-1.860000,-0.030000
1478540006054,1.580000,1.580000,700,1.600000,100,-1.860000,-0.030000
1478540007479,1.580000,1.580000,700,1.600000,100,-1.860000,-0.030000
1478540009980,1.580000,1.580000,700,1.600000,100,-1.860000,-0.030000
1478540012486,1.580000,1.580000,700,1.600000,100,-1.860000,-0.030000
1478540014995,1.580000,1.580000,700,1.600000,100,-1.860000,-0.030000
1478540016989,1.580000,1.580000,700,1.600000,100,-1.860000,-0.030000
1478540019011,1.580000,1.580000,700,1.600000,100,-1.860000,-0.030000
1478540021487,1.580000,1.580000,700,1.600000,200,-1.860000,-0.030000
1478540024001,1.580000,1.580000,700,1.600000,200,-1.860000,-0.030000
1478540026005,1.580000,1.580000,700,1.600000,200,-1.860000,-0.030000
1478540028873,1.580000,1.580000,700,1.600000,200,-1.860000,-0.030000
1478540030886,1.580000,1.580000,700,1.600000,200,-1.860000,-0.030000
1478540032876,1.580000,1.580000,700,1.600000,200,-1.860000,-0.030000
1478540035376,1.580000,1.580000,700,1.600000,200,-1.860000,-0.030000
1478540037384,1.580000,1.580000,700,1.600000,200,-1.860000,-0.030000
1478540038383,1.580000,1.580000,700,1.600000,200,-1.860000,-0.030000
1478540040883,1.580000,1.580000,700,1.600000,200,-1.860000,-0.030000
1478540044380,1.580000,1.580000,700,1.600000,200,-1.860000,-0.030000
1478540046387,1.580000,1.580000,700,1.600000,200,-1.860000,-0.030000
1478540049394,1.580000,1.580000,700,1.600000,200,-1.860000,-0.030000
1478540051885,1.580000,1.580000,700,1.600000,200,-1.860000,-0.030000
1478540053889,1.580000,1.580000,700,1.600000,200,-1.860000,-0.030000
1478540056389,1.580000,1.580000,700,1.600000,200,-1.860000,-0.030000
1478540058389,1.580000,1.580000,700,1.600000,200,-1.860000,-0.030000
1478540060896,1.580000,1.580000,700,1.600000,200,-1.860000,-0.030000
1478540062907,1.580000,1.580000,700,1.600000,200,-1.860000,-0.030000
1478540065402,1.580000,1.580000,700,1.600000,200,-1.860000,-0.030000
1478540067392,1.580000,1.580000,700,1.600000,200,-1.860000,-0.030000
1478540070404,1.580000,1.580000,700,1.600000,200,-1.860000,-0.030000
1478540072398,1.580000,1.580000,700,1.600000,200,-1.860000,-0.030000
1478540074899,1.580000,1.580000,700,1.600000,200,-1.860000,-0.030000
1478540076908,1.580000,1.580000,700,1.600000,200,-1.860000,-0.030000
1478540079402,1.580000,1.580000,700,1.600000,200,-1.860000,-0.030000
1478540081397,1.580000,1.580000,700,1.600000,200,-1.860000,-0.030000
1478540083405,1.580000,1.580000,700,1.600000,200,-1.860000,-0.030000
1478540085897,1.580000,1.580000,700,1.600000,200,-1.860000,-0.030000
1478540087406,1.580000,1.580000,700,1.600000,200,-1.860000,-0.030000
1478540090940,1.580000,1.580000,700,1.600000,200,-1.860000,-0.030000
1478540092899,1.580000,1.580000,700,1.600000,200,-1.860000,-0.030000
1478540095400,1.580000,1.580000,700,1.600000,200,-1.860000,-0.030000
1478540096908,1.580000,1.580000,700,1.600000,200,-1.860000,-0.030000
1478540099910,1.580000,1.580000,700,1.600000,200,-1.860000,-0.030000
1478540102959,1.580000,1.580000,700,1.600000,200,-1.860000,-0.030000
1478540105466,1.580000,1.580000,700,1.600000,200,-1.860000,-0.030000
1478540107412,1.580000,1.580000,700,1.600000,200,-1.860000,-0.030000
1478540109922,1.580000,1.580000,700,1.600000,200,-1.860000,-0.030000
1478540112412,1.580000,1.580000,700,1.600000,200,-1.860000,-0.030000
1478540114409,1.580000,1.580000,700,1.600000,200,-1.860000,-0.030000
1478540116924,1.580000,1.580000,700,1.600000,200,-1.860000,-0.030000
1478540118432,1.580000,1.580000,700,1.600000,200,-1.860000,-0.030000
1478540121423,1.580000,1.580000,700,1.600000,200,-1.860000,-0.030000
1478540123433,1.580000,1.580000,700,1.600000,200,-1.860000,-0.030000
1478540125911,1.580000,1.580000,700,1.600000,200,-1.860000,-0.030000
1478540127925,1.580000,1.580000,700,1.600000,200,-1.860000,-0.030000
1478540130424,1.580000,1.580000,700,1.600000,200,-1.860000,-0.030000
1478540132987,1.580000,1.580000,700,1.600000,200,-1.860000,-0.030000
1478540134960,1.580000,1.580000,700,1.600000,200,-1.860000,-0.030000
1478540137430,1.580000,1.580000,700,1.600000,200,-1.860000,-0.030000
1478540139932,1.580000,1.580000,700,1.600000,200,-1.860000,-0.030000
1478540141918,1.580000,1.580000,700,1.600000,200,-1.860000,-0.030000
1478540143927,1.580000,1.580000,700,1.600000,200,-1.860000,-0.030000
1478540146431,1.580000,1.580000,700,1.600000,200,-1.860000,-0.030000
1478540148440,1.580000,1.580000,700,1.600000,200,-1.860000,-0.030000
1478540150929,1.580000,1.580000,700,1.600000,200,-1.860000,-0.030000
1478540153442,1.580000,1.580000,700,1.600000,200,-1.860000,-0.030000
1478540155439,1.580000,1.580000,700,1.600000,200,-1.860000,-0.030000
1478540157931,1.580000,1.580000,700,1.600000,200,-1.860000,-0.030000
1478540159428,1.580000,1.580000,700,1.600000,200,-1.860000,-0.030000
1478540162474,1.580000,1.580000,700,1.600000,200,-1.860000,-0.030000
1478540164448,1.580000,1.580000,700,1.600000,200,-1.860000,-0.030000
1478540166940,1.580000,1.580000,700,1.600000,200,-1.860000,-0.030000
1478540168993,1.580000,1.580000,700,1.600000,200,-1.860000,-0.030000
1478540170942,1.580000,1.580000,700,1.600000,200,-1.860000,-0.030000
1478540173938,1.580000,1.580000,700,1.600000,200,-1.860000,-0.030000
1478540176490,1.580000,1.580000,700,1.600000,200,-1.860000,-0.030000
1478540178454,1.580000,1.580000,700,1.600000,200,-1.860000,-0.030000
1478540180955,1.580000,1.580000,700,1.600000,200,-1.860000,-0.030000
1478540182940,1.580000,1.580000,700,1.600000,200,-1.860000,-0.030000
1478540185445,1.580000,1.580000,700,1.600000,200,-1.860000,-0.030000
1478540187453,1.580000,1.580000,700,1.600000,200,-1.860000,-0.030000
1478540189949,1.580000,1.580000,700,1.600000,200,-1.860000,-0.030000
1478540191957,1.580000,1.580000,700,1.600000,200,-1.860000,-0.030000
1478540194451,1.580000,1.580000,700,1.600000,200,-1.860000,-0.030000
1478540196955,1.580000,1.580000,700,1.600000,200,-1.860000,-0.030000
1478540198940,1.580000,1.580000,700,1.600000,200,-1.860000,-0.030000
1478540201457,1.580000,1.580000,700,1.600000,200,-1.860000,-0.030000
1478540203471,1.580000,1.580000,700,1.600000,200,-1.860000,-0.030000
1478540205987,1.580000,1.580000,700,1.600000,200,-1.860000,-0.030000
1478540207967,1.580000,1.580000,700,1.600000,200,-1.860000,-0.030000
1478540209956,1.580000,1.580000,700,1.600000,200,-1.860000,-0.030000
1478540212966,1.580000,1.580000,700,1.600000,200,-1.860000,-0.030000
1478540214958,1.580000,1.580000,700,1.600000,200,-1.860000,-0.030000
1478540216968,1.580000,1.580000,700,1.600000,200,-1.860000,-0.030000
1478540219478,1.580000,1.580000,700,1.600000,200,-1.860000,-0.030000
1478540221474,1.580000,1.580000,700,1.600000,200,-1.860000,-0.030000
1478540223979,1.580000,1.580000,700,1.600000,200,-1.860000,-0.030000
1478540225470,1.580000,1.580000,700,1.600000,200,-1.860000,-0.030000
1478540228479,1.580000,1.580000,700,1.600000,200,-1.860000,-0.030000
1478540230464,1.580000,1.580000,700,1.600000,200,-1.860000,-0.030000
1478540231984,1.580000,1.580000,700,1.600000,200,-1.860000,-0.030000
1478540234510,1.580000,1.580000,700,1.600000,200,-1.860000,-0.030000
1478540237459,1.580000,1.580000,700,1.600000,200,-1.860000,-0.030000
1478540239977,1.580000,1.580000,700,1.600000,200,-1.860000,-0.030000
1478540243982,1.580000,1.580000,700,1.600000,200,-1.860000,-0.030000
1478540246460,1.580000,1.580000,700,1.600000,200,-1.860000,-0.030000
1478540247012,1.580000,1.580000,700,1.600000,200,-1.860000,-0.030000
1478540251003,1.580000,1.580000,700,1.600000,200,-1.860000,-0.030000
1478540252980,1.580000,1.580000,700,1.600000,200,-1.860000,-0.030000
1478540255473,1.580000,1.580000,700,1.600000,200,-1.860000,-0.030000
1478540257472,1.580000,1.580000,700,1.600000,200,-1.860000,-0.030000
1478540259966,1.580000,1.580000,700,1.600000,200,-1.860000,-0.030000
1478540262480,1.580000,1.580000,700,1.600000,200,-1.860000,-0.030000
1478540263507,1.580000,1.580000,700,1.600000,200,-1.860000,-0.030000
1478540266986,1.580000,1.580000,700,1.600000,200,-1.860000,-0.030000
1478540268995,1.580000,1.580000,700,1.600000,200,-1.860000,-0.030000
1478540271473,1.580000,1.580000,700,1.600000,200,-1.860000,-0.030000
1478540273489,1.580000,1.580000,700,1.600000,200,-1.860000,-0.030000
1478540276248,1.580000,1.580000,700,1.600000,200,-1.860000,-0.030000
1478540277885,1.580000,1.580000,700,1.600000,200,-1.860000,-0.030000
1478540279871,1.580000,1.580000,700,1.600000,200,-1.860000,-0.030000
1478540282871,1.580000,1.580000,700,1.600000,100,-1.860000,-0.030000
1478540284873,1.580000,1.580000,700,1.600000,200,-1.860000,-0.030000
1478540287407,1.580000,1.580000,700,1.600000,200,-1.860000,-0.030000
1478540289376,1.580000,1.580000,700,1.600000,200,-1.860000,-0.030000
1478540291388,1.580000,1.580000,700,1.600000,200,-1.860000,-0.030000
1478540293383,1.580000,1.580000,700,1.600000,200,-1.860000,-0.030000
1478540295880,1.580000,1.580000,700,1.600000,200,-1.860000,-0.030000
1478540297883,1.580000,1.580000,700,1.600000,200,-1.860000,-0.030000
1478540300888,1.580000,1.580000,700,1.600000,200,-1.860000,-0.030000
1478540302886,1.580000,1.580000,700,1.600000,200,-1.860000,-0.030000
1478540305387,1.580000,1.580000,700,1.600000,200,-1.860000,-0.030000
1478540307910,1.580000,1.580000,700,1.600000,200,-1.860000,-0.030000
1478540309386,1.580000,1.580000,700,1.600000,200,-1.860000,-0.030000
1478540312390,1.580000,1.580000,700,1.600000,200,-1.860000,-0.030000
1478540314892,1.580000,1.580000,700,1.600000,200,-1.860000,-0.030000
1478540316889,1.580000,1.580000,700,1.600000,200,-1.860000,-0.030000
1478540318922,1.580000,1.580000,700,1.600000,200,-1.860000,-0.030000
1478540321396,1.580000,1.580000,700,1.600000,200,-1.860000,-0.030000
1478540323424,1.580000,1.580000,700,1.600000,200,-1.860000,-0.030000
1478540325906,1.580000,1.580000,700,1.600000,200,-1.860000,-0.030000
1478540328405,1.580000,1.580000,700,1.600000,200,-1.860000,-0.030000
1478540330394,1.580000,1.580000,700,1.600000,200,-1.860000,-0.030000
1478540332899,1.580000,1.580000,700,1.600000,200,-1.860000,-0.030000
1478540334433,1.580000,1.580000,700,1.600000,200,-1.860000,-0.030000
1478540337401,1.580000,1.580000,700,1.600000,200,-1.860000,-0.030000
1478540339405,1.580000,1.580000,700,1.600000,200,-1.860000,-0.030000
1478540341902,1.580000,1.580000,700,1.600000,200,-1.860000,-0.030000
1478540343899,1.580000,1.580000,700,1.600000,200,-1.860000,-0.030000
1478540346406,1.580000,1.580000,700,1.600000,200,-1.860000,-0.030000
1478540348410,1.580000,1.580000,700,1.600000,200,-1.860000,-0.030000
1478540350424,1.580000,1.580000,700,1.600000,200,-1.860000,-0.030000
1478540352415,1.580000,1.580000,700,1.600000,200,-1.860000,-0.030000
1478540355407,1.580000,1.580000,700,1.600000,200,-1.860000,-0.030000
1478540357405,1.580000,1.580000,700,1.600000,200,-1.860000,-0.030000
1478540359913,1.580000,1.580000,700,1.600000,200,-1.860000,-0.030000
1478540362416,1.580000,1.580000,700,1.600000,200,-1.860000,-0.030000
1478540364922,1.580000,1.580000,700,1.600000,200,-1.860000,-0.030000
1478540366937,1.580000,1.580000,700,1.600000,200,-1.860000,-0.030000
1478540369420,1.580000,1.580000,700,1.600000,200,-1.860000,-0.030000
1478540371411,1.580000,1.580000,700,1.600000,200,-1.860000,-0.030000
1478540373420,1.580000,1.580000,700,1.600000,200,-1.860000,-0.030000
1478540375922,1.580000,1.580000,700,1.600000,200,-1.860000,-0.030000
1478540377947,1.580000,1.580000,700,1.600000,200,-1.860000,-0.030000
1478540380459,1.580000,1.580000,700,1.600000,200,-1.860000,-0.030000
1478540382432,1.580000,1.580000,700,1.600000,200,-1.860000,-0.030000
1478540384921,1.580000,1.580000,700,1.600000,200,-1.860000,-0.030000
1478540386924,1.580000,1.580000,700,1.600000,200,-1.860000,-0.030000
1478540388925,1.580000,1.580000,700,1.600000,200,-1.860000,-0.030000
1478540391435,1.580000,1.580000,700,1.600000,200,-1.860000,-0.030000
1478540393937,1.580000,1.580000,700,1.600000,200,-1.860000,-0.030000
1478540395920,1.580000,1.580000,700,1.600000,200,-1.860000,-0.030000
1478540397938,1.580000,1.580000,700,1.600000,200,-1.860000,-0.030000
1478540400938,1.580000,1.580000,700,1.600000,200,-1.860000,-0.030000
1478540402939,1.580000,1.580000,700,1.600000,200,-1.860000,-0.030000
1478540405452,1.580000,1.580000,700,1.600000,200,-1.860000,-0.030000
1478540406964,1.580000,1.580000,700,1.600000,200,-1.860000,-0.030000
1478540409935,1.580000,1.580000,700,1.600000,200,-1.860000,-0.030000
1478540411935,1.580000,1.580000,700,1.600000,200,-1.860000,-0.030000
1478540413931,1.580000,1.580000,700,1.600000,200,-1.860000,-0.030000
1478540416451,1.580000,1.580000,700,1.600000,200,-1.860000,-0.030000
1478540418446,1.580000,1.580000,700,1.600000,200,-1.860000,-0.030000
1478540420968,1.580000,1.580000,700,1.600000,200,-1.860000,-0.030000
1478540422952,1.580000,1.580000,700,1.600000,200,-1.860000,-0.030000
1478540425447,1.580000,1.580000,700,1.600000,200,-1.860000,-0.030000
1478540427953,1.580000,1.580000,700,1.600000,200,-1.860000,-0.030000
1478540429957,1.580000,1.580000,700,1.600000,200,-1.860000,-0.030000
1478540432962,1.580000,1.580000,700,1.600000,200,-1.860000,-0.030000
1478540435472,1.580000,1.580000,700,1.600000,200,-1.860000,-0.030000
1478540437955,1.580000,1.580000,700,1.600000,200,-1.860000,-0.030000
1478540439962,1.580000,1.580000,700,1.600000,200,-1.860000,-0.030000
1478540441969,1.580000,1.580000,700,1.600000,200,-1.860000,-0.030000
1478540444462,1.580000,1.580000,700,1.600000,200,-1.860000,-0.030000
1478540446452,1.580000,1.580000,700,1.600000,200,-1.860000,-0.030000
1478540448491,1.580000,1.580000,700,1.600000,200,-1.860000,-0.030000
1478540450951,1.580000,1.580000,700,1.600000,200,-1.860000,-0.030000
1478540452962,1.580000,1.580000,700,1.600000,200,-1.860000,-0.030000
1478540455965,1.580000,1.580000,700,1.600000,200,-1.860000,-0.030000
1478540458472,1.580000,1.580000,700,1.600000,200,-1.860000,-0.030000
1478540460957,1.580000,1.580000,700,1.600000,200,-1.860000,-0.030000
1478540463056,1.580000,1.580000,700,1.600000,200,-1.860000,-0.030000
1478540466469,1.580000,1.580000,700,1.600000,200,-1.860000,-0.030000
1478540469018,1.580000,1.580000,700,1.600000,200,-1.860000,-0.030000
1478540471481,1.580000,1.580000,700,1.600000,200,-1.860000,-0.030000
1478540473514,1.580000,1.580000,700,1.600000,200,-1.860000,-0.030000
1478540475986,1.580000,1.580000,700,1.600000,200,-1.860000,-0.030000
1478540478013,1.580000,1.580000,700,1.600000,200,-1.860000,-0.030000
1478540480516,1.580000,1.580000,700,1.600000,200,-1.860000,-0.030000
1478540482478,1.580000,1.580000,700,1.600000,200,-1.860000,-0.030000
1478540484961,1.580000,1.580000,700,1.600000,200,-1.860000,-0.030000
1478540486988,1.580000,1.580000,700,1.600000,200,-1.860000,-0.030000
1478540489477,1.580000,1.580000,700,1.600000,200,-1.860000,-0.030000
1478540491499,1.580000,1.580000,700,1.600000,200,-1.860000,-0.030000
1478540494026,1.580000,1.580000,700,1.600000,200,-1.860000,-0.030000
1478540495488,1.580000,1.580000,700,1.600000,200,-1.860000,-0.030000
1478540497978,1.580000,1.580000,700,1.600000,200,-1.860000,-0.030000
1478540500487,1.580000,1.580000,700,1.600000,200,-1.860000,-0.030000
1478540502469,1.580000,1.580000,700,1.600000,200,-1.860000,-0.030000
1478540503985,1.580000,1.580000,700,1.600000,200,-1.860000,-0.030000
1478540507015,1.580000,1.580000,700,1.600000,200,-1.860000,-0.030000
1478540508988,1.580000,1.580000,700,1.600000,200,-1.860000,-0.030000
1478540511533,1.580000,1.580000,700,1.600000,200,-1.860000,-0.030000
1478540513486,1.580000,1.580000,700,1.600000,200,-1.860000,-0.030000
1478540515491,1.580000,1.580000,700,1.600000,200,-1.860000,-0.030000
1478540517985,1.580000,1.580000,700,1.600000,200,-1.860000,-0.030000
1478540520509,1.580000,1.580000,700,1.600000,200,-1.860000,-0.030000
1478540522545,1.580000,1.580000,700,1.600000,200,-1.860000,-0.030000
1478540525505,1.580000,1.580000,700,1.600000,200,-1.860000,-0.030000
1478540527496,1.580000,1.580000,700,1.600000,200,-1.860000,-0.030000
1478540529873,1.580000,1.580000,700,1.600000,200,-1.860000,-0.030000
1478540531875,1.580000,1.580000,700,1.600000,200,-1.860000,-0.030000
1478540534416,1.580000,1.580000,700,1.600000,200,-1.860000,-0.030000
1478540536399,1.580000,1.580000,700,1.600000,200,-1.860000,-0.030000
1478540538879,1.580000,1.580000,700,1.600000,200,-1.860000,-0.030000
1478540540882,1.580000,1.580000,700,1.600000,200,-1.860000,-0.030000
1478540543381,1.580000,1.580000,700,1.600000,200,-1.860000,-0.030000
1478540545388,1.580000,1.580000,700,1.600000,200,-1.860000,-0.030000
1478540547885,1.580000,1.580000,700,1.600000,200,-1.860000,-0.030000
1478540549883,1.580000,1.580000,700,1.600000,200,-1.860000,-0.030000
1478540552886,1.580000,1.580000,700,1.600000,200,-1.860000,-0.030000
1478540555419,1.580000,1.580000,700,1.600000,200,-1.860000,-0.030000
1478540557387,1.580000,1.580000,700,1.600000,200,-1.860000,-0.030000
1478540559389,1.580000,1.580000,700,1.600000,200,-1.860000,-0.030000
1478540563398,1.580000,1.580000,700,1.600000,200,-1.860000,-0.030000
1478540565907,1.580000,1.580000,700,1.600000,200,-1.860000,-0.030000
1478540568893,1.580000,1.580000,700,1.600000,200,-1.860000,-0.030000
1478540570893,1.580000,1.580000,700,1.600000,200,-1.860000,-0.030000
1478540573394,1.580000,1.580000,700,1.600000,200,-1.860000,-0.030000
1478540575399,1.580000,1.580000,700,1.600000,200,-1.860000,-0.030000
1478540577931,1.580000,1.580000,700,1.600000,200,-1.860000,-0.030000
1478540579926,1.580000,1.580000,700,1.600000,200,-1.860000,-0.030000
1478540582398,1.580000,1.580000,700,1.600000,200,-1.860000,-0.030000
1478540584396,1.580000,1.580000,700,1.600000,200,-1.860000,-0.030000
1478540586399,1.580000,1.580000,700,1.600000,200,-1.860000,-0.030000
1478540588903,1.580000,1.580000,700,1.600000,200,-1.860000,-0.030000
1478540590905,1.580000,1.580000,700,1.600000,200,-1.860000,-0.030000
1478540593448,1.580000,1.580000,700,1.600000,200,-1.860000,-0.030000
1478540595909,1.580000,1.580000,700,1.600000,200,-1.860000,-0.030000
1478540598405,1.580000,1.580000,700,1.600000,200,-1.860000,-0.030000
1478540600412,1.580000,1.580000,700,1.600000,200,-1.860000,-0.030000
1478540602409,1.580000,1.580000,700,1.600000,200,-1.860000,-0.030000
1478540604442,1.580000,1.580000,700,1.600000,200,-1.860000,-0.030000
1478540606945,1.580000,1.580000,700,1.600000,200,-1.860000,-0.030000
1478540611904,1.580000,1.580000,700,1.600000,200,-1.860000,-0.030000
1478540613910,1.580000,1.580000,700,1.600000,200,-1.860000,-0.030000
1478540616421,1.580000,1.580000,700,1.600000,200,-1.860000,-0.030000
1478540618916,1.580000,1.580000,700,1.600000,200,-1.860000,-0.030000
1478540620946,1.580000,1.580000,700,1.600000,200,-1.860000,-0.030000
1478540623913,1.580000,1.580000,700,1.600000,200,-1.860000,-0.030000
1478540625410,1.580000,1.580000,700,1.600000,200,-1.860000,-0.030000
1478540628425,1.580000,1.580000,700,1.600000,200,-1.860000,-0.030000
1478540630919,1.580000,1.580000,700,1.600000,200,-1.860000,-0.030000
1478540632921,1.580000,1.580000,700,1.600000,200,-1.860000,-0.030000
1478540634960,1.580000,1.580000,700,1.600000,200,-1.860000,-0.030000
1478540637940,1.580000,1.580000,700,1.600000,200,-1.860000,-0.030000
1478540639924,1.580000,1.580000,700,1.600000,200,-1.860000,-0.030000
1478540642429,1.580000,1.580000,700,1.600000,200,-1.860000,-0.030000
1478540644425,1.580000,1.580000,700,1.600000,200,-1.860000,-0.030000
1478540646932,1.580000,1.580000,700,1.600000,200,-1.860000,-0.030000
1478540648925,1.580000,1.580000,700,1.600000,200,-1.860000,-0.030000
1478540651436,1.580000,1.580000,700,1.600000,200,-1.860000,-0.030000
1478540653440,1.580000,1.580000,700,1.600000,200,-1.860000,-0.030000
1478540655935,1.580000,1.580000,700,1.600000,200,-1.860000,-0.030000
1478540657939,1.580000,1.580000,700,1.600000,200,-1.860000,-0.030000
1478540660943,1.580000,1.580000,700,1.600000,200,-1.860000,-0.030000
1478540663479,1.580000,1.580000,700,1.600000,200,-1.860000,-0.030000
1478540665468,1.580000,1.580000,700,1.600000,200,-1.860000,-0.030000
1478540667938,1.580000,1.580000,700,1.600000,200,-1.860000,-0.030000
1478540670442,1.580000,1.580000,700,1.600000,200,-1.860000,-0.030000
1478540672947,1.580000,1.580000,700,1.600000,200,-1.860000,-0.030000
1478540674445,1.580000,1.580000,700,1.600000,200,-1.860000,-0.030000
1478540676943,1.580000,1.580000,700,1.600000,200,-1.860000,-0.030000
1478540679443,1.580000,1.580000,700,1.600000,200,-1.860000,-0.030000
1478540681949,1.580000,1.580000,700,1.600000,200,-1.860000,-0.030000
1478540684489,1.580000,1.580000,700,1.600000,200,-1.860000,-0.030000
1478540686436,1.580000,1.580000,700,1.600000,200,-1.860000,-0.030000
1478540688934,1.580000,1.580000,700,1.600000,200,-1.860000,-0.030000
1478540690951,1.580000,1.580000,700,1.600000,200,-1.860000,-0.030000
1478540693482,1.580000,1.580000,700,1.600000,200,-1.860000,-0.030000
1478540695487,1.580000,1.580000,700,1.600000,200,-1.860000,-0.030000
1478540697954,1.580000,1.580000,700,1.600000,200,-1.860000,-0.030000
1478540699948,1.580000,1.580000,700,1.600000,200,-1.860000,-0.030000
1478540701959,1.580000,1.580000,700,1.600000,200,-1.860000,-0.030000
1478540704458,1.580000,1.580000,700,1.600000,200,-1.860000,-0.030000
1478540706451,1.580000,1.580000,700,1.600000,200,-1.860000,-0.030000
1478540708503,1.580000,1.580000,700,1.600000,200,-1.860000,-0.030000
1478540711469,1.580000,1.580000,700,1.600000,200,-1.860000,-0.030000
1478540713468,1.580000,1.580000,700,1.600000,200,-1.860000,-0.030000
1478540715964,1.580000,1.580000,700,1.600000,200,-1.860000,-0.030000
1478540717945,1.580000,1.580000,700,1.600000,200,-1.860000,-0.030000
1478540720463,1.580000,1.580000,700,1.600000,200,-1.860000,-0.030000
1478540723022,1.580000,1.580000,700,1.600000,200,-1.860000,-0.030000
1478540724970,1.580000,1.580000,700,1.600000,200,-1.860000,-0.030000
1478540727471,1.580000,1.580000,700,1.600000,200,-1.860000,-0.030000
1478540729463,1.580000,1.580000,700,1.600000,200,-1.860000,-0.030000
1478540730968,1.580000,1.580000,700,1.600000,200,-1.860000,-0.030000
1478540734469,1.580000,1.580000,700,1.600000,200,-1.860000,-0.030000
1478540736506,1.580000,1.580000,700,1.600000,200,-1.860000,-0.030000
1478540738422,1.580000,1.580000,700,1.600000,200,-1.860000,-0.030000
1478540740470,1.580000,1.580000,700,1.600000,200,-1.860000,-0.030000
1478540742964,1.580000,1.580000,700,1.600000,200,-1.860000,-0.030000
1478540745978,1.580000,1.580000,700,1.600000,200,-1.860000,-0.030000
1478540747986,1.580000,1.580000,700,1.600000,200,-1.860000,-0.030000
1478540750468,1.580000,1.580000,700,1.600000,200,-1.860000,-0.030000
1478540752573,1.580000,1.580000,700,1.600000,200,-1.860000,-0.030000
1478540757976,1.580000,1.580000,700,1.600000,200,-1.860000,-0.030000
1478540760479,1.580000,1.580000,700,1.600000,200,-1.860000,-0.030000
1478540762471,1.580000,1.580000,700,1.600000,200,-1.860000,-0.030000
1478540764986,1.580000,1.580000,700,1.600000,200,-1.860000,-0.030000
1478540767021,1.580000,1.580000,700,1.600000,200,-1.860000,-0.030000
1478540769491,1.580000,1.580000,700,1.600000,200,-1.860000,-0.030000
1478540770990,1.580000,1.580000,700,1.600000,200,-1.860000,-0.030000
1478540773999,1.580000,1.580000,700,1.600000,200,-1.860000,-0.030000
1478540776004,1.580000,1.580000,700,1.600000,200,-1.860000,-0.030000
1478540777486,1.580000,1.580000,700,1.600000,200,-1.860000,-0.030000
1478540780509,1.580000,1.580000,700,1.600000,200,-1.860000,-0.030000
1478540782895,1.580000,1.580000,700,1.600000,200,-1.860000,-0.030000
1478540785370,1.580000,1.580000,700,1.600000,200,-1.860000,-0.030000
1478540786900,1.580000,1.580000,700,1.600000,200,-1.860000,-0.030000
1478540789872,1.580000,1.580000,700,1.600000,200,-1.860000,-0.030000
1478540791874,1.580000,1.580000,700,1.600000,200,-1.860000,-0.030000
1478540794380,1.580000,1.580000,700,1.600000,200,-1.860000,-0.030000
1478540796375,1.580000,1.580000,700,1.600000,200,-1.860000,-0.030000
1478540798879,1.580000,1.580000,700,1.600000,200,-1.860000,-0.030000
1478540800879,1.580000,1.580000,700,1.600000,200,-1.860000,-0.030000
1478540803379,1.580000,1.580000,700,1.600000,200,-1.860000,-0.030000
1478540805383,1.580000,1.580000,700,1.600000,200,-1.860000,-0.030000
1478540807881,1.580000,1.580000,700,1.600000,200,-1.860000,-0.030000
1478540809892,1.580000,1.580000,700,1.600000,200,-1.860000,-0.030000
1478540812394,1.580000,1.580000,700,1.600000,200,-1.860000,-0.030000
1478540814393,1.580000,1.580000,700,1.600000,200,-1.860000,-0.030000
1478540816390,1.580000,1.580000,700,1.600000,200,-1.860000,-0.030000
1478540819393,1.580000,1.580000,700,1.600000,200,-1.860000,-0.030000
1478540821888,1.580000,1.580000,700,1.600000,200,-1.860000,-0.030000
1478540823898,1.580000,1.580000,700,1.600000,200,-1.860000,-0.030000
1478540826401,1.580000,1.580000,700,1.600000,200,-1.860000,-0.030000
1478540828892,1.580000,1.580000,700,1.600000,200,-1.860000,-0.030000
1478540830893,1.580000,1.580000,700,1.600000,200,-1.860000,-0.030000
1478540832904,1.580000,1.580000,700,1.600000,200,-1.860000,-0.030000
1478540835388,1.580000,1.580000,700,1.600000,200,-1.860000,-0.030000
1478540836910,1.580000,1.580000,700,1.600000,200,-1.860000,-0.030000
1478540839902,1.580000,1.580000,700,1.600000,200,-1.860000,-0.030000
1478540841905,1.580000,1.580000,700,1.600000,200,-1.860000,-0.030000
1478540844409,1.580000,1.580000,700,1.600000,200,-1.860000,-0.030000
1478540846901,1.580000,1.580000,700,1.600000,200,-1.860000,-0.030000
1478540848917,1.580000,1.580000,700,1.600000,200,-1.860000,-0.030000
1478540851936,1.580000,1.580000,700,1.600000,200,-1.860000,-0.030000
1478540853919,1.580000,1.580000,700,1.600000,200,-1.860000,-0.030000
1478540855911,1.580000,1.580000,700,1.600000,200,-1.860000,-0.030000
1478540859414,1.580000,1.580000,700,1.600000,200,-1.860000,-0.030000
1478540861900,1.580000,1.580000,700,1.600000,200,-1.860000,-0.030000
1478540863906,1.580000,1.580000,700,1.600000,200,-1.860000,-0.030000
1478540865413,1.580000,1.580000,700,1.600000,200,-1.860000,-0.030000
1478540868421,1.580000,1.580000,700,1.600000,200,-1.860000,-0.030000
1478540870920,1.580000,1.580000,700,1.600000,200,-1.860000,-0.030000
1478540872915,1.580000,1.580000,700,1.600000,200,-1.860000,-0.030000
1478540875423,1.580000,1.580000,700,1.600000,200,-1.860000,-0.030000
1478540877921,1.580000,1.580000,700,1.600000,200,-1.860000,-0.030000
1478540879952,1.580000,1.580000,700,1.600000,200,-1.860000,-0.030000
1478540882420,1.580000,1.580000,700,1.600000,200,-1.860000,-0.030000
1478540884913,1.580000,1.580000,700,1.600000,200,-1.860000,-0.030000
1478540886919,1.580000,1.580000,700,1.600000,200,-1.860000,-0.030000
1478540889423,1.580000,1.580000,700,1.600000,200,-1.860000,-0.030000
1478540893002,1.580000,1.580000,700,1.600000,200,-1.860000,-0.030000
1478540893944,1.580000,1.580000,700,1.600000,200,-1.860000,-0.030000
1478540897437,1.580000,1.580000,700,1.600000,200,-1.860000,-0.030000
1478540899433,1.580000,1.580000,700,1.600000,200,-1.860000,-0.030000
1478540901933,1.580000,1.580000,700,1.600000,200,-1.860000,-0.030000
1478540903927,1.580000,1.580000,700,1.600000,200,-1.860000,-0.030000
1478540906426,1.580000,1.580000,700,1.600000,200,-1.860000,-0.030000
1478540907951,1.580000,1.580000,700,1.600000,200,-1.860000,-0.030000
1478540910463,1.600000,1.580000,700,1.630000,100,-0.620000,-0.010000
1478540912946,1.600000,1.580000,700,1.620000,100,-0.620000,-0.010000
1478540914945,1.600000,1.580000,700,1.620000,100,-0.620000,-0.010000
1478540917436,1.600000,1.580000,700,1.620000,100,-0.620000,-0.010000
1478540918935,1.600000,1.580000,700,1.620000,100,-0.620000,-0.010000
1478540920952,1.600000,1.580000,700,1.620000,100,-0.620000,-0.010000
1478540923932,1.600000,1.580000,700,1.620000,100,-0.620000,-0.010000
1478540926447,1.600000,1.580000,700,1.620000,100,-0.620000,-0.010000
1478540928440,1.600000,1.580000,700,1.620000,100,-0.620000,-0.010000
1478540930442,1.600000,1.580000,700,1.620000,100,-0.620000,-0.010000
1478540932448,1.600000,1.580000,700,1.620000,100,-0.620000,-0.010000
1478540934952,1.600000,1.580000,700,1.620000,100,-0.620000,-0.010000
1478540937479,1.600000,1.580000,700,1.620000,100,-0.620000,-0.010000
1478540939449,1.600000,1.580000,700,1.620000,100,-0.620000,-0.010000
1478540941963,1.600000,1.580000,700,1.620000,100,-0.620000,-0.010000
1478540943935,1.600000,1.580000,700,1.620000,100,-0.620000,-0.010000
1478540945952,1.600000,1.580000,700,1.620000,100,-0.620000,-0.010000
1478540949944,1.600000,1.580000,700,1.620000,100,-0.620000,-0.010000
1478540952459,1.600000,1.580000,700,1.620000,100,-0.620000,-0.010000
1478540954461,1.600000,1.580000,700,1.620000,100,-0.620000,-0.010000
1478540956968,1.600000,1.580000,700,1.620000,100,-0.620000,-0.010000
1478540958492,1.600000,1.580000,700,1.620000,100,-0.620000,-0.010000
1478540960944,1.600000,1.580000,700,1.620000,100,-0.620000,-0.010000
1478540963451,1.600000,1.580000,700,1.620000,100,-0.620000,-0.010000
1478540965454,1.600000,1.580000,700,1.620000,100,-0.620000,-0.010000
1478540967486,1.600000,1.580000,700,1.620000,100,-0.620000,-0.010000
1478540969970,1.600000,1.580000,700,1.620000,100,-0.620000,-0.010000
1478540972459,1.600000,1.580000,700,1.620000,100,-0.620000,-0.010000
1478540974465,1.600000,1.580000,700,1.620000,100,-0.620000,-0.010000
1478540976964,1.600000,1.580000,700,1.620000,100,-0.620000,-0.010000
1478540978997,1.600000,1.580000,700,1.620000,100,-0.620000,-0.010000
1478540981006,1.600000,1.580000,700,1.620000,100,-0.620000,-0.010000
1478540983469,1.600000,1.580000,700,1.620000,100,-0.620000,-0.010000
1478540986484,1.600000,1.580000,700,1.620000,100,-0.620000,-0.010000
1478540987976,1.600000,1.580000,700,1.620000,100,-0.620000,-0.010000
1478540990971,1.600000,1.580000,700,1.620000,100,-0.620000,-0.010000
1478540992975,1.600000,1.580000,700,1.620000,100,-0.620000,-0.010000
1478540995464,1.600000,1.580000,700,1.620000,100,-0.620000,-0.010000
1478540997504,1.600000,1.580000,700,1.620000,100,-0.620000,-0.010000
1478540999484,1.600000,1.580000,700,1.620000,100,-0.620000,-0.010000
1478541001472,1.600000,1.580000,700,1.620000,100,-0.620000,-0.010000
1478541003988,1.600000,1.580000,700,1.620000,100,-0.620000,-0.010000
1478541006489,1.600000,1.580000,700,1.620000,100,-0.620000,-0.010000
1478541008984,1.600000,1.580000,700,1.620000,100,-0.620000,-0.010000
1478541010500,1.600000,1.580000,700,1.620000,100,-0.620000,-0.010000
1478541013003,1.600000,1.580000,700,1.620000,100,-0.620000,-0.010000
1478541015477,1.600000,1.580000,700,1.620000,100,-0.620000,-0.010000
1478541017483,1.600000,1.580000,700,1.620000,100,-0.620000,-0.010000
1478541020001,1.600000,1.580000,700,1.620000,100,-0.620000,-0.010000
1478541022500,1.600000,1.580000,700,1.620000,100,-0.620000,-0.010000
1478541025023,1.600000,1.580000,700,1.620000,100,-0.620000,-0.010000
1478541027041,1.600000,1.580000,700,1.620000,100,-0.620000,-0.010000
1478541029374,1.600000,1.580000,700,1.620000,100,-0.620000,-0.010000
1478541031371,1.600000,1.580000,700,1.620000,100,-0.620000,-0.010000
1478541033879,1.600000,1.580000,700,1.620000,100,-0.620000,-0.010000
1478541035873,1.600000,1.580000,700,1.620000,100,-0.620000,-0.010000
1478541037874,1.600000,1.580000,700,1.620000,100,-0.620000,-0.010000
1478541040378,1.600000,1.580000,700,1.620000,100,-0.620000,-0.010000
1478541042880,1.600000,1.580000,700,1.620000,100,-0.620000,-0.010000
1478541045380,1.600000,1.580000,700,1.620000,100,-0.620000,-0.010000
1478541047905,1.600000,1.580000,700,1.620000,100,-0.620000,-0.010000
1478541049886,1.600000,1.580000,700,1.620000,100,-0.620000,-0.010000
1478541051906,1.600000,1.580000,700,1.620000,100,-0.620000,-0.010000
1478541055380,1.600000,1.580000,700,1.620000,100,-0.620000,-0.010000
1478541057883,1.600000,1.580000,700,1.620000,100,-0.620000,-0.010000
1478541059886,1.600000,1.580000,700,1.620000,100,-0.620000,-0.010000
1478541062389,1.600000,1.580000,700,1.620000,100,-0.620000,-0.010000
1478541064389,1.600000,1.580000,700,1.620000,100,-0.620000,-0.010000
1478541065394,1.600000,1.580000,700,1.620000,100,-0.620000,-0.010000
1478541068895,1.600000,1.580000,700,1.620000,100,-0.620000,-0.010000
1478541071399,1.600000,1.580000,700,1.620000,100,-0.620000,-0.010000
1478541073429,1.600000,1.580000,700,1.620000,100,-0.620000,-0.010000
1478541075897,1.600000,1.580000,700,1.620000,100,-0.620000,-0.010000
1478541077896,1.600000,1.580000,700,1.620000,100,-0.620000,-0.010000
1478541079906,1.600000,1.580000,700,1.620000,100,-0.620000,-0.010000
1478541081456,1.600000,1.580000,700,1.620000,100,-0.620000,-0.010000
1478541084903,1.600000,1.580000,700,1.620000,100,-0.620000,-0.010000
1478541086903,1.600000,1.580000,700,1.620000,100,-0.620000,-0.010000
1478541089409,1.600000,1.580000,700,1.620000,100,-0.620000,-0.010000
1478541091407,1.600000,1.580000,700,1.620000,100,-0.620000,-0.010000
1478541093914,1.600000,1.580000,700,1.620000,100,-0.620000,-0.010000
1478541095912,1.600000,1.580000,700,1.620000,100,-0.620000,-0.010000
1478541097912,1.600000,1.580000,700,1.620000,100,-0.620000,-0.010000
1478541100407,1.600000,1.580000,700,1.620000,100,-0.620000,-0.010000
1478541102448,1.600000,1.580000,700,1.620000,100,-0.620000,-0.010000
1478541104919,1.600000,1.580000,700,1.620000,100,-0.620000,-0.010000
1478541106912,1.600000,1.580000,700,1.620000,100,-0.620000,-0.010000
1478541109933,1.600000,1.580000,700,1.620000,100,-0.620000,-0.010000
1478541111919,1.600000,1.580000,700,1.620000,100,-0.620000,-0.010000
1478541114410,1.600000,1.580000,700,1.620000,100,-0.620000,-0.010000
1478541116920,1.600000,1.580000,700,1.620000,100,-0.620000,-0.010000
1478541118920,1.600000,1.580000,700,1.620000,100,-0.620000,-0.010000
1478541121412,1.600000,1.580000,700,1.620000,100,-0.620000,-0.010000
1478541122414,1.600000,1.580000,700,1.620000,100,-0.620000,-0.010000
1478541125422,1.600000,1.580000,700,1.620000,100,-0.620000,-0.010000
1478541127933,1.600000,1.580000,700,1.620000,100,-0.620000,-0.010000
1478541129930,1.600000,1.580000,700,1.620000,100,-0.620000,-0.010000
1478541132427,1.600000,1.580000,700,1.620000,100,-0.620000,-0.010000
1478541134954,1.600000,1.580000,700,1.620000,100,-0.620000,-0.010000
1478541136423,1.600000,1.580000,700,1.620000,100,-0.620000,-0.010000
1478541139459,1.600000,1.580000,700,1.620000,100,-0.620000,-0.010000
1478541141923,1.600000,1.580000,700,1.620000,100,-0.620000,-0.010000
1478541144436,1.600000,1.580000,700,1.620000,100,-0.620000,-0.010000
1478541146426,1.600000,1.580000,700,1.620000,100,-0.620000,-0.010000
1478541148942,1.600000,1.580000,700,1.620000,100,-0.620000,-0.010000
1478541151415,1.600000,1.580000,700,1.620000,100,-0.620000,-0.010000
1478541153928,1.600000,1.580000,700,1.620000,100,-0.620000,-0.010000
1478541155967,1.600000,1.580000,700,1.620000,100,-0.620000,-0.010000
1478541158438,1.600000,1.580000,700,1.620000,100,-0.620000,-0.010000
1478541160929,1.600000,1.580000,700,1.620000,100,-0.620000,-0.010000
1478541162922,1.600000,1.580000,700,1.620000,100,-0.620000,-0.010000
1478541164924,1.600000,1.580000,700,1.620000,100,-0.620000,-0.010000
1478541167455,1.600000,1.580000,700,1.620000,100,-0.620000,-0.010000
1478541169449,1.600000,1.580000,700,1.620000,100,-0.620000,-0.010000
1478541171918,1.600000,1.580000,700,1.620000,100,-0.620000,-0.010000
1478541173942,1.600000,1.580000,700,1.620000,100,-0.620000,-0.010000
1478541176435,1.600000,1.580000,700,1.620000,100,-0.620000,-0.010000
1478541178432,1.600000,1.580000,700,1.620000,100,-0.620000,-0.010000
1478541180482,1.600000,1.580000,700,1.620000,100,-0.620000,-0.010000
1478541182939,1.600000,1.580000,700,1.620000,100,-0.620000,-0.010000
1478541185455,1.600000,1.580000,700,1.620000,100,-0.620000,-0.010000
1478541187941,1.600000,1.580000,700,1.620000,100,-0.620000,-0.010000
1478541189934,1.600000,1.580000,700,1.620000,100,-0.620000,-0.010000
1478541192483,1.600000,1.580000,700,1.620000,100,-0.620000,-0.010000
1478541194455,1.600000,1.580000,700,1.620000,100,-0.620000,-0.010000
1478541196955,1.600000,1.580000,700,1.620000,100,-0.620000,-0.010000
1478541198967,1.600000,1.580000,700,1.620000,100,-0.620000,-0.010000
1478541201460,1.600000,1.580000,700,1.620000,100,-0.620000,-0.010000
1478541203952,1.600000,1.580000,700,1.620000,100,-0.620000,-0.010000
1478541205456,1.600000,1.580000,700,1.620000,100,-0.620000,-0.010000
1478541207957,1.600000,1.580000,700,1.620000,100,-0.620000,-0.010000
1478541210457,1.600000,1.580000,700,1.620000,100,-0.620000,-0.010000
1478541212474,1.600000,1.580000,700,1.620000,100,-0.620000,-0.010000
1478541214464,1.600000,1.580000,700,1.620000,100,-0.620000,-0.010000
1478541217439,1.600000,1.580000,700,1.620000,100,-0.620000,-0.010000
1478541219458,1.600000,1.580000,700,1.620000,100,-0.620000,-0.010000
1478541221465,1.600000,1.580000,700,1.620000,100,-0.620000,-0.010000
1478541223971,1.600000,1.580000,700,1.620000,100,-0.620000,-0.010000
1478541226507,1.600000,1.580000,700,1.620000,100,-0.620000,-0.010000
1478541228453,1.600000,1.580000,700,1.620000,100,-0.620000,-0.010000
1478541230458,1.600000,1.580000,700,1.620000,100,-0.620000,-0.010000
1478541232951,1.600000,1.580000,700,1.620000,100,-0.620000,-0.010000
1478541234961,1.600000,1.580000,700,1.620000,100,-0.620000,-0.010000
1478541237016,1.600000,1.580000,700,1.620000,100,-0.620000,-0.010000
1478541239961,1.600000,1.580000,700,1.620000,100,-0.620000,-0.010000
1478541242468,1.600000,1.580000,700,1.620000,100,-0.620000,-0.010000
1478541244472,1.600000,1.580000,700,1.620000,100,-0.620000,-0.010000
1478541246466,1.600000,1.580000,700,1.620000,100,-0.620000,-0.010000
1478541248986,1.600000,1.580000,700,1.620000,100,-0.620000,-0.010000
1478541250982,1.600000,1.580000,700,1.620000,100,-0.620000,-0.010000
1478541253478,1.600000,1.580000,700,1.620000,100,-0.620000,-0.010000
1478541254977,1.600000,1.580000,700,1.620000,100,-0.620000,-0.010000
1478541258048,1.600000,1.580000,700,1.620000,100,-0.620000,-0.010000
1478541259978,1.600000,1.580000,700,1.620000,100,-0.620000,-0.010000
1478541261480,1.600000,1.580000,700,1.620000,100,-0.620000,-0.010000
1478541264479,1.600000,1.580000,700,1.620000,100,-0.620000,-0.010000
1478541266481,1.600000,1.580000,700,1.620000,100,-0.620000,-0.010000
1478541267980,1.600000,1.580000,700,1.620000,100,-0.620000,-0.010000
1478541272487,1.600000,1.580000,700,1.620000,100,-0.620000,-0.010000
1478541274498,1.600000,1.580000,700,1.620000,100,-0.620000,-0.010000
1478541276994,1.600000,1.580000,700,1.620000,100,-0.620000,-0.010000
1478541278994,1.600000,1.580000,700,1.620000,100,-0.620000,-0.010000
1478541281569,1.600000,1.580000,700,1.620000,100,-0.620000,-0.010000
1478541283378,1.600000,1.580000,700,1.620000,100,-0.620000,-0.010000
1478541285873,1.600000,1.580000,700,1.620000,100,-0.620000,-0.010000
1478541287880,1.600000,1.580000,700,1.620000,100,-0.620000,-0.010000
1478541290375,1.600000,1.580000,700,1.620000,100,-0.620000,-0.010000
1478541291875,1.600000,1.580000,700,1.620000,100,-0.620000,-0.010000
1478541294376,1.600000,1.580000,700,1.620000,100,-0.620000,-0.010000
1478541297373,1.600000,1.580000,700,1.620000,100,-0.620000,-0.010000
1478541299393,1.600000,1.580000,700,1.620000,100,-0.620000,-0.010000
1478541302381,1.600000,1.580000,700,1.620000,100,-0.620000,-0.010000
1478541304392,1.600000,1.580000,700,1.620000,100,-0.620000,-0.010000
1478541306883,1.600000,1.580000,700,1.620000,100,-0.620000,-0.010000
1478541308883,1.600000,1.580000,700,1.620000,100,-0.620000,-0.010000
1478541310886,1.600000,1.580000,700,1.620000,100,-0.620000,-0.010000
1478541313385,1.600000,1.580000,700,1.620000,100,-0.620000,-0.010000
1478541315908,1.600000,1.580000,700,1.620000,100,-0.620000,-0.010000
1478541318392,1.600000,1.580000,700,1.620000,100,-0.620000,-0.010000
1478541320390,1.600000,1.580000,700,1.620000,100,-0.620000,-0.010000
1478541322394,1.600000,1.580000,700,1.620000,100,-0.620000,-0.010000
1478541324890,1.600000,1.580000,700,1.620000,100,-0.620000,-0.010000
1478541326912,1.600000,1.580000,700,1.620000,100,-0.620000,-0.010000
1478541329398,1.600000,1.580000,700,1.620000,100,-0.620000,-0.010000
1478541331434,1.600000,1.580000,700,1.620000,300,-0.620000,-0.010000
1478541334391,1.600000,1.580000,700,1.620000,300,-0.620000,-0.010000
1478541336898,1.600000,1.580000,700,1.620000,300,-0.620000,-0.010000
1478541338896,1.600000,1.580000,700,1.620000,300,-0.620000,-0.010000
1478541340904,1.600000,1.580000,700,1.620000,300,-0.620000,-0.010000
1478541343433,1.600000,1.580000,700,1.620000,300,-0.620000,-0.010000
1478541345403,1.600000,1.580000,700,1.620000,300,-0.620000,-0.010000
1478541347894,1.600000,1.580000,700,1.620000,300,-0.620000,-0.010000
1478541349900,1.600000,1.580000,700,1.620000,300,-0.620000,-0.010000
1478541352404,1.600000,1.580000,700,1.620000,300,-0.620000,-0.010000
1478541354405,1.600000,1.580000,700,1.620000,300,-0.620000,-0.010000
1478541356424,1.600000,1.580000,700,1.620000,300,-0.620000,-0.010000
1478541358912,1.600000,1.580000,700,1.620000,300,-0.620000,-0.010000
1478541361415,1.600000,1.580000,700,1.620000,300,-0.620000,-0.010000
1478541363413,1.600000,1.580000,700,1.620000,300,-0.620000,-0.010000
1478541364912,1.600000,1.580000,700,1.620000,300,-0.620000,-0.010000
1478541368412,1.600000,1.580000,700,1.620000,300,-0.620000,-0.010000
1478541370903,1.600000,1.580000,700,1.620000,300,-0.620000,-0.010000
1478541372938,1.600000,1.580000,700,1.620000,300,-0.620000,-0.010000
1478541375421,1.600000,1.580000,700,1.620000,300,-0.620000,-0.010000
1478541377918,1.600000,1.580000,700,1.620000,300,-0.620000,-0.010000
1478541379914,1.600000,1.580000,700,1.620000,300,-0.620000,-0.010000
1478541382423,1.600000,1.580000,700,1.620000,300,-0.620000,-0.010000
1478541384426,1.600000,1.580000,700,1.620000,300,-0.620000,-0.010000
1478541385945,1.600000,1.580000,700,1.620000,300,-0.620000,-0.010000
1478541388424,1.600000,1.580000,700,1.620000,300,-0.620000,-0.010000
1478541390928,1.600000,1.580000,700,1.620000,300,-0.620000,-0.010000
1478541393417,1.600000,1.580000,700,1.620000,300,-0.620000,-0.010000
1478541395922,1.600000,1.580000,700,1.620000,300,-0.620000,-0.010000
1478541398440,1.600000,1.580000,700,1.620000,300,-0.620000,-0.010000
1478541403429,1.600000,1.580000,700,1.620000,100,-0.620000,-0.010000
1478541405434,1.600000,1.580000,700,1.620000,100,-0.620000,-0.010000
1478541407438,1.600000,1.580000,700,1.620000,100,-0.620000,-0.010000
1478541409970,1.600000,1.580000,700,1.620000,300,-0.620000,-0.010000
1478541411942,1.600000,1.580000,700,1.620000,300,-0.620000,-0.010000
1478541414448,1.600000,1.580000,700,1.620000,300,-0.620000,-0.010000
1478541416941,1.600000,1.580000,700,1.620000,300,-0.620000,-0.010000
1478541418430,1.600000,1.580000,700,1.620000,300,-0.620000,-0.010000
1478541421928,1.600000,1.580000,700,1.620000,300,-0.620000,-0.010000
1478541425952,1.600000,1.580000,700,1.620000,300,-0.620000,-0.010000
1478541427970,1.600000,1.580000,700,1.620000,300,-0.620000,-0.010000
1478541431430,1.600000,1.580000,700,1.620000,300,-0.620000,-0.010000
1478541433956,1.600000,1.580000,700,1.620000,300,-0.620000,-0.010000
1478541436453,1.600000,1.580000,700,1.620000,300,-0.620000,-0.010000
1478541438449,1.600000,1.580000,700,1.620000,100,-0.620000,-0.010000
1478541440950,1.600000,1.580000,700,1.620000,100,-0.620000,-0.010000
1478541442959,1.600000,1.580000,700,1.620000,100,-0.620000,-0.010000
1478541445442,1.600000,1.580000,700,1.620000,100,-0.620000,-0.010000
1478541447458,1.600000,1.580000,700,1.620000,100,-0.620000,-0.010000
1478541449958,1.600000,1.580000,700,1.620000,100,-0.620000,-0.010000
1478541451958,1.600000,1.580000,700,1.620000,100,-0.620000,-0.010000
1478541454467,1.600000,1.580000,700,1.620000,100,-0.620000,-0.010000
1478541456493,1.580000,1.580000,700,1.620000,100,-1.860000,-0.030000
1478541458963,1.580000,1.580000,700,1.620000,100,-1.860000,-0.030000
1478541460946,1.580000,1.580000,700,1.620000,100,-1.860000,-0.030000
1478541463474,1.580000,1.580000,700,1.620000,100,-1.860000,-0.030000
1478541465501,1.580000,1.580000,700,1.620000,100,-1.860000,-0.030000
1478541467956,1.580000,1.580000,700,1.620000,100,-1.860000,-0.030000
1478541469960,1.580000,1.580000,700,1.620000,100,-1.860000,-0.030000
1478541471981,1.580000,1.580000,700,1.620000,100,-1.860000,-0.030000
1478541474561,1.580000,1.580000,700,1.620000,100,-1.860000,-0.030000
1478541476958,1.580000,1.580000,700,1.620000,100,-1.860000,-0.030000
1478541479477,1.580000,1.580000,700,1.620000,100,-1.860000,-0.030000
1478541481469,1.580000,1.580000,700,1.620000,100,-1.860000,-0.030000
1478541483970,1.580000,1.580000,700,1.620000,100,-1.860000,-0.030000
1478541486027,1.580000,1.580000,700,1.620000,100,-1.860000,-0.030000
1478541487994,1.580000,1.580000,700,1.620000,100,-1.860000,-0.030000
1478541490477,1.580000,1.580000,700,1.620000,100,-1.860000,-0.030000
1478541492475,1.580000,1.580000,700,1.620000,100,-1.860000,-0.030000
1478541494985,1.580000,1.580000,700,1.620000,100,-1.860000,-0.030000
1478541497474,1.580000,1.580000,700,1.620000,100,-1.860000,-0.030000
1478541499967,1.580000,1.580000,700,1.620000,100,-1.860000,-0.030000
1478541501973,1.580000,1.580000,700,1.620000,100,-1.860000,-0.030000
1478541504473,1.580000,1.580000,700,1.620000,100,-1.860000,-0.030000
1478541506516,1.580000,1.580000,700,1.620000,100,-1.860000,-0.030000
1478541508470,1.580000,1.580000,700,1.620000,100,-1.860000,-0.030000
1478541510984,1.580000,1.580000,700,1.620000,100,-1.860000,-0.030000
1478541512985,1.580000,1.580000,700,1.620000,100,-1.860000,-0.030000
1478541516003,1.580000,1.580000,700,1.620000,100,-1.860000,-0.030000
1478541518504,1.580000,1.580000,700,1.620000,100,-1.860000,-0.030000
1478541520987,1.580000,1.580000,700,1.620000,100,-1.860000,-0.030000
1478541523495,1.580000,1.580000,700,1.620000,100,-1.860000,-0.030000
1478541525492,1.580000,1.580000,700,1.620000,100,-1.860000,-0.030000
1478541527989,1.580000,1.580000,700,1.620000,100,-1.860000,-0.030000
1478541530018,1.580000,1.580000,700,1.620000,100,-1.860000,-0.030000
1478541532373,1.580000,1.580000,700,1.620000,100,-1.860000,-0.030000
1478541534374,1.580000,1.580000,700,1.620000,100,-1.860000,-0.030000
1478541536373,1.580000,1.580000,700,1.620000,100,-1.860000,-0.030000
1478541539415,1.580000,1.580000,700,1.620000,100,-1.860000,-0.030000
1478541541876,1.580000,1.580000,700,1.620000,100,-1.860000,-0.030000
1478541544395,1.580000,1.580000,700,1.620000,100,-1.860000,-0.030000
1478541546379,1.580000,1.580000,700,1.620000,100,-1.860000,-0.030000
1478541548879,1.580000,1.580000,700,1.620000,100,-1.860000,-0.030000
1478541550881,1.580000,1.580000,700,1.620000,100,-1.860000,-0.030000
1478541553419,1.580000,1.580000,700,1.620000,100,-1.860000,-0.030000
1478541555389,1.580000,1.580000,700,1.620000,100,-1.860000,-0.030000
1478541557887,1.580000,1.580000,700,1.620000,100,-1.860000,-0.030000
1478541558947,1.580000,1.580000,700,1.620000,100,-1.860000,-0.030000
1478541561887,1.580000,1.580000,700,1.620000,100,-1.860000,-0.030000
1478541563891,1.580000,1.580000,700,1.620000,100,-1.860000,-0.030000
1478541565891,1.580000,1.580000,700,1.620000,100,-1.860000,-0.030000
1478541568398,1.580000,1.580000,700,1.620000,100,-1.860000,-0.030000
1478541570892,1.580000,1.580000,700,1.620000,100,-1.860000,-0.030000
1478541572924,1.580000,1.580000,700,1.620000,100,-1.860000,-0.030000
1478541575903,1.580000,1.580000,700,1.620000,100,-1.860000,-0.030000
1478541578438,1.580000,1.580000,700,1.620000,100,-1.860000,-0.030000
1478541580399,1.580000,1.580000,700,1.620000,100,-1.860000,-0.030000
1478541582904,1.580000,1.580000,700,1.620000,100,-1.860000,-0.030000
1478541584899,1.580000,1.580000,700,1.620000,100,-1.860000,-0.030000
1478541587421,1.580000,1.580000,700,1.620000,100,-1.860000,-0.030000
1478541588937,1.580000,1.580000,700,1.620000,100,-1.860000,-0.030000
1478541591924,1.580000,1.580000,700,1.620000,100,-1.860000,-0.030000
1478541594410,1.580000,1.580000,700,1.620000,100,-1.860000,-0.030000
1478541596412,1.580000,1.580000,700,1.620000,100,-1.860000,-0.030000
1478541598419,1.580000,1.580000,700,1.620000,100,-1.860000,-0.030000
1478541600916,1.580000,1.580000,700,1.620000,100,-1.860000,-0.030000
1478541602942,1.580000,1.580000,700,1.620000,100,-1.860000,-0.030000
1478541605919,1.580000,1.580000,700,1.620000,100,-1.860000,-0.030000
1478541607910,1.580000,1.580000,700,1.620000,100,-1.860000,-0.030000
1478541609917,1.580000,1.580000,700,1.620000,100,-1.860000,-0.030000
1478541612419,1.580000,1.580000,700,1.620000,100,-1.860000,-0.030000
1478541614422,1.580000,1.580000,700,1.620000,100,-1.860000,-0.030000
1478541616914,1.580000,1.580000,700,1.620000,100,-1.860000,-0.030000
1478541619423,1.580000,1.580000,700,1.620000,100,-1.860000,-0.030000
1478541621432,1.580000,1.580000,700,1.620000,100,-1.860000,-0.030000
1478541623919,1.580000,1.580000,700,1.620000,100,-1.860000,-0.030000
1478541626433,1.580000,1.580000,700,1.620000,100,-1.860000,-0.030000
1478541627925,1.580000,1.580000,700,1.620000,100,-1.860000,-0.030000
1478541629946,1.580000,1.580000,700,1.620000,100,-1.860000,-0.030000
1478541632924,1.580000,1.580000,700,1.620000,100,-1.860000,-0.030000
1478541635425,1.580000,1.580000,700,1.620000,100,-1.860000,-0.030000
1478541637438,1.580000,1.580000,700,1.620000,100,-1.860000,-0.030000
1478541639926,1.580000,1.580000,700,1.620000,100,-1.860000,-0.030000
1478541641933,1.580000,1.580000,700,1.620000,100,-1.860000,-0.030000
1478541644433,1.580000,1.580000,700,1.620000,100,-1.860000,-0.030000
1478541646475,1.580000,1.580000,700,1.620000,100,-1.860000,-0.030000
1478541648930,1.580000,1.580000,700,1.620000,100,-1.860000,-0.030000
1478541650936,1.580000,1.580000,700,1.620000,100,-1.860000,-0.030000
1478541653476,1.580000,1.580000,700,1.620000,100,-1.860000,-0.030000
1478541655424,1.580000,1.580000,700,1.620000,100,-1.860000,-0.030000
1478541657972,1.580000,1.580000,700,1.620000,100,-1.860000,-0.030000
1478541660436,1.580000,1.580000,700,1.620000,100,-1.860000,-0.030000
1478541662453,1.580000,1.580000,700,1.620000,100,-1.860000,-0.030000
1478541664961,1.580000,1.580000,700,1.620000,100,-1.860000,-0.030000
1478541666953,1.580000,1.580000,700,1.620000,100,-1.860000,-0.030000
1478541669448,1.580000,1.580000,700,1.620000,100,-1.860000,-0.030000
1478541671480,1.580000,1.580000,700,1.620000,100,-1.860000,-0.030000
1478541673500,1.580000,1.580000,700,1.620000,100,-1.860000,-0.030000
1478541675972,1.580000,1.580000,700,1.620000,100,-1.860000,-0.030000
1478541678452,1.580000,1.580000,700,1.620000,100,-1.860000,-0.030000
1478541680454,1.580000,1.580000,700,1.620000,100,-1.860000,-0.030000
1478541683015,1.580000,1.580000,700,1.620000,100,-1.860000,-0.030000
1478541685449,1.580000,1.580000,700,1.620000,100,-1.860000,-0.030000
1478541687001,1.580000,1.580000,700,1.620000,100,-1.860000,-0.030000
1478541690473,1.580000,1.580000,700,1.620000,100,-1.860000,-0.030000
1478541693457,1.580000,1.580000,700,1.620000,100,-1.860000,-0.030000
1478541695514,1.580000,1.580000,700,1.620000,100,-1.860000,-0.030000
1478541697965,1.580000,1.580000,700,1.620000,100,-1.860000,-0.030000
1478541699968,1.580000,1.580000,700,1.620000,100,-1.860000,-0.030000
1478541701970,1.580000,1.580000,700,1.620000,100,-1.860000,-0.030000
1478541704468,1.580000,1.580000,700,1.620000,100,-1.860000,-0.030000
1478541706470,1.580000,1.580000,700,1.620000,100,-1.860000,-0.030000
1478541708988,1.580000,1.580000,700,1.620000,100,-1.860000,-0.030000
1478541710979,1.580000,1.580000,700,1.620000,100,-1.860000,-0.030000
1478541713465,1.580000,1.580000,700,1.620000,100,-1.860000,-0.030000
1478541715957,1.580000,1.580000,700,1.620000,100,-1.860000,-0.030000
1478541718019,1.580000,1.580000,700,1.620000,100,-1.860000,-0.030000
1478541719971,1.580000,1.580000,700,1.620000,100,-1.860000,-0.030000
1478541722480,1.580000,1.580000,700,1.620000,100,-1.860000,-0.030000
1478541724474,1.580000,1.580000,700,1.620000,100,-1.860000,-0.030000
1478541726980,1.580000,1.580000,700,1.620000,100,-1.860000,-0.030000
1478541729011,1.580000,1.580000,700,1.620000,100,-1.860000,-0.030000
1478541731494,1.580000,1.580000,700,1.620000,100,-1.860000,-0.030000
1478541733494,1.580000,1.580000,700,1.620000,100,-1.860000,-0.030000
1478541735997,1.580000,1.580000,700,1.620000,100,-1.860000,-0.030000
1478541737487,1.580000,1.580000,700,1.620000,100,-1.860000,-0.030000
1478541740486,1.580000,1.580000,700,1.620000,100,-1.860000,-0.030000
1478541742986,1.580000,1.580000,700,1.620000,100,-1.860000,-0.030000
1478541744989,1.580000,1.580000,700,1.620000,100,-1.860000,-0.030000
1478541747471,1.580000,1.580000,700,1.620000,100,-1.860000,-0.030000
1478541749994,1.580000,1.580000,700,1.620000,100,-1.860000,-0.030000
1478541751968,1.580000,1.580000,700,1.620000,100,-1.860000,-0.030000
1478541754474,1.580000,1.580000,700,1.620000,100,-1.860000,-0.030000
1478541756480,1.580000,1.580000,700,1.620000,100,-1.860000,-0.030000
1478541758987,1.580000,1.580000,700,1.620000,100,-1.860000,-0.030000
1478541760974,1.580000,1.580000,700,1.620000,100,-1.860000,-0.030000
1478541762978,1.580000,1.580000,700,1.620000,100,-1.860000,-0.030000
1478541765487,1.580000,1.580000,700,1.620000,100,-1.860000,-0.030000
1478541767480,1.580000,1.580000,700,1.620000,100,-1.860000,-0.030000
1478541770368,1.580000,1.580000,700,1.620000,100,-1.860000,-0.030000
1478541772409,1.580000,1.580000,700,1.620000,100,-1.860000,-0.030000
1478541774370,1.580000,1.580000,700,1.620000,100,-1.860000,-0.030000
1478541776871,1.580000,1.580000,700,1.620000,100,-1.860000,-0.030000
1478541778874,1.580000,1.580000,700,1.620000,100,-1.860000,-0.030000
1478541780875,1.580000,1.580000,700,1.620000,100,-1.860000,-0.030000
1478541783869,1.580000,1.580000,700,1.620000,100,-1.860000,-0.030000
1478541785879,1.580000,1.580000,700,1.620000,100,-1.860000,-0.030000
1478541788383,1.580000,1.580000,700,1.620000,100,-1.860000,-0.030000
1478541790380,1.580000,1.580000,700,1.620000,100,-1.860000,-0.030000
1478541792391,1.580000,1.580000,700,1.620000,100,-1.860000,-0.030000
1478541794881,1.580000,1.580000,700,1.620000,100,-1.860000,-0.030000
1478541797380,1.580000,1.580000,700,1.620000,100,-1.860000,-0.030000
1478541799884,1.580000,1.580000,700,1.620000,100,-1.860000,-0.030000
1478541801884,1.580000,1.580000,700,1.620000,100,-1.860000,-0.030000
1478541803886,1.580000,1.580000,700,1.620000,100,-1.860000,-0.030000
1478541806404,1.580000,1.580000,700,1.620000,100,-1.860000,-0.030000
1478541807428,1.580000,1.580000,700,1.620000,100,-1.860000,-0.030000
1478541810886,1.580000,1.580000,700,1.620000,100,-1.860000,-0.030000
1478541812889,1.580000,1.580000,700,1.620000,100,-1.860000,-0.030000
1478541815392,1.580000,1.580000,700,1.620000,100,-1.860000,-0.030000
1478541817394,1.580000,1.580000,700,1.620000,100,-1.860000,-0.030000
1478541819907,1.580000,1.580000,700,1.620000,100,-1.860000,-0.030000
1478541821904,1.580000,1.580000,700,1.620000,100,-1.860000,-0.030000
1478541824900,1.580000,1.580000,700,1.620000,100,-1.860000,-0.030000
1478541826893,1.580000,1.580000,700,1.620000,100,-1.860000,-0.030000
1478541829384,1.580000,1.580000,700,1.620000,100,-1.860000,-0.030000
1478541831430,1.580000,1.580000,700,1.620000,100,-1.860000,-0.030000
1478541833419,1.580000,1.580000,700,1.620000,100,-1.860000,-0.030000
1478541835901,1.580000,1.580000,700,1.620000,100,-1.860000,-0.030000
1478541837897,1.580000,1.580000,700,1.620000,100,-1.860000,-0.030000
1478541839904,1.580000,1.580000,700,1.620000,100,-1.860000,-0.030000
1478541842403,1.580000,1.580000,700,1.620000,100,-1.860000,-0.030000
1478541844404,1.580000,1.580000,700,1.620000,100,-1.860000,-0.030000
1478541846938,1.580000,1.580000,700,1.620000,100,-1.860000,-0.030000
1478541848920,1.580000,1.580000,700,1.620000,100,-1.860000,-0.030000
1478541851408,1.580000,1.580000,700,1.620000,100,-1.860000,-0.030000
1478541853904,1.580000,1.580000,700,1.620000,100,-1.860000,-0.030000
1478541855903,1.580000,1.580000,700,1.620000,100,-1.860000,-0.030000
1478541857907,1.580000,1.580000,700,1.620000,100,-1.860000,-0.030000
1478541860404,1.580000,1.580000,700,1.620000,100,-1.860000,-0.030000
1478541862415,1.580000,1.580000,700,1.620000,100,-1.860000,-0.030000
1478541864910,1.580000,1.580000,700,1.620000,100,-1.860000,-0.030000
1478541866914,1.580000,1.580000,700,1.620000,100,-1.860000,-0.030000
1478541869416,1.580000,1.580000,700,1.620000,100,-1.860000,-0.030000
1478541871414,1.580000,1.580000,700,1.620000,100,-1.860000,-0.030000
1478541873904,1.580000,1.580000,700,1.620000,100,-1.860000,-0.030000
1478541877430,1.580000,1.580000,700,1.620000,100,-1.860000,-0.030000
1478541879458,1.580000,1.580000,700,1.620000,100,-1.860000,-0.030000
1478541881428,1.580000,1.580000,700,1.620000,100,-1.860000,-0.030000
1478541883920,1.580000,1.580000,700,1.620000,100,-1.860000,-0.030000
1478541885931,1.580000,1.580000,700,1.620000,100,-1.860000,-0.030000
1478541888414,1.580000,1.580000,700,1.620000,100,-1.860000,-0.030000
1478541890459,1.580000,1.580000,700,1.620000,100,-1.860000,-0.030000
1478541892927,1.580000,1.580000,700,1.620000,100,-1.860000,-0.030000
1478541895429,1.580000,1.580000,700,1.620000,100,-1.860000,-0.030000
1478541897424,1.580000,1.580000,700,1.620000,100,-1.860000,-0.030000
1478541899441,1.580000,1.580000,700,1.620000,100,-1.860000,-0.030000
1478541901930,1.580000,1.580000,700,1.620000,100,-1.860000,-0.030000
1478541904427,1.580000,1.580000,700,1.620000,100,-1.860000,-0.030000
1478541905963,1.580000,1.580000,700,1.620000,100,-1.860000,-0.030000
1478541908426,1.580000,1.580000,700,1.620000,100,-1.860000,-0.030000
1478541911430,1.580000,1.580000,700,1.620000,100,-1.860000,-0.030000
1478541915939,1.580000,1.580000,700,1.620000,100,-1.860000,-0.030000
1478541918980,1.580000,1.580000,700,1.620000,100,-1.860000,-0.030000
1478541920941,1.580000,1.580000,700,1.620000,100,-1.860000,-0.030000
1478541922939,1.580000,1.580000,700,1.620000,100,-1.860000,-0.030000
1478541925442,1.580000,1.580000,700,1.620000,100,-1.860000,-0.030000
1478541927448,1.580000,1.580000,700,1.620000,100,-1.860000,-0.030000
1478541929933,1.580000,1.580000,700,1.620000,100,-1.860000,-0.030000
1478541931953,1.580000,1.580000,700,1.620000,100,-1.860000,-0.030000
1478541933973,1.580000,1.580000,700,1.620000,100,-1.860000,-0.030000
1478541936442,1.580000,1.580000,700,1.620000,100,-1.860000,-0.030000
1478541938940,1.580000,1.580000,700,1.620000,100,-1.860000,-0.030000
1478541940953,1.580000,1.580000,700,1.620000,100,-1.860000,-0.030000
1478541943448,1.580000,1.580000,700,1.620000,100,-1.860000,-0.030000
1478541945454,1.580000,1.580000,700,1.620000,100,-1.860000,-0.030000
1478541947478,1.580000,1.580000,700,1.620000,100,-1.860000,-0.030000
1478541949948,1.580000,1.580000,700,1.620000,100,-1.860000,-0.030000
1478541952453,1.580000,1.580000,700,1.620000,100,-1.860000,-0.030000
1478541954949,1.580000,1.580000,700,1.620000,100,-1.860000,-0.030000
1478541956953,1.580000,1.580000,700,1.620000,100,-1.860000,-0.030000
1478541959455,1.580000,1.580000,700,1.620000,100,-1.860000,-0.030000
1478541961478,1.580000,1.580000,700,1.620000,100,-1.860000,-0.030000
1478541963495,1.580000,1.580000,700,1.620000,100,-1.860000,-0.030000
1478541966469,1.580000,1.580000,700,1.620000,100,-1.860000,-0.030000
1478541968497,1.580000,1.580000,700,1.620000,100,-1.860000,-0.030000
1478541970963,1.580000,1.580000,700,1.620000,100,-1.860000,-0.030000
1478541972970,1.580000,1.580000,700,1.620000,100,-1.860000,-0.030000
1478541974970,1.580000,1.580000,700,1.620000,100,-1.860000,-0.030000
1478541981972,1.580000,1.580000,700,1.620000,100,-1.860000,-0.030000
1478541984447,1.580000,1.580000,700,1.620000,100,-1.860000,-0.030000
1478541986457,1.580000,1.580000,700,1.620000,100,-1.860000,-0.030000
1478541988966,1.580000,1.580000,700,1.620000,100,-1.860000,-0.030000
1478541990465,1.580000,1.580000,700,1.620000,100,-1.860000,-0.030000
1478541993481,1.580000,1.580000,700,1.620000,100,-1.860000,-0.030000
1478541995468,1.580000,1.580000,700,1.620000,100,-1.860000,-0.030000
1478541997962,1.580000,1.580000,700,1.620000,100,-1.860000,-0.030000
1478541999966,1.580000,1.580000,700,1.620000,100,-1.860000,-0.030000
1478542001956,1.580000,1.580000,700,1.620000,100,-1.860000,-0.030000
1478542004460,1.580000,1.580000,700,1.620000,100,-1.860000,-0.030000
1478542007018,1.580000,1.580000,700,1.620000,100,-1.860000,-0.030000
1478542009480,1.580000,1.580000,700,1.620000,100,-1.860000,-0.030000
1478542011972,1.580000,1.580000,700,1.620000,100,-1.860000,-0.030000
1478542014484,1.580000,1.580000,700,1.620000,100,-1.860000,-0.030000
1478542015974,1.580000,1.580000,700,1.620000,100,-1.860000,-0.030000
1478542019031,1.580000,1.580000,700,1.620000,100,-1.860000,-0.030000
1478542021493,1.580000,1.580000,700,1.620000,100,-1.860000,-0.030000
1478542023493,1.580000,1.580000,700,1.620000,100,-1.860000,-0.030000
1478542026060,1.580000,1.580000,700,1.620000,100,-1.860000,-0.030000
1478542027872,1.580000,1.580000,700,1.620000,100,-1.860000,-0.030000
1478542030374,1.580000,1.580000,700,1.620000,100,-1.860000,-0.030000
1478542032372,1.580000,1.580000,700,1.620000,100,-1.860000,-0.030000
1478542034428,1.580000,1.580000,700,1.620000,100,-1.860000,-0.030000
1478542035894,1.580000,1.580000,700,1.620000,100,-1.860000,-0.030000
1478542039381,1.580000,1.580000,700,1.620000,100,-1.860000,-0.030000
1478542041875,1.580000,1.580000,700,1.620000,100,-1.860000,-0.030000
1478542044377,1.580000,1.580000,700,1.620000,300,-1.860000,-0.030000
1478542046405,1.580000,1.580000,700,1.620000,300,-1.860000,-0.030000
1478542048891,1.580000,1.580000,700,1.620000,300,-1.860000,-0.030000
1478542051382,1.580000,1.580000,700,1.620000,300,-1.860000,-0.030000
1478542053378,1.580000,1.580000,700,1.620000,300,-1.860000,-0.030000
1478542054879,1.580000,1.580000,700,1.620000,300,-1.860000,-0.030000
1478542057888,1.580000,1.580000,700,1.620000,300,-1.860000,-0.030000
1478542060385,1.580000,1.580000,700,1.620000,300,-1.860000,-0.030000
1478542062379,1.580000,1.580000,700,1.620000,300,-1.860000,-0.030000
1478542064893,1.580000,1.580000,700,1.620000,300,-1.860000,-0.030000
1478542066891,1.580000,1.580000,700,1.620000,300,-1.860000,-0.030000
1478542068887,1.580000,1.580000,700,1.620000,300,-1.860000,-0.030000
1478542071384,1.580000,1.580000,700,1.620000,300,-1.860000,-0.030000
1478542074386,1.580000,1.580000,700,1.620000,300,-1.860000,-0.030000
1478542076404,1.580000,1.580000,700,1.620000,300,-1.860000,-0.030000
1478542078903,1.580000,1.580000,700,1.620000,300,-1.860000,-0.030000
1478542080900,1.580000,1.580000,700,1.620000,300,-1.860000,-0.030000
1478542082890,1.580000,1.580000,700,1.620000,300,-1.860000,-0.030000
1478542084890,1.580000,1.580000,700,1.620000,300,-1.860000,-0.030000
1478542087404,1.580000,1.580000,700,1.620000,300,-1.860000,-0.030000
1478542089395,1.580000,1.580000,700,1.620000,300,-1.860000,-0.030000
1478542090898,1.580000,1.580000,700,1.620000,300,-1.860000,-0.030000
1478542093419,1.580000,1.580000,700,1.620000,300,-1.860000,-0.030000
1478542096397,1.580000,1.580000,700,1.620000,300,-1.860000,-0.030000
1478542098396,1.580000,1.580000,700,1.620000,300,-1.860000,-0.030000
1478542100437,1.580000,1.580000,700,1.620000,300,-1.860000,-0.030000
1478542102897,1.580000,1.580000,700,1.620000,300,-1.860000,-0.030000
1478542104908,1.580000,1.580000,700,1.620000,300,-1.860000,-0.030000
1478542107400,1.580000,1.580000,700,1.620000,300,-1.860000,-0.030000
1478542109404,1.580000,1.580000,700,1.620000,300,-1.860000,-0.030000
1478542111904,1.580000,1.580000,700,1.620000,300,-1.860000,-0.030000
1478542114404,1.580000,1.580000,700,1.620000,100,-1.860000,-0.030000
1478542116403,1.580000,1.580000,700,1.620000,100,-1.860000,-0.030000
1478542118920,1.580000,1.580000,700,1.620000,100,-1.860000,-0.030000
1478542120925,1.580000,1.580000,700,1.620000,100,-1.860000,-0.030000
1478542122903,1.580000,1.580000,700,1.620000,300,-1.860000,-0.030000
1478542125409,1.580000,1.580000,700,1.620000,300,-1.860000,-0.030000
1478542127403,1.580000,1.580000,700,1.620000,300,-1.860000,-0.030000
1478542129919,1.580000,1.580000,700,1.620000,300,-1.860000,-0.030000
1478542132420,1.580000,1.580000,700,1.620000,300,-1.860000,-0.030000
1478542134416,1.580000,1.580000,700,1.620000,300,-1.860000,-0.030000
1478542136915,1.580000,1.580000,700,1.620000,300,-1.860000,-0.030000
1478542138918,1.580000,1.580000,700,1.620000,300,-1.860000,-0.030000
1478542140918,1.580000,1.580000,700,1.620000,300,-1.860000,-0.030000
1478542143420,1.580000,1.580000,700,1.620000,300,-1.860000,-0.030000
1478542145423,1.580000,1.580000,700,1.620000,300,-1.860000,-0.030000
1478542147969,1.580000,1.580000,700,1.620000,300,-1.860000,-0.030000
1478542150417,1.580000,1.580000,700,1.620000,300,-1.860000,-0.030000
1478542152428,1.580000,1.580000,700,1.620000,300,-1.860000,-0.030000
1478542154422,1.580000,1.580000,700,1.620000,300,-1.860000,-0.030000
1478542156926,1.580000,1.580000,700,1.620000,300,-1.860000,-0.030000
1478542158929,1.580000,1.580000,700,1.620000,100,-1.860000,-0.030000
1478542161438,1.580000,1.580000,700,1.620000,100,-1.860000,-0.030000
1478542163442,1.580000,1.580000,700,1.620000,100,-1.860000,-0.030000
1478542165924,1.580000,1.580000,700,1.620000,100,-1.860000,-0.030000
1478542168431,1.580000,1.580000,700,1.620000,100,-1.860000,-0.030000
1478542170934,1.580000,1.580000,700,1.620000,100,-1.860000,-0.030000
1478542173428,1.580000,1.580000,700,1.620000,100,-1.860000,-0.030000
1478542174934,1.580000,1.580000,700,1.620000,100,-1.860000,-0.030000
1478542177959,1.580000,1.580000,700,1.620000,100,-1.860000,-0.030000
1478542179926,1.580000,1.580000,700,1.620000,100,-1.860000,-0.030000
1478542181926,1.580000,1.580000,700,1.620000,100,-1.860000,-0.030000
1478542184439,1.580000,1.580000,700,1.620000,100,-1.860000,-0.030000
1478542186432,1.580000,1.580000,700,1.620000,100,-1.860000,-0.030000
1478542188936,1.580000,1.580000,700,1.620000,100,-1.860000,-0.030000
1478542190487,1.580000,1.580000,700,1.620000,100,-1.860000,-0.030000
1478542194440,1.580000,1.580000,700,1.620000,100,-1.860000,-0.030000
1478542196442,1.580000,1.580000,700,1.620000,100,-1.860000,-0.030000
1478542198432,1.580000,1.580000,700,1.620000,100,-1.860000,-0.030000
1478542200947,1.580000,1.580000,700,1.620000,100,-1.860000,-0.030000
1478542203464,1.580000,1.580000,700,1.620000,100,-1.860000,-0.030000
1478542204979,1.580000,1.580000,700,1.620000,100,-1.860000,-0.030000
1478542207930,1.580000,1.580000,700,1.620000,100,-1.860000,-0.030000
1478542209951,1.580000,1.580000,700,1.620000,100,-1.860000,-0.030000
1478542211943,1.580000,1.580000,700,1.620000,100,-1.860000,-0.030000
1478542214453,1.580000,1.580000,700,1.620000,100,-1.860000,-0.030000
1478542216443,1.580000,1.580000,700,1.620000,100,-1.860000,-0.030000
1478542217438,1.580000,1.580000,700,1.620000,100,-1.860000,-0.030000
1478542220965,1.580000,1.580000,700,1.620000,100,-1.860000,-0.030000
1478542222449,1.580000,1.580000,700,1.620000,100,-1.860000,-0.030000
1478542225448,1.580000,1.580000,700,1.620000,100,-1.860000,-0.030000
1478542227456,1.580000,1.580000,700,1.620000,100,-1.860000,-0.030000
1478542229448,1.580000,1.580000,700,1.620000,100,-1.860000,-0.030000
1478542231985,1.580000,1.580000,700,1.620000,100,-1.860000,-0.030000
1478542233461,1.580000,1.580000,700,1.620000,100,-1.860000,-0.030000
1478542236453,1.580000,1.580000,700,1.620000,100,-1.860000,-0.030000
1478542238455,1.580000,1.580000,700,1.620000,100,-1.860000,-0.030000
1478542240951,1.580000,1.580000,700,1.620000,100,-1.860000,-0.030000
1478542243455,1.580000,1.580000,700,1.620000,100,-1.860000,-0.030000
1478542245435,1.580000,1.580000,700,1.620000,100,-1.860000,-0.030000
1478542247965,1.580000,1.580000,700,1.620000,100,-1.860000,-0.030000
1478542250466,1.580000,1.580000,700,1.620000,100,-1.860000,-0.030000
1478542252465,1.580000,1.580000,700,1.620000,100,-1.860000,-0.030000
1478542254964,1.580000,1.580000,700,1.620000,100,-1.860000,-0.030000
1478542256979,1.580000,1.580000,700,1.620000,100,-1.860000,-0.030000
1478542259466,1.580000,1.580000,700,1.620000,100,-1.860000,-0.030000
1478542261973,1.580000,1.580000,700,1.620000,100,-1.860000,-0.030000
1478542263960,1.580000,1.580000,700,1.620000,100,-1.860000,-0.030000
1478542266457,1.580000,1.580000,700,1.620000,100,-1.860000,-0.030000
1478542268458,1.580000,1.580000,700,1.620000,100,-1.860000,-0.030000
1478542270476,1.580000,1.580000,700,1.620000,100,-1.860000,-0.030000
1478542272973,1.580000,1.580000,700,1.620000,100,-1.860000,-0.030000
1478542275008,1.580000,1.580000,700,1.620000,100,-1.860000,-0.030000
1478542277482,1.580000,1.580000,700,1.620000,100,-1.860000,-0.030000
1478542279469,1.580000,1.580000,700,1.620000,100,-1.860000,-0.030000
1478542281970,1.580000,1.580000,700,1.620000,100,-1.860000,-0.030000
1478542283978,1.580000,1.580000,700,1.620000,100,-1.860000,-0.030000
1478542285964,1.580000,1.580000,700,1.620000,100,-1.860000,-0.030000
1478542288483,1.580000,1.580000,700,1.620000,100,-1.860000,-0.030000
1478542290984,1.580000,1.580000,700,1.620000,100,-1.860000,-0.030000
1478542292984,1.580000,1.580000,700,1.620000,100,-1.860000,-0.030000
1478542295205,1.580000,1.580000,700,1.620000,100,-1.860000,-0.030000
1478542297368,1.580000,1.580000,700,1.620000,100,-1.860000,-0.030000
1478542301878,1.580000,1.580000,700,1.620000,100,-1.860000,-0.030000
1478542304372,1.580000,1.580000,700,1.620000,100,-1.860000,-0.030000
1478542306373,1.580000,1.580000,700,1.620000,100,-1.860000,-0.030000
1478542308374,1.580000,1.580000,700,1.620000,100,-1.860000,-0.030000
1478542310877,1.580000,1.580000,700,1.620000,100,-1.860000,-0.030000
1478542313377,1.580000,1.580000,700,1.620000,100,-1.860000,-0.030000
1478542315377,1.580000,1.580000,700,1.620000,100,-1.860000,-0.030000
1478542316889,1.580000,1.580000,700,1.620000,100,-1.860000,-0.030000
1478542319879,1.580000,1.580000,700,1.620000,100,-1.860000,-0.030000
1478542322889,1.580000,1.580000,700,1.620000,100,-1.860000,-0.030000
1478542325417,1.580000,1.580000,700,1.620000,100,-1.860000,-0.030000
1478542327384,1.580000,1.580000,700,1.620000,100,-1.860000,-0.030000
1478542329884,1.580000,1.580000,700,1.620000,100,-1.860000,-0.030000
1478542331926,1.580000,1.580000,700,1.620000,100,-1.860000,-0.030000
1478542333886,1.580000,1.580000,700,1.620000,100,-1.860000,-0.030000
1478542336388,1.580000,1.580000,700,1.620000,100,-1.860000,-0.030000
1478542338389,1.580000,1.580000,700,1.620000,100,-1.860000,-0.030000
1478542340897,1.580000,1.580000,700,1.620000,100,-1.860000,-0.030000
1478542343393,1.580000,1.580000,700,1.620000,100,-1.860000,-0.030000
1478542345898,1.580000,1.580000,700,1.620000,100,-1.860000,-0.030000
1478542347395,1.580000,1.580000,700,1.620000,100,-1.860000,-0.030000
1478542350393,1.580000,1.580000,700,1.620000,100,-1.860000,-0.030000
1478542352402,1.580000,1.580000,700,1.620000,100,-1.860000,-0.030000
1478542354896,1.580000,1.580000,700,1.620000,100,-1.860000,-0.030000
1478542356896,1.580000,1.580000,700,1.620000,100,-1.860000,-0.030000
1478542359400,1.580000,1.580000,700,1.620000,100,-1.860000,-0.030000
1478542361901,1.580000,1.580000,700,1.620000,100,-1.860000,-0.030000
1478542365389,1.580000,1.580000,700,1.620000,100,-1.860000,-0.030000
1478542367908,1.580000,1.580000,700,1.620000,100,-1.860000,-0.030000
1478542370391,1.580000,1.580000,700,1.620000,100,-1.860000,-0.030000
1478542372406,1.580000,1.580000,700,1.620000,100,-1.860000,-0.030000
1478542374431,1.580000,1.580000,700,1.620000,100,-1.860000,-0.030000
1478542376971,1.580000,1.580000,700,1.620000,100,-1.860000,-0.030000
1478542378912,1.580000,1.580000,700,1.620000,100,-1.860000,-0.030000
1478542380911,1.580000,1.580000,700,1.620000,100,-1.860000,-0.030000
1478542383906,1.580000,1.580000,700,1.620000,100,-1.860000,-0.030000
1478542385911,1.580000,1.580000,700,1.620000,100,-1.860000,-0.030000
1478542388423,1.580000,1.580000,700,1.620000,100,-1.860000,-0.030000
1478542390426,1.580000,1.580000,700,1.620000,100,-1.860000,-0.030000
1478542392916,1.580000,1.580000,700,1.620000,100,-1.860000,-0.030000
1478542394912,1.580000,1.580000,700,1.620000,100,-1.860000,-0.030000
1478542397425,1.580000,1.580000,700,1.620000,100,-1.860000,-0.030000
1478542400419,1.580000,1.580000,700,1.620000,100,-1.860000,-0.030000
1478542402919,1.580000,1.580000,700,1.620000,100,-1.860000,-0.030000
1478542405404,1.580000,1.580000,700,1.620000,100,-1.860000,-0.030000
1478542407420,1.580000,1.580000,700,1.620000,100,-1.860000,-0.030000
1478542409925,1.580000,1.580000,700,1.620000,100,-1.860000,-0.030000
1478542411919,1.580000,1.580000,700,1.620000,100,-1.860000,-0.030000
1478542413921,1.580000,1.580000,700,1.620000,100,-1.860000,-0.030000
1478542416416,1.580000,1.580000,700,1.620000,100,-1.860000,-0.030000
1478542418950,1.580000,1.580000,700,1.620000,100,-1.860000,-0.030000
1478542420454,1.580000,1.580000,700,1.620000,100,-1.860000,-0.030000
1478542423454,1.580000,1.580000,700,1.620000,100,-1.860000,-0.030000
1478542425431,1.580000,1.580000,700,1.620000,100,-1.860000,-0.030000
1478542428426,1.580000,1.580000,700,1.620000,100,-1.860000,-0.030000
1478542432429,1.580000,1.580000,700,1.620000,100,-1.860000,-0.030000
1478542435480,1.580000,1.580000,700,1.620000,100,-1.860000,-0.030000
1478542437417,1.580000,1.580000,700,1.620000,100,-1.860000,-0.030000
1478542439417,1.580000,1.580000,700,1.620000,100,-1.860000,-0.030000
1478542441971,1.580000,1.580000,700,1.620000,100,-1.860000,-0.030000
1478542443938,1.580000,1.580000,700,1.620000,100,-1.860000,-0.030000
1478542445925,1.580000,1.580000,700,1.620000,100,-1.860000,-0.030000
1478542448459,1.580000,1.580000,700,1.620000,100,-1.860000,-0.030000
1478542450439,1.580000,1.580000,700,1.620000,100,-1.860000,-0.030000
1478542451931,1.580000,1.580000,700,1.620000,100,-1.860000,-0.030000
1478542454933,1.580000,1.580000,700,1.620000,100,-1.860000,-0.030000
1478542455939,1.580000,1.580000,700,1.620000,100,-1.860000,-0.030000
1478542459434,1.580000,1.580000,700,1.620000,100,-1.860000,-0.030000
1478542461435,1.580000,1.580000,700,1.620000,100,-1.860000,-0.030000
1478542462948,1.580000,1.580000,700,1.620000,100,-1.860000,-0.030000
1478542465941,1.580000,1.580000,700,1.620000,100,-1.860000,-0.030000
1478542468440,1.580000,1.580000,700,1.620000,100,-1.860000,-0.030000
1478542470456,1.580000,1.580000,700,1.620000,100,-1.860000,-0.030000
1478542472945,1.580000,1.580000,700,1.620000,100,-1.860000,-0.030000
1478542474925,1.580000,1.580000,700,1.620000,100,-1.860000,-0.030000
1478542477012,1.580000,1.580000,700,1.620000,100,-1.860000,-0.030000
1478542479450,1.580000,1.580000,700,1.620000,100,-1.860000,-0.030000
1478542481450,1.580000,1.580000,700,1.620000,100,-1.860000,-0.030000
1478542483450,1.580000,1.580000,700,1.620000,100,-1.860000,-0.030000
1478542485951,1.580000,1.580000,700,1.620000,100,-1.860000,-0.030000
1478542488455,1.580000,1.580000,700,1.620000,100,-1.860000,-0.030000
1478542490448,1.580000,1.580000,700,1.620000,100,-1.860000,-0.030000
1478542494451,1.580000,1.580000,700,1.620000,100,-1.860000,-0.030000
1478542496457,1.580000,1.580000,700,1.620000,100,-1.860000,-0.030000
1478542498958,1.580000,1.580000,700,1.620000,100,-1.860000,-0.030000
1478542501470,1.580000,1.580000,700,1.620000,100,-1.860000,-0.030000
1478542503532,1.580000,1.580000,700,1.620000,100,-1.860000,-0.030000
1478542506012,1.580000,1.580000,700,1.620000,100,-1.860000,-0.030000
1478542507968,1.580000,1.580000,700,1.620000,100,-1.860000,-0.030000
1478542510453,1.580000,1.580000,700,1.620000,100,-1.860000,-0.030000
1478542512461,1.580000,1.580000,700,1.620000,100,-1.860000,-0.030000
1478542514960,1.580000,1.580000,700,1.620000,100,-1.860000,-0.030000
1478542517464,1.580000,1.580000,700,1.620000,100,-1.860000,-0.030000
1478542519467,1.580000,1.580000,700,1.620000,100,-1.860000,-0.030000
1478542521478,1.580000,1.580000,700,1.620000,100,-1.860000,-0.030000
1478542523971,1.580000,1.580000,700,1.620000,100,-1.860000,-0.030000
1478542525975,1.580000,1.580000,700,1.620000,100,-1.860000,-0.030000
1478542528471,1.580000,1.580000,700,1.620000,100,-1.860000,-0.030000
1478542530961,1.580000,1.580000,700,1.620000,100,-1.860000,-0.030000
1478542532972,1.580000,1.580000,700,1.620000,100,-1.860000,-0.030000
1478542535528,1.580000,1.580000,700,1.620000,100,-1.860000,-0.030000
1478542537027,1.580000,1.580000,700,1.620000,100,-1.860000,-0.030000
1478542539980,1.580000,1.580000,700,1.620000,100,-1.860000,-0.030000
1478542541989,1.580000,1.580000,700,1.620000,100,-1.860000,-0.030000
1478542544484,1.580000,1.580000,700,1.620000,100,-1.860000,-0.030000
1478542546479,1.580000,1.580000,700,1.620000,100,-1.860000,-0.030000
1478542549012,1.580000,1.580000,700,1.620000,100,-1.860000,-0.030000
1478542549992,1.580000,1.580000,700,1.620000,100,-1.860000,-0.030000
1478542552479,1.580000,1.580000,700,1.620000,100,-1.860000,-0.030000
1478542555706,1.580000,1.580000,700,1.620000,100,-1.860000,-0.030000
1478542561873,1.580000,1.580000,700,1.620000,100,-1.860000,-0.030000
1478542564871,1.580000,1.580000,700,1.620000,100,-1.860000,-0.030000
1478542567376,1.580000,1.580000,700,1.620000,100,-1.860000,-0.030000
1478542569413,1.580000,1.580000,700,1.620000,100,-1.860000,-0.030000
1478542571379,1.580000,1.580000,700,1.620000,100,-1.860000,-0.030000
1478542574383,1.580000,1.580000,700,1.620000,100,-1.860000,-0.030000
1478542576380,1.580000,1.580000,700,1.620000,100,-1.860000,-0.030000
1478542578916,1.580000,1.580000,700,1.620000,100,-1.860000,-0.030000
1478542580909,1.580000,1.580000,700,1.620000,100,-1.860000,-0.030000
1478542583377,1.580000,1.580000,700,1.620000,100,-1.860000,-0.030000
1478542585389,1.580000,1.580000,700,1.620000,100,-1.860000,-0.030000
1478542587884,1.580000,1.580000,700,1.620000,100,-1.860000,-0.030000
1478542590423,1.580000,1.580000,700,1.620000,100,-1.860000,-0.030000
1478542592890,1.580000,1.580000,700,1.620000,100,-1.860000,-0.030000
1478542595388,1.580000,1.580000,700,1.620000,100,-1.860000,-0.030000
1478542597901,1.580000,1.580000,700,1.620000,100,-1.860000,-0.030000
1478542599399,1.580000,1.580000,700,1.620000,100,-1.860000,-0.030000
1478542601885,1.580000,1.580000,700,1.620000,100,-1.860000,-0.030000
1478542604394,1.580000,1.580000,700,1.620000,100,-1.860000,-0.030000
1478542606429,1.580000,1.580000,700,1.620000,100,-1.860000,-0.030000
1478542608889,1.580000,1.580000,700,1.620000,100,-1.860000,-0.030000
1478542611399,1.580000,1.580000,700,1.620000,100,-1.860000,-0.030000
1478542613409,1.580000,1.580000,700,1.620000,100,-1.860000,-0.030000
1478542615904,1.580000,1.580000,700,1.620000,100,-1.860000,-0.030000
1478542617906,1.580000,1.580000,700,1.620000,100,-1.860000,-0.030000
1478542619900,1.580000,1.580000,700,1.620000,100,-1.860000,-0.030000
1478542622444,1.580000,1.580000,700,1.620000,100,-1.860000,-0.030000
1478542624415,1.580000,1.580000,700,1.620000,100,-1.860000,-0.030000
1478542625912,1.580000,1.580000,700,1.620000,100,-1.860000,-0.030000
1478542628403,1.580000,1.580000,700,1.620000,100,-1.860000,-0.030000
1478542631413,1.580000,1.580000,700,1.620000,100,-1.860000,-0.030000
1478542632402,1.580000,1.580000,700,1.620000,100,-1.860000,-0.030000
1478542634968,1.580000,1.580000,700,1.620000,100,-1.860000,-0.030000
1478542637903,1.580000,1.580000,700,1.620000,100,-1.860000,-0.030000
1478542639419,1.580000,1.580000,700,1.620000,100,-1.860000,-0.030000
1478542641922,1.580000,1.580000,700,1.620000,100,-1.860000,-0.030000
1478542644412,1.580000,1.580000,700,1.620000,100,-1.860000,-0.030000
1478542646916,1.580000,1.580000,700,1.620000,100,-1.860000,-0.030000
1478542649447,1.580000,1.580000,700,1.620000,100,-1.860000,-0.030000
1478542650998,1.580000,1.580000,700,1.620000,100,-1.860000,-0.030000
1478542653917,1.580000,1.580000,700,1.620000,100,-1.860000,-0.030000
1478542655923,1.580000,1.580000,700,1.620000,100,-1.860000,-0.030000
1478542658420,1.580000,1.580000,700,1.620000,100,-1.860000,-0.030000
1478542660929,1.580000,1.580000,700,1.620000,100,-1.860000,-0.030000
1478542662468,1.580000,1.580000,700,1.620000,100,-1.860000,-0.030000
1478542664959,1.580000,1.580000,700,1.620000,100,-1.860000,-0.030000
1478542667429,1.580000,1.580000,700,1.620000,100,-1.860000,-0.030000
1478542669424,1.580000,1.580000,700,1.620000,100,-1.860000,-0.030000
1478542671937,1.580000,1.580000,700,1.620000,100,-1.860000,-0.030000
1478542673964,1.580000,1.580000,700,1.620000,100,-1.860000,-0.030000
1478542676427,1.580000,1.580000,700,1.620000,100,-1.860000,-0.030000
1478542677949,1.580000,1.580000,700,1.620000,100,-1.860000,-0.030000
1478542680933,1.580000,1.580000,700,1.620000,100,-1.860000,-0.030000
1478542682470,1.580000,1.580000,700,1.620000,100,-1.860000,-0.030000
1478542684917,1.580000,1.580000,700,1.620000,100,-1.860000,-0.030000
1478542687431,1.580000,1.580000,700,1.620000,100,-1.860000,-0.030000
1478542689438,1.580000,1.580000,700,1.620000,100,-1.860000,-0.030000
1478542691931,1.580000,1.580000,700,1.620000,100,-1.860000,-0.030000
1478542694461,1.580000,1.580000,700,1.620000,100,-1.860000,-0.030000
1478542696438,1.580000,1.580000,700,1.620000,100,-1.860000,-0.030000
1478542697438,1.580000,1.580000,700,1.620000,100,-1.860000,-0.030000
1478542700942,1.580000,1.580000,700,1.620000,100,-1.860000,-0.030000
1478542703441,1.580000,1.580000,700,1.620000,100,-1.860000,-0.030000
1478542705482,1.580000,1.580000,700,1.620000,100,-1.860000,-0.030000
1478542707940,1.580000,1.580000,700,1.620000,100,-1.860000,-0.030000
1478542709434,1.580000,1.580000,700,1.620000,100,-1.860000,-0.030000
1478542712446,1.580000,1.580000,700,1.620000,100,-1.860000,-0.030000
1478542714451,1.580000,1.580000,700,1.620000,100,-1.860000,-0.030000
1478542716951,1.580000,1.580000,700,1.620000,100,-1.860000,-0.030000
1478542718952,1.580000,1.580000,700,1.620000,100,-1.860000,-0.030000
1478542721446,1.580000,1.580000,700,1.620000,100,-1.860000,-0.030000
1478542723462,1.580000,1.580000,700,1.620000,100,-1.860000,-0.030000
1478542725987,1.616400,1.580000,700,1.620000,100,0.400000,0.006400
1478542727956,1.616400,1.580000,700,1.620000,100,0.400000,0.006400
1478542730461,1.616400,1.580000,700,1.620000,100,0.400000,0.006400
1478542732450,1.616400,1.580000,700,1.620000,100,0.400000,0.006400
1478542734967,1.616400,1.580000,700,1.620000,100,0.400000,0.006400
1478542737970,1.616400,1.580000,700,1.620000,100,0.400000,0.006400
1478542739968,1.616400,1.580000,700,1.620000,100,0.400000,0.006400
1478542742455,1.616400,1.580000,700,1.620000,100,0.400000,0.006400
1478542744460,1.616400,1.580000,700,1.620000,100,0.400000,0.006400
1478542747455,1.616400,1.580000,700,1.620000,100,0.400000,0.006400
1478542750969,1.616400,1.580000,700,1.620000,100,0.400000,0.006400
1478542753961,1.616400,1.580000,700,1.620000,100,0.400000,0.006400
1478542755969,1.616400,1.580000,700,1.620000,100,0.400000,0.006400
1478542757977,1.616400,1.580000,700,1.620000,100,0.400000,0.006400
1478542760970,1.616400,1.580000,700,1.620000,100,0.400000,0.006400
1478542763472,1.616400,1.580000,700,1.620000,100,0.400000,0.006400
1478542764958,1.616400,1.580000,700,1.620000,100,0.400000,0.006400
1478542767974,1.616400,1.580000,700,1.620000,100,0.400000,0.006400
1478542769972,1.616400,1.580000,700,1.620000,100,0.400000,0.006400
1478542771973,1.616400,1.580000,700,1.620000,100,0.400000,0.006400
1478542774480,1.616400,1.580000,700,1.620000,100,0.400000,0.006400
1478542776980,1.616400,1.580000,700,1.620000,100,0.400000,0.006400
1478542779475,1.616400,1.580000,700,1.620000,100,0.400000,0.006400
1478542781985,1.616400,1.580000,700,1.620000,100,0.400000,0.006400
1478542783977,1.616400,1.580000,700,1.620000,100,0.400000,0.006400
1478542786495,1.616400,1.580000,700,1.620000,100,0.400000,0.006400
1478542788986,1.616400,1.580000,700,1.620000,100,0.400000,0.006400
1478542790978,1.616400,1.580000,700,1.620000,100,0.400000,0.006400
1478542793506,1.616400,1.580000,700,1.620000,100,0.400000,0.006400
1478542795484,1.616400,1.580000,700,1.620000,100,0.400000,0.006400
1478542797984,1.616400,1.580000,700,1.620000,100,0.400000,0.006400
1478542799995,1.616400,1.580000,700,1.620000,100,0.400000,0.006400
1478542801994,1.616400,1.580000,700,1.620000,100,0.400000,0.006400
1478542804872,1.616400,1.580000,700,1.620000,100,0.400000,0.006400
1478542806889,1.616400,1.580000,700,1.620000,100,0.400000,0.006400
1478542808381,1.616400,1.580000,700,1.620000,100,0.400000,0.006400
1478542811383,1.616400,1.580000,700,1.620000,100,0.400000,0.006400
1478542813904,1.616400,1.580000,700,1.620000,100,0.400000,0.006400
1478542815879,1.616400,1.580000,700,1.620000,100,0.400000,0.006400
1478542818378,1.616400,1.580000,700,1.620000,100,0.400000,0.006400
1478542820879,1.616400,1.590000,2000,1.620000,100,0.400000,0.006400
1478542822880,1.616400,1.590000,2000,1.620000,100,0.400000,0.006400
1478542824891,1.616400,1.590000,2000,1.620000,100,0.400000,0.006400
1478542827384,1.616400,1.590000,2000,1.620000,100,0.400000,0.006400
1478542829388,1.616400,1.590000,2000,1.620000,100,0.400000,0.006400
1478542831385,1.616400,1.590000,2000,1.620000,100,0.400000,0.006400
1478542833920,1.616400,1.590000,2000,1.620000,100,0.400000,0.006400
1478542835887,1.616400,1.590000,2000,1.620000,100,0.400000,0.006400
1478542838389,1.616400,1.590000,2000,1.620000,100,0.400000,0.006400
1478542840417,1.616400,1.590000,2000,1.620000,100,0.400000,0.006400
1478542842890,1.616400,1.590000,2000,1.620000,100,0.400000,0.006400
1478542844891,1.616400,1.590000,2000,1.620000,100,0.400000,0.006400
1478542847393,1.616400,1.590000,2000,1.620000,100,0.400000,0.006400
1478542849403,1.616400,1.590000,2000,1.620000,100,0.400000,0.006400
1478542851918,1.616400,1.590000,2000,1.620000,100,0.400000,0.006400
1478542853930,1.616400,1.590000,2000,1.620000,100,0.400000,0.006400
1478542856398,1.616400,1.590000,2000,1.620000,100,0.400000,0.006400
1478542858912,1.616400,1.590000,2000,1.620000,100,0.400000,0.006400
1478542860905,1.616400,1.590000,2000,1.620000,100,0.400000,0.006400
1478542862404,1.616400,1.590000,2000,1.620000,100,0.400000,0.006400
1478542865397,1.616400,1.590000,2000,1.620000,100,0.400000,0.006400
1478542866895,1.616400,1.590000,2000,1.620000,100,0.400000,0.006400
1478542869900,1.616400,1.590000,2000,1.620000,100,0.400000,0.006400
1478542871932,1.616400,1.590000,2000,1.620000,100,0.400000,0.006400
1478542874405,1.616400,1.590000,2000,1.620000,100,0.400000,0.006400
1478542876407,1.616400,1.590000,2000,1.620000,100,0.400000,0.006400
1478542878908,1.616400,1.590000,2000,1.620000,100,0.400000,0.006400
1478542880923,1.616400,1.590000,2000,1.620000,100,0.400000,0.006400
1478542883902,1.616400,1.590000,2000,1.620000,100,0.400000,0.006400
1478542886412,1.616400,1.600000,2000,1.620000,100,0.400000,0.006400
1478542888412,1.616400,1.600000,2000,1.620000,100,0.400000,0.006400
1478542890914,1.616400,1.600000,2000,1.620000,100,0.400000,0.006400
1478542892916,1.616400,1.600000,2000,1.620000,100,0.400000,0.006400
1478542895441,1.616400,1.600000,2000,1.620000,100,0.400000,0.006400
1478542897404,1.616400,1.600000,2000,1.620000,100,0.400000,0.006400
1478542899418,1.616400,1.600000,2000,1.620000,100,0.400000,0.006400
1478542901916,1.616400,1.600000,2000,1.620000,100,0.400000,0.006400
1478542904433,1.616400,1.600000,2000,1.620000,100,0.400000,0.006400
1478542906424,1.616400,1.600000,2000,1.620000,100,0.400000,0.006400
1478542908934,1.616400,1.600000,2000,1.620000,100,0.400000,0.006400
1478542910919,1.616400,1.600000,2000,1.620000,100,0.400000,0.006400
1478542912920,1.616400,1.600000,2000,1.620000,100,0.400000,0.006400
1478542915415,1.616400,1.600000,2000,1.620000,100,0.400000,0.006400
1478542917427,1.616400,1.600000,2000,1.620000,100,0.400000,0.006400
1478542919935,1.616400,1.600000,2000,1.620000,100,0.400000,0.006400
1478542922435,1.616400,1.600000,2000,1.620000,100,0.400000,0.006400
1478542924931,1.616400,1.600000,2000,1.620000,100,0.400000,0.006400
1478542927441,1.616400,1.600000,2000,1.620000,100,0.400000,0.006400
1478542929428,1.616400,1.600000,2000,1.620000,100,0.400000,0.006400
1478542931430,1.616400,1.600000,2000,1.620000,100,0.400000,0.006400
1478542933434,1.616400,1.600000,2000,1.620000,100,0.400000,0.006400
1478542935924,1.616400,1.600000,2000,1.620000,100,0.400000,0.006400
1478542938441,1.616400,1.600000,2000,1.620000,100,0.400000,0.006400
1478542940464,1.616400,1.600000,2000,1.620000,100,0.400000,0.006400
1478542942437,1.616400,1.600000,2000,1.620000,100,0.400000,0.006400
1478542945939,1.616400,1.600000,2000,1.620000,100,0.400000,0.006400
1478542948441,1.616400,1.600000,2000,1.620000,100,0.400000,0.006400
1478542951425,1.616400,1.600000,2000,1.620000,100,0.400000,0.006400
1478542953932,1.616400,1.600000,2000,1.620000,100,0.400000,0.006400
1478542956444,1.616400,1.600000,2000,1.620000,100,0.400000,0.006400
1478542958452,1.616400,1.600000,2000,1.620000,100,0.400000,0.006400
1478542961447,1.616400,1.600000,2000,1.620000,100,0.400000,0.006400
1478542963452,1.616400,1.600000,2000,1.620000,100,0.400000,0.006400
1478542965948,1.616400,1.600000,2000,1.620000,100,0.400000,0.006400
1478542967942,1.616400,1.600000,2000,1.620000,100,0.400000,0.006400
1478542970437,1.616400,1.600000,2000,1.620000,100,0.400000,0.006400
1478542972455,1.616400,1.600000,2000,1.620000,100,0.400000,0.006400
1478542974955,1.616400,1.600000,2000,1.620000,100,0.400000,0.006400
1478542976945,1.616400,1.600000,2000,1.620000,100,0.400000,0.006400
1478542978959,1.616400,1.600000,2000,1.620000,100,0.400000,0.006400
1478542981450,1.616400,1.600000,2000,1.620000,100,0.400000,0.006400
1478542984003,1.616400,1.600000,2000,1.620000,100,0.400000,0.006400
1478542985471,1.616400,1.600000,2000,1.620000,100,0.400000,0.006400
1478542987965,1.616400,1.600000,2000,1.620000,100,0.400000,0.006400
1478542990459,1.616400,1.600000,2000,1.620000,100,0.400000,0.006400
1478542993002,1.616400,1.600000,2000,1.620000,100,0.400000,0.006400
1478542994969,1.616400,1.600000,2000,1.620000,100,0.400000,0.006400
1478542997462,1.616400,1.600000,2000,1.620000,100,0.400000,0.006400
1478542999972,1.616400,1.600000,2000,1.620000,100,0.400000,0.006400
1478543002007,1.616400,1.600000,2000,1.620000,100,0.400000,0.006400
1478543004456,1.616400,1.600000,2000,1.620000,100,0.400000,0.006400
1478543006459,1.616400,1.600000,2000,1.620000,100,0.400000,0.006400
1478543008973,1.616400,1.600000,2000,1.620000,100,0.400000,0.006400
1478543011025,1.616400,1.600000,2000,1.620000,100,0.400000,0.006400
1478543013489,1.616400,1.600000,2000,1.620000,100,0.400000,0.006400
1478543015978,1.616400,1.600000,2000,1.620000,100,0.400000,0.006400
1478543017970,1.616400,1.600000,2000,1.620000,100,0.400000,0.006400
1478543020470,1.616400,1.600000,2000,1.620000,100,0.400000,0.006400
1478543022465,1.616400,1.600000,2000,1.620000,100,0.400000,0.006400
1478543024981,1.616400,1.600000,2000,1.620000,100,0.400000,0.006400
1478543027481,1.616400,1.600000,2000,1.620000,100,0.400000,0.006400
1478543029482,1.616400,1.600000,2000,1.620000,100,0.400000,0.006400
1478543034988,1.616400,1.600000,2000,1.620000,100,0.400000,0.006400
1478543037471,1.616400,1.600000,2000,1.620000,100,0.400000,0.006400
1478543039484,1.616400,1.600000,2000,1.620000,100,0.400000,0.006400
1478543042990,1.616400,1.600000,2000,1.620000,100,0.400000,0.006400
1478543044984,1.616400,1.600000,2000,1.620000,100,0.400000,0.006400
1478543046982,1.616400,1.600000,2000,1.620000,100,0.400000,0.006400
1478543049483,1.616400,1.600000,2000,1.620000,100,0.400000,0.006400
1478543051982,1.616400,1.600000,2000,1.620000,100,0.400000,0.006400
1478543053481,1.616400,1.600000,2000,1.620000,100,0.400000,0.006400
1478543056013,1.616400,1.600000,2000,1.620000,100,0.400000,0.006400
1478543059369,1.616400,1.600000,2000,1.620000,100,0.400000,0.006400
1478543061372,1.616400,1.600000,2000,1.620000,100,0.400000,0.006400
1478543063370,1.616400,1.600000,2000,1.620000,100,0.400000,0.006400
1478543065873,1.616400,1.600000,2000,1.620000,100,0.400000,0.006400
1478543067872,1.616400,1.600000,2000,1.620000,100,0.400000,0.006400
1478543069874,1.616400,1.600000,2000,1.620000,100,0.400000,0.006400
1478543072382,1.616400,1.600000,2000,1.620000,100,0.400000,0.006400
1478543073887,1.616400,1.600000,2000,1.620000,100,0.400000,0.006400
1478543076878,1.616400,1.600000,2000,1.620000,100,0.400000,0.006400
1478543078885,1.616400,1.600000,2000,1.620000,100,0.400000,0.006400
1478543081878,1.616400,1.600000,2000,1.620000,100,0.400000,0.006400
1478543083885,1.608000,1.600000,2000,1.620000,100,-0.120000,-0.002000
1478543086408,1.608000,1.600000,2000,1.620000,100,-0.120000,-0.002000
1478543088913,1.608000,1.600000,2000,1.620000,100,-0.120000,-0.002000
1478543090896,1.608000,1.600000,2000,1.620000,100,-0.120000,-0.002000
1478543093392,1.608000,1.600000,2000,1.620000,100,-0.120000,-0.002000
1478543095385,1.608000,1.600000,2000,1.620000,100,-0.120000,-0.002000
1478543097888,1.608000,1.600000,2000,1.620000,100,-0.120000,-0.002000
1478543099922,1.608000,1.600000,2000,1.620000,100,-0.120000,-0.002000
1478543101408,1.608000,1.600000,2000,1.620000,100,-0.120000,-0.002000
1478543104929,1.608000,1.600000,2000,1.620000,100,-0.120000,-0.002000
1478543109396,1.608000,1.600000,2000,1.620000,100,-0.120000,-0.002000
1478543111394,1.608000,1.600000,2000,1.620000,100,-0.120000,-0.002000
1478543113921,1.608000,1.600000,2000,1.620000,100,-0.120000,-0.002000
1478543115931,1.608000,1.600000,2000,1.620000,100,-0.120000,-0.002000
1478543117920,1.608000,1.600000,2000,1.620000,100,-0.120000,-0.002000
1478543120393,1.608000,1.600000,2000,1.620000,100,-0.120000,-0.002000
1478543122899,1.608000,1.600000,2000,1.620000,100,-0.120000,-0.002000
1478543124904,1.608000,1.600000,2000,1.620000,100,-0.120000,-0.002000
1478543127901,1.608000,1.600000,2000,1.620000,100,-0.120000,-0.002000
1478543129911,1.608000,1.600000,2000,1.620000,100,-0.120000,-0.002000
1478543132495,1.608000,1.600000,100,1.620000,100,-0.120000,-0.002000
1478543134418,1.608000,1.600000,100,1.620000,100,-0.120000,-0.002000
1478543136407,1.608000,1.600000,100,1.620000,100,-0.120000,-0.002000
1478543138898,1.608000,1.600000,100,1.620000,100,-0.120000,-0.002000
1478543140909,1.608000,1.600000,100,1.620000,100,-0.120000,-0.002000
1478543143901,1.608000,1.600000,100,1.620000,100,-0.120000,-0.002000
1478543145419,1.608000,1.600000,100,1.620000,100,-0.120000,-0.002000
1478543148417,1.608000,1.600000,100,1.620000,100,-0.120000,-0.002000
1478543151416,1.608000,1.600000,100,1.620000,100,-0.120000,-0.002000
1478543153949,1.608000,1.600000,100,1.620000,100,-0.120000,-0.002000
1478543155915,1.608000,1.600000,100,1.620000,100,-0.120000,-0.002000
1478543157921,1.608000,1.600000,100,1.620000,100,-0.120000,-0.002000
1478543160422,1.608000,1.600000,100,1.620000,100,-0.120000,-0.002000
1478543162917,1.608000,1.600000,100,1.620000,100,-0.120000,-0.002000
1478543165419,1.608000,1.600000,100,1.620000,100,-0.120000,-0.002000
1478543167413,1.608000,1.600000,100,1.620000,100,-0.120000,-0.002000
1478543170412,1.608000,1.600000,100,1.620000,100,-0.120000,-0.002000
1478543172925,1.608000,1.600000,100,1.620000,100,-0.120000,-0.002000
1478543174425,1.608000,1.600000,100,1.620000,100,-0.120000,-0.002000
1478543177453,1.608000,1.600000,100,1.620000,100,-0.120000,-0.002000
1478543179420,1.608000,1.600000,100,1.620000,100,-0.120000,-0.002000
1478543181925,1.608000,1.600000,100,1.620000,100,-0.120000,-0.002000
1478543184428,1.608000,1.600000,100,1.620000,100,-0.120000,-0.002000
1478543186433,1.608000,1.600000,100,1.620000,100,-0.120000,-0.002000
1478543188960,1.608000,1.600000,100,1.620000,100,-0.120000,-0.002000
1478543190459,1.608000,1.600000,100,1.620000,100,-0.120000,-0.002000
1478543193436,1.608000,1.600000,100,1.620000,100,-0.120000,-0.002000
1478543195437,1.608000,1.600000,100,1.620000,100,-0.120000,-0.002000
1478543197966,1.608000,1.600000,100,1.620000,100,-0.120000,-0.002000
1478543199927,1.608000,1.600000,100,1.620000,100,-0.120000,-0.002000
1478543202439,1.608000,1.600000,100,1.620000,100,-0.120000,-0.002000
1478543207933,1.608000,1.600000,100,1.620000,100,-0.120000,-0.002000
1478543210436,1.608000,1.600000,100,1.620000,100,-0.120000,-0.002000
1478543212445,1.608000,1.600000,100,1.620000,100,-0.120000,-0.002000
1478543214936,1.608000,1.600000,100,1.620000,100,-0.120000,-0.002000
1478543216950,1.608000,1.600000,100,1.620000,100,-0.120000,-0.002000
1478543218955,1.608000,1.600000,100,1.620000,100,-0.120000,-0.002000
1478543221436,1.608000,1.600000,100,1.620000,100,-0.120000,-0.002000
1478543223448,1.608000,1.600000,100,1.620000,100,-0.120000,-0.002000
1478543225942,1.608000,1.600000,100,1.620000,100,-0.120000,-0.002000
1478543227938,1.608000,1.600000,100,1.620000,100,-0.120000,-0.002000
1478543230472,1.608000,1.600000,100,1.620000,100,-0.120000,-0.002000
1478543232471,1.608000,1.600000,100,1.620000,100,-0.120000,-0.002000
1478543233946,1.608000,1.600000,100,1.620000,100,-0.120000,-0.002000
1478543236943,1.608000,1.600000,100,1.620000,100,-0.120000,-0.002000
1478543238948,1.608000,1.600000,100,1.620000,100,-0.120000,-0.002000
1478543241453,1.608000,1.600000,100,1.620000,100,-0.120000,-0.002000
1478543243952,1.608000,1.600000,100,1.620000,100,-0.120000,-0.002000
1478543246443,1.608000,1.600000,100,1.620000,100,-0.120000,-0.002000
1478543247978,1.608000,1.600000,100,1.620000,100,-0.120000,-0.002000
1478543250952,1.608000,1.600000,100,1.620000,100,-0.120000,-0.002000
1478543252449,1.608000,1.600000,100,1.620000,100,-0.120000,-0.002000
1478543254958,1.608000,1.600000,100,1.620000,100,-0.120000,-0.002000
1478543257447,1.608000,1.600000,100,1.620000,100,-0.120000,-0.002000
1478543259959,1.608000,1.600000,100,1.620000,100,-0.120000,-0.002000
1478543261461,1.608000,1.600000,100,1.620000,100,-0.120000,-0.002000
1478543264956,1.608000,1.600000,100,1.620000,100,-0.120000,-0.002000
1478543266960,1.608000,1.600000,100,1.620000,100,-0.120000,-0.002000
1478543269459,1.608000,1.600000,100,1.620000,100,-0.120000,-0.002000
1478543271967,1.608000,1.600000,100,1.620000,100,-0.120000,-0.002000
1478543273962,1.608000,1.600000,100,1.620000,100,-0.120000,-0.002000
1478543276514,1.608000,1.600000,100,1.620000,100,-0.120000,-0.002000
1478543278456,1.608000,1.600000,100,1.620000,100,-0.120000,-0.002000
1478543281004,1.608000,1.600000,100,1.620000,100,-0.120000,-0.002000
1478543283459,1.608000,1.600000,100,1.620000,100,-0.120000,-0.002000
1478543285462,1.608000,1.600000,100,1.620000,100,-0.120000,-0.002000
1478543287959,1.608000,1.600000,100,1.620000,100,-0.120000,-0.002000
1478543289964,1.608000,1.600000,100,1.620000,100,-0.120000,-0.002000
1478543292461,1.608000,1.600000,100,1.620000,100,-0.120000,-0.002000
1478543294464,1.608000,1.600000,100,1.620000,100,-0.120000,-0.002000
1478543295962,1.608000,1.600000,100,1.620000,100,-0.120000,-0.002000
1478543298966,1.608000,1.600000,100,1.620000,100,-0.120000,-0.002000
1478543301467,1.608000,1.600000,100,1.620000,100,-0.120000,-0.002000
1478543303479,1.608000,1.600000,100,1.620000,100,-0.120000,-0.002000
1478543306041,1.608000,1.600000,100,1.620000,100,-0.120000,-0.002000
1478543307977,1.608000,1.600000,100,1.620000,100,-0.120000,-0.002000
1478543310468,1.608000,1.600000,100,1.620000,100,-0.120000,-0.002000
1478543312466,1.608000,1.600000,100,1.620000,100,-0.120000,-0.002000
1478543314468,1.608000,1.600000,100,1.620000,100,-0.120000,-0.002000
1478543316965,1.608000,1.600000,100,1.620000,300,-0.120000,-0.002000
1478543319011,1.608000,1.600000,100,1.620000,300,-0.120000,-0.002000
1478543321526,1.608000,1.600000,100,1.620000,300,-0.120000,-0.002000
1478543323869,1.608000,1.600000,100,1.620000,300,-0.120000,-0.002000
1478543325874,1.608000,1.600000,100,1.620000,300,-0.120000,-0.002000
1478543328405,1.608000,1.600000,100,1.620000,300,-0.120000,-0.002000
1478543330373,1.608000,1.600000,100,1.620000,300,-0.120000,-0.002000
1478543332396,1.608000,1.600000,100,1.620000,300,-0.120000,-0.002000
1478543334874,1.608000,1.600000,100,1.620000,300,-0.120000,-0.002000
1478543336875,1.608000,1.600000,100,1.620000,300,-0.120000,-0.002000
1478543339382,1.608000,1.600000,100,1.620000,300,-0.120000,-0.002000
1478543340877,1.608000,1.600000,100,1.620000,300,-0.120000,-0.002000
1478543343911,1.608000,1.600000,100,1.620000,300,-0.120000,-0.002000
1478543345892,1.608000,1.600000,100,1.620000,300,-0.120000,-0.002000
1478543348414,1.608000,1.600000,100,1.620000,300,-0.120000,-0.002000
1478543350380,1.608000,1.600000,100,1.620000,300,-0.120000,-0.002000
1478543352388,1.608000,1.600000,100,1.620000,300,-0.120000,-0.002000
1478543354882,1.608000,1.600000,100,1.620000,300,-0.120000,-0.002000
1478543357387,1.608000,1.600000,100,1.620000,300,-0.120000,-0.002000
1478543359419,1.608000,1.600000,100,1.620000,300,-0.120000,-0.002000
1478543361890,1.608000,1.600000,100,1.620000,300,-0.120000,-0.002000
1478543363889,1.608000,1.600000,100,1.620000,300,-0.120000,-0.002000
1478543366895,1.608000,1.600000,100,1.620000,300,-0.120000,-0.002000
1478543368891,1.608000,1.600000,100,1.620000,300,-0.120000,-0.002000
1478543371391,1.608000,1.600000,100,1.620000,300,-0.120000,-0.002000
1478543373428,1.608000,1.600000,100,1.620000,300,-0.120000,-0.002000
1478543375400,1.608000,1.600000,100,1.620000,300,-0.120000,-0.002000
1478543377896,1.608000,1.600000,100,1.620000,300,-0.120000,-0.002000
1478543379894,1.608000,1.600000,100,1.620000,300,-0.120000,-0.002000
1478543382393,1.608000,1.600000,100,1.620000,100,-0.120000,-0.002000
1478543384430,1.608000,1.600000,100,1.620000,100,-0.120000,-0.002000
1478543386901,1.608000,1.600000,100,1.620000,100,-0.120000,-0.002000
1478543388945,1.608000,1.600000,100,1.620000,100,-0.120000,-0.002000
1478543391399,1.608000,1.600000,100,1.620000,100,-0.120000,-0.002000
1478543393398,1.608000,1.600000,100,1.620000,300,-0.120000,-0.002000
1478543396405,1.608000,1.600000,100,1.620000,300,-0.120000,-0.002000
1478543398403,1.608000,1.600000,100,1.620000,300,-0.120000,-0.002000
1478543400900,1.608000,1.600000,100,1.620000,300,-0.120000,-0.002000
1478543403409,1.608000,1.600000,100,1.620000,300,-0.120000,-0.002000
1478543404907,1.608000,1.600000,100,1.620000,300,-0.120000,-0.002000
1478543407413,1.608000,1.600000,100,1.620000,300,-0.120000,-0.002000
1478543409907,1.608000,1.600000,100,1.620000,300,-0.120000,-0.002000
1478543411414,1.608000,1.600000,100,1.620000,300,-0.120000,-0.002000
1478543414419,1.608000,1.600000,100,1.620000,300,-0.120000,-0.002000
1478543416908,1.608000,1.600000,100,1.620000,300,-0.120000,-0.002000
1478543418514,1.608000,1.600000,100,1.620000,300,-0.120000,-0.002000
1478543421449,1.608000,1.600000,100,1.620000,100,-0.120000,-0.002000
1478543422909,1.608000,1.600000,100,1.620000,100,-0.120000,-0.002000
1478543424925,1.608000,1.600000,100,1.620000,100,-0.120000,-0.002000
1478543428416,1.608000,1.600000,100,1.620000,100,-0.120000,-0.002000
1478543429914,1.608000,1.600000,100,1.620000,100,-0.120000,-0.002000
1478543432900,1.608000,1.600000,100,1.620000,100,-0.120000,-0.002000
1478543435415,1.608000,1.600000,100,1.620000,100,-0.120000,-0.002000
1478543437417,1.608000,1.600000,100,1.620000,100,-0.120000,-0.002000
1478543439946,1.608000,1.600000,100,1.620000,100,-0.120000,-0.002000
1478543441923,1.608000,1.600000,100,1.620000,100,-0.120000,-0.002000
1478543444424,1.608000,1.600000,100,1.620000,100,-0.120000,-0.002000
1478543446413,1.608000,1.600000,100,1.620000,100,-0.120000,-0.002000
1478543448417,1.608000,1.600000,100,1.620000,100,-0.120000,-0.002000
1478543450935,1.608000,1.600000,100,1.620000,100,-0.120000,-0.002000
1478543453431,1.608000,1.600000,100,1.620000,100,-0.120000,-0.002000
1478543455434,1.608000,1.600000,100,1.620000,100,-0.120000,-0.002000
1478543457436,1.608000,1.600000,100,1.620000,100,-0.120000,-0.002000
1478543459969,1.608000,1.600000,100,1.620000,100,-0.120000,-0.002000
1478543462926,1.608000,1.600000,100,1.620000,100,-0.120000,-0.002000
1478543464949,1.608000,1.600000,100,1.620000,100,-0.120000,-0.002000
1478543466934,1.608000,1.600000,100,1.620000,100,-0.120000,-0.002000
1478543469434,1.608000,1.600000,100,1.620000,100,-0.120000,-0.002000
1478543471436,1.608000,1.600000,100,1.620000,100,-0.120000,-0.002000
1478543474450,1.608000,1.600000,100,1.620000,100,-0.120000,-0.002000
1478543476431,1.608000,1.600000,100,1.620000,100,-0.120000,-0.002000
1478543478479,1.608000,1.600000,100,1.620000,100,-0.120000,-0.002000
1478543480490,1.608000,1.600000,100,1.620000,100,-0.120000,-0.002000
1478543483441,1.608000,1.600000,100,1.620000,100,-0.120000,-0.002000
1478543485439,1.608000,1.600000,100,1.620000,100,-0.120000,-0.002000
1478543487946,1.608000,1.600000,100,1.620000,100,-0.120000,-0.002000
1478543489449,1.608000,1.600000,100,1.620000,100,-0.120000,-0.002000
1478543492991,1.608000,1.600000,100,1.620000,100,-0.120000,-0.002000
1478543494953,1.608000,1.600000,100,1.620000,100,-0.120000,-0.002000
1478543497454,1.608000,1.600000,100,1.620000,100,-0.120000,-0.002000
1478543499440,1.608000,1.600000,100,1.620000,100,-0.120000,-0.002000
1478543501949,1.608000,1.600000,100,1.620000,100,-0.120000,-0.002000
1478543503949,1.608000,1.600000,100,1.620000,100,-0.120000,-0.002000
1478543506446,1.608000,1.600000,100,1.620000,100,-0.120000,-0.002000
1478543508961,1.608000,1.600000,100,1.620000,300,-0.120000,-0.002000
1478543510936,1.608000,1.600000,100,1.620000,300,-0.120000,-0.002000
1478543513454,1.608000,1.600000,100,1.620000,300,-0.120000,-0.002000
1478543515953,1.608000,1.600000,100,1.620000,300,-0.120000,-0.002000
1478543518475,1.608000,1.600000,100,1.620000,300,-0.120000,-0.002000
1478543520497,1.608000,1.600000,100,1.620000,300,-0.120000,-0.002000
1478543522461,1.608000,1.600000,100,1.620000,300,-0.120000,-0.002000
1478543527460,1.608000,1.600000,100,1.620000,300,-0.120000,-0.002000
1478543529946,1.608000,1.600000,100,1.620000,300,-0.120000,-0.002000
1478543531978,1.608000,1.600000,100,1.620000,300,-0.120000,-0.002000
1478543534458,1.608000,1.600000,100,1.620000,300,-0.120000,-0.002000
1478543536950,1.608000,1.600000,100,1.620000,300,-0.120000,-0.002000
1478543539013,1.608000,1.600000,100,1.620000,300,-0.120000,-0.002000
1478543541467,1.608000,1.600000,100,1.620000,300,-0.120000,-0.002000
1478543543956,1.608000,1.600000,100,1.620000,300,-0.120000,-0.002000
1478543546487,1.608000,1.600000,100,1.620000,300,-0.120000,-0.002000
1478543548464,1.608000,1.600000,100,1.620000,300,-0.120000,-0.002000
1478543550958,1.608000,1.600000,100,1.620000,300,-0.120000,-0.002000
1478543552974,1.608000,1.600000,100,1.620000,300,-0.120000,-0.002000
1478543554960,1.608000,1.600000,100,1.620000,300,-0.120000,-0.002000
1478543558972,1.608000,1.600000,100,1.620000,300,-0.120000,-0.002000
1478543562015,1.608000,1.600000,100,1.620000,300,-0.120000,-0.002000
1478543563999,1.608000,1.600000,100,1.620000,300,-0.120000,-0.002000
1478543566485,1.608000,1.600000,100,1.620000,300,-0.120000,-0.002000
1478543568977,1.608000,1.600000,100,1.620000,300,-0.120000,-0.002000
1478543570971,1.608000,1.600000,100,1.620000,300,-0.120000,-0.002000
1478543573472,1.608000,1.600000,100,1.620000,300,-0.120000,-0.002000
1478543575524,1.608000,1.600000,100,1.620000,300,-0.120000,-0.002000
1478543578003,1.608000,1.600000,100,1.620000,300,-0.120000,-0.002000
1478543579486,1.608000,1.600000,100,1.620000,300,-0.120000,-0.002000
1478543582495,1.608000,1.600000,100,1.620000,100,-0.120000,-0.002000
1478543584481,1.608000,1.600000,100,1.620000,100,-0.120000,-0.002000
1478543587368,1.608000,1.600000,100,1.620000,100,-0.120000,-0.002000
1478543589404,1.608000,1.600000,100,1.620000,100,-0.120000,-0.002000
1478543591376,1.608000,1.600000,100,1.620000,100,-0.120000,-0.002000
1478543593871,1.608000,1.600000,100,1.620000,300,-0.120000,-0.002000
1478543595883,1.608000,1.600000,100,1.620000,300,-0.120000,-0.002000
1478543598373,1.608000,1.600000,100,1.620000,100,-0.120000,-0.002000
1478543600378,1.608000,1.600000,100,1.620000,100,-0.120000,-0.002000
1478543602376,1.608000,1.600000,100,1.620000,100,-0.120000,-0.002000
1478543604907,1.608000,1.600000,100,1.620000,100,-0.120000,-0.002000
1478543606892,1.608000,1.600000,100,1.620000,100,-0.120000,-0.002000
1478543609390,1.608000,1.600000,100,1.620000,100,-0.120000,-0.002000
1478543611379,1.608000,1.600000,100,1.620000,100,-0.120000,-0.002000
1478543613879,1.608000,1.600000,100,1.620000,100,-0.120000,-0.002000
1478543615882,1.608000,1.600000,100,1.620000,100,-0.120000,-0.002000
1478543618381,1.608000,1.600000,100,1.620000,100,-0.120000,-0.002000
1478543620413,1.608000,1.600000,100,1.620000,100,-0.120000,-0.002000
1478543624390,1.608000,1.600000,100,1.620000,100,-0.120000,-0.002000
1478543626885,1.608000,1.600000,100,1.620000,100,-0.120000,-0.002000
1478543629389,1.608000,1.600000,100,1.620000,100,-0.120000,-0.002000
1478543631379,1.608000,1.600000,100,1.620000,100,-0.120000,-0.002000
1478543632396,1.608000,1.600000,100,1.620000,100,-0.120000,-0.002000
1478543635913,1.608000,1.600000,100,1.620000,100,-0.120000,-0.002000
1478543637888,1.608000,1.600000,100,1.620000,100,-0.120000,-0.002000
1478543639888,1.608000,1.600000,100,1.620000,100,-0.120000,-0.002000
1478543641887,1.608000,1.600000,100,1.620000,100,-0.120000,-0.002000
1478543644396,1.608000,1.600000,100,1.620000,100,-0.120000,-0.002000
1478543646398,1.608000,1.600000,100,1.620000,100,-0.120000,-0.002000
1478543649935,1.608000,1.600000,100,1.620000,100,-0.120000,-0.002000
1478543652410,1.608000,1.600000,100,1.620000,100,-0.120000,-0.002000
1478543653896,1.608000,1.600000,100,1.620000,100,-0.120000,-0.002000
1478543656907,1.608000,1.600000,100,1.620000,100,-0.120000,-0.002000
1478543658895,1.608000,1.600000,100,1.620000,100,-0.120000,-0.002000
1478543660896,1.608000,1.600000,100,1.620000,100,-0.120000,-0.002000
1478543663408,1.608000,1.600000,100,1.620000,100,-0.120000,-0.002000
1478543665905,1.608000,1.600000,100,1.620000,100,-0.120000,-0.002000
1478543668411,1.608000,1.600000,100,1.620000,100,-0.120000,-0.002000
1478543670451,1.608000,1.600000,100,1.620000,100,-0.120000,-0.002000
1478543672899,1.608000,1.600000,100,1.620000,100,-0.120000,-0.002000
1478543674904,1.608000,1.600000,100,1.620000,100,-0.120000,-0.002000
1478543677397,1.608000,1.600000,100,1.620000,300,-0.120000,-0.002000
1478543679434,1.608000,1.600000,100,1.620000,300,-0.120000,-0.002000
1478543681913,1.608000,1.600000,100,1.620000,300,-0.120000,-0.002000
1478543683917,1.608000,1.600000,100,1.620000,300,-0.120000,-0.002000
1478543686409,1.608000,1.600000,100,1.620000,300,-0.120000,-0.002000
1478543689411,1.608000,1.600000,100,1.620000,300,-0.120000,-0.002000
1478543691447,1.608000,1.600000,100,1.620000,300,-0.120000,-0.002000
1478543693941,1.608000,1.600000,100,1.620000,300,-0.120000,-0.002000
1478543695901,1.608000,1.600000,100,1.620000,300,-0.120000,-0.002000
1478543698444,1.600000,1.600000,100,1.620000,300,-0.620000,-0.010000
1478543700412,1.600000,1.600000,100,1.620000,300,-0.620000,-0.010000
1478543702422,1.600000,1.600000,100,1.620000,300,-0.620000,-0.010000
1478543704918,1.600000,1.600000,100,1.620000,300,-0.620000,-0.010000
1478543706925,1.600000,1.600000,100,1.620000,300,-0.620000,-0.010000
1478543709417,1.600000,1.600000,100,1.620000,300,-0.620000,-0.010000
1478543711434,1.600000,1.600000,100,1.620000,300,-0.620000,-0.010000
1478543713925,1.600000,1.600000,100,1.620000,300,-0.620000,-0.010000
1478543715918,1.600000,1.600000,100,1.620000,300,-0.620000,-0.010000
1478543718422,1.600000,1.600000,100,1.620000,300,-0.620000,-0.010000
1478543720921,1.600000,1.600000,100,1.620000,300,-0.620000,-0.010000
1478543722928,1.600000,1.600000,100,1.620000,300,-0.620000,-0.010000
1478543725421,1.600000,1.600000,100,1.620000,300,-0.620000,-0.010000
1478543727936,1.600000,1.600000,100,1.620000,300,-0.620000,-0.010000
1478543729965,1.600000,1.600000,100,1.620000,300,-0.620000,-0.010000
1478543731922,1.600000,1.600000,100,1.620000,300,-0.620000,-0.010000
1478543733421,1.600000,1.600000,100,1.620000,300,-0.620000,-0.010000
1478543736468,1.600000,1.600000,100,1.620000,300,-0.620000,-0.010000
1478543738935,1.600000,1.600000,100,1.620000,300,-0.620000,-0.010000
1478543741475,1.600000,1.600000,100,1.620000,300,-0.620000,-0.010000
1478543743429,1.600000,1.600000,100,1.620000,300,-0.620000,-0.010000
1478543745438,1.600000,1.600000,100,1.620000,300,-0.620000,-0.010000
1478543748425,1.600000,1.600000,100,1.620000,100,-0.620000,-0.010000
1478543751949,1.600000,1.600000,100,1.620000,100,-0.620000,-0.010000
1478543753948,1.600000,1.600000,100,1.620000,100,-0.620000,-0.010000
1478543756432,1.600000,1.600000,100,1.620000,100,-0.620000,-0.010000
1478543758435,1.600000,1.600000,100,1.620000,100,-0.620000,-0.010000
1478543760432,1.600000,1.600000,100,1.620000,300,-0.620000,-0.010000
1478543762939,1.600000,1.600000,100,1.620000,300,-0.620000,-0.010000
1478543764934,1.600000,1.600000,100,1.620000,300,-0.620000,-0.010000
1478543766430,1.600000,1.600000,100,1.620000,300,-0.620000,-0.010000
1478543769458,1.600000,1.580000,700,1.610000,100,-0.620000,-0.010000
1478543771432,1.600000,1.580000,700,1.600000,100,-0.620000,-0.010000
1478543772934,1.600000,1.580000,700,1.600000,100,-0.620000,-0.010000
1478543775946,1.600000,1.580000,700,1.610000,100,-0.620000,-0.010000
1478543777943,1.600000,1.580000,700,1.610000,100,-0.620000,-0.010000
1478543779437,1.600000,1.580000,700,1.610000,100,-0.620000,-0.010000
1478543782456,1.600000,1.580000,700,1.610000,100,-0.620000,-0.010000
1478543784448,1.600000,1.580000,700,1.610000,100,-0.620000,-0.010000
1478543786959,1.600000,1.580000,700,1.610000,100,-0.620000,-0.010000
1478543788942,1.600000,1.580000,700,1.610000,100,-0.620000,-0.010000
1478543791440,1.600000,1.580000,700,1.610000,100,-0.620000,-0.010000
1478543793449,1.600000,1.580000,700,1.610000,100,-0.620000,-0.010000
1478543795442,1.600000,1.580000,700,1.610000,100,-0.620000,-0.010000
1478543797942,1.600000,1.580000,700,1.610000,100,-0.620000,-0.010000
1478543799977,1.600000,1.580000,700,1.610000,100,-0.620000,-0.010000
1478543801950,1.600000,1.580000,700,1.610000,100,-0.620000,-0.010000
1478543804450,1.600000,1.580000,700,1.610000,100,-0.620000,-0.010000
1478543806444,1.600000,1.580000,700,1.610000,100,-0.620000,-0.010000
1478543808447,1.600000,1.580000,700,1.610000,100,-0.620000,-0.010000
1478543811452,1.600000,1.580000,700,1.610000,100,-0.620000,-0.010000
1478543813474,1.600000,1.580000,700,1.610000,100,-0.620000,-0.010000
1478543815948,1.600000,1.580000,700,1.610000,100,-0.620000,-0.010000
1478543818460,1.600000,1.580000,700,1.610000,100,-0.620000,-0.010000
1478543820448,1.600000,1.580000,700,1.610000,100,-0.620000,-0.010000
1478543822954,1.600000,1.580000,700,1.610000,100,-0.620000,-0.010000
1478543824452,1.600000,1.580000,700,1.610000,100,-0.620000,-0.010000
1478543826981,1.600000,1.580000,700,1.610000,100,-0.620000,-0.010000
1478543828958,1.600000,1.580000,700,1.610000,100,-0.620000,-0.010000
1478543830966,1.600000,1.580000,700,1.610000,100,-0.620000,-0.010000
1478543833468,1.600000,1.580000,700,1.610000,100,-0.620000,-0.010000
1478543835963,1.600000,1.580000,700,1.610000,100,-0.620000,-0.010000
1478543838000,1.600000,1.580000,700,1.610000,100,-0.620000,-0.010000
1478543840462,1.600000,1.580000,700,1.610000,100,-0.620000,-0.010000
1478543841450,1.600000,1.580000,700,1.610000,100,-0.620000,-0.010000
1478543844976,1.600000,1.580000,700,1.610000,100,-0.620000,-0.010000
1478543846960,1.600000,1.580000,700,1.610000,100,-0.620000,-0.010000
1478543849469,1.600000,1.580000,700,1.610000,100,-0.620000,-0.010000
1478543851460,1.600000,1.580000,700,1.610000,100,-0.620000,-0.010000
1478543854033,1.600000,1.580000,700,1.610000,100,-0.620000,-0.010000
1478543855969,1.600000,1.580000,700,1.610000,100,-0.620000,-0.010000
1478543857964,1.600000,1.580000,700,1.610000,100,-0.620000,-0.010000
1478543860514,1.600000,1.580000,700,1.610000,100,-0.620000,-0.010000
1478543863369,1.600000,1.580000,700,1.610000,100,-0.620000,-0.010000
1478543865866,1.600000,1.580000,700,1.610000,100,-0.620000,-0.010000
1478543868369,1.600000,1.580000,700,1.610000,100,-0.620000,-0.010000
1478543870388,1.600000,1.580000,700,1.610000,100,-0.620000,-0.010000
1478543871867,1.600000,1.580000,700,1.610000,100,-0.620000,-0.010000
1478543875372,1.600000,1.580000,700,1.610000,100,-0.620000,-0.010000
1478543877371,1.600000,1.580000,700,1.610000,100,-0.620000,-0.010000
1478543879872,1.600000,1.580000,700,1.610000,100,-0.620000,-0.010000
1478543881876,1.600000,1.580000,700,1.610000,100,-0.620000,-0.010000
1478543884395,1.600000,1.580000,700,1.610000,100,-0.620000,-0.010000
1478543885877,1.600000,1.580000,700,1.610000,100,-0.620000,-0.010000
1478543888876,1.600000,1.580000,700,1.610000,100,-0.620000,-0.010000
1478543890875,1.600000,1.580000,700,1.610000,100,-0.620000,-0.010000
1478543892878,1.600000,1.580000,700,1.610000,100,-0.620000,-0.010000
1478543895380,1.600000,1.580000,700,1.610000,100,-0.620000,-0.010000
1478543897381,1.600000,1.580000,700,1.610000,100,-0.620000,-0.010000
1478543899891,1.600000,1.580000,700,1.610000,100,-0.620000,-0.010000
1478543902392,1.600000,1.580000,700,1.610000,100,-0.620000,-0.010000
1478543904384,1.600000,1.580000,700,1.610000,100,-0.620000,-0.010000
1478543906392,1.600000,1.580000,700,1.610000,100,-0.620000,-0.010000
1478543908385,1.600000,1.580000,700,1.610000,100,-0.620000,-0.010000
1478543911903,1.600000,1.580000,700,1.610000,100,-0.620000,-0.010000
1478543913882,1.600000,1.580000,700,1.610000,100,-0.620000,-0.010000
1478543916382,1.600000,1.580000,700,1.610000,100,-0.620000,-0.010000
1478543918385,1.600000,1.580000,700,1.610000,100,-0.620000,-0.010000
1478543920384,1.600000,1.580000,700,1.610000,100,-0.620000,-0.010000
1478543922888,1.600000,1.580000,700,1.610000,100,-0.620000,-0.010000
1478543924894,1.600000,1.580000,700,1.610000,100,-0.620000,-0.010000
1478543927427,1.600000,1.580000,700,1.610000,100,-0.620000,-0.010000
1478543929390,1.600000,1.580000,700,1.610000,100,-0.620000,-0.010000
1478543931891,1.600000,1.580000,700,1.610000,100,-0.620000,-0.010000
1478543934391,1.600000,1.580000,700,1.610000,100,-0.620000,-0.010000
1478543936390,1.600000,1.580000,700,1.610000,100,-0.620000,-0.010000
1478543938384,1.600000,1.580000,700,1.610000,100,-0.620000,-0.010000
1478543941907,1.600000,1.580000,700,1.610000,100,-0.620000,-0.010000
1478543943897,1.600000,1.580000,700,1.610000,100,-0.620000,-0.010000
1478543945896,1.600000,1.580000,700,1.610000,100,-0.620000,-0.010000
1478543948406,1.600000,1.580000,700,1.610000,100,-0.620000,-0.010000
1478543950892,1.600000,1.580000,700,1.610000,100,-0.620000,-0.010000
1478543952919,1.600000,1.580000,700,1.610000,100,-0.620000,-0.010000
1478543955429,1.600000,1.580000,700,1.610000,100,-0.620000,-0.010000
1478543956902,1.600000,1.580000,700,1.610000,100,-0.620000,-0.010000
1478543959907,1.600000,1.580000,700,1.610000,100,-0.620000,-0.010000
1478543961897,1.600000,1.580000,700,1.610000,100,-0.620000,-0.010000
1478543964407,1.600000,1.580000,700,1.610000,100,-0.620000,-0.010000
1478543966410,1.600000,1.580000,700,1.610000,100,-0.620000,-0.010000
1478543968936,1.600000,1.580000,700,1.610000,100,-0.620000,-0.010000
1478543971434,1.600000,1.580000,700,1.610000,100,-0.620000,-0.010000
1478543973443,1.600000,1.580000,700,1.610000,100,-0.620000,-0.010000
1478543975908,1.600000,1.580000,700,1.610000,100,-0.620000,-0.010000
1478543977908,1.600000,1.580000,700,1.610000,100,-0.620000,-0.010000
1478543980412,1.600000,1.580000,700,1.610000,100,-0.620000,-0.010000
1478543982414,1.600000,1.580000,700,1.610000,100,-0.620000,-0.010000
1478543984431,1.600000,1.580000,700,1.610000,100,-0.620000,-0.010000
1478543986899,1.600000,1.580000,700,1.610000,100,-0.620000,-0.010000
1478543989466,1.600000,1.580000,700,1.610000,100,-0.620000,-0.010000
1478543991916,1.600000,1.580000,700,1.610000,100,-0.620000,-0.010000
1478543993928,1.600000,1.580000,700,1.610000,100,-0.620000,-0.010000
1478543995950,1.600000,1.580000,700,1.610000,100,-0.620000,-0.010000
1478543998457,1.600000,1.580000,700,1.610000,100,-0.620000,-0.010000
1478544000434,1.600000,1.580000,700,1.610000,100,-0.620000,-0.010000
1478544003420,1.600000,1.580000,700,1.610000,100,-0.620000,-0.010000
1478544005409,1.600000,1.580000,700,1.610000,100,-0.620000,-0.010000
1478544007926,1.600000,1.580000,700,1.610000,100,-0.620000,-0.010000
1478544009926,1.600000,1.580000,700,1.610000,100,-0.620000,-0.010000
1478544012453,1.600000,1.580000,700,1.610000,100,-0.620000,-0.010000
1478544014416,1.600000,1.580000,700,1.610000,100,-0.620000,-0.010000
1478544016919,1.600000,1.580000,700,1.610000,100,-0.620000,-0.010000
1478544018921,1.600000,1.580000,700,1.610000,100,-0.620000,-0.010000
1478544020928,1.600000,1.580000,700,1.610000,100,-0.620000,-0.010000
1478544023421,1.600000,1.580000,700,1.610000,100,-0.620000,-0.010000
1478544025433,1.600000,1.580000,700,1.610000,100,-0.620000,-0.010000
1478544027452,1.600000,1.580000,700,1.610000,100,-0.620000,-0.010000
1478544029925,1.600000,1.580000,700,1.610000,100,-0.620000,-0.010000
1478544031932,1.600000,1.580000,700,1.610000,100,-0.620000,-0.010000
1478544034432,1.600000,1.580000,700,1.610000,100,-0.620000,-0.010000
1478544036429,1.600000,1.580000,700,1.610000,100,-0.620000,-0.010000
1478544038923,1.600000,1.580000,700,1.610000,100,-0.620000,-0.010000
1478544040931,1.600000,1.580000,700,1.610000,100,-0.620000,-0.010000
1478544043478,1.600000,1.580000,700,1.610000,100,-0.620000,-0.010000
1478544045931,1.600000,1.580000,700,1.610000,100,-0.620000,-0.010000
1478544047949,1.600000,1.580000,700,1.610000,100,-0.620000,-0.010000
1478544050441,1.600000,1.580000,700,1.610000,100,-0.620000,-0.010000
1478544053437,1.600000,1.580000,700,1.610000,100,-0.620000,-0.010000
1478544055419,1.600000,1.580000,700,1.610000,100,-0.620000,-0.010000
1478544057939,1.600000,1.580000,700,1.610000,100,-0.620000,-0.010000
1478544059944,1.600000,1.580000,700,1.610000,100,-0.620000,-0.010000
1478544062444,1.600000,1.580000,700,1.610000,100,-0.620000,-0.010000
1478544064930,1.600000,1.580000,700,1.610000,100,-0.620000,-0.010000
1478544066947,1.600000,1.580000,700,1.610000,100,-0.620000,-0.010000
1478544068451,1.600000,1.580000,700,1.610000,100,-0.620000,-0.010000
1478544070974,1.600000,1.580000,700,1.610000,100,-0.620000,-0.010000
1478544072973,1.600000,1.580000,700,1.610000,100,-0.620000,-0.010000
1478544075945,1.600000,1.580000,700,1.610000,100,-0.620000,-0.010000
1478544078443,1.600000,1.580000,700,1.610000,100,-0.620000,-0.010000
1478544080446,1.600000,1.580000,700,1.610000,100,-0.620000,-0.010000
1478544082949,1.600000,1.580000,700,1.610000,100,-0.620000,-0.010000
1478544083947,1.600000,1.580000,700,1.610000,100,-0.620000,-0.010000
1478544086955,1.600000,1.580000,700,1.610000,100,-0.620000,-0.010000
1478544089449,1.600000,1.580000,700,1.610000,100,-0.620000,-0.010000
1478544091458,1.600000,1.580000,700,1.610000,100,-0.620000,-0.010000
1478544093950,1.600000,1.580000,700,1.610000,100,-0.620000,-0.010000
1478544095463,1.600000,1.580000,700,1.610000,100,-0.620000,-0.010000
1478544098449,1.600000,1.580000,700,1.610000,100,-0.620000,-0.010000
1478544099964,1.600000,1.580000,700,1.610000,100,-0.620000,-0.010000
1478544102944,1.600000,1.580000,700,1.610000,100,-0.620000,-0.010000
1478544104947,1.600000,1.580000,700,1.610000,100,-0.620000,-0.010000
1478544107455,1.600000,1.580000,700,1.610000,100,-0.620000,-0.010000
1478544109505,1.600000,1.580000,700,1.610000,100,-0.620000,-0.010000
1478544111954,1.600000,1.580000,700,1.610000,100,-0.620000,-0.010000
1478544113443,1.600000,1.580000,700,1.610000,100,-0.620000,-0.010000
1478544116461,1.600000,1.580000,700,1.610000,100,-0.620000,-0.010000
1478544118452,1.600000,1.580000,700,1.610000,100,-0.620000,-0.010000
1478544120463,1.600000,1.580000,700,1.610000,100,-0.620000,-0.010000
1478544123459,1.600000,1.580000,700,1.610000,100,-0.620000,-0.010000
1478544125468,1.600000,1.580000,700,1.610000,100,-0.620000,-0.010000
1478544127974,1.600000,1.580000,700,1.610000,100,-0.620000,-0.010000
1478544130475,1.600000,1.580000,700,1.610000,100,-0.620000,-0.010000
1478544132462,1.600000,1.580000,700,1.610000,100,-0.620000,-0.010000
1478544134973,1.600000,1.580000,700,1.610000,100,-0.620000,-0.010000
1478544137460,1.600000,1.580000,700,1.610000,100,-0.620000,-0.010000
1478544139963,1.600000,1.580000,700,1.610000,100,-0.620000,-0.010000
1478544142372,1.600000,1.580000,700,1.610000,100,-0.620000,-0.010000
1478544143881,1.600000,1.580000,700,1.610000,100,-0.620000,-0.010000
1478544146370,1.600000,1.580000,700,1.610000,100,-0.620000,-0.010000
1478544148870,1.600000,1.580000,700,1.610000,100,-0.620000,-0.010000
1478544150872,1.600000,1.580000,700,1.610000,100,-0.620000,-0.010000
1478544152871,1.600000,1.580000,700,1.610000,100,-0.620000,-0.010000
1478544154876,1.600000,1.580000,700,1.610000,100,-0.620000,-0.010000
1478544157375,1.600000,1.580000,700,1.610000,100,-0.620000,-0.010000
1478544159879,1.600000,1.580000,700,1.610000,100,-0.620000,-0.010000
1478544161876,1.600000,1.580000,700,1.610000,100,-0.620000,-0.010000
1478544163877,1.600000,1.580000,700,1.610000,100,-0.620000,-0.010000
1478544165876,1.600000,1.580000,700,1.610000,100,-0.620000,-0.010000
1478544168378,1.600000,1.580000,700,1.610000,100,-0.620000,-0.010000
1478544170894,1.600000,1.580000,700,1.610000,100,-0.620000,-0.010000
1478544173385,1.600000,1.580000,700,1.610000,100,-0.620000,-0.010000
1478544175380,1.600000,1.580000,700,1.610000,100,-0.620000,-0.010000
1478544177889,1.600000,1.580000,700,1.610000,100,-0.620000,-0.010000
1478544179881,1.600000,1.580000,700,1.610000,100,-0.620000,-0.010000
1478544181886,1.600000,1.580000,700,1.610000,100,-0.620000,-0.010000
1478544183896,1.600000,1.580000,700,1.610000,100,-0.620000,-0.010000
1478544186397,1.600000,1.580000,700,1.610000,100,-0.620000,-0.010000
1478544188389,1.600000,1.580000,700,1.610000,100,-0.620000,-0.010000
1478544190888,1.600000,1.580000,700,1.610000,100,-0.620000,-0.010000
1478544193932,1.600000,1.580000,700,1.610000,100,-0.620000,-0.010000
1478544196393,1.600000,1.580000,700,1.610000,100,-0.620000,-0.010000
1478544198908,1.600000,1.580000,700,1.610000,100,-0.620000,-0.010000
1478544200910,1.600000,1.580000,700,1.610000,100,-0.620000,-0.010000
1478544203897,1.600000,1.580000,700,1.610000,100,-0.620000,-0.010000
1478544204891,1.600000,1.580000,700,1.610000,100,-0.620000,-0.010000
1478544208411,1.600000,1.580000,700,1.610000,100,-0.620000,-0.010000
1478544210391,1.600000,1.580000,700,1.610000,100,-0.620000,-0.010000
1478544212399,1.600000,1.580000,700,1.610000,100,-0.620000,-0.010000
1478544214917,1.600000,1.580000,700,1.610000,100,-0.620000,-0.010000
1478544216903,1.600000,1.580000,700,1.610000,100,-0.620000,-0.010000
1478544218395,1.600000,1.580000,700,1.610000,100,-0.620000,-0.010000
1478544220904,1.600000,1.580000,700,1.610000,100,-0.620000,-0.010000
1478544223399,1.600000,1.580000,700,1.610000,100,-0.620000,-0.010000
1478544225400,1.600000,1.580000,700,1.610000,100,-0.620000,-0.010000
1478544227419,1.600000,1.580000,700,1.610000,100,-0.620000,-0.010000
1478544230407,1.600000,1.580000,700,1.610000,100,-0.620000,-0.010000
1478544232905,1.600000,1.580000,700,1.610000,100,-0.620000,-0.010000
1478544235392,1.600000,1.580000,700,1.610000,100,-0.620000,-0.010000
1478544237904,1.600000,1.580000,700,1.610000,100,-0.620000,-0.010000
1478544239906,1.600000,1.580000,700,1.610000,100,-0.620000,-0.010000
1478544241908,1.600000,1.580000,700,1.610000,100,-0.620000,-0.010000
1478544244415,1.600000,1.580000,700,1.610000,100,-0.620000,-0.010000
1478544246404,1.600000,1.580000,700,1.610000,100,-0.620000,-0.010000
1478544248902,1.600000,1.580000,700,1.610000,100,-0.620000,-0.010000
1478544250909,1.600000,1.580000,700,1.610000,100,-0.620000,-0.010000
1478544252904,1.600000,1.580000,700,1.610000,100,-0.620000,-0.010000
1478544255409,1.600000,1.580000,700,1.610000,100,-0.620000,-0.010000
1478544258414,1.600000,1.580000,700,1.610000,100,-0.620000,-0.010000
1478544260408,1.600000,1.580000,700,1.610000,100,-0.620000,-0.010000
1478544262923,1.600000,1.580000,700,1.610000,100,-0.620000,-0.010000
1478544264919,1.600000,1.580000,700,1.610000,100,-0.620000,-0.010000
1478544267417,1.600000,1.580000,700,1.610000,100,-0.620000,-0.010000
1478544269457,1.600000,1.580000,700,1.610000,100,-0.620000,-0.010000
1478544270937,1.600000,1.580000,700,1.610000,100,-0.620000,-0.010000
1478544273925,1.600000,1.580000,700,1.610000,100,-0.620000,-0.010000
1478544275916,1.600000,1.580000,700,1.610000,100,-0.620000,-0.010000
1478544278972,1.600000,1.580000,700,1.610000,100,-0.620000,-0.010000
1478544280426,1.600000,1.580000,700,1.610000,100,-0.620000,-0.010000
1478544283452,1.600000,1.580000,700,1.610000,100,-0.620000,-0.010000
1478544285916,1.600000,1.580000,700,1.610000,100,-0.620000,-0.010000
1478544287466,1.600000,1.580000,700,1.610000,100,-0.620000,-0.010000
1478544289937,1.600000,1.580000,700,1.610000,100,-0.620000,-0.010000
1478544292928,1.600000,1.580000,700,1.610000,100,-0.620000,-0.010000
1478544295425,1.600000,1.580000,700,1.610000,100,-0.620000,-0.010000
1478544297427,1.600000,1.580000,700,1.610000,100,-0.620000,-0.010000
1478544299427,1.600000,1.580000,700,1.610000,100,-0.620000,-0.010000
1478544301438,1.600000,1.580000,700,1.610000,100,-0.620000,-0.010000
1478544303970,1.600000,1.580000,700,1.610000,100,-0.620000,-0.010000
1478544306434,1.600000,1.580000,700,1.610000,100,-0.620000,-0.010000
1478544308433,1.600000,1.580000,700,1.610000,100,-0.620000,-0.010000
1478544310928,1.600000,1.580000,700,1.610000,100,-0.620000,-0.010000
1478544312934,1.600000,1.580000,700,1.610000,100,-0.620000,-0.010000
1478544315431,1.600000,1.580000,700,1.610000,100,-0.620000,-0.010000
1478544318436,1.600000,1.580000,700,1.610000,100,-0.620000,-0.010000
1478544321436,1.600000,1.580000,700,1.610000,100,-0.620000,-0.010000
1478544324437,1.600000,1.580000,700,1.610000,100,-0.620000,-0.010000
1478544326444,1.600000,1.580000,700,1.610000,100,-0.620000,-0.010000
1478544328441,1.600000,1.580000,700,1.610000,100,-0.620000,-0.010000
1478544330482,1.600000,1.580000,700,1.610000,100,-0.620000,-0.010000
1478544333435,1.600000,1.580000,700,1.610000,100,-0.620000,-0.010000
1478544335490,1.600000,1.580000,700,1.610000,100,-0.620000,-0.010000
1478544337442,1.600000,1.580000,700,1.610000,100,-0.620000,-0.010000
1478544340449,1.600000,1.580000,700,1.610000,100,-0.620000,-0.010000
1478544342450,1.600000,1.580000,700,1.610000,100,-0.620000,-0.010000
1478544344461,1.600000,1.580000,700,1.610000,100,-0.620000,-0.010000
1478544346962,1.600000,1.580000,700,1.610000,100,-0.620000,-0.010000
1478544348955,1.600000,1.580000,700,1.610000,100,-0.620000,-0.010000
1478544350943,1.600000,1.580000,700,1.610000,100,-0.620000,-0.010000
1478544353941,1.600000,1.580000,700,1.610000,100,-0.620000,-0.010000
1478544355936,1.600000,1.580000,700,1.610000,100,-0.620000,-0.010000
1478544358508,1.600000,1.580000,700,1.610000,100,-0.620000,-0.010000
1478544359468,1.600000,1.580000,700,1.610000,100,-0.620000,-0.010000
1478544362459,1.600000,1.580000,700,1.610000,100,-0.620000,-0.010000
1478544365453,1.600000,1.580000,700,1.610000,100,-0.620000,-0.010000
1478544367951,1.600000,1.580000,700,1.610000,100,-0.620000,-0.010000
1478544369952,1.600000,1.580000,700,1.610000,100,-0.620000,-0.010000
1478544372458,1.600000,1.580000,700,1.610000,100,-0.620000,-0.010000
1478544373489,1.600000,1.580000,700,1.610000,100,-0.620000,-0.010000
1478544377010,1.600000,1.580000,700,1.610000,100,-0.620000,-0.010000
1478544379460,1.600000,1.580000,700,1.610000,100,-0.620000,-0.010000
1478544380970,1.600000,1.580000,700,1.610000,100,-0.620000,-0.010000
1478544383963,1.600000,1.580000,700,1.610000,100,-0.620000,-0.010000
1478544385458,1.600000,1.580000,700,1.610000,100,-0.620000,-0.010000
1478544387972,1.600000,1.580000,700,1.610000,100,-0.620000,-0.010000
1478544390456,1.600000,1.580000,700,1.610000,100,-0.620000,-0.010000
1478544392972,1.600000,1.580000,700,1.610000,100,-0.620000,-0.010000
1478544394457,1.600000,1.580000,700,1.610000,100,-0.620000,-0.010000
1478544397975,1.600000,1.580000,700,1.610000,100,-0.620000,-0.010000
1478544399966,1.600000,1.580000,700,1.610000,100,-0.620000,-0.010000
1478544402023,1.600000,1.580000,700,1.610000,100,-0.620000,-0.010000
1478544404497,1.600000,1.580000,700,1.610000,100,-0.620000,-0.010000
1478544406965,1.600000,1.580000,700,1.610000,100,-0.620000,-0.010000
1478544409471,1.600000,1.580000,700,1.610000,100,-0.620000,-0.010000
1478544410969,1.600000,1.580000,700,1.610000,100,-0.620000,-0.010000
1478544413869,1.600000,1.580000,700,1.610000,100,-0.620000,-0.010000
1478544416863,1.600000,1.580000,700,1.610000,100,-0.620000,-0.010000
1478544419383,1.600000,1.580000,700,1.610000,100,-0.620000,-0.010000
1478544421369,1.600000,1.580000,700,1.610000,100,-0.620000,-0.010000
1478544423907,1.600000,1.580000,700,1.610000,100,-0.620000,-0.010000
1478544425877,1.600000,1.580000,700,1.610000,100,-0.620000,-0.010000
1478544428374,1.600000,1.580000,700,1.610000,100,-0.620000,-0.010000
1478544430378,1.600000,1.580000,700,1.610000,100,-0.620000,-0.010000
1478544432385,1.600000,1.580000,700,1.610000,100,-0.620000,-0.010000
1478544434879,1.600000,1.580000,700,1.610000,100,-0.620000,-0.010000
1478544437375,1.600000,1.580000,700,1.610000,100,-0.620000,-0.010000
1478544439414,1.600000,1.580000,700,1.610000,100,-0.620000,-0.010000
1478544441880,1.600000,1.580000,700,1.610000,100,-0.620000,-0.010000
1478544443880,1.600000,1.580000,700,1.610000,100,-0.620000,-0.010000
1478544446909,1.600000,1.580000,700,1.610000,100,-0.620000,-0.010000
1478544449381,1.600000,1.580000,700,1.610000,100,-0.620000,-0.010000
1478544451913,1.600000,1.580000,700,1.610000,400,-0.620000,-0.010000
1478544453883,1.600000,1.580000,700,1.610000,400,-0.620000,-0.010000
1478544456383,1.600000,1.580000,700,1.610000,400,-0.620000,-0.010000
1478544458418,1.600000,1.580000,700,1.610000,400,-0.620000,-0.010000
1478544460926,1.600000,1.580000,700,1.610000,400,-0.620000,-0.010000
1478544462412,1.600000,1.580000,700,1.610000,400,-0.620000,-0.010000
1478544465386,1.600000,1.580000,700,1.610000,400,-0.620000,-0.010000
1478544467399,1.600000,1.580000,700,1.610000,400,-0.620000,-0.010000
1478544469391,1.600000,1.580000,700,1.610000,400,-0.620000,-0.010000
1478544471891,1.600000,1.580000,700,1.610000,400,-0.620000,-0.010000
1478544474409,1.600000,1.580000,700,1.610000,400,-0.620000,-0.010000
1478544476400,1.600000,1.580000,700,1.610000,400,-0.620000,-0.010000
1478544478900,1.600000,1.580000,700,1.610000,400,-0.620000,-0.010000
1478544480901,1.600000,1.580000,700,1.610000,400,-0.620000,-0.010000
1478544483437,1.600000,1.580000,700,1.610000,400,-0.620000,-0.010000
1478544485392,1.600000,1.580000,700,1.610000,400,-0.620000,-0.010000
1478544487901,1.600000,1.580000,700,1.610000,400,-0.620000,-0.010000
1478544489916,1.600000,1.580000,700,1.610000,400,-0.620000,-0.010000
1478544494900,1.600000,1.580000,700,1.610000,400,-0.620000,-0.010000
1478544497415,1.600000,1.580000,700,1.610000,400,-0.620000,-0.010000
1478544499401,1.600000,1.580000,700,1.610000,100,-0.620000,-0.010000
1478544501902,1.600000,1.580000,700,1.610000,100,-0.620000,-0.010000
1478544503904,1.600000,1.580000,700,1.610000,100,-0.620000,-0.010000
1478544506424,1.600000,1.580000,700,1.610000,100,-0.620000,-0.010000
1478544508906,1.600000,1.580000,700,1.610000,100,-0.620000,-0.010000
1478544510906,1.600000,1.580000,700,1.610000,100,-0.620000,-0.010000
1478544513420,1.600000,1.580000,700,1.610000,100,-0.620000,-0.010000
1478544515911,1.600000,1.580000,700,1.610000,100,-0.620000,-0.010000
1478544517960,1.600000,1.580000,700,1.610000,100,-0.620000,-0.010000
1478544520410,1.600000,1.580000,700,1.610000,100,-0.620000,-0.010000
1478544522414,1.600000,1.580000,700,1.610000,100,-0.620000,-0.010000
1478544524909,1.600000,1.580000,700,1.610000,100,-0.620000,-0.010000
1478544526917,1.600000,1.580000,700,1.610000,100,-0.620000,-0.010000
1478544528912,1.600000,1.580000,700,1.610000,100,-0.620000,-0.010000
1478544531420,1.600000,1.580000,700,1.610000,100,-0.620000,-0.010000
1478544533979,1.600000,1.580000,700,1.610000,100,-0.620000,-0.010000
1478544535917,1.600000,1.580000,700,1.610000,100,-0.620000,-0.010000
1478544538420,1.600000,1.580000,700,1.610000,100,-0.620000,-0.010000
1478544540455,1.600000,1.580000,700,1.610000,100,-0.620000,-0.010000
1478544542921,1.600000,1.580000,700,1.610000,100,-0.620000,-0.010000
1478544545401,1.600000,1.580000,700,1.610000,100,-0.620000,-0.010000
1478544547460,1.600000,1.580000,700,1.610000,100,-0.620000,-0.010000
1478544548929,1.600000,1.580000,700,1.610000,100,-0.620000,-0.010000
1478544551922,1.600000,1.580000,700,1.610000,100,-0.620000,-0.010000
1478544554422,1.600000,1.580000,700,1.610000,100,-0.620000,-0.010000
1478544558428,1.600000,1.580000,700,1.610000,100,-0.620000,-0.010000
1478544560460,1.600000,1.580000,700,1.610000,100,-0.620000,-0.010000
1478544563448,1.600000,1.580000,700,1.610000,100,-0.620000,-0.010000
1478544565928,1.600000,1.580000,700,1.610000,100,-0.620000,-0.010000
1478544567423,1.600000,1.580000,700,1.610000,100,-0.620000,-0.010000
1478544569929,1.600000,1.580000,700,1.610000,400,-0.620000,-0.010000
1478544572427,1.600000,1.580000,700,1.610000,400,-0.620000,-0.010000
1478544575448,1.600000,1.580000,700,1.610000,400,-0.620000,-0.010000
1478544577422,1.600000,1.580000,700,1.610000,400,-0.620000,-0.010000
1478544579927,1.600000,1.580000,700,1.610000,400,-0.620000,-0.010000
1478544581936,1.600000,1.580000,700,1.610000,400,-0.620000,-0.010000
1478544584928,1.600000,1.580000,700,1.610000,400,-0.620000,-0.010000
1478544586935,1.600000,1.580000,700,1.610000,400,-0.620000,-0.010000
1478544590442,1.600000,1.580000,700,1.610000,400,-0.620000,-0.010000
1478544592938,1.600000,1.580000,700,1.610000,400,-0.620000,-0.010000
1478544594934,1.600000,1.580000,700,1.610000,400,-0.620000,-0.010000
1478544597439,1.600000,1.580000,700,1.610000,400,-0.620000,-0.010000
1478544599931,1.600000,1.580000,700,1.610000,400,-0.620000,-0.010000
1478544601941,1.600000,1.580000,700,1.610000,400,-0.620000,-0.010000
1478544604461,1.600000,1.580000,700,1.610000,400,-0.620000,-0.010000
1478544605954,1.600000,1.580000,700,1.610000,400,-0.620000,-0.010000
1478544608445,1.600000,1.580000,700,1.610000,400,-0.620000,-0.010000
1478544610943,1.600000,1.580000,700,1.610000,400,-0.620000,-0.010000
1478544612950,1.600000,1.580000,700,1.610000,400,-0.620000,-0.010000
1478544615441,1.600000,1.580000,700,1.610000,400,-0.620000,-0.010000
1478544617967,1.600000,1.580000,700,1.610000,400,-0.620000,-0.010000
1478544618461,1.600000,1.580000,700,1.610000,100,-0.620000,-0.010000
1478544622449,1.600000,1.580000,700,1.610000,100,-0.620000,-0.010000
1478544624945,1.600000,1.580000,700,1.610000,100,-0.620000,-0.010000
1478544627441,1.600000,1.580000,700,1.610000,100,-0.620000,-0.010000
1478544629454,1.600000,1.580000,700,1.610000,100,-0.620000,-0.010000
1478544631470,1.600000,1.580000,700,1.610000,100,-0.620000,-0.010000
1478544632945,1.600000,1.580000,700,1.610000,100,-0.620000,-0.010000
1478544635946,1.600000,1.580000,700,1.610000,100,-0.620000,-0.010000
1478544638446,1.600000,1.580000,700,1.610000,100,-0.620000,-0.010000
1478544639953,1.600000,1.580000,700,1.610000,100,-0.620000,-0.010000
1478544642995,1.600000,1.580000,700,1.610000,100,-0.620000,-0.010000
1478544645457,1.600000,1.580000,700,1.610000,100,-0.620000,-0.010000
1478544647451,1.600000,1.580000,700,1.610000,100,-0.620000,-0.010000
1478544649439,1.600000,1.580000,700,1.610000,100,-0.620000,-0.010000
1478544651953,1.600000,1.580000,700,1.610000,100,-0.620000,-0.010000
1478544654450,1.600000,1.580000,700,1.610000,100,-0.620000,-0.010000
1478544656454,1.600000,1.580000,700,1.610000,100,-0.620000,-0.010000
1478544658958,1.600000,1.580000,700,1.610000,100,-0.620000,-0.010000
1478544660958,1.600000,1.580000,700,1.610000,100,-0.620000,-0.010000
1478544663503,1.600000,1.580000,700,1.610000,100,-0.620000,-0.010000
1478544665451,1.600000,1.580000,700,1.610000,100,-0.620000,-0.010000
1478544667436,1.600000,1.580000,700,1.610000,100,-0.620000,-0.010000
1478544669952,1.600000,1.580000,700,1.610000,100,-0.620000,-0.010000
1478544672072,1.600000,1.580000,700,1.610000,100,-0.620000,-0.010000
1478544674465,1.600000,1.580000,700,1.610000,100,-0.620000,-0.010000
1478544677036,1.600000,1.580000,700,1.610000,100,-0.620000,-0.010000
1478544678956,1.600000,1.580000,700,1.610000,100,-0.620000,-0.010000
1478544681003,1.600000,1.580000,700,1.610000,100,-0.620000,-0.010000
1478544683469,1.600000,1.580000,700,1.610000,100,-0.620000,-0.010000
1478544685970,1.600000,1.580000,700,1.610000,100,-0.620000,-0.010000
1478544687980,1.600000,1.580000,700,1.610000,100,-0.620000,-0.010000
1478544690369,1.600000,1.580000,700,1.610000,100,-0.620000,-0.010000
1478544692883,1.600000,1.580000,700,1.610000,100,-0.620000,-0.010000
1478544694875,1.600000,1.580000,700,1.610000,100,-0.620000,-0.010000
1478544697366,1.600000,1.580000,700,1.610000,400,-0.620000,-0.010000
1478544699370,1.600000,1.580000,700,1.610000,400,-0.620000,-0.010000
1478544701904,1.600000,1.580000,700,1.610000,400,-0.620000,-0.010000
1478544703870,1.600000,1.580000,700,1.610000,400,-0.620000,-0.010000
1478544706373,1.600000,1.580000,700,1.610000,400,-0.620000,-0.010000
1478544708372,1.600000,1.580000,700,1.610000,400,-0.620000,-0.010000
1478544710874,1.600000,1.580000,700,1.610000,400,-0.620000,-0.010000
1478544712874,1.600000,1.580000,700,1.610000,400,-0.620000,-0.010000
1478544715376,1.600000,1.580000,700,1.610000,400,-0.620000,-0.010000
1478544719382,1.600000,1.580000,700,1.610000,400,-0.620000,-0.010000
1478544721912,1.600000,1.580000,700,1.610000,400,-0.620000,-0.010000
1478544723897,1.600000,1.580000,700,1.610000,400,-0.620000,-0.010000
1478544726385,1.600000,1.580000,700,1.610000,400,-0.620000,-0.010000
1478544728885,1.600000,1.580000,700,1.610000,400,-0.620000,-0.010000
1478544730883,1.600000,1.580000,700,1.610000,400,-0.620000,-0.010000
1478544733388,1.600000,1.580000,700,1.610000,400,-0.620000,-0.010000
1478544735379,1.600000,1.580000,700,1.610000,400,-0.620000,-0.010000
1478544737389,1.600000,1.580000,700,1.610000,400,-0.620000,-0.010000
1478544739417,1.600000,1.580000,700,1.610000,100,-0.620000,-0.010000
1478544742387,1.600000,1.580000,700,1.610000,100,-0.620000,-0.010000
1478544744393,1.600000,1.580000,700,1.610000,100,-0.620000,-0.010000
1478544746889,1.600000,1.580000,700,1.610000,100,-0.620000,-0.010000
1478544751410,1.600000,1.580000,700,1.610000,100,-0.620000,-0.010000
1478544754392,1.600000,1.580000,700,1.610000,100,-0.620000,-0.010000
1478544756889,1.600000,1.580000,700,1.610000,100,-0.620000,-0.010000
1478544759889,1.600000,1.580000,700,1.610000,100,-0.620000,-0.010000
1478544762392,1.600000,1.580000,700,1.610000,100,-0.620000,-0.010000
1478544765397,1.600000,1.580000,700,1.610000,100,-0.620000,-0.010000
1478544768394,1.600000,1.580000,700,1.610000,100,-0.620000,-0.010000
1478544770907,1.600000,1.580000,700,1.610000,100,-0.620000,-0.010000
1478544773395,1.600000,1.580000,700,1.610000,100,-0.620000,-0.010000
1478544775398,1.600000,1.580000,700,1.610000,100,-0.620000,-0.010000
1478544777407,1.600000,1.580000,700,1.610000,100,-0.620000,-0.010000
1478544779410,1.600000,1.580000,700,1.610000,100,-0.620000,-0.010000
1478544782406,1.600000,1.580000,700,1.610000,100,-0.620000,-0.010000
1478544784912,1.600000,1.580000,700,1.610000,100,-0.620000,-0.010000
1478544786910,1.600000,1.580000,700,1.610000,100,-0.620000,-0.010000
1478544789406,1.600000,1.580000,700,1.610000,100,-0.620000,-0.010000
1478544791897,1.600000,1.580000,700,1.610000,100,-0.620000,-0.010000
1478544793414,1.600000,1.580000,700,1.610000,100,-0.620000,-0.010000
1478544796425,1.600000,1.580000,700,1.610000,100,-0.620000,-0.010000
1478544798413,1.600000,1.580000,700,1.610000,100,-0.620000,-0.010000
1478544800899,1.600000,1.580000,700,1.610000,100,-0.620000,-0.010000
1478544803411,1.600000,1.580000,700,1.610000,100,-0.620000,-0.010000
1478544805910,1.600000,1.580000,700,1.610000,100,-0.620000,-0.010000
1478544807968,1.600000,1.580000,700,1.610000,100,-0.620000,-0.010000
1478544809929,1.600000,1.580000,700,1.610000,100,-0.620000,-0.010000
1478544812449,1.600000,1.580000,700,1.610000,100,-0.620000,-0.010000
1478544815452,1.600000,1.580000,700,1.610000,400,-0.620000,-0.010000
1478544817927,1.600000,1.580000,700,1.610000,400,-0.620000,-0.010000
1478544820424,1.600000,1.580000,700,1.610000,400,-0.620000,-0.010000
1478544822460,1.600000,1.580000,700,1.610000,400,-0.620000,-0.010000
1478544824951,1.600000,1.580000,700,1.610000,400,-0.620000,-0.010000
1478544826423,1.600000,1.580000,700,1.610000,400,-0.620000,-0.010000
1478544828925,1.600000,1.580000,700,1.610000,400,-0.620000,-0.010000
1478544831438,1.600000,1.580000,700,1.610000,400,-0.620000,-0.010000
1478544833424,1.600000,1.580000,700,1.610000,400,-0.620000,-0.010000
1478544835931,1.600000,1.580000,700,1.610000,400,-0.620000,-0.010000
1478544837453,1.600000,1.580000,700,1.610000,400,-0.620000,-0.010000
1478544839962,1.600000,1.580000,700,1.610000,400,-0.620000,-0.010000
1478544841923,1.600000,1.580000,700,1.610000,400,-0.620000,-0.010000
1478544844427,1.600000,1.580000,700,1.610000,400,-0.620000,-0.010000
1478544846932,1.600000,1.580000,700,1.610000,400,-0.620000,-0.010000
1478544849441,1.600000,1.580000,700,1.610000,400,-0.620000,-0.010000
1478544851927,1.600000,1.580000,700,1.610000,400,-0.620000,-0.010000
1478544853928,1.600000,1.580000,700,1.610000,400,-0.620000,-0.010000
1478544856439,1.600000,1.580000,700,1.610000,400,-0.620000,-0.010000
1478544858443,1.600000,1.580000,700,1.610000,100,-0.620000,-0.010000
1478544860442,1.600000,1.580000,700,1.610000,100,-0.620000,-0.010000
1478544862930,1.600000,1.580000,700,1.610000,100,-0.620000,-0.010000
1478544864950,1.600000,1.580000,700,1.610000,100,-0.620000,-0.010000
1478544866950,1.600000,1.580000,700,1.610000,100,-0.620000,-0.010000
1478544868417,1.600000,1.580000,700,1.610000,100,-0.620000,-0.010000
1478544871448,1.600000,1.580000,700,1.610000,100,-0.620000,-0.010000
1478544873945,1.600000,1.580000,700,1.610000,100,-0.620000,-0.010000
1478544875949,1.600000,1.580000,700,1.610000,100,-0.620000,-0.010000
1478544878447,1.600000,1.580000,700,1.610000,100,-0.620000,-0.010000
1478544881472,1.600000,1.580000,700,1.610000,100,-0.620000,-0.010000
1478544883953,1.600000,1.580000,700,1.610000,100,-0.620000,-0.010000
1478544886455,1.600000,1.580000,700,1.610000,100,-0.620000,-0.010000
1478544888457,1.600000,1.580000,700,1.610000,100,-0.620000,-0.010000
1478544890939,1.600000,1.580000,700,1.610000,100,-0.620000,-0.010000
1478544891950,1.600000,1.580000,700,1.610000,100,-0.620000,-0.010000
1478544895462,1.600000,1.580000,700,1.610000,100,-0.620000,-0.010000
1478544897454,1.600000,1.580000,700,1.610000,100,-0.620000,-0.010000
1478544899458,1.600000,1.580000,700,1.610000,100,-0.620000,-0.010000
1478544901970,1.600000,1.580000,700,1.610000,100,-0.620000,-0.010000
1478544904449,1.600000,1.580000,700,1.610000,100,-0.620000,-0.010000
1478544906456,1.600000,1.580000,700,1.610000,100,-0.620000,-0.010000
1478544908972,1.600000,1.580000,700,1.610000,100,-0.620000,-0.010000
1478544911470,1.600000,1.580000,700,1.610000,100,-0.620000,-0.010000
1478544913458,1.600000,1.580000,700,1.610000,100,-0.620000,-0.010000
1478544915959,1.600000,1.580000,700,1.610000,100,-0.620000,-0.010000
1478544917965,1.600000,1.580000,700,1.610000,100,-0.620000,-0.010000
1478544919964,1.600000,1.580000,700,1.610000,100,-0.620000,-0.010000
1478544922529,1.600000,1.580000,700,1.610000,100,-0.620000,-0.010000
1478544923962,1.600000,1.580000,700,1.610000,100,-0.620000,-0.010000
1478544926463,1.600000,1.580000,700,1.610000,100,-0.620000,-0.010000
1478544928951,1.600000,1.580000,700,1.610000,100,-0.620000,-0.010000
1478544931518,1.600000,1.580000,700,1.610000,100,-0.620000,-0.010000
1478544932959,1.600000,1.580000,700,1.610000,400,-0.620000,-0.010000
1478544935479,1.600000,1.580000,700,1.610000,400,-0.620000,-0.010000
1478544936972,1.600000,1.580000,700,1.610000,400,-0.620000,-0.010000
1478544939977,1.600000,1.580000,700,1.610000,400,-0.620000,-0.010000
1478544942475,1.600000,1.580000,700,1.610000,400,-0.620000,-0.010000
1478544944974,1.600000,1.580000,700,1.610000,400,-0.620000,-0.010000
1478544947460,1.600000,1.580000,700,1.610000,400,-0.620000,-0.010000
1478544950006,1.600000,1.580000,700,1.610000,400,-0.620000,-0.010000
1478544951974,1.600000,1.580000,700,1.610000,400,-0.620000,-0.010000
1478544954463,1.600000,1.580000,700,1.610000,400,-0.620000,-0.010000
1478544957473,1.600000,1.580000,700,1.610000,400,-0.620000,-0.010000
1478544959969,1.600000,1.580000,700,1.610000,400,-0.620000,-0.010000
1478544962370,1.600000,1.580000,700,1.610000,400,-0.620000,-0.010000
1478544965394,1.600000,1.580000,700,1.610000,400,-0.620000,-0.010000
1478544967870,1.600000,1.580000,700,1.610000,400,-0.620000,-0.010000
1478544969904,1.600000,1.580000,700,1.610000,400,-0.620000,-0.010000
1478544971872,1.600000,1.580000,700,1.610000,400,-0.620000,-0.010000
1478544973873,1.600000,1.580000,700,1.610000,400,-0.620000,-0.010000
1478544976378,1.600000,1.580000,700,1.610000,400,-0.620000,-0.010000
1478544979373,1.600000,1.580000,700,1.610000,100,-0.620000,-0.010000
1478544981883,1.600000,1.580000,700,1.610000,100,-0.620000,-0.010000
1478544983881,1.600000,1.580000,700,1.610000,100,-0.620000,-0.010000
1478544986378,1.600000,1.580000,700,1.610000,100,-0.620000,-0.010000
1478544988391,1.600000,1.580000,700,1.610000,100,-0.620000,-0.010000
1478544990379,1.600000,1.580000,700,1.610000,100,-0.620000,-0.010000
1478544992913,1.600000,1.580000,700,1.610000,100,-0.620000,-0.010000
1478544994910,1.600000,1.580000,700,1.610000,100,-0.620000,-0.010000
1478544997390,1.600000,1.580000,700,1.610000,100,-0.620000,-0.010000
1478544998886,1.600000,1.580000,700,1.610000,100,-0.620000,-0.010000
1478545001384,1.600000,1.580000,700,1.610000,100,-0.620000,-0.010000
1478545003885,1.600000,1.580000,700,1.610000,100,-0.620000,-0.010000
1478545006383,1.600000,1.580000,700,1.610000,100,-0.620000,-0.010000
1478545008423,1.600000,1.580000,700,1.610000,100,-0.620000,-0.010000
1478545011386,1.600000,1.580000,700,1.610000,100,-0.620000,-0.010000
1478545013890,1.600000,1.580000,700,1.610000,100,-0.620000,-0.010000
1478545015894,1.600000,1.580000,700,1.610000,100,-0.620000,-0.010000
1478545018398,1.600000,1.580000,700,1.610000,100,-0.620000,-0.010000
1478545020394,1.600000,1.580000,700,1.610000,100,-0.620000,-0.010000
1478545022928,1.600000,1.580000,700,1.610000,100,-0.620000,-0.010000
1478545024899,1.600000,1.580000,700,1.610000,100,-0.620000,-0.010000
1478545026892,1.600000,1.580000,700,1.610000,100,-0.620000,-0.010000
1478545029897,1.600000,1.580000,700,1.610000,100,-0.620000,-0.010000
1478545031936,1.600000,1.580000,700,1.610000,100,-0.620000,-0.010000
1478545033894,1.600000,1.580000,700,1.610000,100,-0.620000,-0.010000
1478545036406,1.600000,1.580000,700,1.610000,100,-0.620000,-0.010000
1478545086454,1.600000,1.580000,700,1.610000,100,-0.620000,-0.010000
1478545088427,1.600000,1.580000,700,1.610000,100,-0.620000,-0.010000
1478545090926,1.600000,1.580000,700,1.610000,100,-0.620000,-0.010000
1478545093473,1.600000,1.580000,700,1.610000,100,-0.620000,-0.010000
1478545093939,1.600000,1.580000,700,1.610000,100,-0.620000,-0.010000
1478545097924,1.600000,1.580000,700,1.610000,100,-0.620000,-0.010000
1478545099925,1.600000,1.580000,700,1.610000,100,-0.620000,-0.010000
1478545102437,1.600000,1.580000,700,1.610000,100,-0.620000,-0.010000
1478545104427,1.600000,1.580000,700,1.610000,100,-0.620000,-0.010000
1478545106930,1.600000,1.580000,700,1.610000,100,-0.620000,-0.010000
1478545109488,1.600000,1.580000,700,1.610000,100,-0.620000,-0.010000
1478545111929,1.600000,1.580000,700,1.610000,100,-0.620000,-0.010000
1478545113934,1.600000,1.580000,700,1.610000,100,-0.620000,-0.010000
1478545116441,1.600000,1.580000,700,1.610000,100,-0.620000,-0.010000
1478545118441,1.600000,1.580000,700,1.610000,100,-0.620000,-0.010000
1478545121435,1.600000,1.580000,700,1.610000,100,-0.620000,-0.010000
1478545124472,1.600000,1.580000,700,1.610000,100,-0.620000,-0.010000
1478545126431,1.600000,1.580000,700,1.610000,100,-0.620000,-0.010000
1478545128951,1.600000,1.580000,700,1.610000,100,-0.620000,-0.010000
1478545131448,1.600000,1.580000,700,1.610000,100,-0.620000,-0.010000
1478545133433,1.600000,1.580000,700,1.610000,100,-0.620000,-0.010000
1478545135448,1.600000,1.580000,700,1.610000,100,-0.620000,-0.010000
1478545137926,1.600000,1.580000,700,1.610000,100,-0.620000,-0.010000
1478545140434,1.600000,1.580000,700,1.610000,100,-0.620000,-0.010000
1478545142951,1.600000,1.580000,700,1.610000,100,-0.620000,-0.010000
1478545145441,1.600000,1.580000,700,1.610000,100,-0.620000,-0.010000
1478545147451,1.600000,1.580000,700,1.610000,100,-0.620000,-0.010000
1478545149949,1.600000,1.580000,700,1.610000,100,-0.620000,-0.010000
1478545152464,1.600000,1.580000,700,1.610000,100,-0.620000,-0.010000
1478545157455,1.600000,1.580000,700,1.610000,100,-0.620000,-0.010000
1478545159445,1.600000,1.580000,700,1.610000,100,-0.620000,-0.010000
1478545161958,1.600000,1.580000,700,1.610000,100,-0.620000,-0.010000
1478545164462,1.600000,1.580000,700,1.610000,100,-0.620000,-0.010000
1478545166460,1.600000,1.580000,700,1.610000,100,-0.620000,-0.010000
1478545168474,1.600000,1.580000,700,1.610000,100,-0.620000,-0.010000
1478545170969,1.600000,1.580000,700,1.610000,100,-0.620000,-0.010000
1478545173472,1.600000,1.580000,700,1.610000,100,-0.620000,-0.010000
1478545175467,1.600000,1.580000,700,1.610000,100,-0.620000,-0.010000
1478545177957,1.600000,1.580000,700,1.610000,100,-0.620000,-0.010000
1478545179966,1.600000,1.580000,700,1.610000,100,-0.620000,-0.010000
1478545182457,1.600000,1.580000,700,1.610000,100,-0.620000,-0.010000
1478545185002,1.600000,1.580000,700,1.610000,100,-0.620000,-0.010000
1478545186975,1.600000,1.580000,700,1.610000,100,-0.620000,-0.010000
1478545189467,1.600000,1.580000,700,1.610000,100,-0.620000,-0.010000
1478545191474,1.600000,1.580000,700,1.610000,100,-0.620000,-0.010000
1478545193515,1.600000,1.580000,700,1.610000,100,-0.620000,-0.010000
1478545195987,1.600000,1.580000,700,1.610000,100,-0.620000,-0.010000
1478545198480,1.600000,1.580000,700,1.610000,100,-0.620000,-0.010000
1478545200474,1.600000,1.580000,700,1.610000,100,-0.620000,-0.010000
1478545203476,1.600000,1.580000,700,1.610000,100,-0.620000,-0.010000
1478545205518,1.600000,1.580000,700,1.610000,100,-0.620000,-0.010000
1478545207982,1.600000,1.580000,700,1.610000,100,-0.620000,-0.010000
1478545210008,1.600000,1.580000,700,1.610000,100,-0.620000,-0.010000
1478545212506,1.600000,1.580000,700,1.610000,100,-0.620000,-0.010000
1478545215481,1.600000,1.580000,700,1.610000,100,-0.620000,-0.010000
1478545217993,1.600000,1.580000,700,1.610000,100,-0.620000,-0.010000
1478545219482,1.600000,1.580000,700,1.610000,100,-0.620000,-0.010000
1478545222486,1.600000,1.580000,700,1.610000,100,-0.620000,-0.010000
1478545224479,1.600000,1.580000,700,1.610000,100,-0.620000,-0.010000
1478545227369,1.600000,1.580000,700,1.610000,100,-0.620000,-0.010000
1478545229391,1.600000,1.580000,700,1.610000,100,-0.620000,-0.010000
1478545231401,1.600000,1.580000,700,1.610000,100,-0.620000,-0.010000
1478545233873,1.600000,1.580000,700,1.610000,100,-0.620000,-0.010000
1478545236373,1.600000,1.580000,700,1.610000,100,-0.620000,-0.010000
1478545238377,1.600000,1.580000,700,1.610000,100,-0.620000,-0.010000
1478545240393,1.600000,1.580000,700,1.610000,100,-0.620000,-0.010000
1478545243377,1.600000,1.580000,700,1.610000,100,-0.620000,-0.010000
1478545245878,1.600000,1.580000,700,1.610000,100,-0.620000,-0.010000
1478545247877,1.600000,1.580000,700,1.610000,100,-0.620000,-0.010000
1478545249877,1.600000,1.580000,700,1.610000,100,-0.620000,-0.010000
1478545251879,1.600000,1.580000,700,1.610000,100,-0.620000,-0.010000
1478545254913,1.600000,1.580000,700,1.610000,100,-0.620000,-0.010000
1478545256890,1.600000,1.580000,700,1.610000,100,-0.620000,-0.010000
1478545259383,1.600000,1.580000,700,1.610000,100,-0.620000,-0.010000
1478545261403,1.600000,1.580000,700,1.610000,100,-0.620000,-0.010000
1478545263389,1.600000,1.580000,700,1.610000,100,-0.620000,-0.010000
1478545265391,1.600000,1.580000,700,1.610000,100,-0.620000,-0.010000
1478545270406,1.600000,1.580000,700,1.610000,100,-0.620000,-0.010000
1478545272888,1.600000,1.580000,700,1.610000,100,-0.620000,-0.010000
1478545274922,1.600000,1.580000,700,1.610000,100,-0.620000,-0.010000
1478545277426,1.600000,1.580000,700,1.610000,100,-0.620000,-0.010000
1478545279405,1.600000,1.580000,700,1.610000,100,-0.620000,-0.010000
1478545281900,1.600000,1.580000,700,1.610000,100,-0.620000,-0.010000
1478545283919,1.600000,1.580000,700,1.610000,100,-0.620000,-0.010000
1478545285399,1.600000,1.580000,700,1.610000,100,-0.620000,-0.010000
1478545288393,1.600000,1.580000,700,1.610000,100,-0.620000,-0.010000
1478545290402,1.600000,1.580000,700,1.610000,100,-0.620000,-0.010000
1478545291906,1.600000,1.580000,700,1.610000,100,-0.620000,-0.010000
1478545294940,1.600000,1.580000,700,1.610000,100,-0.620000,-0.010000
1478545296905,1.600000,1.580000,700,1.610000,100,-0.620000,-0.010000
1478545299407,1.600000,1.580000,700,1.610000,100,-0.620000,-0.010000
1478545301412,1.600000,1.580000,700,1.610000,100,-0.620000,-0.010000
1478545303901,1.600000,1.580000,700,1.610000,100,-0.620000,-0.010000
1478545305918,1.600000,1.580000,700,1.610000,100,-0.620000,-0.010000
1478545307914,1.600000,1.580000,700,1.610000,100,-0.620000,-0.010000
1478545310404,1.600000,1.580000,700,1.610000,100,-0.620000,-0.010000
1478545312411,1.600000,1.580000,700,1.610000,100,-0.620000,-0.010000
1478545314450,1.600000,1.580000,700,1.610000,100,-0.620000,-0.010000
1478545316914,1.600000,1.580000,700,1.610000,100,-0.620000,-0.010000
1478545318918,1.600000,1.580000,700,1.610000,100,-0.620000,-0.010000
1478545320914,1.600000,1.580000,700,1.610000,100,-0.620000,-0.010000
1478545323408,1.600000,1.580000,700,1.610000,100,-0.620000,-0.010000
1478545325914,1.600000,1.580000,700,1.610000,100,-0.620000,-0.010000
1478545328471,1.600000,1.580000,700,1.610000,100,-0.620000,-0.010000
1478545330948,1.600000,1.580000,700,1.610000,100,-0.620000,-0.010000
1478545332960,1.600000,1.580000,700,1.610000,100,-0.620000,-0.010000
1478545335429,1.600000,1.580000,700,1.610000,100,-0.620000,-0.010000
1478545337417,1.600000,1.580000,700,1.610000,100,-0.620000,-0.010000
1478545339919,1.600000,1.580000,700,1.610000,100,-0.620000,-0.010000
1478545341970,1.600000,1.580000,700,1.610000,100,-0.620000,-0.010000
1478545344436,1.600000,1.580000,700,1.610000,100,-0.620000,-0.010000
1478545346430,1.600000,1.580000,700,1.610000,100,-0.620000,-0.010000
1478545348929,1.600000,1.580000,700,1.610000,100,-0.620000,-0.010000
1478545350920,1.600000,1.580000,700,1.610000,100,-0.620000,-0.010000
1478545353434,1.600000,1.580000,700,1.610000,100,-0.620000,-0.010000
1478545355426,1.600000,1.580000,700,1.610000,100,-0.620000,-0.010000
1478545357446,1.600000,1.580000,700,1.610000,100,-0.620000,-0.010000
1478545359931,1.600000,1.580000,700,1.610000,100,-0.620000,-0.010000
1478545362439,1.600000,1.580000,700,1.610000,100,-0.620000,-0.010000
1478545365429,1.600000,1.580000,700,1.610000,100,-0.620000,-0.010000
1478545367948,1.600000,1.580000,700,1.610000,100,-0.620000,-0.010000
1478545369939,1.600000,1.580000,700,1.610000,100,-0.620000,-0.010000
1478545371930,1.600000,1.580000,700,1.610000,100,-0.620000,-0.010000
1478545374445,1.600000,1.580000,700,1.610000,100,-0.620000,-0.010000
1478545376445,1.600000,1.580000,700,1.610000,100,-0.620000,-0.010000
1478545378448,1.600000,1.580000,700,1.610000,100,-0.620000,-0.010000
1478545380948,1.600000,1.580000,700,1.610000,100,-0.620000,-0.010000
1478545382963,1.600000,1.580000,700,1.610000,100,-0.620000,-0.010000
1478545385498,1.600000,1.580000,700,1.610000,100,-0.620000,-0.010000
1478545387524,1.600000,1.580000,700,1.610000,100,-0.620000,-0.010000
1478545389966,1.600000,1.580000,700,1.610000,100,-0.620000,-0.010000
1478545391949,1.600000,1.580000,700,1.610000,100,-0.620000,-0.010000
1478545394464,1.600000,1.580000,700,1.610000,100,-0.620000,-0.010000
1478545396956,1.600000,1.580000,700,1.610000,100,-0.620000,-0.010000
1478545398988,1.600000,1.580000,700,1.610000,100,-0.620000,-0.010000
1478545401014,1.600000,1.580000,700,1.610000,100,-0.620000,-0.010000
1478545403477,1.600000,1.580000,700,1.610000,100,-0.620000,-0.010000
1478545405462,1.600000,1.580000,700,1.610000,100,-0.620000,-0.010000
1478545407955,1.600000,1.580000,700,1.610000,100,-0.620000,-0.010000
1478545409956,1.600000,1.580000,700,1.610000,100,-0.620000,-0.010000
1478545412476,1.600000,1.580000,700,1.610000,100,-0.620000,-0.010000
1478545414510,1.600000,1.580000,700,1.610000,100,-0.620000,-0.010000
1478545417012,1.600000,1.580000,700,1.610000,100,-0.620000,-0.010000
1478545419011,1.600000,1.580000,700,1.610000,100,-0.620000,-0.010000
1478545421470,1.600000,1.580000,700,1.610000,100,-0.620000,-0.010000
1478545423457,1.600000,1.580000,700,1.610000,100,-0.620000,-0.010000
1478545425473,1.600000,1.580000,700,1.610000,100,-0.620000,-0.010000
1478545427975,1.600000,1.580000,700,1.610000,100,-0.620000,-0.010000
1478545429961,1.600000,1.580000,700,1.610000,100,-0.620000,-0.010000
1478545432978,1.600000,1.580000,700,1.610000,100,-0.620000,-0.010000
1478545434979,1.600000,1.580000,700,1.610000,100,-0.620000,-0.010000
1478545437476,1.600000,1.580000,700,1.610000,100,-0.620000,-0.010000
1478545439957,1.600000,1.580000,700,1.610000,100,-0.620000,-0.010000
1478545442127,1.600000,1.580000,700,1.610000,100,-0.620000,-0.010000
1478545443999,1.600000,1.580000,700,1.610000,100,-0.620000,-0.010000
1478545446002,1.600000,1.580000,700,1.610000,100,-0.620000,-0.010000
1478545448473,1.600000,1.580000,700,1.610000,100,-0.620000,-0.010000
1478545450485,1.600000,1.580000,700,1.610000,100,-0.620000,-0.010000
1478545452982,1.600000,1.580000,700,1.610000,100,-0.620000,-0.010000
1478545455471,1.600000,1.580000,700,1.610000,100,-0.620000,-0.010000
1478545458041,1.600000,1.580000,700,1.610000,100,-0.620000,-0.010000
1478545459494,1.600000,1.580000,700,1.610000,100,-0.620000,-0.010000
1478545462471,1.600000,1.580000,700,1.610000,100,-0.620000,-0.010000
1478545464984,1.600000,1.580000,700,1.610000,100,-0.620000,-0.010000
1478545466987,1.600000,1.580000,700,1.610000,100,-0.620000,-0.010000
1478545468994,1.600000,1.580000,700,1.610000,100,-0.620000,-0.010000
1478545470984,1.600000,1.580000,700,1.610000,100,-0.620000,-0.010000
1478545473494,1.600000,1.580000,700,1.610000,100,-0.620000,-0.010000
1478545474997,1.600000,1.580000,700,1.610000,100,-0.620000,-0.010000
1478545478221,1.600000,1.580000,700,1.610000,100,-0.620000,-0.010000
1478545480373,1.600000,1.580000,700,1.610000,100,-0.620000,-0.010000
1478545482873,1.600000,1.580000,700,1.610000,100,-0.620000,-0.010000
1478545484876,1.600000,1.580000,700,1.610000,100,-0.620000,-0.010000
1478545486896,1.600000,1.580000,700,1.610000,100,-0.620000,-0.010000
1478545489416,1.600000,1.580000,700,1.610000,100,-0.620000,-0.010000
1478545491377,1.600000,1.580000,700,1.610000,100,-0.620000,-0.010000
1478545493879,1.600000,1.580000,700,1.610000,100,-0.620000,-0.010000
1478545495878,1.600000,1.580000,700,1.610000,100,-0.620000,-0.010000
1478545497879,1.600000,1.580000,700,1.610000,100,-0.620000,-0.010000
1478545500401,1.600000,1.580000,700,1.610000,100,-0.620000,-0.010000
1478545502882,1.600000,1.580000,700,1.610000,100,-0.620000,-0.010000
1478545504885,1.600000,1.580000,700,1.610000,100,-0.620000,-0.010000
1478545506888,1.600000,1.580000,700,1.610000,100,-0.620000,-0.010000
1478545509392,1.600000,1.580000,700,1.610000,100,-0.620000,-0.010000
1478545511387,1.600000,1.580000,700,1.610000,100,-0.620000,-0.010000
1478545513918,1.600000,1.580000,700,1.610000,100,-0.620000,-0.010000
1478545516405,1.600000,1.580000,700,1.610000,100,-0.620000,-0.010000
1478545518890,1.600000,1.580000,700,1.610000,100,-0.620000,-0.010000
1478545520894,1.600000,1.580000,700,1.610000,100,-0.620000,-0.010000
1478545523400,1.600000,1.580000,700,1.610000,100,-0.620000,-0.010000
1478545525898,1.600000,1.580000,700,1.610000,100,-0.620000,-0.010000
1478545528393,1.600000,1.580000,700,1.610000,100,-0.620000,-0.010000
1478545530433,1.600000,1.580000,700,1.610000,100,-0.620000,-0.010000
1478545532904,1.600000,1.580000,700,1.610000,100,-0.620000,-0.010000
1478545534900,1.600000,1.580000,700,1.610000,100,-0.620000,-0.010000
1478545537402,1.600000,1.580000,700,1.610000,100,-0.620000,-0.010000
1478545539405,1.600000,1.580000,700,1.610000,100,-0.620000,-0.010000
1478545543414,1.600000,1.580000,700,1.610000,100,-0.620000,-0.010000
1478545545413,1.600000,1.590000,100,1.610000,100,-0.620000,-0.010000
1478545547950,1.600000,1.590000,100,1.610000,100,-0.620000,-0.010000
1478545549903,1.600000,1.590000,100,1.610000,100,-0.620000,-0.010000
1478545552408,1.600000,1.590000,100,1.610000,100,-0.620000,-0.010000
1478545554913,1.600000,1.590000,100,1.610000,100,-0.620000,-0.010000
1478545557414,1.600000,1.590000,100,1.610000,100,-0.620000,-0.010000
1478545559917,1.600000,1.590000,100,1.610000,100,-0.620000,-0.010000
1478545561908,1.600000,1.590000,100,1.610000,100,-0.620000,-0.010000
1478545563916,1.600000,1.590000,100,1.610000,100,-0.620000,-0.010000
1478545566439,1.600000,1.590000,100,1.610000,100,-0.620000,-0.010000
1478545568915,1.600000,1.590000,100,1.610000,100,-0.620000,-0.010000
1478545570962,1.600000,1.590000,100,1.610000,100,-0.620000,-0.010000
1478545572928,1.600000,1.590000,100,1.610000,100,-0.620000,-0.010000
1478545575409,1.600000,1.590000,100,1.610000,100,-0.620000,-0.010000
1478545577424,1.600000,1.590000,100,1.610000,100,-0.620000,-0.010000
1478545579423,1.600000,1.590000,100,1.610000,100,-0.620000,-0.010000
1478545581924,1.600000,1.590000,100,1.610000,100,-0.620000,-0.010000
1478545583460,1.600000,1.590000,100,1.610000,100,-0.620000,-0.010000
1478545586421,1.600000,1.590000,100,1.610000,100,-0.620000,-0.010000
1478545588429,1.600000,1.590000,100,1.610000,100,-0.620000,-0.010000
1478545590929,1.600000,1.590000,100,1.610000,100,-0.620000,-0.010000
1478545592926,1.600000,1.590000,100,1.610000,100,-0.620000,-0.010000
1478545595429,1.600000,1.590000,100,1.610000,100,-0.620000,-0.010000
1478545597435,1.600000,1.590000,100,1.610000,100,-0.620000,-0.010000
1478545599465,1.600000,1.590000,100,1.610000,100,-0.620000,-0.010000
1478545602440,1.600000,1.590000,100,1.610000,100,-0.620000,-0.010000
1478545605444,1.600000,1.590000,100,1.610000,100,-0.620000,-0.010000
1478545607437,1.600000,1.590000,100,1.610000,100,-0.620000,-0.010000
1478545609939,1.600000,1.590000,100,1.610000,100,-0.620000,-0.010000
1478545611942,1.600000,1.590000,100,1.610000,100,-0.620000,-0.010000
1478545614431,1.600000,1.590000,100,1.610000,100,-0.620000,-0.010000
1478545616443,1.600000,1.590000,100,1.610000,100,-0.620000,-0.010000
1478545618946,1.600000,1.590000,100,1.610000,100,-0.620000,-0.010000
1478545620942,1.600000,1.590000,100,1.610000,100,-0.620000,-0.010000
1478545623450,1.600000,1.590000,100,1.610000,100,-0.620000,-0.010000
1478545626450,1.600000,1.590000,100,1.610000,100,-0.620000,-0.010000
1478545628947,1.600000,1.590000,100,1.610000,100,-0.620000,-0.010000
1478545630453,1.600000,1.590000,100,1.610000,100,-0.620000,-0.010000
1478545632944,1.600000,1.590000,100,1.610000,100,-0.620000,-0.010000
1478545635445,1.600000,1.590000,100,1.610000,100,-0.620000,-0.010000
1478545637457,1.600000,1.590000,100,1.610000,100,-0.620000,-0.010000
1478545639934,1.600000,1.590000,100,1.610000,100,-0.620000,-0.010000
1478545641967,1.600000,1.590000,100,1.610000,100,-0.620000,-0.010000
1478545644007,1.600000,1.590000,100,1.610000,100,-0.620000,-0.010000
1478545646466,1.600000,1.590000,100,1.610000,100,-0.620000,-0.010000
1478545648472,1.600000,1.590000,100,1.610000,100,-0.620000,-0.010000
1478545650952,1.600000,1.590000,100,1.610000,100,-0.620000,-0.010000
1478545652448,1.600000,1.590000,100,1.610000,100,-0.620000,-0.010000
1478545655456,1.600000,1.590000,100,1.610000,100,-0.620000,-0.010000
1478545657474,1.600000,1.590000,100,1.610000,100,-0.620000,-0.010000
1478545659959,1.600000,1.590000,100,1.610000,100,-0.620000,-0.010000
1478545661971,1.600000,1.590000,100,1.610000,100,-0.620000,-0.010000
1478545663974,1.600000,1.590000,100,1.610000,100,-0.620000,-0.010000
1478545666458,1.600000,1.590000,100,1.610000,100,-0.620000,-0.010000
1478545668458,1.600000,1.590000,100,1.610000,100,-0.620000,-0.010000
1478545670952,1.600000,1.590000,100,1.610000,100,-0.620000,-0.010000
1478545673022,1.600000,1.590000,100,1.610000,100,-0.620000,-0.010000
1478545675459,1.600000,1.590000,100,1.610000,100,-0.620000,-0.010000
1478545677467,1.600000,1.590000,100,1.610000,100,-0.620000,-0.010000
1478545679460,1.600000,1.590000,100,1.610000,100,-0.620000,-0.010000
1478545681971,1.600000,1.590000,100,1.610000,100,-0.620000,-0.010000
1478545683981,1.600000,1.590000,100,1.610000,100,-0.620000,-0.010000
1478545686455,1.600000,1.590000,100,1.610000,100,-0.620000,-0.010000
1478545690966,1.600000,1.590000,100,1.610000,100,-0.620000,-0.010000
1478545693520,1.600000,1.590000,100,1.610000,100,-0.620000,-0.010000
1478545695480,1.600000,1.590000,100,1.610000,100,-0.620000,-0.010000
1478545697991,1.600000,1.590000,100,1.610000,100,-0.620000,-0.010000
1478545699534,1.600000,1.590000,100,1.610000,100,-0.620000,-0.010000
1478545702489,1.600000,1.590000,100,1.610000,100,-0.620000,-0.010000
1478545704473,1.600000,1.590000,100,1.610000,100,-0.620000,-0.010000
1478545706974,1.600000,1.590000,100,1.610000,100,-0.620000,-0.010000
1478545708978,1.600000,1.590000,100,1.610000,100,-0.620000,-0.010000
1478545711492,1.600000,1.590000,100,1.610000,100,-0.620000,-0.010000
1478545712985,1.600000,1.590000,100,1.610000,100,-0.620000,-0.010000
1478545715974,1.600000,1.590000,100,1.610000,100,-0.620000,-0.010000
1478545717998,1.600000,1.590000,100,1.610000,100,-0.620000,-0.010000
1478545721995,1.600000,1.590000,100,1.610000,100,-0.620000,-0.010000
1478545724491,1.600000,1.590000,100,1.610000,100,-0.620000,-0.010000
1478545725989,1.600000,1.590000,100,1.610000,100,-0.620000,-0.010000
1478545728871,1.600000,1.590000,100,1.610000,100,-0.620000,-0.010000
1478545731384,1.600000,1.590000,100,1.610000,100,-0.620000,-0.010000
1478545733373,1.600000,1.590000,100,1.610000,100,-0.620000,-0.010000
1478545735905,1.600000,1.590000,100,1.610000,100,-0.620000,-0.010000
1478545737881,1.600000,1.590000,100,1.610000,100,-0.620000,-0.010000
1478545739876,1.600000,1.590000,100,1.610000,100,-0.620000,-0.010000
1478545742381,1.600000,1.590000,100,1.610000,100,-0.620000,-0.010000
1478545744379,1.600000,1.590000,100,1.610000,100,-0.620000,-0.010000
1478545746886,1.600000,1.590000,100,1.610000,100,-0.620000,-0.010000
1478545748879,1.600000,1.590000,100,1.610000,100,-0.620000,-0.010000
1478545751391,1.600000,1.590000,100,1.610000,100,-0.620000,-0.010000
1478545753392,1.600000,1.590000,100,1.610000,100,-0.620000,-0.010000
1478545755888,1.600000,1.590000,100,1.610000,100,-0.620000,-0.010000
1478545757889,1.600000,1.590000,100,1.610000,100,-0.620000,-0.010000
1478545760390,1.600000,1.590000,100,1.610000,100,-0.620000,-0.010000
1478545762389,1.600000,1.590000,100,1.610000,100,-0.620000,-0.010000
1478545764395,1.600000,1.590000,100,1.610000,100,-0.620000,-0.010000
1478545766890,1.600000,1.590000,100,1.610000,100,-0.620000,-0.010000
1478545768889,1.600000,1.590000,100,1.610000,100,-0.620000,-0.010000
1478545771393,1.600000,1.590000,100,1.610000,100,-0.620000,-0.010000
1478545773393,1.600000,1.590000,100,1.610000,100,-0.620000,-0.010000
1478545775405,1.600000,1.590000,100,1.610000,100,-0.620000,-0.010000
1478545777895,1.600000,1.590000,100,1.610000,100,-0.620000,-0.010000
1478545779896,1.600000,1.590000,100,1.610000,100,-0.620000,-0.010000
1478545783392,1.600000,1.590000,100,1.610000,100,-0.620000,-0.010000
1478545785901,1.600000,1.590000,100,1.610000,100,-0.620000,-0.010000
1478545786921,1.600000,1.590000,100,1.610000,100,-0.620000,-0.010000
1478545790401,1.600000,1.590000,100,1.610000,100,-0.620000,-0.010000
1478545792889,1.600000,1.590000,100,1.610000,100,-0.620000,-0.010000
1478545795405,1.600000,1.590000,100,1.610000,100,-0.620000,-0.010000
1478545797411,1.600000,1.590000,100,1.610000,100,-0.620000,-0.010000
1478545799907,1.600000,1.590000,100,1.610000,100,-0.620000,-0.010000
1478545801930,1.600000,1.590000,100,1.610000,100,-0.620000,-0.010000
1478545804401,1.600000,1.590000,100,1.610000,100,-0.620000,-0.010000
1478545806914,1.600000,1.590000,100,1.610000,100,-0.620000,-0.010000
1478545809406,1.600000,1.590000,100,1.610000,100,-0.620000,-0.010000
1478545811412,1.600000,1.590000,100,1.610000,100,-0.620000,-0.010000
1478545813945,1.600000,1.590000,100,1.610000,100,-0.620000,-0.010000
1478545816418,1.600000,1.590000,100,1.610000,100,-0.620000,-0.010000
1478545818942,1.600000,1.590000,100,1.610000,100,-0.620000,-0.010000
1478545821416,1.600000,1.590000,100,1.610000,100,-0.620000,-0.010000
1478545823416,1.600000,1.590000,100,1.610000,100,-0.620000,-0.010000
1478545825449,1.600000,1.590000,100,1.610000,100,-0.620000,-0.010000
1478545827918,1.600000,1.590000,100,1.610000,100,-0.620000,-0.010000
1478545829423,1.600000,1.590000,100,1.610000,100,-0.620000,-0.010000
1478545831923,1.600000,1.590000,100,1.610000,100,-0.620000,-0.010000
1478545834413,1.600000,1.590000,100,1.610000,100,-0.620000,-0.010000
1478545836418,1.600000,1.590000,100,1.610000,100,-0.620000,-0.010000
1478545838411,1.600000,1.590000,100,1.610000,100,-0.620000,-0.010000
1478545841427,1.600000,1.590000,100,1.610000,100,-0.620000,-0.010000
1478545844457,1.600000,1.590000,100,1.610000,100,-0.620000,-0.010000
1478545846457,1.600000,1.590000,100,1.610000,100,-0.620000,-0.010000
1478545848933,1.600000,1.590000,100,1.610000,100,-0.620000,-0.010000
1478545851432,1.600000,1.590000,100,1.610000,100,-0.620000,-0.010000
1478545853432,1.600000,1.590000,100,1.610000,100,-0.620000,-0.010000
1478545855433,1.600000,1.590000,100,1.610000,100,-0.620000,-0.010000
1478545857953,1.600000,1.590000,100,1.610000,100,-0.620000,-0.010000
1478545859962,1.600000,1.590000,100,1.610000,100,-0.620000,-0.010000
1478545862434,1.600000,1.590000,100,1.610000,100,-0.620000,-0.010000
1478545864437,1.600000,1.590000,100,1.610000,100,-0.620000,-0.010000
1478545866934,1.600000,1.590000,100,1.610000,100,-0.620000,-0.010000
1478545868476,1.600000,1.590000,100,1.610000,100,-0.620000,-0.010000
1478545871449,1.600000,1.590000,100,1.610000,100,-0.620000,-0.010000
1478545873974,1.600000,1.590000,100,1.610000,100,-0.620000,-0.010000
1478545875951,1.600000,1.590000,100,1.610000,100,-0.620000,-0.010000
1478545878437,1.600000,1.590000,100,1.610000,100,-0.620000,-0.010000
1478545879427,1.600000,1.590000,100,1.610000,100,-0.620000,-0.010000
1478545883452,1.600000,1.590000,100,1.610000,100,-0.620000,-0.010000
1478545885448,1.600000,1.590000,100,1.610000,100,-0.620000,-0.010000
1478545887948,1.600000,1.590000,100,1.610000,100,-0.620000,-0.010000
1478545889469,1.600000,1.590000,100,1.610000,100,-0.620000,-0.010000
1478545892438,1.600000,1.590000,100,1.610000,100,-0.620000,-0.010000
1478545894493,1.600000,1.590000,100,1.610000,100,-0.620000,-0.010000
1478545896442,1.600000,1.590000,100,1.610000,100,-0.620000,-0.010000
1478545898949,1.600000,1.590000,100,1.610000,100,-0.620000,-0.010000
1478545900963,1.600000,1.590000,100,1.610000,100,-0.620000,-0.010000
1478545903962,1.600000,1.590000,100,1.610000,100,-0.620000,-0.010000
1478545906954,1.600000,1.590000,100,1.610000,100,-0.620000,-0.010000
1478545909453,1.600000,1.590000,100,1.610000,100,-0.620000,-0.010000
1478545911959,1.600000,1.590000,100,1.610000,100,-0.620000,-0.010000
1478545913959,1.600000,1.590000,100,1.610000,100,-0.620000,-0.010000
1478545916454,1.600000,1.590000,100,1.610000,100,-0.620000,-0.010000
1478545918460,1.600000,1.590000,100,1.610000,100,-0.620000,-0.010000
1478545920969,1.600000,1.590000,100,1.610000,100,-0.620000,-0.010000
1478545922997,1.600000,1.590000,100,1.610000,100,-0.620000,-0.010000
1478545925464,1.600000,1.590000,100,1.610000,100,-0.620000,-0.010000
1478545927471,1.600000,1.590000,100,1.610000,100,-0.620000,-0.010000
1478545929968,1.600000,1.590000,100,1.610000,100,-0.620000,-0.010000
1478545931994,1.600000,1.590000,100,1.610000,100,-0.620000,-0.010000
1478545934548,1.600000,1.590000,100,1.610000,100,-0.620000,-0.010000
1478545936472,1.600000,1.590000,100,1.610000,100,-0.620000,-0.010000
1478545938965,1.600000,1.590000,100,1.610000,100,-0.620000,-0.010000
1478545940957,1.600000,1.590000,100,1.610000,100,-0.620000,-0.010000
1478545943464,1.600000,1.590000,100,1.610000,100,-0.620000,-0.010000
1478545944485,1.600000,1.590000,100,1.610000,100,-0.620000,-0.010000
1478545946980,1.600000,1.590000,100,1.610000,100,-0.620000,-0.010000
1478545949480,1.600000,1.590000,100,1.610000,100,-0.620000,-0.010000
1478545951529,1.600000,1.590000,100,1.610000,100,-0.620000,-0.010000
1478545954480,1.600000,1.590000,100,1.610000,100,-0.620000,-0.010000
1478545956481,1.600000,1.590000,100,1.610000,100,-0.620000,-0.010000
1478545958478,1.600000,1.590000,100,1.610000,100,-0.620000,-0.010000
1478545961531,1.600000,1.590000,100,1.610000,100,-0.620000,-0.010000
1478545963477,1.600000,1.590000,100,1.610000,100,-0.620000,-0.010000
1478545965985,1.600000,1.590000,100,1.610000,100,-0.620000,-0.010000
1478545967983,1.600000,1.590000,100,1.610000,100,-0.620000,-0.010000
1478545970475,1.600000,1.590000,100,1.610000,100,-0.620000,-0.010000
1478545972994,1.600000,1.590000,100,1.610000,100,-0.620000,-0.010000
1478545974519,1.600000,1.590000,100,1.610000,100,-0.620000,-0.010000
1478545977384,1.600000,1.590000,100,1.610000,100,-0.620000,-0.010000
1478545979872,1.600000,1.590000,100,1.610000,100,-0.620000,-0.010000
1478545982377,1.600000,1.590000,100,1.610000,100,-0.620000,-0.010000
1478545984374,1.600000,1.590000,100,1.610000,100,-0.620000,-0.010000
1478545986909,1.600000,1.590000,100,1.610000,100,-0.620000,-0.010000
1478545989380,1.600000,1.590000,100,1.610000,100,-0.620000,-0.010000
1478545991373,1.600000,1.590000,100,1.610000,100,-0.620000,-0.010000
1478545993876,1.600000,1.590000,100,1.610000,100,-0.620000,-0.010000
1478545995882,1.600000,1.590000,100,1.610000,100,-0.620000,-0.010000
1478545997878,1.600000,1.590000,100,1.610000,100,-0.620000,-0.010000
1478546000384,1.600000,1.590000,100,1.610000,100,-0.620000,-0.010000
1478546002382,1.600000,1.590000,100,1.610000,100,-0.620000,-0.010000
1478546004879,1.600000,1.590000,100,1.610000,100,-0.620000,-0.010000
1478546006906,1.600000,1.590000,100,1.610000,100,-0.620000,-0.010000
1478546008888,1.600000,1.590000,100,1.610000,100,-0.620000,-0.010000
1478546011888,1.600000,1.590000,100,1.610000,400,-0.620000,-0.010000
1478546014888,1.600000,1.590000,100,1.610000,400,-0.620000,-0.010000
1478546017390,1.600000,1.590000,100,1.610000,400,-0.620000,-0.010000
1478546019909,1.600000,1.590000,100,1.610000,400,-0.620000,-0.010000
1478546021895,1.600000,1.590000,100,1.610000,400,-0.620000,-0.010000
1478546024426,1.600000,1.590000,100,1.610000,400,-0.620000,-0.010000
1478546026894,1.600000,1.590000,100,1.610000,400,-0.620000,-0.010000
1478546029898,1.600000,1.590000,100,1.610000,400,-0.620000,-0.010000
1478546032415,1.600000,1.590000,100,1.610000,400,-0.620000,-0.010000
1478546034391,1.600000,1.590000,100,1.610000,400,-0.620000,-0.010000
1478546036896,1.600000,1.590000,100,1.610000,400,-0.620000,-0.010000
1478546039402,1.600000,1.590000,100,1.610000,400,-0.620000,-0.010000
1478546041403,1.600000,1.590000,100,1.610000,400,-0.620000,-0.010000
1478546043901,1.600000,1.590000,100,1.610000,400,-0.620000,-0.010000
1478546046430,1.600000,1.590000,100,1.610000,400,-0.620000,-0.010000
1478546048440,1.600000,1.590000,100,1.610000,400,-0.620000,-0.010000
1478546049909,1.600000,1.590000,100,1.610000,400,-0.620000,-0.010000
1478546052901,1.600000,1.590000,200,1.610000,300,-0.620000,-0.010000
1478546054906,1.600000,1.590000,200,1.610000,300,-0.620000,-0.010000
1478546057406,1.600000,1.590000,200,1.610000,300,-0.620000,-0.010000
1478546059406,1.600000,1.590000,200,1.610000,300,-0.620000,-0.010000
1478546061920,1.600000,1.590000,200,1.610000,300,-0.620000,-0.010000
1478546063916,1.600000,1.590000,200,1.610000,300,-0.620000,-0.010000
1478546065922,1.600000,1.590000,200,1.610000,300,-0.620000,-0.010000
1478546068416,1.600000,1.590000,300,1.620000,100,-0.620000,-0.010000
1478546070450,1.600000,1.590000,300,1.620000,100,-0.620000,-0.010000
1478546072917,1.600000,1.590000,300,1.620000,100,-0.620000,-0.010000
1478546074917,1.600000,1.590000,300,1.620000,100,-0.620000,-0.010000
1478546076963,1.600000,1.590000,200,1.620000,300,-0.620000,-0.010000
1478546079442,1.600000,1.590000,200,1.620000,300,-0.620000,-0.010000
1478546081918,1.600000,1.590000,200,1.620000,300,-0.620000,-0.010000
1478546083922,1.600000,1.590000,200,1.620000,300,-0.620000,-0.010000
1478546086423,1.600000,1.590000,200,1.620000,300,-0.620000,-0.010000
1478546088425,1.600000,1.590000,200,1.620000,300,-0.620000,-0.010000
1478546090916,1.600000,1.590000,200,1.620000,300,-0.620000,-0.010000
1478546092942,1.600000,1.590000,200,1.620000,300,-0.620000,-0.010000
1478546095423,1.600000,1.590000,200,1.620000,300,-0.620000,-0.010000
1478546097931,1.600000,1.590000,200,1.620000,300,-0.620000,-0.010000
1478546099929,1.600000,1.590000,200,1.620000,300,-0.620000,-0.010000
1478546102431,1.600000,1.590000,200,1.620000,300,-0.620000,-0.010000
1478546104958,1.600000,1.590000,200,1.620000,300,-0.620000,-0.010000
1478546107443,1.600000,1.590000,200,1.620000,300,-0.620000,-0.010000
1478546109939,1.600000,1.590000,200,1.620000,300,-0.620000,-0.010000
1478546112936,1.600000,1.590000,200,1.620000,300,-0.620000,-0.010000
1478546114927,1.600000,1.590000,200,1.620000,300,-0.620000,-0.010000
1478546117430,1.600000,1.590000,200,1.620000,300,-0.620000,-0.010000
1478546119442,1.600000,1.590000,200,1.620000,100,-0.620000,-0.010000
1478546121427,1.600000,1.590000,200,1.620000,100,-0.620000,-0.010000
1478546123945,1.600000,1.590000,200,1.620000,100,-0.620000,-0.010000
1478546125940,1.600000,1.590000,200,1.620000,100,-0.620000,-0.010000
1478546128440,1.600000,1.590000,200,1.620000,100,-0.620000,-0.010000
1478546130436,1.600000,1.590000,200,1.620000,100,-0.620000,-0.010000
1478546132951,1.600000,1.590000,200,1.620000,100,-0.620000,-0.010000
1478546133955,1.600000,1.590000,300,1.620000,100,-0.620000,-0.010000
1478546137447,1.600000,1.590000,300,1.620000,100,-0.620000,-0.010000
1478546140451,1.600000,1.590000,300,1.620000,100,-0.620000,-0.010000
1478546142946,1.600000,1.590000,300,1.620000,100,-0.620000,-0.010000
1478546144953,1.600000,1.590000,300,1.620000,100,-0.620000,-0.010000
1478546146934,1.600000,1.590000,300,1.620000,100,-0.620000,-0.010000
1478546149454,1.600000,1.590000,300,1.620000,100,-0.620000,-0.010000
1478546150482,1.600000,1.590000,300,1.620000,100,-0.620000,-0.010000
1478546153947,1.600000,1.590000,300,1.620000,100,-0.620000,-0.010000
1478546155945,1.600000,1.590000,300,1.620000,100,-0.620000,-0.010000
1478546158450,1.600000,1.590000,300,1.620000,100,-0.620000,-0.010000
1478546160450,1.600000,1.590000,300,1.620000,100,-0.620000,-0.010000
1478546161976,1.600000,1.590000,300,1.620000,100,-0.620000,-0.010000
1478546164968,1.600000,1.590000,300,1.620000,100,-0.620000,-0.010000
1478546166955,1.600000,1.590000,300,1.620000,100,-0.620000,-0.010000
1478546169457,1.600000,1.590000,300,1.620000,100,-0.620000,-0.010000
1478546171472,1.600000,1.590000,300,1.620000,100,-0.620000,-0.010000
1478546173962,1.600000,1.590000,300,1.620000,100,-0.620000,-0.010000
1478546175956,1.600000,1.590000,300,1.620000,100,-0.620000,-0.010000
1478546178472,1.600000,1.590000,300,1.620000,100,-0.620000,-0.010000
1478546180498,1.600000,1.590000,300,1.620000,100,-0.620000,-0.010000
1478546182460,1.600000,1.590000,300,1.620000,100,-0.620000,-0.010000
1478546184985,1.600000,1.590000,300,1.620000,100,-0.620000,-0.010000
1478546187483,1.600000,1.590000,300,1.620000,100,-0.620000,-0.010000
1478546189469,1.600000,1.590000,200,1.620000,300,-0.620000,-0.010000
1478546191506,1.600000,1.590000,200,1.620000,300,-0.620000,-0.010000
1478546191971,1.600000,1.590000,200,1.620000,300,-0.620000,-0.010000
1478546196001,1.600000,1.590000,200,1.620000,300,-0.620000,-0.010000
1478546197967,1.600000,1.590000,200,1.620000,300,-0.620000,-0.010000
1478546200503,1.600000,1.590000,200,1.620000,300,-0.620000,-0.010000
1478546201973,1.600000,1.590000,200,1.620000,300,-0.620000,-0.010000
1478546204478,1.600000,1.590000,200,1.620000,300,-0.620000,-0.010000
1478546206495,1.600000,1.590000,200,1.620000,300,-0.620000,-0.010000
1478546208510,1.600000,1.590000,200,1.620000,300,-0.620000,-0.010000
1478546211978,1.600000,1.590000,200,1.620000,300,-0.620000,-0.010000
1478546213990,1.600000,1.590000,200,1.620000,300,-0.620000,-0.010000
1478546216489,1.600000,1.590000,200,1.620000,300,-0.620000,-0.010000
1478546218980,1.600000,1.590000,200,1.620000,300,-0.620000,-0.010000
1478546220484,1.600000,1.590000,200,1.620000,300,-0.620000,-0.010000
1478546223514,1.600000,1.590000,200,1.620000,300,-0.620000,-0.010000
1478546225473,1.600000,1.590000,200,1.620000,300,-0.620000,-0.010000
1478546227371,1.600000,1.590000,200,1.620000,300,-0.620000,-0.010000
1478546229872,1.600000,1.590000,200,1.620000,300,-0.620000,-0.010000
1478546231908,1.600000,1.590000,200,1.620000,300,-0.620000,-0.010000
1478546234374,1.600000,1.590000,200,1.620000,300,-0.620000,-0.010000
1478546236888,1.600000,1.590000,200,1.620000,300,-0.620000,-0.010000
1478546238874,1.600000,1.590000,200,1.620000,300,-0.620000,-0.010000
1478546241376,1.600000,1.590000,200,1.620000,300,-0.620000,-0.010000
1478546243383,1.600000,1.590000,200,1.620000,300,-0.620000,-0.010000
1478546245378,1.600000,1.590000,200,1.620000,300,-0.620000,-0.010000
1478546247880,1.600000,1.590000,200,1.620000,300,-0.620000,-0.010000
1478546250399,1.600000,1.590000,200,1.620000,300,-0.620000,-0.010000
1478546252882,1.600000,1.590000,200,1.620000,100,-0.620000,-0.010000
1478546254884,1.600000,1.590000,200,1.620000,100,-0.620000,-0.010000
1478546256883,1.600000,1.590000,200,1.620000,100,-0.620000,-0.010000
1478546259383,1.600000,1.590000,200,1.620000,100,-0.620000,-0.010000
1478546261421,1.600000,1.590000,200,1.620000,100,-0.620000,-0.010000
1478546263906,1.600000,1.590000,200,1.620000,300,-0.620000,-0.010000
1478546266388,1.600000,1.590000,200,1.620000,300,-0.620000,-0.010000
1478546268892,1.600000,1.590000,200,1.620000,300,-0.620000,-0.010000
1478546271391,1.600000,1.590000,200,1.620000,300,-0.620000,-0.010000
1478546274397,1.600000,1.590000,200,1.620000,300,-0.620000,-0.010000
1478546276395,1.600000,1.590000,200,1.620000,300,-0.620000,-0.010000
1478546278936,1.600000,1.590000,200,1.620000,300,-0.620000,-0.010000
1478546280403,1.600000,1.590000,200,1.620000,300,-0.620000,-0.010000
1478546283395,1.600000,1.590000,200,1.620000,300,-0.620000,-0.010000
1478546285890,1.600000,1.590000,200,1.620000,300,-0.620000,-0.010000
1478546287905,1.600000,1.590000,200,1.620000,300,-0.620000,-0.010000
1478546290400,1.600000,1.590000,200,1.620000,300,-0.620000,-0.010000
1478546292400,1.600000,1.590000,200,1.620000,300,-0.620000,-0.010000
1478546294920,1.600000,1.590000,200,1.620000,300,-0.620000,-0.010000
1478546296934,1.600000,1.590000,200,1.620000,300,-0.620000,-0.010000
1478546298903,1.600000,1.590000,200,1.620000,100,-0.620000,-0.010000
1478546301407,1.600000,1.590000,200,1.620000,100,-0.620000,-0.010000
1478546303906,1.600000,1.590000,200,1.620000,100,-0.620000,-0.010000
1478546305916,1.600000,1.590000,200,1.620000,100,-0.620000,-0.010000
1478546308411,1.600000,1.590000,200,1.620000,100,-0.620000,-0.010000
1478546309944,1.600000,1.590000,200,1.620000,100,-0.620000,-0.010000
1478546312904,1.600000,1.590000,200,1.620000,100,-0.620000,-0.010000
1478546314912,1.600000,1.590000,200,1.620000,100,-0.620000,-0.010000
1478546316911,1.600000,1.590000,200,1.620000,100,-0.620000,-0.010000
1478546319418,1.600000,1.590000,200,1.620000,100,-0.620000,-0.010000
1478546321418,1.600000,1.590000,200,1.620000,100,-0.620000,-0.010000
1478546322918,1.600000,1.590000,200,1.620000,100,-0.620000,-0.010000
1478546325930,1.600000,1.590000,200,1.620000,100,-0.620000,-0.010000
1478546328416,1.600000,1.590000,200,1.620000,100,-0.620000,-0.010000
1478546330418,1.600000,1.590000,200,1.620000,100,-0.620000,-0.010000
1478546333910,1.600000,1.590000,200,1.620000,100,-0.620000,-0.010000
1478546336424,1.600000,1.590000,200,1.620000,100,-0.620000,-0.010000
1478546338431,1.600000,1.590000,200,1.620000,100,-0.620000,-0.010000
1478546340920,1.600000,1.590000,200,1.620000,100,-0.620000,-0.010000
1478546343425,1.600000,1.590000,200,1.620000,100,-0.620000,-0.010000
1478546345462,1.600000,1.590000,200,1.620000,100,-0.620000,-0.010000
1478546347427,1.600000,1.590000,200,1.620000,100,-0.620000,-0.010000
1478546349920,1.600000,1.590000,200,1.620000,100,-0.620000,-0.010000
1478546351925,1.600000,1.590000,200,1.620000,100,-0.620000,-0.010000
1478546354432,1.600000,1.590000,200,1.620000,100,-0.620000,-0.010000
1478546356437,1.600000,1.590000,200,1.620000,100,-0.620000,-0.010000
1478546358932,1.600000,1.590000,200,1.620000,100,-0.620000,-0.010000
1478546360440,1.600000,1.590000,200,1.620000,100,-0.620000,-0.010000
1478546362941,1.600000,1.590000,200,1.620000,100,-0.620000,-0.010000
1478546365433,1.600000,1.590000,200,1.620000,100,-0.620000,-0.010000
1478546367939,1.600000,1.590000,200,1.620000,100,-0.620000,-0.010000
1478546370500,1.600000,1.590000,200,1.620000,100,-0.620000,-0.010000
1478546372946,1.600000,1.590000,200,1.620000,100,-0.620000,-0.010000
1478546374937,1.600000,1.590000,200,1.620000,100,-0.620000,-0.010000
1478546377434,1.600000,1.590000,200,1.620000,100,-0.620000,-0.010000
1478546380449,1.600000,1.590000,200,1.620000,100,-0.620000,-0.010000
1478546382435,1.600000,1.590000,200,1.620000,100,-0.620000,-0.010000
1478546384480,1.600000,1.590000,200,1.620000,300,-0.620000,-0.010000
1478546386953,1.600000,1.590000,200,1.620000,300,-0.620000,-0.010000
1478546389459,1.600000,1.590000,200,1.620000,300,-0.620000,-0.010000
1478546391454,1.600000,1.590000,200,1.620000,300,-0.620000,-0.010000
1478546393454,1.600000,1.590000,200,1.620000,300,-0.620000,-0.010000
1478546395946,1.600000,1.590000,200,1.620000,300,-0.620000,-0.010000
1478546398459,1.600000,1.590000,200,1.620000,300,-0.620000,-0.010000
1478546400951,1.600000,1.590000,200,1.620000,300,-0.620000,-0.010000
1478546403451,1.600000,1.590000,200,1.620000,300,-0.620000,-0.010000
1478546405461,1.600000,1.590000,200,1.620000,300,-0.620000,-0.010000
1478546407959,1.600000,1.590000,200,1.620000,300,-0.620000,-0.010000
1478546409970,1.600000,1.590000,200,1.620000,300,-0.620000,-0.010000
1478546411999,1.600000,1.590000,200,1.620000,300,-0.620000,-0.010000
1478546414502,1.600000,1.590000,200,1.620000,300,-0.620000,-0.010000
1478546416470,1.600000,1.590000,200,1.620000,300,-0.620000,-0.010000
1478546418962,1.600000,1.590000,200,1.620000,300,-0.620000,-0.010000
1478546420966,1.600000,1.590000,200,1.620000,300,-0.620000,-0.010000
1478546423461,1.600000,1.590000,200,1.620000,300,-0.620000,-0.010000
1478546425471,1.600000,1.590000,200,1.620000,300,-0.620000,-0.010000
1478546427475,1.600000,1.590000,200,1.620000,300,-0.620000,-0.010000
1478546430474,1.600000,1.590000,200,1.620000,100,-0.620000,-0.010000
1478546432956,1.600000,1.590000,200,1.620000,100,-0.620000,-0.010000
1478546434989,1.600000,1.590000,200,1.620000,100,-0.620000,-0.010000
1478546437464,1.600000,1.590000,200,1.620000,100,-0.620000,-0.010000
1478546438962,1.600000,1.590000,300,1.620000,100,-0.620000,-0.010000
1478546441978,1.600000,1.590000,200,1.620000,300,-0.620000,-0.010000
1478546443488,1.600000,1.590000,200,1.620000,300,-0.620000,-0.010000
1478546446470,1.600000,1.590000,200,1.620000,300,-0.620000,-0.010000
1478546448964,1.600000,1.590000,200,1.620000,300,-0.620000,-0.010000
1478546451478,1.600000,1.590000,200,1.620000,300,-0.620000,-0.010000
1478546454519,1.600000,1.590000,200,1.620000,300,-0.620000,-0.010000
1478546456525,1.600000,1.590000,200,1.620000,300,-0.620000,-0.010000
1478546458992,1.600000,1.590000,200,1.620000,300,-0.620000,-0.010000
1478546463034,1.600000,1.590000,200,1.620000,300,-0.620000,-0.010000
1478546465488,1.600000,1.590000,200,1.620000,300,-0.620000,-0.010000
1478546467988,1.600000,1.590000,200,1.620000,300,-0.620000,-0.010000
1478546469973,1.600000,1.590000,200,1.620000,300,-0.620000,-0.010000
1478546472496,1.600000,1.590000,200,1.620000,300,-0.620000,-0.010000
1478546474993,1.600000,1.590000,200,1.620000,300,-0.620000,-0.010000
1478546477382,1.600000,1.590000,200,1.620000,300,-0.620000,-0.010000
1478546479367,1.600000,1.590000,200,1.620000,300,-0.620000,-0.010000
1478546481366,1.600000,1.590000,200,1.620000,100,-0.620000,-0.010000
1478546483397,1.600000,1.590000,200,1.620000,100,-0.620000,-0.010000
1478546484869,1.600000,1.590000,200,1.620000,100,-0.620000,-0.010000
1478546488373,1.600000,1.590000,200,1.620000,100,-0.620000,-0.010000
1478546490874,1.600000,1.590000,200,1.620000,100,-0.620000,-0.010000
1478546492414,1.600000,1.590000,200,1.620000,100,-0.620000,-0.010000
1478546495377,1.600000,1.590000,200,1.620000,100,-0.620000,-0.010000
1478546496884,1.600000,1.590000,200,1.620000,100,-0.620000,-0.010000
1478546499909,1.600000,1.590000,200,1.620000,100,-0.620000,-0.010000
1478546501377,1.600000,1.590000,200,1.620000,100,-0.620000,-0.010000
1478546503913,1.600000,1.590000,200,1.620000,100,-0.620000,-0.010000
1478546506385,1.600000,1.590000,200,1.620000,100,-0.620000,-0.010000
1478546508386,1.600000,1.590000,200,1.620000,100,-0.620000,-0.010000
1478546510386,1.600000,1.590000,200,1.620000,100,-0.620000,-0.010000
1478546512925,1.602300,1.590000,200,1.620000,100,-0.480000,-0.007700
1478546514892,1.620000,1.590000,200,1.620000,100,0.620000,0.010000
1478546517400,1.620000,1.590000,200,1.620000,100,0.620000,0.010000
1478546519393,1.620000,1.590000,200,1.620000,100,0.620000,0.010000
1478546521395,1.620000,1.590000,200,1.620000,100,0.620000,0.010000
1478546523925,1.620000,1.590000,200,1.620000,100,0.620000,0.010000
1478546525890,1.620000,1.590000,200,1.620000,100,0.620000,0.010000
1478546528395,1.620000,1.590000,200,1.620000,100,0.620000,0.010000
1478546530941,1.620000,1.590000,200,1.620000,100,0.620000,0.010000
1478546532898,1.620000,1.590000,200,1.620000,100,0.620000,0.010000
1478546534897,1.620000,1.590000,200,1.620000,100,0.620000,0.010000
1478546537402,1.620000,1.590000,200,1.620000,100,0.620000,0.010000
1478546539393,1.620000,1.590000,200,1.620000,100,0.620000,0.010000
1478546541402,1.620000,1.590000,200,1.620000,100,0.620000,0.010000
1478546543427,1.620000,1.590000,200,1.620000,100,0.620000,0.010000
1478546545907,1.620000,1.590000,200,1.620000,100,0.620000,0.010000
1478546548406,1.620000,1.590000,200,1.620000,100,0.620000,0.010000
1478546550407,1.620000,1.590000,200,1.620000,100,0.620000,0.010000
1478546552405,1.620000,1.590000,200,1.620000,300,0.620000,0.010000
1478546554908,1.620000,1.590000,200,1.620000,300,0.620000,0.010000
1478546558463,1.620000,1.590000,200,1.620000,300,0.620000,0.010000
1478546560915,1.620000,1.590000,200,1.620000,300,0.620000,0.010000
1478546563412,1.620000,1.590000,200,1.620000,300,0.620000,0.010000
1478546565920,1.620000,1.590000,200,1.620000,300,0.620000,0.010000
1478546567917,1.620000,1.590000,200,1.620000,300,0.620000,0.010000
1478546570409,1.620000,1.590000,200,1.620000,300,0.620000,0.010000
1478546572413,1.620000,1.590000,200,1.620000,300,0.620000,0.010000
1478546574917,1.620000,1.590000,200,1.620000,300,0.620000,0.010000
1478546577922,1.620000,1.590000,200,1.620000,300,0.620000,0.010000
1478546579927,1.620000,1.590000,200,1.620000,300,0.620000,0.010000
1478546581413,1.620000,1.590000,200,1.620000,300,0.620000,0.010000
1478546584419,1.620000,1.590000,200,1.620000,300,0.620000,0.010000
1478546586428,1.620000,1.590000,200,1.620000,300,0.620000,0.010000
1478546588923,1.620000,1.590000,200,1.620000,300,0.620000,0.010000
1478546591427,1.620000,1.590000,200,1.620000,300,0.620000,0.010000
1478546593441,1.620000,1.590000,200,1.620000,300,0.620000,0.010000
1478546595931,1.620000,1.590000,200,1.620000,300,0.620000,0.010000
1478546597938,1.620000,1.590000,200,1.620000,300,0.620000,0.010000
1478546600460,1.620000,1.590000,200,1.620000,300,0.620000,0.010000
1478546602418,1.620000,1.590000,200,1.620000,300,0.620000,0.010000
1478546604439,1.620000,1.590000,200,1.620000,300,0.620000,0.010000
1478546606941,1.620000,1.590000,200,1.620000,300,0.620000,0.010000
1478546608940,1.620000,1.590000,200,1.620000,300,0.620000,0.010000
1478546611422,1.620000,1.590000,200,1.620000,300,0.620000,0.010000
1478546613433,1.620000,1.590000,200,1.620000,300,0.620000,0.010000
1478546615984,1.620000,1.590000,200,1.620000,200,0.620000,0.010000
1478546618415,1.620000,1.590000,200,1.620000,200,0.620000,0.010000
1478546620442,1.620000,1.590000,200,1.620000,200,0.620000,0.010000
1478546623433,1.620000,1.590000,200,1.620000,200,0.620000,0.010000
1478546625926,1.620000,1.590000,200,1.620000,200,0.620000,0.010000
1478546628450,1.620000,1.590000,200,1.620000,400,0.620000,0.010000
1478546631429,1.620000,1.590000,200,1.620000,400,0.620000,0.010000
1478546633447,1.620000,1.590000,200,1.620000,400,0.620000,0.010000
1478546635927,1.620000,1.590000,200,1.620000,400,0.620000,0.010000
1478546637945,1.620000,1.590000,200,1.620000,400,0.620000,0.010000
1478546640446,1.620000,1.590000,200,1.620000,400,0.620000,0.010000
1478546641940,1.620000,1.590000,200,1.620000,400,0.620000,0.010000
1478546644508,1.620000,1.590000,200,1.620000,400,0.620000,0.010000
1478546646961,1.620000,1.590000,200,1.620000,400,0.620000,0.010000
1478546648443,1.620000,1.590000,200,1.620000,400,0.620000,0.010000
1478546651438,1.620000,1.590000,200,1.620000,400,0.620000,0.010000
1478546653451,1.620000,1.590000,200,1.620000,400,0.620000,0.010000
1478546657939,1.620000,1.590000,200,1.620000,400,0.620000,0.010000
1478546659511,1.620000,1.590000,200,1.620000,200,0.620000,0.010000
1478546662462,1.620000,1.590000,200,1.620000,200,0.620000,0.010000
1478546664461,1.620000,1.590000,200,1.620000,200,0.620000,0.010000
1478546666971,1.620000,1.590000,200,1.620000,200,0.620000,0.010000
1478546667962,1.620000,1.590000,200,1.620000,200,0.620000,0.010000
1478546671459,1.620000,1.590000,200,1.620000,200,0.620000,0.010000
1478546672962,1.620000,1.590000,200,1.620000,200,0.620000,0.010000
1478546675978,1.620000,1.590000,200,1.620000,200,0.620000,0.010000
1478546678455,1.620000,1.590000,200,1.620000,200,0.620000,0.010000
1478546680454,1.620000,1.590000,200,1.620000,200,0.620000,0.010000
1478546683461,1.620000,1.590000,200,1.620000,200,0.620000,0.010000
1478546685455,1.620000,1.590000,200,1.620000,200,0.620000,0.010000
1478546687948,1.620000,1.590000,200,1.620000,200,0.620000,0.010000
1478546689977,1.620000,1.590000,200,1.620000,200,0.620000,0.010000
1478546692458,1.620000,1.590000,200,1.620000,200,0.620000,0.010000
1478546694458,1.620000,1.590000,200,1.620000,200,0.620000,0.010000
1478546696962,1.620000,1.590000,200,1.620000,200,0.620000,0.010000
1478546698964,1.620000,1.590000,200,1.620000,200,0.620000,0.010000
1478546700975,1.620000,1.590000,200,1.620000,200,0.620000,0.010000
1478546703497,1.620000,1.590000,200,1.620000,200,0.620000,0.010000
1478546705505,1.620000,1.590000,200,1.620000,200,0.620000,0.010000
1478546707955,1.620000,1.590000,200,1.620000,200,0.620000,0.010000
1478546710477,1.620000,1.590000,200,1.620000,200,0.620000,0.010000
1478546712487,1.620000,1.590000,200,1.620000,200,0.620000,0.010000
1478546715022,1.620000,1.590000,200,1.620000,200,0.620000,0.010000
1478546716981,1.620000,1.590000,200,1.620000,200,0.620000,0.010000
1478546720037,1.620000,1.590000,200,1.620000,200,0.620000,0.010000
1478546721982,1.620000,1.590000,200,1.620000,400,0.620000,0.010000
1478546724475,1.620000,1.590000,200,1.620000,400,0.620000,0.010000
1478546726975,1.620000,1.590000,200,1.620000,400,0.620000,0.010000
1478546728473,1.620000,1.590000,200,1.620000,400,0.620000,0.010000
1478546731993,1.620000,1.590000,200,1.620000,400,0.620000,0.010000
1478546734369,1.620000,1.590000,200,1.620000,400,0.620000,0.010000
1478546736866,1.620000,1.590000,200,1.620000,400,0.620000,0.010000
1478546738907,1.620000,1.590000,200,1.620000,400,0.620000,0.010000
1478546741372,1.620000,1.590000,200,1.620000,400,0.620000,0.010000
1478546743374,1.620000,1.590000,200,1.620000,400,0.620000,0.010000
1478546745894,1.620000,1.590000,200,1.620000,400,0.620000,0.010000
1478546748378,1.620000,1.590000,200,1.620000,400,0.620000,0.010000
1478546750374,1.620000,1.590000,200,1.620000,400,0.620000,0.010000
1478546752878,1.620000,1.590000,200,1.620000,400,0.620000,0.010000
1478546754878,1.620000,1.590000,200,1.620000,400,0.620000,0.010000
1478546757379,1.620000,1.590000,200,1.620000,400,0.620000,0.010000
1478546760406,1.620000,1.590000,200,1.620000,400,0.620000,0.010000
1478546762890,1.620000,1.590000,200,1.620000,400,0.620000,0.010000
1478546764882,1.620000,1.590000,200,1.620000,400,0.620000,0.010000
1478546767385,1.620000,1.590000,200,1.620000,400,0.620000,0.010000
1478546769383,1.620000,1.590000,200,1.620000,200,0.620000,0.010000
1478546771886,1.620000,1.590000,200,1.620000,200,0.620000,0.010000
1478546774387,1.620000,1.590000,200,1.620000,200,0.620000,0.010000
1478546776390,1.620000,1.590000,200,1.620000,200,0.620000,0.010000
1478546778889,1.620000,1.590000,200,1.620000,200,0.620000,0.010000
1478546780930,1.620000,1.590000,200,1.620000,400,0.620000,0.010000
1478546782393,1.620000,1.590000,200,1.620000,400,0.620000,0.010000
1478546788902,1.620000,1.600000,800,1.620000,400,0.620000,0.010000
1478546791413,1.620000,1.600000,800,1.620000,400,0.620000,0.010000
1478546793897,1.620000,1.600000,800,1.620000,400,0.620000,0.010000
1478546795900,1.620000,1.600000,800,1.620000,400,0.620000,0.010000
1478546797902,1.620000,1.600000,800,1.620000,400,0.620000,0.010000
1478546800396,1.620000,1.600000,800,1.620000,400,0.620000,0.010000
1478546803430,1.620000,1.600000,800,1.620000,400,0.620000,0.010000
1478546805908,1.620000,1.600000,800,1.620000,400,0.620000,0.010000
1478546808417,1.620000,1.600000,800,1.620000,400,0.620000,0.010000
1478546810413,1.620000,1.600000,800,1.620000,400,0.620000,0.010000
1478546812902,1.620000,1.600000,800,1.620000,400,0.620000,0.010000
1478546814910,1.620000,1.600000,800,1.620000,400,0.620000,0.010000
1478546816913,1.620000,1.600000,800,1.620000,400,0.620000,0.010000
1478546819469,1.620000,1.600000,800,1.620000,400,0.620000,0.010000
1478546821907,1.620000,1.600000,800,1.620000,400,0.620000,0.010000
1478546823912,1.620000,1.600000,800,1.620000,400,0.620000,0.010000
1478546825914,1.620000,1.600000,800,1.620000,400,0.620000,0.010000
1478546828404,1.620000,1.600000,800,1.620000,400,0.620000,0.010000
1478546830410,1.620000,1.600000,800,1.620000,400,0.620000,0.010000
1478546832920,1.620000,1.600000,800,1.620000,400,0.620000,0.010000
1478546834956,1.620000,1.600000,800,1.620000,400,0.620000,0.010000
1478546837418,1.620000,1.600000,800,1.620000,400,0.620000,0.010000
1478546839414,1.620000,1.600000,800,1.620000,200,0.620000,0.010000
1478546841426,1.620000,1.600000,800,1.620000,200,0.620000,0.010000
1478546843924,1.620000,1.600000,800,1.620000,200,0.620000,0.010000
1478546846424,1.620000,1.600000,800,1.620000,200,0.620000,0.010000
1478546848917,1.620000,1.600000,800,1.620000,200,0.620000,0.010000
1478546851921,1.620000,1.600000,800,1.620000,200,0.620000,0.010000
1478546855419,1.620000,1.600000,800,1.620000,200,0.620000,0.010000
1478546857927,1.620000,1.600000,800,1.620000,200,0.620000,0.010000
1478546860920,1.620000,1.600000,800,1.620000,200,0.620000,0.010000
1478546863934,1.620000,1.600000,800,1.620000,200,0.620000,0.010000
1478546866436,1.620000,1.600000,800,1.620000,200,0.620000,0.010000
1478546868431,1.620000,1.600000,800,1.620000,200,0.620000,0.010000
1478546870934,1.620000,1.600000,800,1.620000,200,0.620000,0.010000
1478546872937,1.620000,1.600000,800,1.620000,200,0.620000,0.010000
1478546875434,1.620000,1.600000,800,1.620000,200,0.620000,0.010000
1478546877450,1.620000,1.600000,800,1.620000,200,0.620000,0.010000
1478546879936,1.620000,1.600000,800,1.620000,200,0.620000,0.010000
1478546883435,1.620000,1.600000,800,1.620000,200,0.620000,0.010000
1478546885949,1.620000,1.600000,800,1.620000,200,0.620000,0.010000
1478546887941,1.620000,1.600000,800,1.620000,200,0.620000,0.010000
1478546889944,1.620000,1.600000,800,1.620000,200,0.620000,0.010000
1478546892934,1.620000,1.600000,800,1.620000,200,0.620000,0.010000
1478546895946,1.620000,1.600000,800,1.620000,200,0.620000,0.010000
1478546934465,1.620000,1.600000,800,1.620000,400,0.620000,0.010000
1478546945966,1.620000,1.600000,800,1.620000,400,0.620000,0.010000
1478546945966,1.620000,1.600000,800,1.620000,400,0.620000,0.010000
1478546945966,1.620000,1.600000,800,1.620000,400,0.620000,0.010000
1478546945966,1.620000,1.600000,800,1.620000,400,0.620000,0.010000
1478546945966,1.620000,1.600000,800,1.620000,400,0.620000,0.010000
1478546945966,1.620000,1.600000,800,1.620000,400,0.620000,0.010000
1478546945966,1.620000,1.600000,800,1.620000,400,0.620000,0.010000
1478546979480,1.620000,1.600000,800,1.620000,400,0.620000,0.010000
1478546981479,1.620000,1.600000,800,1.620000,400,0.620000,0.010000
1478546983481,1.620000,1.600000,800,1.620000,400,0.620000,0.010000
1478546985494,1.620000,1.600000,800,1.620000,400,0.620000,0.010000
1478546987975,1.620000,1.600000,800,1.620000,400,0.620000,0.010000
1478546989493,1.620000,1.600000,800,1.620000,400,0.620000,0.010000
1478546992001,1.620000,1.600000,800,1.620000,400,0.620000,0.010000
1478546993869,1.620000,1.600000,800,1.620000,400,0.620000,0.010000
1478546995869,1.620000,1.600000,800,1.620000,400,0.620000,0.010000
1478546997870,1.620000,1.600000,800,1.620000,400,0.620000,0.010000
1478547000372,1.620000,1.600000,800,1.620000,400,0.620000,0.010000
1478547002374,1.620000,1.600000,800,1.620000,400,0.620000,0.010000
1478547004426,1.620000,1.600000,800,1.620000,400,0.620000,0.010000
1478547006394,1.620000,1.600000,800,1.620000,400,0.620000,0.010000
1478547008380,1.620000,1.600000,800,1.620000,400,0.620000,0.010000
1478547010410,1.620000,1.600000,800,1.620000,400,0.620000,0.010000
1478547012377,1.620000,1.600000,800,1.620000,400,0.620000,0.010000
1478547013878,1.620000,1.600000,800,1.620000,400,0.620000,0.010000
1478547016383,1.620000,1.600000,800,1.620000,400,0.620000,0.010000
1478547018398,1.620000,1.600000,800,1.620000,400,0.620000,0.010000
1478547020421,1.620000,1.600000,800,1.620000,400,0.620000,0.010000
1478547021882,1.620000,1.600000,800,1.620000,200,0.620000,0.010000
1478547024880,1.620000,1.600000,800,1.620000,200,0.620000,0.010000
1478547026386,1.620000,1.600000,800,1.620000,200,0.620000,0.010000
1478547028888,1.620000,1.600000,800,1.620000,200,0.620000,0.010000
1478547030887,1.620000,1.600000,800,1.620000,200,0.620000,0.010000
1478547032882,1.620000,1.600000,800,1.620000,200,0.620000,0.010000
1478547034910,1.620000,1.600000,800,1.620000,200,0.620000,0.010000
1478547036900,1.620000,1.600000,800,1.620000,200,0.620000,0.010000
1478547038886,1.620000,1.600000,800,1.620000,200,0.620000,0.010000
1478547041394,1.620000,1.600000,800,1.620000,200,0.620000,0.010000
1478547043388,1.620000,1.600000,800,1.620000,200,0.620000,0.010000
1478547045394,1.620000,1.600000,800,1.620000,200,0.620000,0.010000
1478547047388,1.620000,1.600000,800,1.620000,200,0.620000,0.010000
1478547049422,1.620000,1.600000,800,1.620000,200,0.620000,0.010000
1478547051393,1.620000,1.600000,800,1.620000,200,0.620000,0.010000
1478547053398,1.620000,1.600000,800,1.620000,200,0.620000,0.010000
1478547055401,1.620000,1.600000,800,1.620000,200,0.620000,0.010000
1478547057408,1.620000,1.600000,800,1.620000,200,0.620000,0.010000
1478547059906,1.620000,1.600000,800,1.620000,200,0.620000,0.010000
1478547061919,1.620000,1.600000,800,1.620000,200,0.620000,0.010000
1478547063901,1.620000,1.600000,800,1.620000,200,0.620000,0.010000
1478547065405,1.620000,1.600000,800,1.620000,200,0.620000,0.010000
1478547067896,1.620000,1.600000,800,1.620000,200,0.620000,0.010000
1478547069909,1.620000,1.600000,800,1.620000,200,0.620000,0.010000
1478547071907,1.620000,1.600000,800,1.620000,200,0.620000,0.010000
1478547073904,1.620000,1.600000,800,1.620000,200,0.620000,0.010000
1478547075911,1.620000,1.600000,800,1.620000,200,0.620000,0.010000
1478547077431,1.620000,1.600000,800,1.620000,200,0.620000,0.010000
1478547080414,1.620000,1.600000,800,1.620000,200,0.620000,0.010000
1478547082416,1.620000,1.600000,800,1.620000,200,0.620000,0.010000
1478547084413,1.620000,1.600000,800,1.620000,200,0.620000,0.010000
1478547086399,1.620000,1.600000,800,1.620000,200,0.620000,0.010000
1478547088408,1.620000,1.600000,800,1.620000,200,0.620000,0.010000
1478547090427,1.620000,1.600000,800,1.620000,200,0.620000,0.010000
1478547092453,1.620000,1.600000,800,1.620000,200,0.620000,0.010000
1478547094393,1.620000,1.600000,800,1.620000,200,0.620000,0.010000
1478547096412,1.620000,1.600000,800,1.620000,200,0.620000,0.010000
1478547098409,1.620000,1.600000,800,1.620000,200,0.620000,0.010000
1478547100907,1.620000,1.600000,800,1.620000,200,0.620000,0.010000
1478547102922,1.620000,1.600000,800,1.620000,400,0.620000,0.010000
1478547104914,1.620000,1.600000,800,1.620000,400,0.620000,0.010000
1478547106958,1.620000,1.600000,800,1.620000,400,0.620000,0.010000
1478547108953,1.620000,1.600000,800,1.620000,400,0.620000,0.010000
1478547110913,1.620000,1.600000,800,1.620000,400,0.620000,0.010000
1478547112424,1.620000,1.600000,800,1.620000,400,0.620000,0.010000
1478547114919,1.620000,1.600000,800,1.620000,400,0.620000,0.010000
1478547116931,1.620000,1.600000,800,1.620000,400,0.620000,0.010000
1478547118931,1.620000,1.600000,800,1.620000,400,0.620000,0.010000
1478547120923,1.620000,1.600000,800,1.620000,400,0.620000,0.010000
1478547123425,1.620000,1.600000,800,1.620000,400,0.620000,0.010000
1478547125424,1.620000,1.600000,800,1.620000,400,0.620000,0.010000
1478547127425,1.620000,1.600000,800,1.620000,400,0.620000,0.010000
1478547129432,1.620000,1.600000,800,1.620000,400,0.620000,0.010000
1478547131432,1.620000,1.600000,800,1.620000,400,0.620000,0.010000
1478547133448,1.620000,1.600000,800,1.620000,400,0.620000,0.010000
1478547135449,1.620000,1.600000,800,1.620000,400,0.620000,0.010000
1478547137486,1.620000,1.600000,800,1.620000,400,0.620000,0.010000
1478547139436,1.620000,1.600000,800,1.620000,400,0.620000,0.010000
1478547141432,1.620000,1.600000,800,1.620000,400,0.620000,0.010000
1478547143435,1.620000,1.600000,800,1.620000,400,0.620000,0.010000
1478547145938,1.620000,1.600000,800,1.620000,400,0.620000,0.010000
1478547147432,1.620000,1.600000,800,1.620000,400,0.620000,0.010000
1478547149425,1.620000,1.600000,800,1.620000,400,0.620000,0.010000
1478547151439,1.620000,1.600000,800,1.620000,400,0.620000,0.010000
1478547153936,1.620000,1.600000,800,1.620000,400,0.620000,0.010000
1478547155933,1.620000,1.600000,800,1.620000,400,0.620000,0.010000
1478547157976,1.620000,1.600000,800,1.620000,400,0.620000,0.010000
1478547159940,1.620000,1.600000,800,1.620000,400,0.620000,0.010000
1478547161945,1.620000,1.600000,800,1.620000,200,0.620000,0.010000
1478547163982,1.620000,1.600000,800,1.620000,200,0.620000,0.010000
1478547166431,1.620000,1.600000,800,1.620000,200,0.620000,0.010000
1478547168449,1.620000,1.600000,800,1.620000,200,0.620000,0.010000
1478547170443,1.620000,1.600000,800,1.620000,200,0.620000,0.010000
1478547172439,1.620000,1.600000,800,1.620000,400,0.620000,0.010000
1478547174435,1.620000,1.600000,800,1.620000,400,0.620000,0.010000
1478547176441,1.620000,1.600000,800,1.620000,400,0.620000,0.010000
1478547178454,1.620000,1.600000,800,1.620000,400,0.620000,0.010000
1478547179945,1.620000,1.600000,800,1.620000,400,0.620000,0.010000
1478547181476,1.620000,1.600000,800,1.620000,400,0.620000,0.010000
1478547184444,1.620000,1.600000,800,1.620000,400,0.620000,0.010000
1478547186953,1.620000,1.600000,800,1.620000,400,0.620000,0.010000
1478547188963,1.620000,1.600000,800,1.620000,400,0.620000,0.010000
1478547190461,1.620000,1.600000,800,1.620000,400,0.620000,0.010000
1478547192984,1.620000,1.600000,800,1.620000,400,0.620000,0.010000
1478547193995,1.620000,1.600000,800,1.620000,400,0.620000,0.010000
1478547196954,1.620000,1.600000,800,1.620000,400,0.620000,0.010000
1478547198953,1.620000,1.600000,800,1.620000,400,0.620000,0.010000
1478547200953,1.620000,1.600000,800,1.620000,200,0.620000,0.010000
1478547202971,1.620000,1.600000,800,1.620000,200,0.620000,0.010000
1478547205462,1.620000,1.600000,800,1.620000,200,0.620000,0.010000
1478547207460,1.620000,1.600000,800,1.620000,200,0.620000,0.010000
1478547209509,1.620000,1.600000,800,1.620000,200,0.620000,0.010000
1478547211472,1.600000,1.600000,800,1.620000,200,-0.620000,-0.010000
1478547213459,1.600000,1.600000,800,1.620000,200,-0.620000,-0.010000
1478547215467,1.600000,1.600000,800,1.620000,200,-0.620000,-0.010000
1478547217462,1.600000,1.600000,800,1.620000,200,-0.620000,-0.010000
1478547219465,1.600000,1.600000,800,1.620000,200,-0.620000,-0.010000
1478547221465,1.600000,1.600000,800,1.620000,200,-0.620000,-0.010000
1478547222968,1.600000,1.600000,800,1.620000,200,-0.620000,-0.010000
1478547225968,1.600000,1.600000,800,1.620000,200,-0.620000,-0.010000
1478547227980,1.600000,1.600000,800,1.620000,200,-0.620000,-0.010000
1478547229988,1.600000,1.600000,800,1.620000,200,-0.620000,-0.010000
1478547231974,1.600000,1.600000,800,1.620000,200,-0.620000,-0.010000
1478547233974,1.600000,1.600000,800,1.620000,200,-0.620000,-0.010000
1478547235481,1.600000,1.600000,800,1.620000,200,-0.620000,-0.010000
1478547237527,1.600000,1.600000,800,1.620000,200,-0.620000,-0.010000
1478547239983,1.600000,1.600000,800,1.620000,200,-0.620000,-0.010000
1478547241975,1.600000,1.600000,800,1.620000,200,-0.620000,-0.010000
1478547243983,1.600000,1.600000,800,1.620000,200,-0.620000,-0.010000
1478547246484,1.600000,1.600000,800,1.620000,200,-0.620000,-0.010000
1478547248488,1.600000,1.600000,800,1.620000,200,-0.620000,-0.010000
1478547250491,1.600000,1.600000,800,1.620000,200,-0.620000,-0.010000
1478547252487,1.600000,1.600000,800,1.620000,200,-0.620000,-0.010000
1478547253989,1.600000,1.600000,800,1.620000,200,-0.620000,-0.010000
1478547256872,1.600000,1.600000,800,1.620000,200,-0.620000,-0.010000
1478547258874,1.600000,1.600000,800,1.620000,200,-0.620000,-0.010000
1478547260873,1.600000,1.600000,800,1.620000,200,-0.620000,-0.010000
1478547262870,1.600000,1.600000,800,1.620000,200,-0.620000,-0.010000
1478547264881,1.600000,1.600000,800,1.620000,200,-0.620000,-0.010000
1478547266884,1.600000,1.600000,800,1.620000,200,-0.620000,-0.010000
1478547268879,1.600000,1.600000,800,1.620000,200,-0.620000,-0.010000
1478547270875,1.600000,1.600000,800,1.620000,200,-0.620000,-0.010000
1478547272877,1.600000,1.600000,800,1.620000,200,-0.620000,-0.010000
1478547274882,1.600000,1.600000,800,1.620000,200,-0.620000,-0.010000
1478547277385,1.600000,1.600000,800,1.620000,200,-0.620000,-0.010000
1478547279382,1.600000,1.600000,800,1.620000,200,-0.620000,-0.010000
1478547281381,1.600000,1.600000,800,1.620000,200,-0.620000,-0.010000
1478547283388,1.600000,1.600000,800,1.620000,200,-0.620000,-0.010000
1478547285381,1.600000,1.600000,800,1.620000,200,-0.620000,-0.010000
1478547287382,1.600000,1.600000,800,1.620000,200,-0.620000,-0.010000
1478547289387,1.600000,1.600000,800,1.620000,200,-0.620000,-0.010000
1478547291386,1.600000,1.600000,800,1.620000,200,-0.620000,-0.010000
1478547293401,1.600000,1.600000,800,1.620000,200,-0.620000,-0.010000
1478547295393,1.600000,1.600000,800,1.620000,200,-0.620000,-0.010000
1478547297395,1.600000,1.600000,800,1.620000,200,-0.620000,-0.010000
1478547299891,1.600000,1.600000,800,1.620000,200,-0.620000,-0.010000
1478547301887,1.600000,1.600000,800,1.620000,200,-0.620000,-0.010000
1478547303893,1.600000,1.600000,800,1.620000,200,-0.620000,-0.010000
1478547305895,1.600000,1.600000,800,1.620000,200,-0.620000,-0.010000
1478547307889,1.600000,1.600000,800,1.620000,200,-0.620000,-0.010000
1478547309900,1.600000,1.600000,800,1.620000,200,-0.620000,-0.010000
1478547311885,1.600000,1.600000,800,1.620000,200,-0.620000,-0.010000
1478547313894,1.600000,1.600000,800,1.620000,200,-0.620000,-0.010000
1478547315894,1.600000,1.600000,800,1.620000,200,-0.620000,-0.010000
1478547317899,1.600000,1.600000,800,1.620000,200,-0.620000,-0.010000
1478547320407,1.619500,1.600000,800,1.620000,200,0.590000,0.009500
1478547322431,1.619500,1.600000,800,1.620000,200,0.590000,0.009500
1478547323903,1.619500,1.600000,800,1.620000,200,0.590000,0.009500
1478547326408,1.619500,1.600000,800,1.620000,200,0.590000,0.009500
1478547328400,1.619500,1.600000,800,1.620000,200,0.590000,0.009500
1478547330401,1.619500,1.600000,800,1.620000,200,0.590000,0.009500
1478547332405,1.619500,1.600000,800,1.620000,200,0.590000,0.009500
1478547334410,1.619500,1.600000,800,1.620000,200,0.590000,0.009500
1478547336407,1.619500,1.600000,800,1.620000,200,0.590000,0.009500
1478547338395,1.619500,1.600000,800,1.620000,200,0.590000,0.009500
1478547340416,1.619500,1.600000,800,1.620000,200,0.590000,0.009500
1478547342911,1.619500,1.600000,800,1.620000,200,0.590000,0.009500
1478547344909,1.619500,1.600000,800,1.620000,200,0.590000,0.009500
1478547346902,1.619500,1.600000,800,1.620000,200,0.590000,0.009500
1478547348904,1.619500,1.600000,800,1.620000,200,0.590000,0.009500
1478547350914,1.619500,1.600000,800,1.620000,200,0.590000,0.009500
1478547352937,1.619500,1.600000,800,1.620000,200,0.590000,0.009500
1478547354417,1.619500,1.600000,800,1.620000,200,0.590000,0.009500
1478547356904,1.619500,1.600000,800,1.620000,200,0.590000,0.009500
1478547358411,1.619500,1.600000,800,1.620000,200,0.590000,0.009500
1478547361421,1.619500,1.600000,800,1.620000,200,0.590000,0.009500
1478547363416,1.619500,1.600000,800,1.620000,200,0.590000,0.009500
1478547365420,1.619500,1.600000,800,1.620000,200,0.590000,0.009500
1478547367413,1.619500,1.600000,800,1.620000,200,0.590000,0.009500
1478547369462,1.619500,1.600000,800,1.620000,200,0.590000,0.009500
1478547371404,1.619500,1.600000,800,1.620000,200,0.590000,0.009500
1478547373459,1.619500,1.600000,800,1.620000,200,0.590000,0.009500
1478547375429,1.619500,1.600000,800,1.620000,200,0.590000,0.009500
1478547377416,1.619500,1.600000,800,1.620000,200,0.590000,0.009500
1478547379424,1.619500,1.600000,800,1.620000,200,0.590000,0.009500
1478547381409,1.619500,1.600000,800,1.620000,200,0.590000,0.009500
1478547383936,1.619500,1.600000,800,1.620000,200,0.590000,0.009500
1478547385932,1.619500,1.600000,800,1.620000,200,0.590000,0.009500
1478547387428,1.619500,1.600000,800,1.620000,200,0.590000,0.009500
1478547389921,1.619500,1.600000,800,1.620000,200,0.590000,0.009500
1478547391929,1.619500,1.600000,800,1.620000,200,0.590000,0.009500
1478547393430,1.619500,1.600000,800,1.620000,200,0.590000,0.009500
1478547395977,1.619500,1.600000,800,1.620000,200,0.590000,0.009500
1478547397947,1.619500,1.600000,800,1.620000,200,0.590000,0.009500
1478547399429,1.619500,1.600000,800,1.620000,200,0.590000,0.009500
1478547401933,1.619500,1.600000,800,1.620000,200,0.590000,0.009500
1478547403936,1.619500,1.600000,800,1.620000,200,0.590000,0.009500
1478547406430,1.619500,1.600000,800,1.620000,200,0.590000,0.009500
1478547408433,1.619500,1.600000,800,1.620000,200,0.590000,0.009500
1478547409536,1.619500,1.600000,800,1.620000,200,0.590000,0.009500
1478547411948,1.619500,1.600000,800,1.620000,200,0.590000,0.009500
1478547414441,1.619500,1.600000,800,1.620000,200,0.590000,0.009500
1478547416440,1.619500,1.600000,800,1.620000,200,0.590000,0.009500
1478547418436,1.619500,1.600000,800,1.620000,200,0.590000,0.009500
1478547420437,1.619500,1.600000,800,1.620000,200,0.590000,0.009500
1478547422441,1.619500,1.600000,800,1.620000,200,0.590000,0.009500
1478547423972,1.619500,1.600000,800,1.620000,200,0.590000,0.009500
1478547426441,1.619500,1.600000,800,1.620000,200,0.590000,0.009500
1478547428936,1.619500,1.600000,800,1.620000,200,0.590000,0.009500
1478547430945,1.619500,1.600000,800,1.620000,200,0.590000,0.009500
1478547432941,1.619500,1.600000,800,1.620000,200,0.590000,0.009500
1478547434443,1.619500,1.600000,800,1.620000,200,0.590000,0.009500
1478547436942,1.619500,1.600000,800,1.620000,200,0.590000,0.009500
1478547438967,1.619500,1.600000,800,1.620000,200,0.590000,0.009500
1478547441449,1.619500,1.600000,800,1.620000,200,0.590000,0.009500
1478547443446,1.619500,1.600000,800,1.620000,200,0.590000,0.009500
1478547445459,1.619500,1.600000,800,1.620000,200,0.590000,0.009500
1478547447444,1.619500,1.600000,800,1.620000,200,0.590000,0.009500
1478547449451,1.619500,1.600000,800,1.620000,200,0.590000,0.009500
1478547451443,1.619500,1.600000,800,1.620000,200,0.590000,0.009500
1478547453455,1.619500,1.600000,800,1.620000,200,0.590000,0.009500
1478547455473,1.619500,1.600000,800,1.620000,200,0.590000,0.009500
1478547457456,1.619500,1.600000,800,1.620000,200,0.590000,0.009500
1478547459953,1.619500,1.600000,800,1.620000,200,0.590000,0.009500
1478547461464,1.619500,1.600000,800,1.620000,200,0.590000,0.009500
1478547463973,1.619500,1.600000,800,1.620000,200,0.590000,0.009500
1478547465949,1.619500,1.600000,800,1.620000,200,0.590000,0.009500
1478547467973,1.619500,1.600000,800,1.620000,200,0.590000,0.009500
1478547470010,1.619500,1.600000,800,1.620000,200,0.590000,0.009500
1478547471961,1.619500,1.600000,800,1.620000,200,0.590000,0.009500
1478547473956,1.619500,1.600000,800,1.620000,200,0.590000,0.009500
1478547475954,1.619500,1.600000,800,1.620000,200,0.590000,0.009500
1478547477962,1.619500,1.600000,800,1.620000,200,0.590000,0.009500
1478547480463,1.619500,1.600000,800,1.620000,200,0.590000,0.009500
1478547482455,1.619500,1.600000,800,1.620000,200,0.590000,0.009500
1478547484464,1.619500,1.600000,800,1.620000,200,0.590000,0.009500
1478547486468,1.619500,1.600000,800,1.620000,200,0.590000,0.009500
1478547488506,1.619500,1.600000,800,1.620000,200,0.590000,0.009500
1478547490467,1.619500,1.600000,800,1.620000,200,0.590000,0.009500
1478547492470,1.619500,1.600000,800,1.620000,200,0.590000,0.009500
1478547493983,1.619500,1.600000,800,1.620000,200,0.590000,0.009500
1478547496474,1.619500,1.600000,800,1.620000,200,0.590000,0.009500
1478547498478,1.619500,1.600000,800,1.620000,200,0.590000,0.009500
1478547500464,1.619500,1.600000,800,1.620000,200,0.590000,0.009500
1478547502481,1.619500,1.600000,800,1.620000,200,0.590000,0.009500
1478547504983,1.619500,1.600000,800,1.620000,200,0.590000,0.009500
1478547506965,1.619500,1.600000,800,1.620000,200,0.590000,0.009500
1478547508977,1.619500,1.600000,800,1.620000,200,0.590000,0.009500
1478547510981,1.619500,1.600000,800,1.620000,200,0.590000,0.009500
1478547512986,1.619500,1.600000,800,1.620000,200,0.590000,0.009500
1478547514979,1.619500,1.600000,800,1.620000,200,0.590000,0.009500
1478547515479,1.619500,1.600000,800,1.620000,200,0.590000,0.009500
1478547519025,1.619500,1.600000,800,1.620000,200,0.590000,0.009500
1478547520970,1.619500,1.600000,800,1.620000,200,0.590000,0.009500
1478547522974,1.619500,1.600000,800,1.620000,200,0.590000,0.009500
1478547525383,1.619500,1.600000,800,1.620000,200,0.590000,0.009500
1478547527368,1.619500,1.600000,800,1.620000,200,0.590000,0.009500
1478547529370,1.619500,1.600000,800,1.620000,200,0.590000,0.009500
1478547531371,1.619500,1.600000,800,1.620000,200,0.590000,0.009500
1478547533873,1.619500,1.600000,800,1.620000,200,0.590000,0.009500
1478547535874,1.619500,1.600000,800,1.620000,200,0.590000,0.009500
1478547537874,1.619500,1.600000,800,1.620000,200,0.590000,0.009500
1478547539890,1.619500,1.600000,800,1.620000,200,0.590000,0.009500
1478547541885,1.619500,1.600000,800,1.620000,200,0.590000,0.009500
1478547543876,1.619500,1.600000,800,1.620000,200,0.590000,0.009500
1478547545876,1.619500,1.600000,800,1.620000,200,0.590000,0.009500
1478547546884,1.619500,1.600000,800,1.620000,200,0.590000,0.009500
1478547549880,1.619500,1.600000,800,1.620000,200,0.590000,0.009500
1478547551906,1.619500,1.600000,800,1.620000,200,0.590000,0.009500
1478547553874,1.619500,1.600000,800,1.620000,200,0.590000,0.009500
1478547556417,1.619500,1.600000,800,1.620000,200,0.590000,0.009500
1478547558395,1.619500,1.600000,800,1.620000,200,0.590000,0.009500
1478547560387,1.619500,1.600000,800,1.620000,200,0.590000,0.009500
1478547562386,1.619500,1.600000,800,1.620000,200,0.590000,0.009500
1478547564390,1.619500,1.600000,800,1.620000,200,0.590000,0.009500
1478547566392,1.619500,1.600000,800,1.620000,200,0.590000,0.009500
1478547567925,1.619500,1.600000,800,1.620000,200,0.590000,0.009500
1478547570390,1.619500,1.600000,800,1.620000,200,0.590000,0.009500
1478547571920,1.619500,1.600000,800,1.620000,200,0.590000,0.009500
1478547574924,1.619500,1.600000,800,1.620000,200,0.590000,0.009500
1478547576892,1.619500,1.600000,800,1.620000,200,0.590000,0.009500
1478547578899,1.619500,1.600000,800,1.620000,200,0.590000,0.009500
1478547580397,1.619500,1.600000,800,1.620000,200,0.590000,0.009500
1478547582892,1.619500,1.600000,800,1.620000,200,0.590000,0.009500
1478547584898,1.619500,1.600000,800,1.620000,200,0.590000,0.009500
1478547586897,1.619500,1.600000,800,1.620000,200,0.590000,0.009500
1478547588899,1.619500,1.600000,800,1.620000,200,0.590000,0.009500
1478547590900,1.619500,1.600000,800,1.620000,200,0.590000,0.009500
1478547592904,1.619500,1.600000,800,1.620000,200,0.590000,0.009500
1478547594397,1.619500,1.600000,800,1.620000,200,0.590000,0.009500
1478547597424,1.619500,1.600000,800,1.620000,200,0.590000,0.009500
1478547599429,1.619500,1.600000,800,1.620000,200,0.590000,0.009500
1478547601404,1.619500,1.600000,800,1.620000,200,0.590000,0.009500
1478547603402,1.619500,1.600000,800,1.620000,200,0.590000,0.009500
1478547605441,1.619500,1.600000,800,1.620000,200,0.590000,0.009500
1478547607406,1.619500,1.600000,800,1.620000,200,0.590000,0.009500
1478547609414,1.619500,1.600000,800,1.620000,200,0.590000,0.009500
1478547611456,1.619500,1.600000,800,1.620000,200,0.590000,0.009500
1478547613410,1.619500,1.600000,800,1.620000,200,0.590000,0.009500
1478547615902,1.619500,1.600000,800,1.620000,200,0.590000,0.009500
1478547617912,1.619500,1.600000,800,1.620000,200,0.590000,0.009500
1478547619905,1.619500,1.600000,800,1.620000,200,0.590000,0.009500
1478547621908,1.619500,1.600000,800,1.620000,200,0.590000,0.009500
1478547623912,1.619500,1.600000,800,1.620000,200,0.590000,0.009500
1478547625927,1.619500,1.600000,800,1.620000,200,0.590000,0.009500
1478547627443,1.619500,1.600000,800,1.620000,200,0.590000,0.009500
1478547630414,1.619500,1.600000,800,1.620000,200,0.590000,0.009500
1478547632418,1.619500,1.600000,800,1.620000,200,0.590000,0.009500
1478547634411,1.619500,1.600000,800,1.620000,200,0.590000,0.009500
1478547636419,1.619500,1.600000,800,1.620000,200,0.590000,0.009500
1478547638450,1.619500,1.600000,800,1.620000,200,0.590000,0.009500
1478547640418,1.619500,1.600000,800,1.620000,200,0.590000,0.009500
1478547641929,1.619500,1.600000,800,1.620000,200,0.590000,0.009500
1478547644405,1.619500,1.600000,800,1.620000,200,0.590000,0.009500
1478547646915,1.619500,1.600000,800,1.620000,200,0.590000,0.009500
1478547648922,1.619500,1.600000,800,1.620000,200,0.590000,0.009500
1478547650924,1.619500,1.600000,800,1.620000,200,0.590000,0.009500
1478547652425,1.619500,1.600000,800,1.620000,200,0.590000,0.009500
1478547653929,1.619500,1.600000,800,1.620000,200,0.590000,0.009500
1478547656927,1.619500,1.600000,800,1.620000,200,0.590000,0.009500
1478547658925,1.619500,1.600000,800,1.620000,200,0.590000,0.009500
1478547660927,1.619500,1.600000,800,1.620000,200,0.590000,0.009500
1478547663424,1.619500,1.600000,800,1.620000,200,0.590000,0.009500
1478547665430,1.619500,1.600000,800,1.620000,200,0.590000,0.009500
1478547667429,1.619500,1.600000,800,1.620000,200,0.590000,0.009500
1478547668421,1.619500,1.600000,800,1.620000,200,0.590000,0.009500
1478547671445,1.619500,1.600000,800,1.620000,200,0.590000,0.009500
1478547672419,1.619500,1.600000,800,1.620000,200,0.590000,0.009500
1478547675423,1.619500,1.600000,800,1.620000,200,0.590000,0.009500
1478547677432,1.619500,1.600000,800,1.620000,200,0.590000,0.009500
1478547679480,1.619500,1.600000,800,1.620000,200,0.590000,0.009500
1478547681918,1.619500,1.600000,800,1.620000,200,0.590000,0.009500
1478547683433,1.619500,1.600000,800,1.620000,200,0.590000,0.009500
1478547685937,1.619500,1.600000,800,1.620000,200,0.590000,0.009500
1478547686935,1.619500,1.600000,800,1.620000,200,0.590000,0.009500
1478547689944,1.619500,1.600000,800,1.620000,200,0.590000,0.009500
1478547691940,1.619500,1.600000,800,1.620000,200,0.590000,0.009500
1478547693937,1.619500,1.600000,800,1.620000,200,0.590000,0.009500
1478547695432,1.619500,1.600000,800,1.620000,200,0.590000,0.009500
1478547697982,1.619500,1.600000,800,1.620000,200,0.590000,0.009500
1478547699934,1.619500,1.600000,800,1.620000,200,0.590000,0.009500
1478547702450,1.619500,1.600000,800,1.620000,200,0.590000,0.009500
1478547704484,1.619500,1.600000,800,1.620000,200,0.590000,0.009500
1478547706438,1.619500,1.600000,800,1.620000,200,0.590000,0.009500
1478547707942,1.619500,1.600000,800,1.620000,200,0.590000,0.009500
1478547710442,1.619500,1.600000,800,1.620000,200,0.590000,0.009500
1478547712442,1.619500,1.600000,800,1.620000,200,0.590000,0.009500
1478547713976,1.619500,1.600000,800,1.620000,200,0.590000,0.009500
1478547716444,1.619500,1.600000,800,1.620000,200,0.590000,0.009500
1478547718460,1.619500,1.600000,800,1.620000,200,0.590000,0.009500
1478547720445,1.619500,1.600000,800,1.620000,200,0.590000,0.009500
1478547721947,1.619500,1.600000,800,1.620000,200,0.590000,0.009500
1478547724947,1.619500,1.600000,800,1.620000,200,0.590000,0.009500
1478547726949,1.619500,1.600000,800,1.620000,200,0.590000,0.009500
1478547728447,1.619500,1.600000,800,1.620000,200,0.590000,0.009500
1478547728949,1.619500,1.600000,800,1.620000,200,0.590000,0.009500
1478547732958,1.619500,1.600000,800,1.620000,200,0.590000,0.009500
1478547734938,1.619500,1.600000,800,1.620000,200,0.590000,0.009500
1478547736952,1.619500,1.600000,800,1.620000,200,0.590000,0.009500
1478547738463,1.619500,1.600000,800,1.620000,200,0.590000,0.009500
1478547740462,1.619500,1.600000,800,1.620000,200,0.590000,0.009500
1478547742968,1.619500,1.600000,800,1.620000,200,0.590000,0.009500
1478547744488,1.619500,1.600000,800,1.620000,200,0.590000,0.009500
1478547746983,1.619500,1.600000,800,1.620000,200,0.590000,0.009500
1478547749452,1.619500,1.600000,800,1.620000,200,0.590000,0.009500
1478547751462,1.619500,1.600000,800,1.620000,200,0.590000,0.009500
1478547753463,1.619500,1.600000,800,1.620000,200,0.590000,0.009500
1478547754968,1.619500,1.600000,800,1.620000,200,0.590000,0.009500
1478547757470,1.619500,1.600000,800,1.620000,200,0.590000,0.009500
1478547759467,1.619500,1.600000,800,1.620000,200,0.590000,0.009500
1478547761469,1.619500,1.600000,800,1.620000,200,0.590000,0.009500
1478547763521,1.619500,1.600000,800,1.620000,200,0.590000,0.009500
1478547765461,1.619500,1.600000,800,1.620000,200,0.590000,0.009500
1478547767966,1.619500,1.600000,800,1.620000,200,0.590000,0.009500
1478547769970,1.619500,1.600000,800,1.620000,200,0.590000,0.009500
1478547771468,1.619500,1.600000,800,1.620000,200,0.590000,0.009500
1478547773976,1.619500,1.600000,800,1.620000,200,0.590000,0.009500
1478547775967,1.619500,1.600000,800,1.620000,200,0.590000,0.009500
1478547778000,1.619500,1.600000,800,1.620000,200,0.590000,0.009500
1478547779983,1.619500,1.600000,800,1.620000,200,0.590000,0.009500
1478547781983,1.619500,1.600000,800,1.620000,200,0.590000,0.009500
1478547783985,1.619500,1.600000,800,1.620000,200,0.590000,0.009500
1478547785971,1.619500,1.600000,800,1.620000,200,0.590000,0.009500
1478547788488,1.619500,1.600000,800,1.620000,200,0.590000,0.009500
1478547790483,1.619500,1.600000,800,1.620000,200,0.590000,0.009500
1478547791485,1.619500,1.600000,800,1.620000,200,0.590000,0.009500
1478547794369,1.619500,1.600000,800,1.620000,200,0.590000,0.009500
1478547796869,1.619500,1.600000,800,1.620000,200,0.590000,0.009500
1478547798869,1.619500,1.600000,800,1.620000,200,0.590000,0.009500
1478547800871,1.619500,1.600000,800,1.620000,200,0.590000,0.009500
1478547802870,1.619500,1.600000,800,1.620000,200,0.590000,0.009500
1478547804892,1.619500,1.600000,800,1.620000,200,0.590000,0.009500
1478547806874,1.619500,1.600000,800,1.620000,200,0.590000,0.009500
1478547808877,1.619500,1.600000,800,1.620000,200,0.590000,0.009500
1478547810878,1.619500,1.600000,800,1.620000,200,0.590000,0.009500
1478547812878,1.619500,1.600000,800,1.620000,200,0.590000,0.009500
1478547814877,1.619500,1.600000,800,1.620000,200,0.590000,0.009500
1478547817378,1.619500,1.600000,800,1.620000,200,0.590000,0.009500
1478547819381,1.619500,1.600000,800,1.620000,200,0.590000,0.009500
1478547821379,1.619500,1.600000,800,1.620000,200,0.590000,0.009500
1478547823397,1.619500,1.600000,800,1.620000,200,0.590000,0.009500
1478547825389,1.619500,1.600000,800,1.620000,200,0.590000,0.009500
1478547827386,1.619500,1.600000,800,1.620000,200,0.590000,0.009500
1478547829417,1.619500,1.600000,800,1.620000,200,0.590000,0.009500
1478547830891,1.619500,1.600000,800,1.620000,200,0.590000,0.009500
1478547833383,1.619500,1.600000,800,1.620000,200,0.590000,0.009500
1478547835424,1.619500,1.600000,800,1.620000,200,0.590000,0.009500
1478547837415,1.619500,1.600000,800,1.620000,200,0.590000,0.009500
1478547839899,1.619500,1.600000,800,1.620000,200,0.590000,0.009500
1478547841904,1.619500,1.600000,800,1.620000,200,0.590000,0.009500
1478547843389,1.619500,1.600000,800,1.620000,200,0.590000,0.009500
1478547845891,1.619500,1.600000,800,1.620000,200,0.590000,0.009500
1478547847896,1.619500,1.600000,800,1.620000,200,0.590000,0.009500
1478547849895,1.619500,1.600000,800,1.620000,200,0.590000,0.009500
1478547851930,1.619500,1.600000,800,1.620000,200,0.590000,0.009500
1478547853978,1.619500,1.600000,800,1.620000,200,0.590000,0.009500
1478547855903,1.619500,1.600000,800,1.620000,200,0.590000,0.009500
1478547858396,1.619500,1.600000,800,1.620000,200,0.590000,0.009500
1478547859899,1.619500,1.600000,800,1.620000,200,0.590000,0.009500
1478547862398,1.619500,1.600000,800,1.620000,200,0.590000,0.009500
1478547864396,1.619500,1.600000,800,1.620000,200,0.590000,0.009500
1478547866458,1.619500,1.600000,800,1.620000,200,0.590000,0.009500
1478547868439,1.619500,1.600000,800,1.620000,200,0.590000,0.009500
1478547870397,1.619500,1.600000,800,1.620000,200,0.590000,0.009500
1478547872401,1.619500,1.600000,800,1.620000,200,0.590000,0.009500
1478547874401,1.619500,1.600000,800,1.620000,200,0.590000,0.009500
1478547876402,1.619500,1.600000,800,1.620000,200,0.590000,0.009500
1478547878911,1.619500,1.600000,800,1.620000,200,0.590000,0.009500
1478547880952,1.619500,1.600000,800,1.620000,200,0.590000,0.009500
1478547882945,1.619500,1.600000,800,1.620000,200,0.590000,0.009500
1478547884899,1.619500,1.600000,800,1.620000,200,0.590000,0.009500
1478547886913,1.619500,1.600000,800,1.620000,200,0.590000,0.009500
1478547888909,1.619500,1.600000,800,1.620000,200,0.590000,0.009500
1478547890949,1.619500,1.600000,800,1.620000,200,0.590000,0.009500
1478547892906,1.619500,1.600000,800,1.620000,200,0.590000,0.009500
1478547895435,1.619500,1.600000,800,1.620000,200,0.590000,0.009500
1478547897410,1.619500,1.600000,800,1.620000,200,0.590000,0.009500
1478547899421,1.619500,1.600000,800,1.620000,200,0.590000,0.009500
1478547901415,1.619500,1.600000,800,1.620000,200,0.590000,0.009500
1478547903455,1.619500,1.600000,800,1.620000,200,0.590000,0.009500
1478547905412,1.619500,1.600000,800,1.620000,200,0.590000,0.009500
1478547907408,1.619500,1.600000,800,1.620000,200,0.590000,0.009500
1478547908418,1.619500,1.600000,800,1.620000,200,0.590000,0.009500
1478547908922,1.619500,1.600000,800,1.620000,200,0.590000,0.009500
1478547913420,1.619500,1.600000,800,1.620000,200,0.590000,0.009500
1478547915917,1.619500,1.600000,800,1.620000,200,0.590000,0.009500
1478547917915,1.619500,1.600000,800,1.620000,200,0.590000,0.009500
1478547919925,1.619500,1.600000,800,1.620000,200,0.590000,0.009500
1478547921958,1.619500,1.600000,800,1.620000,200,0.590000,0.009500
1478547923919,1.619500,1.600000,800,1.620000,200,0.590000,0.009500
1478547925429,1.619500,1.600000,800,1.620000,200,0.590000,0.009500
1478547927966,1.619500,1.600000,800,1.620000,200,0.590000,0.009500
1478547929925,1.619500,1.600000,800,1.620000,200,0.590000,0.009500
1478547931932,1.619500,1.600000,800,1.620000,200,0.590000,0.009500
1478547933927,1.619500,1.600000,800,1.620000,200,0.590000,0.009500
1478547936431,1.619500,1.600000,800,1.620000,200,0.590000,0.009500
1478547938422,1.619500,1.600000,800,1.620000,200,0.590000,0.009500
1478547939466,1.619500,1.600000,800,1.620000,200,0.590000,0.009500
1478547942442,1.619500,1.600000,800,1.620000,200,0.590000,0.009500
1478547944443,1.619500,1.600000,800,1.620000,200,0.590000,0.009500
1478547946470,1.619500,1.600000,800,1.620000,200,0.590000,0.009500
1478547948427,1.619500,1.600000,800,1.620000,200,0.590000,0.009500
1478547950437,1.619500,1.600000,800,1.620000,200,0.590000,0.009500
1478547951949,1.619500,1.600000,800,1.620000,200,0.590000,0.009500
1478547954470,1.619500,1.600000,800,1.620000,200,0.590000,0.009500
1478547956929,1.619500,1.600000,800,1.620000,200,0.590000,0.009500
1478547958940,1.619500,1.600000,800,1.620000,200,0.590000,0.009500
1478547960938,1.619500,1.600000,800,1.620000,200,0.590000,0.009500
1478547962941,1.619500,1.600000,800,1.620000,200,0.590000,0.009500
1478547964939,1.619500,1.600000,800,1.620000,200,0.590000,0.009500
1478547966466,1.619500,1.600000,800,1.620000,200,0.590000,0.009500
1478547968930,1.619500,1.600000,800,1.620000,200,0.590000,0.009500
1478547970941,1.619500,1.600000,800,1.620000,200,0.590000,0.009500
1478547972450,1.619500,1.600000,800,1.620000,200,0.590000,0.009500
1478547974952,1.619500,1.600000,800,1.620000,200,0.590000,0.009500
1478547976973,1.619500,1.600000,800,1.620000,200,0.590000,0.009500
1478547979444,1.619500,1.600000,800,1.620000,200,0.590000,0.009500
1478547981481,1.619500,1.600000,800,1.620000,200,0.590000,0.009500
1478547983488,1.619500,1.600000,800,1.620000,200,0.590000,0.009500
1478547985455,1.619500,1.600000,800,1.620000,200,0.590000,0.009500
1478547987452,1.619500,1.600000,800,1.620000,200,0.590000,0.009500
1478547989454,1.619500,1.600000,800,1.620000,200,0.590000,0.009500
1478547991447,1.619500,1.600000,800,1.620000,400,0.590000,0.009500
1478547993456,1.619500,1.600000,800,1.620000,400,0.590000,0.009500
1478547995459,1.619500,1.600000,800,1.620000,400,0.590000,0.009500
1478547997030,1.619500,1.600000,800,1.620000,400,0.590000,0.009500
1478547999454,1.619500,1.600000,800,1.620000,400,0.590000,0.009500
1478548001950,1.619500,1.600000,800,1.620000,400,0.590000,0.009500
1478548003461,1.619500,1.600000,800,1.620000,400,0.590000,0.009500
1478548004950,1.619500,1.600000,800,1.620000,400,0.590000,0.009500
1478548007973,1.619500,1.600000,800,1.620000,400,0.590000,0.009500
1478548009959,1.619500,1.600000,800,1.620000,400,0.590000,0.009500
1478548011980,1.619500,1.600000,800,1.620000,400,0.590000,0.009500
1478548013960,1.619500,1.600000,800,1.620000,400,0.590000,0.009500
1478548015963,1.619500,1.600000,800,1.620000,400,0.590000,0.009500
1478548018449,1.619500,1.600000,800,1.620000,400,0.590000,0.009500
1478548020465,1.619500,1.600000,800,1.620000,400,0.590000,0.009500
1478548022451,1.619500,1.600000,800,1.620000,400,0.590000,0.009500
1478548024516,1.619500,1.600000,800,1.620000,400,0.590000,0.009500
1478548026502,1.619500,1.600000,800,1.620000,400,0.590000,0.009500
1478548028469,1.619500,1.600000,800,1.620000,400,0.590000,0.009500
1478548030469,1.619500,1.600000,800,1.620000,400,0.590000,0.009500
1478548032985,1.619500,1.600000,800,1.620000,400,0.590000,0.009500
1478548034965,1.619500,1.600000,800,1.620000,400,0.590000,0.009500
1478548036967,1.619500,1.600000,800,1.620000,400,0.590000,0.009500
1478548038981,1.619500,1.600000,800,1.620000,200,0.590000,0.009500
1478548040983,1.619500,1.600000,800,1.620000,200,0.590000,0.009500
1478548042967,1.619500,1.600000,800,1.620000,200,0.590000,0.009500
1478548044967,1.619500,1.600000,800,1.620000,200,0.590000,0.009500
1478548046505,1.619500,1.600000,800,1.620000,200,0.590000,0.009500
1478548048979,1.619500,1.600000,800,1.620000,200,0.590000,0.009500
1478548051474,1.619500,1.600000,800,1.620000,200,0.590000,0.009500
1478548053484,1.619500,1.600000,800,1.620000,200,0.590000,0.009500
1478548055485,1.619500,1.600000,800,1.620000,200,0.590000,0.009500
1478548057468,1.619500,1.600000,800,1.620000,200,0.590000,0.009500
1478548059475,1.619500,1.600000,800,1.620000,200,0.590000,0.009500
1478548061472,1.619500,1.600000,800,1.620000,200,0.590000,0.009500
1478548062964,1.619500,1.600000,800,1.620000,200,0.590000,0.009500
1478548065371,1.619500,1.600000,800,1.620000,200,0.590000,0.009500
1478548067879,1.619500,1.600000,800,1.620000,200,0.590000,0.009500
1478548069883,1.619500,1.600000,800,1.620000,200,0.590000,0.009500
1478548071369,1.619500,1.600000,800,1.620000,200,0.590000,0.009500
1478548073870,1.619500,1.600000,800,1.620000,200,0.590000,0.009500
1478548075870,1.619500,1.600000,800,1.620000,200,0.590000,0.009500
1478548077374,1.619500,1.600000,800,1.620000,200,0.590000,0.009500
1478548079874,1.619500,1.600000,800,1.620000,200,0.590000,0.009500
1478548082422,1.619500,1.600000,800,1.620000,200,0.590000,0.009500
1478548084380,1.619500,1.600000,800,1.620000,200,0.590000,0.009500
1478548086378,1.619500,1.600000,800,1.620000,200,0.590000,0.009500
1478548087876,1.619500,1.600000,800,1.620000,200,0.590000,0.009500
1478548090375,1.619500,1.600000,800,1.620000,200,0.590000,0.009500
1478548092379,1.619500,1.600000,800,1.620000,200,0.590000,0.009500
1478548093878,1.619500,1.600000,800,1.620000,200,0.590000,0.009500
1478548096381,1.619500,1.600000,800,1.620000,200,0.590000,0.009500
1478548098404,1.619500,1.600000,800,1.620000,200,0.590000,0.009500
1478548100388,1.619500,1.600000,800,1.620000,200,0.590000,0.009500
1478548102883,1.619500,1.600000,800,1.620000,200,0.590000,0.009500
1478548104883,1.619500,1.600000,800,1.620000,200,0.590000,0.009500
1478548106887,1.619500,1.600000,800,1.620000,200,0.590000,0.009500
1478548108890,1.619500,1.600000,800,1.620000,200,0.590000,0.009500
1478548110897,1.619500,1.600000,800,1.620000,200,0.590000,0.009500
1478548112888,1.619500,1.600000,800,1.620000,400,0.590000,0.009500
1478548114386,1.619500,1.600000,800,1.620000,400,0.590000,0.009500
1478548116891,1.619500,1.600000,800,1.620000,400,0.590000,0.009500
1478548118889,1.619500,1.600000,800,1.620000,400,0.590000,0.009500
1478548120886,1.619500,1.600000,800,1.620000,400,0.590000,0.009500
1478548123401,1.619500,1.600000,800,1.620000,400,0.590000,0.009500
1478548125395,1.619500,1.600000,800,1.620000,400,0.590000,0.009500
1478548127427,1.619500,1.600000,800,1.620000,400,0.590000,0.009500
1478548129429,1.619500,1.600000,800,1.620000,400,0.590000,0.009500
1478548131401,1.619500,1.600000,800,1.620000,400,0.590000,0.009500
1478548133399,1.619500,1.600000,800,1.620000,400,0.590000,0.009500
1478548135398,1.619500,1.600000,800,1.620000,400,0.590000,0.009500
1478548137397,1.619500,1.600000,800,1.620000,400,0.590000,0.009500
1478548139398,1.619500,1.600000,800,1.620000,400,0.590000,0.009500
1478548141419,1.619500,1.600000,800,1.620000,400,0.590000,0.009500
1478548143407,1.619500,1.600000,800,1.620000,400,0.590000,0.009500
1478548145899,1.619500,1.600000,800,1.620000,400,0.590000,0.009500
1478548147949,1.619500,1.600000,800,1.620000,400,0.590000,0.009500
1478548149897,1.619500,1.600000,800,1.620000,400,0.590000,0.009500
1478548151904,1.619500,1.600000,800,1.620000,400,0.590000,0.009500
1478548153907,1.619500,1.600000,800,1.620000,400,0.590000,0.009500
1478548155961,1.619500,1.600000,800,1.620000,400,0.590000,0.009500
1478548157921,1.619500,1.600000,800,1.620000,400,0.590000,0.009500
1478548159918,1.619500,1.600000,800,1.620000,200,0.590000,0.009500
1478548161906,1.619500,1.600000,800,1.620000,200,0.590000,0.009500
1478548163910,1.619500,1.600000,800,1.620000,200,0.590000,0.009500
1478548165909,1.619500,1.600000,800,1.620000,200,0.590000,0.009500
1478548168411,1.619500,1.600000,800,1.620000,200,0.590000,0.009500
1478548170442,1.619500,1.600000,800,1.620000,400,0.590000,0.009500
1478548172413,1.619500,1.600000,800,1.620000,400,0.590000,0.009500
1478548174422,1.619500,1.600000,800,1.620000,400,0.590000,0.009500
1478548176411,1.619500,1.600000,800,1.620000,400,0.590000,0.009500
1478548177922,1.619500,1.600000,800,1.620000,400,0.590000,0.009500
1478548180417,1.619500,1.600000,800,1.620000,400,0.590000,0.009500
1478548182411,1.619500,1.600000,800,1.620000,400,0.590000,0.009500
1478548184444,1.619500,1.600000,800,1.620000,400,0.590000,0.009500
1478548186426,1.619500,1.600000,800,1.620000,400,0.590000,0.009500
1478548188929,1.619500,1.600000,800,1.620000,400,0.590000,0.009500
1478548190918,1.619500,1.600000,800,1.620000,400,0.590000,0.009500
1478548192920,1.619500,1.600000,800,1.620000,400,0.590000,0.009500
1478548194925,1.619500,1.600000,800,1.620000,400,0.590000,0.009500
1478548196961,1.619500,1.600000,800,1.620000,400,0.590000,0.009500
1478548198947,1.619500,1.600000,800,1.620000,400,0.590000,0.009500
1478548200930,1.619500,1.600000,800,1.620000,400,0.590000,0.009500
1478548202923,1.619500,1.600000,800,1.620000,400,0.590000,0.009500
1478548205418,1.619500,1.600000,800,1.620000,400,0.590000,0.009500
1478548207440,1.619500,1.600000,800,1.620000,400,0.590000,0.009500
1478548209427,1.619500,1.600000,800,1.620000,400,0.590000,0.009500
1478548211461,1.619500,1.600000,800,1.620000,400,0.590000,0.009500
1478548212954,1.619500,1.600000,800,1.620000,400,0.590000,0.009500
1478548215436,1.619500,1.600000,800,1.620000,400,0.590000,0.009500
1478548217431,1.619500,1.600000,800,1.620000,400,0.590000,0.009500
1478548219480,1.619500,1.600000,800,1.620000,200,0.590000,0.009500
1478548221441,1.619500,1.600000,800,1.620000,200,0.590000,0.009500
1478548223943,1.619500,1.600000,800,1.620000,200,0.590000,0.009500
1478548225937,1.619500,1.600000,800,1.620000,200,0.590000,0.009500
1478548227959,1.619500,1.600000,800,1.620000,200,0.590000,0.009500
1478548229936,1.619500,1.600000,800,1.620000,200,0.590000,0.009500
1478548231943,1.619500,1.600000,800,1.620000,200,0.590000,0.009500
1478548233933,1.619500,1.600000,800,1.620000,200,0.590000,0.009500
1478548235947,1.619500,1.600000,800,1.620000,200,0.590000,0.009500
1478548237941,1.619500,1.600000,800,1.620000,200,0.590000,0.009500
1478548239945,1.619500,1.600000,800,1.620000,200,0.590000,0.009500
1478548242440,1.619500,1.600000,800,1.620000,200,0.590000,0.009500
1478548244453,1.619500,1.600000,800,1.620000,200,0.590000,0.009500
1478548246438,1.619500,1.600000,800,1.620000,200,0.590000,0.009500
1478548248443,1.619500,1.600000,800,1.620000,200,0.590000,0.009500
1478548250447,1.619500,1.600000,800,1.620000,200,0.590000,0.009500
1478548252449,1.619500,1.600000,800,1.620000,200,0.590000,0.009500
1478548254461,1.619500,1.600000,800,1.620000,200,0.590000,0.009500
1478548255498,1.619500,1.600000,800,1.620000,200,0.590000,0.009500
1478548258457,1.619500,1.600000,800,1.620000,200,0.590000,0.009500
1478548260957,1.619500,1.600000,800,1.620000,200,0.590000,0.009500
1478548262954,1.619500,1.600000,800,1.620000,200,0.590000,0.009500
1478548264475,1.619500,1.600000,800,1.620000,200,0.590000,0.009500
1478548266961,1.619500,1.600000,800,1.620000,200,0.590000,0.009500
1478548268578,1.619500,1.600000,800,1.620000,200,0.590000,0.009500
1478548270478,1.619500,1.600000,800,1.620000,200,0.590000,0.009500
1478548273956,1.619500,1.600000,800,1.620000,200,0.590000,0.009500
1478548276467,1.619500,1.600000,800,1.620000,200,0.590000,0.009500
1478548278501,1.619500,1.600000,800,1.620000,200,0.590000,0.009500
1478548280462,1.619500,1.600000,800,1.620000,200,0.590000,0.009500
1478548282461,1.619500,1.600000,800,1.620000,200,0.590000,0.009500
1478548284498,1.619500,1.600000,800,1.620000,200,0.590000,0.009500
1478548286475,1.619500,1.600000,800,1.620000,200,0.590000,0.009500
1478548288470,1.619500,1.600000,800,1.620000,200,0.590000,0.009500
1478548290471,1.619500,1.600000,800,1.620000,200,0.590000,0.009500
1478548292464,1.619500,1.600000,800,1.620000,400,0.590000,0.009500
1478548294474,1.619500,1.600000,800,1.620000,400,0.590000,0.009500
1478548296468,1.619500,1.600000,800,1.620000,400,0.590000,0.009500
1478548298498,1.619500,1.600000,800,1.620000,400,0.590000,0.009500
1478548300956,1.619500,1.600000,800,1.620000,400,0.590000,0.009500
1478548303008,1.619500,1.600000,800,1.620000,400,0.590000,0.009500
1478548304977,1.619500,1.600000,800,1.620000,400,0.590000,0.009500
1478548306985,1.619500,1.600000,800,1.620000,400,0.590000,0.009500
1478548309019,1.619500,1.600000,800,1.620000,400,0.590000,0.009500
1478548310980,1.619500,1.600000,800,1.620000,400,0.590000,0.009500
1478548313022,1.619500,1.600000,800,1.620000,400,0.590000,0.009500
1478548314983,1.619500,1.600000,800,1.620000,400,0.590000,0.009500
1478548316978,1.619500,1.600000,800,1.620000,400,0.590000,0.009500
1478548319477,1.619500,1.600000,800,1.620000,400,0.590000,0.009500
1478548321512,1.619500,1.600000,800,1.620000,400,0.590000,0.009500
1478548323479,1.619500,1.600000,800,1.620000,400,0.590000,0.009500
1478548325470,1.619500,1.600000,800,1.620000,400,0.590000,0.009500
1478548327529,1.619500,1.600000,800,1.620000,400,0.590000,0.009500
1478548328510,1.619500,1.600000,800,1.620000,400,0.590000,0.009500
1478548331489,1.619500,1.600000,800,1.620000,400,0.590000,0.009500
1478548333480,1.619500,1.600000,800,1.620000,400,0.590000,0.009500
1478548335869,1.619500,1.600000,800,1.620000,400,0.590000,0.009500
1478548337910,1.619500,1.600000,800,1.620000,400,0.590000,0.009500
1478548339870,1.619500,1.600000,800,1.620000,400,0.590000,0.009500
1478548341876,1.619500,1.600000,800,1.620000,400,0.590000,0.009500
1478548343906,1.619500,1.600000,800,1.620000,400,0.590000,0.009500
1478548345881,1.619500,1.600000,800,1.620000,400,0.590000,0.009500
1478548348373,1.619500,1.600000,800,1.620000,400,0.590000,0.009500
1478548350379,1.619500,1.600000,800,1.620000,400,0.590000,0.009500
1478548352380,1.619500,1.600000,800,1.620000,400,0.590000,0.009500
1478548354382,1.619500,1.600000,800,1.620000,200,0.590000,0.009500
1478548356413,1.619500,1.600000,800,1.620000,200,0.590000,0.009500
1478548358377,1.619500,1.600000,800,1.620000,200,0.590000,0.009500
1478548360382,1.619500,1.600000,800,1.620000,200,0.590000,0.009500
1478548362380,1.619500,1.600000,800,1.620000,200,0.590000,0.009500
1478548364385,1.619500,1.600000,800,1.620000,400,0.590000,0.009500
1478548366386,1.619500,1.600000,800,1.620000,400,0.590000,0.009500
1478548368889,1.619500,1.600000,800,1.620000,400,0.590000,0.009500
1478548370388,1.619500,1.600000,800,1.620000,400,0.590000,0.009500
1478548372895,1.619500,1.600000,800,1.620000,400,0.590000,0.009500
1478548374389,1.619500,1.600000,800,1.620000,400,0.590000,0.009500
1478548376911,1.619500,1.600000,800,1.620000,400,0.590000,0.009500
1478548378889,1.619500,1.600000,800,1.620000,400,0.590000,0.009500
1478548380892,1.619500,1.600000,800,1.620000,400,0.590000,0.009500
1478548382942,1.619500,1.600000,800,1.620000,400,0.590000,0.009500
1478548384901,1.619500,1.600000,800,1.620000,400,0.590000,0.009500
1478548387391,1.619500,1.600000,800,1.620000,400,0.590000,0.009500
1478548389401,1.619500,1.600000,800,1.620000,400,0.590000,0.009500
1478548391396,1.619500,1.600000,800,1.620000,400,0.590000,0.009500
1478548393399,1.619500,1.600000,800,1.620000,400,0.590000,0.009500
1478548395395,1.619500,1.600000,800,1.620000,400,0.590000,0.009500
1478548397403,1.619500,1.600000,800,1.620000,400,0.590000,0.009500
1478548399416,1.619500,1.600000,800,1.620000,400,0.590000,0.009500
1478548401447,1.619500,1.600000,800,1.620000,400,0.590000,0.009500
1478548403411,1.619500,1.600000,800,1.620000,200,0.590000,0.009500
1478548405398,1.619500,1.600000,800,1.620000,200,0.590000,0.009500
1478548407402,1.619500,1.600000,800,1.620000,200,0.590000,0.009500
1478548409934,1.619500,1.600000,800,1.620000,200,0.590000,0.009500
1478548411899,1.619500,1.600000,800,1.620000,200,0.590000,0.009500
1478548413923,1.619500,1.600000,800,1.620000,200,0.590000,0.009500
1478548415409,1.619500,1.600000,800,1.620000,200,0.590000,0.009500
1478548417403,1.619500,1.600000,800,1.620000,200,0.590000,0.009500
1478548419895,1.619500,1.600000,800,1.620000,200,0.590000,0.009500
1478548421414,1.619500,1.600000,800,1.620000,200,0.590000,0.009500
1478548423914,1.619500,1.600000,800,1.620000,200,0.590000,0.009500
1478548426400,1.619500,1.600000,800,1.620000,200,0.590000,0.009500
1478548428440,1.619500,1.600000,800,1.620000,200,0.590000,0.009500
1478548430408,1.619500,1.600000,800,1.620000,200,0.590000,0.009500
1478548432413,1.619500,1.600000,800,1.620000,200,0.590000,0.009500
1478548434427,1.619500,1.600000,800,1.620000,200,0.590000,0.009500
1478548436412,1.619500,1.600000,800,1.620000,200,0.590000,0.009500
1478548438417,1.619500,1.600000,800,1.620000,200,0.590000,0.009500
1478548440421,1.619500,1.600000,800,1.620000,200,0.590000,0.009500
1478548442412,1.619500,1.600000,800,1.620000,200,0.590000,0.009500
1478548444429,1.619500,1.600000,800,1.620000,200,0.590000,0.009500
1478548446931,1.619500,1.600000,800,1.620000,200,0.590000,0.009500
1478548448954,1.619500,1.600000,800,1.620000,200,0.590000,0.009500
1478548450917,1.619500,1.600000,800,1.620000,200,0.590000,0.009500
1478548452922,1.619500,1.600000,800,1.620000,200,0.590000,0.009500
1478548454964,1.619500,1.600000,800,1.620000,200,0.590000,0.009500
1478548456953,1.619500,1.600000,800,1.620000,200,0.590000,0.009500
1478548458931,1.619500,1.600000,800,1.620000,200,0.590000,0.009500
1478548460963,1.619500,1.600000,800,1.620000,200,0.590000,0.009500
1478548462930,1.619500,1.600000,800,1.620000,200,0.590000,0.009500
1478548464934,1.619500,1.600000,800,1.620000,200,0.590000,0.009500
1478548466977,1.619500,1.600000,800,1.620000,200,0.590000,0.009500
1478548469432,1.619500,1.600000,800,1.620000,200,0.590000,0.009500
1478548471437,1.619500,1.600000,800,1.620000,200,0.590000,0.009500
1478548473430,1.619500,1.600000,800,1.620000,200,0.590000,0.009500
1478548475451,1.619500,1.600000,800,1.620000,200,0.590000,0.009500
1478548477432,1.619500,1.600000,800,1.620000,400,0.590000,0.009500
1478548478934,1.619500,1.600000,800,1.620000,400,0.590000,0.009500
1478548481426,1.619500,1.600000,800,1.620000,400,0.590000,0.009500
1478548483471,1.619500,1.600000,800,1.620000,400,0.590000,0.009500
1478548486016,1.619500,1.600000,800,1.620000,400,0.590000,0.009500
1478548487933,1.619500,1.600000,800,1.620000,400,0.590000,0.009500
1478548489938,1.619500,1.600000,800,1.620000,400,0.590000,0.009500
1478548491934,1.619500,1.600000,800,1.620000,400,0.590000,0.009500
1478548493937,1.619500,1.600000,800,1.620000,400,0.590000,0.009500
1478548495943,1.619500,1.600000,800,1.620000,400,0.590000,0.009500
1478548497455,1.619500,1.600000,800,1.620000,400,0.590000,0.009500
1478548499949,1.619500,1.600000,800,1.620000,400,0.590000,0.009500
1478548501941,1.619500,1.600000,800,1.620000,400,0.590000,0.009500
1478548504437,1.619500,1.600000,800,1.620000,400,0.590000,0.009500
1478548506444,1.619500,1.600000,800,1.620000,400,0.590000,0.009500
1478548508460,1.619500,1.600000,800,1.620000,400,0.590000,0.009500
1478548510439,1.619500,1.600000,800,1.620000,400,0.590000,0.009500
1478548512451,1.619500,1.600000,800,1.620000,400,0.590000,0.009500
1478548514491,1.619500,1.600000,800,1.620000,400,0.590000,0.009500
1478548515478,1.619500,1.600000,800,1.620000,400,0.590000,0.009500
1478548518455,1.619500,1.600000,800,1.620000,400,0.590000,0.009500
1478548520445,1.619500,1.600000,800,1.620000,400,0.590000,0.009500
1478548522445,1.619500,1.600000,800,1.620000,400,0.590000,0.009500
1478548524463,1.619500,1.600000,800,1.620000,400,0.590000,0.009500
1478548526472,1.619500,1.600000,800,1.620000,400,0.590000,0.009500
1478548529000,1.619500,1.600000,800,1.620000,400,0.590000,0.009500
1478548530967,1.619500,1.600000,800,1.620000,400,0.590000,0.009500
1478548532459,1.619500,1.600000,800,1.620000,400,0.590000,0.009500
1478548534970,1.619500,1.600000,800,1.620000,400,0.590000,0.009500
1478548536960,1.619500,1.600000,800,1.620000,400,0.590000,0.009500
1478548539462,1.619500,1.600000,800,1.620000,400,0.590000,0.009500
1478548540507,1.619500,1.600000,800,1.620000,400,0.590000,0.009500
1478548543490,1.619500,1.600000,800,1.620000,400,0.590000,0.009500
1478548545475,1.619500,1.600000,800,1.620000,400,0.590000,0.009500
1478548547460,1.619500,1.600000,800,1.620000,400,0.590000,0.009500
1478548549477,1.619500,1.600000,800,1.620000,400,0.590000,0.009500
1478548551477,1.619500,1.600000,800,1.620000,200,0.590000,0.009500
1478548553466,1.619500,1.600000,800,1.620000,200,0.590000,0.009500
1478548555485,1.619500,1.600000,800,1.620000,200,0.590000,0.009500
1478548557486,1.619500,1.600000,800,1.620000,200,0.590000,0.009500
1478548559982,1.619500,1.600000,800,1.620000,200,0.590000,0.009500
1478548561980,1.619500,1.600000,800,1.620000,400,0.590000,0.009500
1478548563995,1.619500,1.600000,800,1.620000,400,0.590000,0.009500
1478548566002,1.619500,1.600000,800,1.620000,400,0.590000,0.009500
1478548568012,1.619500,1.600000,800,1.620000,400,0.590000,0.009500
1478548569998,1.619500,1.600000,800,1.620000,400,0.590000,0.009500
1478548572039,1.619500,1.600000,800,1.620000,400,0.590000,0.009500
1478548574481,1.619500,1.600000,800,1.620000,400,0.590000,0.009500
1478548576489,1.619500,1.600000,800,1.620000,400,0.590000,0.009500
1478548578492,1.619500,1.600000,800,1.620000,200,0.590000,0.009500
1478548580528,1.619500,1.600000,800,1.620000,200,0.590000,0.009500
1478548582487,1.619500,1.600000,800,1.620000,200,0.590000,0.009500
1478548584018,1.619500,1.600000,800,1.620000,200,0.590000,0.009500
1478548586494,1.619500,1.600000,800,1.620000,200,0.590000,0.009500
1478548587997,1.619500,1.600000,800,1.620000,200,0.590000,0.009500
1478548590509,1.619500,1.600000,800,1.620000,200,0.590000,0.009500
1478548592981,1.619500,1.600000,800,1.620000,200,0.590000,0.009500
1478548594985,1.619500,1.600000,800,1.620000,200,0.590000,0.009500
1478548596996,1.619500,1.600000,800,1.620000,200,0.590000,0.009500
1478548599037,1.619500,1.600000,800,1.620000,200,0.590000,0.009500
1478548600870,1.619500,1.600000,800,1.620000,200,0.590000,0.009500
1478548602873,1.619500,1.600000,800,1.620000,200,0.590000,0.009500
1478548605377,1.619500,1.600000,800,1.620000,200,0.590000,0.009500
1478548607379,1.619500,1.600000,800,1.620000,200,0.590000,0.009500
1478548609375,1.619500,1.600000,800,1.620000,200,0.590000,0.009500
1478548611387,1.619500,1.600000,800,1.620000,200,0.590000,0.009500
1478548613399,1.619500,1.600000,800,1.620000,200,0.590000,0.009500
1478548615397,1.619500,1.600000,800,1.620000,200,0.590000,0.009500
1478548617375,1.619500,1.600000,800,1.620000,200,0.590000,0.009500
1478548619376,1.619500,1.600000,800,1.620000,200,0.590000,0.009500
1478548621416,1.619500,1.600000,800,1.620000,200,0.590000,0.009500
1478548623383,1.619500,1.600000,800,1.620000,200,0.590000,0.009500
1478548624888,1.619500,1.600000,800,1.620000,200,0.590000,0.009500
1478548627884,1.619500,1.600000,800,1.620000,200,0.590000,0.009500
1478548629883,1.619500,1.600000,800,1.620000,200,0.590000,0.009500
1478548631884,1.619500,1.600000,800,1.620000,200,0.590000,0.009500
1478548633890,1.619500,1.600000,800,1.620000,200,0.590000,0.009500
1478548635885,1.619500,1.600000,800,1.620000,200,0.590000,0.009500
1478548637888,1.619500,1.600000,800,1.620000,200,0.590000,0.009500
1478548639912,1.619500,1.600000,800,1.620000,200,0.590000,0.009500
1478548641887,1.619500,1.600000,800,1.620000,200,0.590000,0.009500
1478548643881,1.619500,1.600000,800,1.620000,200,0.590000,0.009500
1478548645394,1.619500,1.600000,800,1.620000,200,0.590000,0.009500
1478548647896,1.619500,1.600000,800,1.620000,400,0.590000,0.009500
1478548650412,1.619500,1.600000,800,1.620000,400,0.590000,0.009500
1478548652402,1.619500,1.600000,800,1.620000,400,0.590000,0.009500
1478548654385,1.619500,1.600000,800,1.620000,400,0.590000,0.009500
1478548656393,1.619500,1.600000,800,1.620000,400,0.590000,0.009500
1478548658409,1.619500,1.600000,800,1.620000,400,0.590000,0.009500
1478548660398,1.619500,1.600000,800,1.620000,400,0.590000,0.009500
1478548662400,1.619500,1.600000,800,1.620000,400,0.590000,0.009500
1478548664400,1.619500,1.600000,800,1.620000,400,0.590000,0.009500
1478548666414,1.619500,1.600000,800,1.620000,400,0.590000,0.009500
1478548668405,1.619500,1.600000,800,1.620000,400,0.590000,0.009500
1478548669408,1.619500,1.600000,800,1.620000,400,0.590000,0.009500
1478548672897,1.619500,1.600000,800,1.620000,400,0.590000,0.009500
1478548674904,1.619500,1.600000,800,1.620000,400,0.590000,0.009500
1478548676914,1.619500,1.600000,800,1.620000,400,0.590000,0.009500
1478548678918,1.619500,1.600000,800,1.620000,400,0.590000,0.009500
1478548680916,1.619500,1.600000,800,1.620000,300,0.590000,0.009500
1478548682899,1.619500,1.600000,800,1.620000,300,0.590000,0.009500
1478548684910,1.619500,1.600000,800,1.620000,300,0.590000,0.009500
1478548686916,1.619500,1.600000,800,1.620000,300,0.590000,0.009500
1478548689412,1.619500,1.600000,800,1.620000,300,0.590000,0.009500
1478548691401,1.619500,1.600000,800,1.620000,300,0.590000,0.009500
1478548693418,1.619500,1.600000,800,1.620000,300,0.590000,0.009500
1478548695414,1.619500,1.600000,800,1.620000,300,0.590000,0.009500
1478548697412,1.619500,1.600000,800,1.620000,300,0.590000,0.009500
1478548699415,1.619500,1.600000,800,1.620000,300,0.590000,0.009500
1478548701436,1.619500,1.600000,800,1.620000,300,0.590000,0.009500
1478548702920,1.619500,1.600000,800,1.620000,300,0.590000,0.009500
1478548705421,1.619500,1.600000,800,1.620000,300,0.590000,0.009500
1478548707421,1.619500,1.600000,800,1.620000,300,0.590000,0.009500
1478548709411,1.619500,1.600000,800,1.620000,300,0.590000,0.009500
1478548711927,1.619500,1.600000,800,1.620000,300,0.590000,0.009500
1478548713962,1.619500,1.600000,800,1.620000,300,0.590000,0.009500
1478548715934,1.619500,1.600000,800,1.620000,300,0.590000,0.009500
1478548717924,1.619500,1.600000,800,1.620000,300,0.590000,0.009500
1478548719929,1.619500,1.610000,200,1.620000,100,0.590000,0.009500
1478548721928,1.619500,1.610000,200,1.620000,100,0.590000,0.009500
1478548723942,1.619500,1.610000,200,1.620000,100,0.590000,0.009500
1478548725923,1.619500,1.610000,200,1.620000,100,0.590000,0.009500
1478548727930,1.619500,1.610000,200,1.620000,100,0.590000,0.009500
1478548729948,1.619500,1.610000,200,1.620000,100,0.590000,0.009500
1478548732437,1.619500,1.610000,200,1.620000,300,0.590000,0.009500
1478548734434,1.619500,1.610000,200,1.620000,300,0.590000,0.009500
1478548736434,1.619500,1.610000,200,1.620000,300,0.590000,0.009500
1478548738435,1.619500,1.610000,200,1.620000,300,0.590000,0.009500
1478548740426,1.619500,1.610000,200,1.620000,300,0.590000,0.009500
1478548742430,1.619500,1.610000,200,1.620000,300,0.590000,0.009500
1478548744454,1.619500,1.610000,200,1.620000,300,0.590000,0.009500
1478548746438,1.619500,1.610000,200,1.620000,300,0.590000,0.009500
1478548748936,1.619500,1.610000,200,1.620000,300,0.590000,0.009500
1478548750983,1.619500,1.610000,200,1.620000,300,0.590000,0.009500
1478548752936,1.619500,1.610000,200,1.620000,300,0.590000,0.009500
1478548754945,1.619500,1.610000,200,1.620000,300,0.590000,0.009500
1478548756936,1.619500,1.610000,200,1.620000,300,0.590000,0.009500
1478548758976,1.619500,1.610000,200,1.620000,300,0.590000,0.009500
1478548760950,1.619500,1.610000,200,1.620000,100,0.590000,0.009500
1478548762955,1.619500,1.610000,200,1.620000,100,0.590000,0.009500
1478548764955,1.619500,1.610000,200,1.620000,100,0.590000,0.009500
1478548766953,1.619500,1.610000,200,1.620000,100,0.590000,0.009500
1478548769456,1.619500,1.610000,200,1.620000,100,0.590000,0.009500
1478548771469,1.619500,1.610000,200,1.620000,100,0.590000,0.009500
1478548773463,1.619500,1.610000,200,1.620000,100,0.590000,0.009500
1478548775457,1.619500,1.610000,200,1.620000,100,0.590000,0.009500
1478548777456,1.619500,1.610000,200,1.620000,100,0.590000,0.009500
1478548779460,1.619500,1.610000,200,1.620000,100,0.590000,0.009500
1478548781451,1.619500,1.610000,200,1.620000,100,0.590000,0.009500
1478548783454,1.619500,1.610000,200,1.620000,100,0.590000,0.009500
1478548785493,1.619500,1.610000,200,1.620000,100,0.590000,0.009500
1478548787478,1.619500,1.610000,200,1.620000,100,0.590000,0.009500
1478548789457,1.619500,1.610000,200,1.620000,100,0.590000,0.009500
1478548791954,1.619500,1.610000,200,1.620000,100,0.590000,0.009500
1478548793951,1.619500,1.610000,200,1.620000,100,0.590000,0.009500
1478548795958,1.619500,1.610000,200,1.620000,100,0.590000,0.009500
1478548797993,1.619500,1.610000,200,1.620000,100,0.590000,0.009500
1478548799475,1.619500,1.610000,200,1.620000,100,0.590000,0.009500
1478548802456,1.619500,1.610000,200,1.620000,100,0.590000,0.009500
1478548804463,1.619500,1.610000,200,1.620000,100,0.590000,0.009500
1478548806469,1.619500,1.610000,200,1.620000,100,0.590000,0.009500
1478548808463,1.619500,1.610000,200,1.620000,100,0.590000,0.009500
1478548810453,1.619500,1.610000,200,1.620000,100,0.590000,0.009500
1478548812470,1.620000,1.610000,200,1.620000,100,0.620000,0.010000
1478548814455,1.620000,1.610000,200,1.620000,100,0.620000,0.010000
1478548815958,1.620000,1.610000,200,1.620000,100,0.620000,0.010000
1478548818474,1.620000,1.610000,200,1.620000,100,0.620000,0.010000
1478548820971,1.620000,1.610000,200,1.620000,100,0.620000,0.010000
1478548822951,1.620000,1.610000,200,1.620000,100,0.620000,0.010000
1478548824980,1.620000,1.610000,200,1.620000,100,0.620000,0.010000
1478548826969,1.620000,1.610000,200,1.620000,100,0.620000,0.010000
1478548829028,1.620000,1.610000,200,1.620000,100,0.620000,0.010000
1478548831014,1.620000,1.610000,200,1.620000,100,0.620000,0.010000
1478548832986,1.620000,1.610000,200,1.620000,100,0.620000,0.010000
1478548834982,1.610000,1.610000,300,1.620000,300,0.000000,0.000000
1478548836980,1.610000,1.610000,300,1.620000,300,0.000000,0.000000
1478548839472,1.610000,1.610000,300,1.620000,300,0.000000,0.000000
1478548841523,1.610000,1.610000,300,1.620000,300,0.000000,0.000000
1478548843483,1.610000,1.610000,300,1.620000,300,0.000000,0.000000
1478548845473,1.610000,1.610000,300,1.620000,300,0.000000,0.000000
1478548846985,1.610000,1.610000,300,1.620000,300,0.000000,0.000000
1478548849481,1.610000,1.610000,300,1.620000,300,0.000000,0.000000
1478548851488,1.610000,1.610000,300,1.620000,300,0.000000,0.000000
1478548853491,1.610000,1.610000,300,1.620000,300,0.000000,0.000000
1478548855484,1.610000,1.610000,300,1.620000,300,0.000000,0.000000
1478548857486,1.610000,1.610000,300,1.620000,300,0.000000,0.000000
1478548859491,1.610000,1.610000,300,1.620000,300,0.000000,0.000000
1478548861986,1.610000,1.610000,300,1.620000,300,0.000000,0.000000
1478548863981,1.610000,1.610000,300,1.620000,300,0.000000,0.000000
1478548865491,1.610000,1.610000,300,1.620000,300,0.000000,0.000000
1478548867977,1.610000,1.610000,300,1.620000,300,0.000000,0.000000
1478548869527,1.610000,1.610000,300,1.620000,300,0.000000,0.000000
1478548871491,1.610000,1.610000,300,1.620000,300,0.000000,0.000000
1478548874369,1.610000,1.610000,300,1.620000,300,0.000000,0.000000
1478548876423,1.610000,1.610000,300,1.620000,300,0.000000,0.000000
1478548878371,1.610000,1.610000,300,1.620000,300,0.000000,0.000000
1478548880373,1.610000,1.610000,300,1.620000,300,0.000000,0.000000
1478548882392,1.610000,1.610000,300,1.620000,300,0.000000,0.000000
1478548884379,1.610000,1.610000,300,1.620000,300,0.000000,0.000000
1478548886376,1.610000,1.610000,300,1.620000,300,0.000000,0.000000
1478548888383,1.610000,1.610000,300,1.620000,300,0.000000,0.000000
1478548890375,1.610000,1.610000,300,1.620000,300,0.000000,0.000000
1478548892388,1.610000,1.610000,300,1.620000,300,0.000000,0.000000
1478548894383,1.610000,1.610000,300,1.620000,300,0.000000,0.000000
1478548896878,1.610000,1.610000,300,1.620000,100,0.000000,0.000000
1478548898883,1.610100,1.610000,300,1.620000,100,0.010000,0.000100
1478548900886,1.610100,1.610000,300,1.620000,100,0.010000,0.000100
1478548902382,1.610100,1.610000,300,1.620000,100,0.010000,0.000100
1478548904399,1.610100,1.610000,300,1.620000,100,0.010000,0.000100
1478548906890,1.610100,1.610000,300,1.620000,300,0.010000,0.000100
1478548908886,1.610100,1.610000,300,1.620000,300,0.010000,0.000100
1478548910890,1.610100,1.610000,300,1.620000,300,0.010000,0.000100
1478548913391,1.610100,1.610000,300,1.620000,300,0.010000,0.000100
1478548915388,1.610100,1.610000,300,1.620000,300,0.010000,0.000100
1478548917396,1.610100,1.610000,300,1.620000,300,0.010000,0.000100
1478548918889,1.610100,1.610000,300,1.620000,300,0.010000,0.000100
1478548920897,1.610100,1.610000,300,1.620000,300,0.010000,0.000100
1478548923395,1.610100,1.610000,300,1.620000,300,0.010000,0.000100
1478548925398,1.610100,1.610000,300,1.620000,300,0.010000,0.000100
1478548926891,1.610100,1.610000,300,1.620000,300,0.010000,0.000100
1478548929396,1.610000,1.600000,400,1.610000,5300,0.000000,0.000000
1478548931411,1.610000,1.600000,400,1.610000,5400,0.000000,0.000000
1478548933967,1.610000,1.600000,400,1.610000,5400,0.000000,0.000000
1478548935898,1.610000,1.600000,400,1.610000,5400,0.000000,0.000000
1478548937894,1.610000,1.600000,800,1.610000,5400,0.000000,0.000000
1478548939938,1.610000,1.600000,800,1.610000,5400,0.000000,0.000000
1478548941894,1.610000,1.600000,300,1.610000,5400,0.000000,0.000000
1478548943900,1.610000,1.600000,300,1.610000,5400,0.000000,0.000000
1478548945890,1.610000,1.600000,300,1.610000,5400,0.000000,0.000000
1478548948407,1.610000,1.600000,300,1.610000,5400,0.000000,0.000000
1478548950405,1.610000,1.600000,300,1.610000,5400,0.000000,0.000000
1478548952444,1.610000,1.600000,300,1.610000,5400,0.000000,0.000000
1478548954413,1.610000,1.600000,300,1.610000,5400,0.000000,0.000000
1478548956406,1.610000,1.600000,300,1.610000,5400,0.000000,0.000000
1478548958408,1.610000,1.600000,300,1.610000,5400,0.000000,0.000000
1478548959939,1.610000,1.600000,300,1.610000,5400,0.000000,0.000000
1478548962416,1.610000,1.600000,300,1.610000,5400,0.000000,0.000000
1478548964420,1.610000,1.600000,300,1.610000,5400,0.000000,0.000000
1478548966916,1.610000,1.600000,300,1.610000,5400,0.000000,0.000000
1478548968412,1.610000,1.600000,300,1.610000,5400,0.000000,0.000000
1478548970948,1.610000,1.600000,300,1.610000,5400,0.000000,0.000000
1478548972919,1.610000,1.600000,300,1.610000,5400,0.000000,0.000000
1478548974426,1.610000,1.600000,300,1.610000,5400,0.000000,0.000000
1478548976917,1.610000,1.600000,300,1.610000,5400,0.000000,0.000000
1478548978910,1.610000,1.600000,300,1.610000,5400,0.000000,0.000000
1478548980929,1.610000,1.600000,300,1.610000,5400,0.000000,0.000000
1478548983417,1.610000,1.600000,300,1.610000,5400,0.000000,0.000000
1478548985414,1.610000,1.600000,300,1.610000,5400,0.000000,0.000000
1478548987481,1.610000,1.600000,300,1.610000,5400,0.000000,0.000000
1478548989482,1.610000,1.600000,300,1.610000,5400,0.000000,0.000000
1478548991443,1.610000,1.600000,300,1.610000,5400,0.000000,0.000000
1478548993424,1.610000,1.600000,300,1.610000,5400,0.000000,0.000000
1478548995453,1.610000,1.600000,300,1.610000,5400,0.000000,0.000000
1478548997926,1.610000,1.600000,300,1.610000,5400,0.000000,0.000000
1478548999924,1.610000,1.600000,300,1.610000,5400,0.000000,0.000000
1478549001927,1.610000,1.600000,300,1.610000,5400,0.000000,0.000000
1478549003453,1.610000,1.600000,300,1.610000,5400,0.000000,0.000000
1478549005970,1.610000,1.600000,300,1.610000,5400,0.000000,0.000000
1478549007915,1.610000,1.600000,300,1.610000,5400,0.000000,0.000000
1478549009424,1.610000,1.600000,300,1.610000,5400,0.000000,0.000000
1478549011929,1.610000,1.600000,300,1.610000,5400,0.000000,0.000000
1478549014436,1.610000,1.600000,300,1.610000,5400,0.000000,0.000000
1478549015924,1.610000,1.600000,300,1.610000,5400,0.000000,0.000000
1478549018457,1.610000,1.600000,300,1.610000,5400,0.000000,0.000000
1478549020468,1.610000,1.600000,300,1.610000,5400,0.000000,0.000000
1478549022432,1.610000,1.600000,300,1.610000,5400,0.000000,0.000000
1478549024433,1.610000,1.600000,300,1.610000,5400,0.000000,0.000000
1478549026432,1.610000,1.600000,300,1.610000,5400,0.000000,0.000000
1478549028442,1.610000,1.600000,300,1.610000,5400,0.000000,0.000000
1478549030943,1.610000,1.600000,300,1.610000,5400,0.000000,0.000000
1478549032935,1.610000,1.600000,300,1.610000,5400,0.000000,0.000000
1478549034987,1.610000,1.600000,300,1.610000,5400,0.000000,0.000000
1478549036936,1.610000,1.600000,300,1.610000,5400,0.000000,0.000000
1478549038940,1.610000,1.600000,300,1.610000,5400,0.000000,0.000000
1478549040937,1.610000,1.600000,300,1.610000,5400,0.000000,0.000000
1478549042939,1.610000,1.600000,300,1.610000,5400,0.000000,0.000000
1478549045445,1.610000,1.600000,300,1.610000,5400,0.000000,0.000000
1478549046441,1.610000,1.600000,300,1.610000,5400,0.000000,0.000000
1478549049445,1.610000,1.600000,300,1.610000,5400,0.000000,0.000000
1478549051449,1.610000,1.600000,300,1.610000,5400,0.000000,0.000000
1478549053487,1.610000,1.600000,300,1.610000,5400,0.000000,0.000000
1478549055448,1.610000,1.600000,300,1.610000,5400,0.000000,0.000000
1478549057447,1.610000,1.600000,300,1.610000,5400,0.000000,0.000000
1478549059481,1.610000,1.600000,300,1.610000,5400,0.000000,0.000000
1478549060955,1.610000,1.600000,300,1.610000,5400,0.000000,0.000000
1478549063459,1.610000,1.600000,300,1.610000,5400,0.000000,0.000000
1478549065959,1.610000,1.600000,300,1.610000,5400,0.000000,0.000000
1478549067951,1.610000,1.600000,300,1.610000,5400,0.000000,0.000000
1478549069946,1.610000,1.600000,300,1.610000,5400,0.000000,0.000000
1478549071951,1.610000,1.600000,200,1.610000,5400,0.000000,0.000000
1478549073953,1.610000,1.600000,200,1.610000,5400,0.000000,0.000000
1478549076009,1.610000,1.600000,200,1.610000,5400,0.000000,0.000000
1478549077966,1.610000,1.600000,200,1.610000,5400,0.000000,0.000000
1478549080450,1.610000,1.600000,200,1.610000,5400,0.000000,0.000000
1478549082471,1.610000,1.600000,200,1.610000,5400,0.000000,0.000000
1478549084465,1.610000,1.600000,200,1.610000,5400,0.000000,0.000000
1478549086461,1.610000,1.600000,200,1.610000,5400,0.000000,0.000000
1478549088467,1.610000,1.600000,200,1.610000,5400,0.000000,0.000000
1478549090505,1.610000,1.600000,200,1.610000,5400,0.000000,0.000000
1478549093065,1.610000,1.600000,200,1.610000,5400,0.000000,0.000000
1478549094977,1.610000,1.600000,200,1.610000,5400,0.000000,0.000000
1478549096970,1.610000,1.600000,200,1.610000,5400,0.000000,0.000000
1478549098964,1.610000,1.600000,200,1.610000,5400,0.000000,0.000000
1478549100972,1.610000,1.600000,200,1.610000,5400,0.000000,0.000000
1478549103479,1.610000,1.600000,200,1.610000,5400,0.000000,0.000000
1478549105477,1.610000,1.600000,200,1.610000,5400,0.000000,0.000000
1478549107498,1.610000,1.600000,200,1.610000,5400,0.000000,0.000000
1478549109474,1.610000,1.600000,200,1.610000,5400,0.000000,0.000000
1478549111487,1.610000,1.600000,200,1.610000,5400,0.000000,0.000000
1478549113474,1.610000,1.600000,200,1.610000,5400,0.000000,0.000000
1478549115467,1.610000,1.600000,200,1.610000,5400,0.000000,0.000000
1478549117472,1.610000,1.600000,200,1.610000,5400,0.000000,0.000000
1478549119481,1.610000,1.600000,200,1.610000,5400,0.000000,0.000000
1478549121983,1.610000,1.600000,200,1.610000,5400,0.000000,0.000000
1478549123980,1.610000,1.600000,200,1.610000,5400,0.000000,0.000000
1478549125971,1.610000,1.600000,200,1.610000,5400,0.000000,0.000000
1478549127964,1.610000,1.600000,200,1.610000,5400,0.000000,0.000000
1478549129978,1.610000,1.600000,200,1.610000,5400,0.000000,0.000000
1478549131478,1.610000,1.600000,200,1.610000,5400,0.000000,0.000000
1478549133980,1.610000,1.600000,200,1.610000,5400,0.000000,0.000000
1478549136001,1.610000,1.600000,200,1.610000,5400,0.000000,0.000000
1478549137988,1.610000,1.600000,200,1.610000,5400,0.000000,0.000000
1478549139480,1.610000,1.600000,200,1.610000,5400,0.000000,0.000000
1478549142369,1.610000,1.600000,200,1.610000,5400,0.000000,0.000000
1478549144369,1.610000,1.600000,200,1.610000,5400,0.000000,0.000000
1478549146370,1.610000,1.600000,200,1.610000,5400,0.000000,0.000000
1478549148376,1.610000,1.600000,200,1.610000,5400,0.000000,0.000000
1478549150374,1.610000,1.600000,200,1.610000,5400,0.000000,0.000000
1478549152874,1.610000,1.600000,200,1.610000,5400,0.000000,0.000000
1478549154876,1.610000,1.600000,200,1.610000,5400,0.000000,0.000000
1478549156876,1.610000,1.600000,200,1.610000,5400,0.000000,0.000000
1478549159373,1.610000,1.600000,200,1.610000,5400,0.000000,0.000000
1478549160886,1.610000,1.600000,200,1.610000,5400,0.000000,0.000000
1478549163379,1.610000,1.600000,200,1.610000,5400,0.000000,0.000000
1478549165376,1.610000,1.600000,200,1.610000,5400,0.000000,0.000000
1478549167879,1.610000,1.600000,200,1.610000,5400,0.000000,0.000000
1478549170380,1.610000,1.600000,200,1.610000,5400,0.000000,0.000000
1478549172422,1.610000,1.600000,200,1.610000,5400,0.000000,0.000000
1478549173882,1.610000,1.600000,200,1.610000,5400,0.000000,0.000000
1478549176406,1.610000,1.600000,200,1.610000,5400,0.000000,0.000000
1478549177883,1.610000,1.600000,200,1.610000,5400,0.000000,0.000000
1478549180386,1.610000,1.600000,300,1.620000,300,0.000000,0.000000
1478549182888,1.610000,1.600000,300,1.610000,100,0.000000,0.000000
1478549184885,1.610000,1.600000,300,1.620000,300,0.000000,0.000000
1478549186887,1.610000,1.600000,300,1.620000,300,0.000000,0.000000
1478549188895,1.610000,1.600000,300,1.620000,300,0.000000,0.000000
1478549190903,1.610000,1.600000,300,1.620000,300,0.000000,0.000000
1478549192915,1.610000,1.600000,300,1.620000,300,0.000000,0.000000
1478549194891,1.610000,1.600000,300,1.620000,300,0.000000,0.000000
1478549196903,1.610000,1.600000,300,1.620000,300,0.000000,0.000000
1478549199398,1.610000,1.600000,300,1.620000,300,0.000000,0.000000
1478549201399,1.610000,1.600000,300,1.620000,300,0.000000,0.000000
1478549203400,1.610000,1.600000,300,1.620000,300,0.000000,0.000000
1478549204414,1.610000,1.600000,300,1.620000,300,0.000000,0.000000
1478549206921,1.610000,1.600000,300,1.620000,300,0.000000,0.000000
1478549209399,1.610000,1.600000,300,1.620000,300,0.000000,0.000000
1478549211398,1.610000,1.600000,300,1.620000,300,0.000000,0.000000
1478549213404,1.610000,1.600000,300,1.620000,300,0.000000,0.000000
1478549215401,1.610000,1.600000,300,1.620000,300,0.000000,0.000000
1478549217899,1.610000,1.600000,300,1.620000,300,0.000000,0.000000
1478549219943,1.610000,1.600000,300,1.620000,300,0.000000,0.000000
1478549221903,1.610000,1.600000,300,1.620000,300,0.000000,0.000000
1478549223904,1.610000,1.600000,300,1.620000,300,0.000000,0.000000
1478549225940,1.610000,1.600000,300,1.620000,300,0.000000,0.000000
1478549227907,1.610000,1.600000,300,1.620000,300,0.000000,0.000000
1478549229914,1.610000,1.600000,300,1.620000,300,0.000000,0.000000
1478549232406,1.610000,1.600000,300,1.620000,300,0.000000,0.000000
1478549234453,1.610000,1.600000,300,1.620000,300,0.000000,0.000000
1478549236412,1.610000,1.600000,300,1.620000,300,0.000000,0.000000
1478549238419,1.610000,1.600000,300,1.620000,300,0.000000,0.000000
1478549240421,1.610000,1.600000,300,1.620000,300,0.000000,0.000000
1478549242418,1.610000,1.600000,300,1.620000,300,0.000000,0.000000
1478549244415,1.610000,1.600000,300,1.620000,200,0.000000,0.000000
1478549246439,1.610000,1.600000,300,1.620000,200,0.000000,0.000000
1478549248417,1.610000,1.600000,300,1.620000,200,0.000000,0.000000
1478549250426,1.610000,1.600000,300,1.620000,200,0.000000,0.000000
1478549252960,1.610000,1.600000,300,1.620000,200,0.000000,0.000000
1478549254921,1.610000,1.600000,300,1.620000,300,0.000000,0.000000
1478549256417,1.610000,1.600000,300,1.620000,300,0.000000,0.000000
1478549258959,1.610000,1.600000,300,1.620000,300,0.000000,0.000000
1478549260958,1.610000,1.600000,300,1.620000,300,0.000000,0.000000
1478549262936,1.610000,1.600000,300,1.620000,300,0.000000,0.000000
1478549264415,1.610000,1.600000,300,1.620000,300,0.000000,0.000000
1478549266920,1.610000,1.600000,300,1.620000,300,0.000000,0.000000
1478549268427,1.610000,1.600000,300,1.620000,300,0.000000,0.000000
1478549271425,1.610000,1.600000,300,1.620000,300,0.000000,0.000000
1478549273476,1.610000,1.600000,300,1.620000,300,0.000000,0.000000
1478549275486,1.610000,1.600000,300,1.620000,300,0.000000,0.000000
1478549277427,1.610000,1.600000,300,1.620000,300,0.000000,0.000000
1478549279426,1.610000,1.600000,300,1.620000,300,0.000000,0.000000
1478549281431,1.610000,1.600000,300,1.620000,300,0.000000,0.000000
1478549283427,1.610000,1.600000,300,1.620000,300,0.000000,0.000000
1478549285435,1.610000,1.600000,300,1.620000,300,0.000000,0.000000
1478549287959,1.610000,1.600000,300,1.620000,300,0.000000,0.000000
1478549289957,1.610000,1.600000,300,1.620000,300,0.000000,0.000000
1478549291963,1.610000,1.600000,300,1.620000,300,0.000000,0.000000
1478549293942,1.610000,1.600000,300,1.620000,300,0.000000,0.000000
1478549295941,1.610000,1.600000,300,1.620000,300,0.000000,0.000000
1478549297946,1.610000,1.600000,300,1.620000,300,0.000000,0.000000
1478549299943,1.610000,1.600000,300,1.620000,300,0.000000,0.000000
1478549301931,1.610000,1.600000,300,1.620000,300,0.000000,0.000000
1478549303957,1.610000,1.600000,300,1.620000,300,0.000000,0.000000
1478549305941,1.610000,1.600000,300,1.620000,300,0.000000,0.000000
1478549307950,1.610000,1.600000,300,1.620000,300,0.000000,0.000000
1478549309949,1.610000,1.600000,300,1.620000,300,0.000000,0.000000
1478549312452,1.610000,1.600000,300,1.620000,300,0.000000,0.000000
1478549314445,1.610000,1.600000,300,1.620000,300,0.000000,0.000000
1478549316445,1.610000,1.600000,300,1.620000,200,0.000000,0.000000
1478549318465,1.610000,1.600000,300,1.620000,200,0.000000,0.000000
1478549320443,1.610000,1.600000,300,1.620000,200,0.000000,0.000000
1478549321944,1.610000,1.600000,300,1.620000,200,0.000000,0.000000
1478549324454,1.610000,1.600000,300,1.620000,300,0.000000,0.000000
1478549326947,1.610000,1.600000,300,1.620000,300,0.000000,0.000000
1478549328994,1.610000,1.600000,300,1.620000,300,0.000000,0.000000
1478549330453,1.610000,1.600000,300,1.620000,300,0.000000,0.000000
1478549332974,1.610000,1.600000,300,1.620000,300,0.000000,0.000000
1478549334981,1.610000,1.600000,300,1.620000,300,0.000000,0.000000
1478549336964,1.610000,1.600000,300,1.620000,300,0.000000,0.000000
1478549338458,1.610000,1.600000,300,1.620000,300,0.000000,0.000000
1478549340955,1.610000,1.600000,300,1.620000,300,0.000000,0.000000
1478549342963,1.610000,1.600000,300,1.620000,300,0.000000,0.000000
1478549344971,1.610000,1.600000,300,1.620000,300,0.000000,0.000000
1478549346962,1.610000,1.600000,300,1.620000,300,0.000000,0.000000
1478549349458,1.610000,1.600000,300,1.620000,300,0.000000,0.000000
1478549351477,1.610000,1.600000,300,1.620000,300,0.000000,0.000000
1478549353467,1.610000,1.600000,300,1.620000,300,0.000000,0.000000
1478549355467,1.610000,1.600000,300,1.620000,300,0.000000,0.000000
1478549357467,1.610000,1.600000,300,1.620000,300,0.000000,0.000000
1478549359461,1.610000,1.600000,300,1.620000,300,0.000000,0.000000
1478549361456,1.610000,1.600000,300,1.620000,300,0.000000,0.000000
1478549363475,1.610000,1.600000,300,1.620000,300,0.000000,0.000000
1478549365473,1.610000,1.600000,300,1.620000,300,0.000000,0.000000
1478549367969,1.610000,1.600000,300,1.620000,300,0.000000,0.000000
1478549369962,1.610000,1.600000,300,1.620000,300,0.000000,0.000000
1478549371963,1.610000,1.600000,300,1.620000,300,0.000000,0.000000
1478549373984,1.610000,1.600000,300,1.620000,300,0.000000,0.000000
1478549375969,1.610000,1.600000,300,1.620000,300,0.000000,0.000000
1478549377501,1.610000,1.600000,300,1.620000,300,0.000000,0.000000
1478549379478,1.610000,1.600000,300,1.620000,300,0.000000,0.000000
1478549381970,1.610000,1.600000,300,1.620000,200,0.000000,0.000000
1478549383478,1.610000,1.600000,300,1.620000,200,0.000000,0.000000
1478549385981,1.610000,1.600000,300,1.620000,200,0.000000,0.000000
1478549386983,1.610000,1.600000,300,1.620000,200,0.000000,0.000000
1478549390481,1.610000,1.600000,300,1.620000,200,0.000000,0.000000
1478549392504,1.610000,1.600000,300,1.620000,200,0.000000,0.000000
1478549394491,1.610000,1.600000,300,1.620000,200,0.000000,0.000000
1478549396467,1.610000,1.600000,300,1.620000,200,0.000000,0.000000
1478549398473,1.610000,1.600000,300,1.620000,200,0.000000,0.000000
1478549400477,1.610000,1.600000,300,1.620000,200,0.000000,0.000000
1478549402483,1.610000,1.600000,300,1.620000,200,0.000000,0.000000
1478549404475,1.610000,1.600000,300,1.620000,200,0.000000,0.000000
1478549406506,1.610000,1.600000,300,1.620000,200,0.000000,0.000000
1478549407991,1.610000,1.600000,300,1.620000,200,0.000000,0.000000
1478549410876,1.610000,1.600000,300,1.620000,200,0.000000,0.000000
1478549412870,1.610000,1.600000,300,1.620000,200,0.000000,0.000000
1478549414902,1.610000,1.600000,300,1.620000,200,0.000000,0.000000
1478549416872,1.610000,1.600000,300,1.620000,200,0.000000,0.000000
1478549418876,1.610000,1.600000,300,1.620000,200,0.000000,0.000000
1478549420875,1.610000,1.600000,300,1.620000,200,0.000000,0.000000
1478549422399,1.610000,1.600000,300,1.620000,200,0.000000,0.000000
1478549425378,1.610000,1.600000,300,1.620000,200,0.000000,0.000000
1478549427411,1.610000,1.600000,300,1.620000,200,0.000000,0.000000
1478549429377,1.610000,1.600000,300,1.620000,200,0.000000,0.000000
1478549431377,1.610000,1.600000,300,1.620000,200,0.000000,0.000000
1478549433416,1.610000,1.600000,300,1.620000,200,0.000000,0.000000
1478549435879,1.610000,1.600000,300,1.620000,200,0.000000,0.000000
1478549437901,1.610000,1.600000,300,1.620000,200,0.000000,0.000000
1478549439887,1.610000,1.600000,300,1.620000,200,0.000000,0.000000
1478549441885,1.610000,1.600000,300,1.620000,200,0.000000,0.000000
1478549443888,1.610000,1.600000,300,1.620000,200,0.000000,0.000000
1478549445932,1.610000,1.600000,300,1.620000,200,0.000000,0.000000
1478549447884,1.610000,1.600000,300,1.620000,200,0.000000,0.000000
1478549449888,1.610000,1.600000,300,1.620000,200,0.000000,0.000000
1478549451886,1.610000,1.600000,300,1.620000,200,0.000000,0.000000
1478549453887,1.610000,1.600000,300,1.620000,200,0.000000,0.000000
1478549455889,1.610000,1.600000,300,1.620000,200,0.000000,0.000000
1478549457889,1.610000,1.600000,300,1.620000,200,0.000000,0.000000
1478549460392,1.610000,1.600000,300,1.620000,200,0.000000,0.000000
1478549462394,1.610000,1.600000,300,1.620000,200,0.000000,0.000000
1478549464389,1.610000,1.600000,300,1.620000,200,0.000000,0.000000
1478549466406,1.610000,1.600000,300,1.620000,200,0.000000,0.000000
1478549468414,1.610000,1.600000,300,1.620000,200,0.000000,0.000000
1478549470387,1.610000,1.600000,300,1.620000,200,0.000000,0.000000
1478549472401,1.610000,1.600000,300,1.620000,200,0.000000,0.000000
1478549474900,1.610000,1.600000,300,1.620000,200,0.000000,0.000000
1478549476907,1.610000,1.600000,300,1.620000,200,0.000000,0.000000
1478549478899,1.610000,1.600000,300,1.620000,200,0.000000,0.000000
1478549480901,1.610000,1.600000,300,1.620000,200,0.000000,0.000000
1478549482900,1.610000,1.600000,300,1.620000,200,0.000000,0.000000
1478549484895,1.610000,1.600000,300,1.620000,200,0.000000,0.000000
1478549486904,1.610000,1.600000,300,1.620000,200,0.000000,0.000000
1478549488905,1.610000,1.600000,300,1.620000,200,0.000000,0.000000
1478549490908,1.610000,1.600000,300,1.620000,200,0.000000,0.000000
1478549492903,1.610000,1.600000,300,1.620000,200,0.000000,0.000000
1478549494907,1.610000,1.600000,300,1.620000,200,0.000000,0.000000
1478549497430,1.610000,1.600000,300,1.620000,200,0.000000,0.000000
1478549499412,1.610000,1.600000,300,1.620000,200,0.000000,0.000000
1478549500912,1.610000,1.600000,300,1.620000,200,0.000000,0.000000
1478549503409,1.610000,1.600000,300,1.620000,200,0.000000,0.000000
1478549505413,1.610000,1.600000,300,1.620000,200,0.000000,0.000000
1478549507415,1.610000,1.600000,300,1.620000,200,0.000000,0.000000
1478549509403,1.610000,1.600000,300,1.620000,200,0.000000,0.000000
1478549511422,1.610000,1.600000,300,1.620000,200,0.000000,0.000000
1478549513425,1.610000,1.600000,300,1.620000,200,0.000000,0.000000
1478549515929,1.610000,1.600000,300,1.620000,200,0.000000,0.000000
1478549517916,1.610000,1.600000,300,1.620000,200,0.000000,0.000000
1478549519954,1.610000,1.600000,300,1.620000,200,0.000000,0.000000
1478549521915,1.610000,1.600000,300,1.620000,200,0.000000,0.000000
1478549523916,1.610000,1.600000,300,1.620000,200,0.000000,0.000000
1478549526419,1.610000,1.600000,300,1.620000,200,0.000000,0.000000
1478549528459,1.610000,1.600000,300,1.620000,200,0.000000,0.000000
1478549530415,1.610000,1.600000,300,1.620000,200,0.000000,0.000000
1478549532420,1.610000,1.600000,300,1.620000,200,0.000000,0.000000
1478549534429,1.610000,1.600000,300,1.620000,200,0.000000,0.000000
1478549536919,1.610000,1.600000,300,1.620000,200,0.000000,0.000000
1478549538928,1.610000,1.600000,300,1.620000,200,0.000000,0.000000
1478549540952,1.610000,1.600000,300,1.620000,200,0.000000,0.000000
1478549542941,1.610000,1.600000,300,1.620000,200,0.000000,0.000000
1478549544928,1.610000,1.600000,300,1.620000,200,0.000000,0.000000
1478549546933,1.610000,1.600000,300,1.620000,200,0.000000,0.000000
1478549548927,1.610000,1.600000,300,1.620000,200,0.000000,0.000000
1478549551428,1.610000,1.600000,300,1.620000,200,0.000000,0.000000
1478549553427,1.610000,1.600000,300,1.620000,200,0.000000,0.000000
1478549554446,1.610000,1.600000,300,1.620000,200,0.000000,0.000000
1478549557926,1.610000,1.600000,300,1.620000,200,0.000000,0.000000
1478549559968,1.610000,1.600000,300,1.620000,200,0.000000,0.000000
1478549561928,1.610000,1.600000,300,1.620000,200,0.000000,0.000000
1478549563446,1.610000,1.600000,300,1.620000,200,0.000000,0.000000
1478549565428,1.610000,1.600000,300,1.620000,200,0.000000,0.000000
1478549567931,1.610000,1.600000,300,1.620000,200,0.000000,0.000000
1478549569976,1.610000,1.600000,300,1.620000,200,0.000000,0.000000
1478549571972,1.610000,1.600000,300,1.620000,200,0.000000,0.000000
1478549574445,1.610000,1.600000,300,1.620000,200,0.000000,0.000000
1478549576430,1.610000,1.600000,300,1.620000,200,0.000000,0.000000
1478549578468,1.610000,1.600000,300,1.620000,200,0.000000,0.000000
1478549580444,1.610000,1.600000,300,1.620000,200,0.000000,0.000000
1478549582452,1.610000,1.600000,300,1.620000,200,0.000000,0.000000
1478549584438,1.610000,1.600000,300,1.620000,200,0.000000,0.000000
1478549586439,1.610000,1.600000,300,1.620000,200,0.000000,0.000000
1478549588444,1.610000,1.600000,300,1.620000,200,0.000000,0.000000
1478549590965,1.610000,1.600000,300,1.620000,200,0.000000,0.000000
1478549592952,1.610000,1.600000,300,1.620000,200,0.000000,0.000000
1478549594953,1.610000,1.600000,300,1.620000,200,0.000000,0.000000
1478549596450,1.610000,1.600000,300,1.620000,200,0.000000,0.000000
1478549598970,1.610000,1.600000,300,1.620000,200,0.000000,0.000000
1478549600943,1.610000,1.600000,300,1.620000,200,0.000000,0.000000
1478549602948,1.610000,1.600000,300,1.620000,200,0.000000,0.000000
1478549603950,1.610000,1.600000,300,1.620000,200,0.000000,0.000000
1478549606446,1.610000,1.600000,300,1.620000,200,0.000000,0.000000
1478549609465,1.610000,1.600000,300,1.620000,200,0.000000,0.000000
1478549611455,1.610000,1.600000,300,1.620000,200,0.000000,0.000000
1478549613472,1.610000,1.600000,300,1.620000,200,0.000000,0.000000
1478549615488,1.610000,1.600000,300,1.620000,200,0.000000,0.000000
1478549617457,1.610000,1.600000,300,1.620000,200,0.000000,0.000000
1478549619459,1.610000,1.600000,300,1.620000,200,0.000000,0.000000
1478549621972,1.610000,1.600000,300,1.620000,200,0.000000,0.000000
1478549623964,1.610000,1.600000,300,1.620000,200,0.000000,0.000000
1478549626012,1.610000,1.600000,300,1.620000,200,0.000000,0.000000
1478549627992,1.610000,1.600000,300,1.620000,200,0.000000,0.000000
1478549629975,1.610000,1.600000,300,1.620000,200,0.000000,0.000000
1478549631463,1.610000,1.600000,300,1.620000,200,0.000000,0.000000
1478549633977,1.610000,1.600000,300,1.620000,200,0.000000,0.000000
1478549635955,1.610000,1.600000,300,1.620000,200,0.000000,0.000000
1478549638456,1.610000,1.600000,300,1.620000,200,0.000000,0.000000
1478549638456,1.610000,1.600000,300,1.620000,200,0.000000,0.000000
1478549642462,1.610000,1.600000,300,1.620000,200,0.000000,0.000000
1478549644472,1.610000,1.600000,300,1.620000,200,0.000000,0.000000
1478549646480,1.610000,1.600000,300,1.620000,200,0.000000,0.000000
1478549648475,1.610000,1.600000,300,1.620000,200,0.000000,0.000000
1478549650483,1.610000,1.600000,300,1.620000,200,0.000000,0.000000
1478549652469,1.610000,1.600000,300,1.620000,200,0.000000,0.000000
1478549654550,1.610000,1.600000,300,1.620000,200,0.000000,0.000000
1478549655497,1.610000,1.600000,300,1.620000,200,0.000000,0.000000
1478549658993,1.610000,1.600000,300,1.620000,200,0.000000,0.000000
1478549660981,1.610000,1.600000,300,1.620000,200,0.000000,0.000000
1478549662974,1.610000,1.600000,300,1.620000,200,0.000000,0.000000
1478549664978,1.610000,1.600000,300,1.620000,200,0.000000,0.000000
1478549666476,1.610000,1.600000,300,1.620000,200,0.000000,0.000000
1478549668501,1.610000,1.600000,300,1.620000,200,0.000000,0.000000
1478549670986,1.610000,1.600000,300,1.620000,200,0.000000,0.000000
1478549673481,1.610000,1.600000,300,1.620000,200,0.000000,0.000000
1478549675496,1.610000,1.600000,300,1.620000,200,0.000000,0.000000
1478549676990,1.610000,1.600000,300,1.620000,200,0.000000,0.000000
1478549679371,1.610000,1.600000,300,1.620000,200,0.000000,0.000000
1478549681383,1.620000,1.600000,300,1.620000,200,0.620000,0.010000
1478549683886,1.620000,1.600000,300,1.620000,200,0.620000,0.010000
1478549685909,1.620000,1.600000,300,1.620000,200,0.620000,0.010000
1478549687877,1.620000,1.600000,300,1.620000,200,0.620000,0.010000
1478549689876,1.620000,1.600000,300,1.620000,200,0.620000,0.010000
1478549691910,1.620000,1.600000,300,1.620000,200,0.620000,0.010000
1478549693880,1.620000,1.600000,300,1.620000,200,0.620000,0.010000
1478549695872,1.620000,1.600000,300,1.620000,200,0.620000,0.010000
1478549697923,1.620000,1.600000,300,1.620000,200,0.620000,0.010000
1478549700382,1.620000,1.600000,300,1.620000,200,0.620000,0.010000
1478549702393,1.620000,1.600000,300,1.620000,200,0.620000,0.010000
1478549703881,1.620000,1.600000,300,1.620000,200,0.620000,0.010000
1478549705885,1.620000,1.600000,300,1.620000,200,0.620000,0.010000
1478549708389,1.620000,1.600000,300,1.620000,200,0.620000,0.010000
1478549710387,1.620000,1.600000,300,1.620000,200,0.620000,0.010000
1478549711418,1.620000,1.600000,300,1.620000,200,0.620000,0.010000
1478549713887,1.620000,1.600000,300,1.620000,200,0.620000,0.010000
1478549716390,1.620000,1.600000,300,1.620000,200,0.620000,0.010000
1478549718892,1.620000,1.600000,300,1.620000,200,0.620000,0.010000
1478549720889,1.620000,1.600000,300,1.620000,200,0.620000,0.010000
1478549722897,1.620000,1.600000,300,1.620000,200,0.620000,0.010000
1478549724440,1.620000,1.600000,300,1.620000,200,0.620000,0.010000
1478549726892,1.620000,1.600000,300,1.620000,200,0.620000,0.010000
1478549728886,1.620000,1.600000,300,1.620000,200,0.620000,0.010000
1478549730387,1.620000,1.600000,300,1.620000,200,0.620000,0.010000
1478549732398,1.620000,1.600000,300,1.620000,200,0.620000,0.010000
1478549734900,1.620000,1.600000,300,1.620000,200,0.620000,0.010000
1478549737392,1.620000,1.600000,300,1.620000,200,0.620000,0.010000
1478549738921,1.620000,1.600000,300,1.620000,200,0.620000,0.010000
1478549741399,1.620000,1.600000,300,1.620000,200,0.620000,0.010000
1478549743399,1.620000,1.600000,300,1.620000,200,0.620000,0.010000
1478549745394,1.620000,1.600000,300,1.620000,200,0.620000,0.010000
1478549747407,1.620000,1.600000,300,1.620000,200,0.620000,0.010000
1478549748912,1.620000,1.600000,300,1.620000,200,0.620000,0.010000
1478549751450,1.620000,1.600000,300,1.620000,200,0.620000,0.010000
1478549753427,1.620000,1.600000,300,1.620000,200,0.620000,0.010000
1478549755404,1.620000,1.600000,300,1.620000,200,0.620000,0.010000
1478549757445,1.620000,1.600000,300,1.620000,200,0.620000,0.010000
1478549759906,1.620000,1.600000,300,1.620000,200,0.620000,0.010000
1478549761914,1.620000,1.600000,300,1.620000,200,0.620000,0.010000
1478549763910,1.620000,1.600000,300,1.620000,200,0.620000,0.010000
1478549765913,1.620000,1.600000,300,1.620000,200,0.620000,0.010000
1478549767915,1.620000,1.600000,300,1.620000,200,0.620000,0.010000
1478549769916,1.620000,1.600000,300,1.620000,200,0.620000,0.010000
1478549771929,1.620000,1.600000,300,1.620000,200,0.620000,0.010000
1478549774415,1.620000,1.600000,300,1.620000,200,0.620000,0.010000
1478549776422,1.620000,1.600000,300,1.620000,200,0.620000,0.010000
1478549778454,1.620000,1.600000,300,1.620000,200,0.620000,0.010000
1478549780476,1.620000,1.600000,300,1.620000,200,0.620000,0.010000
1478549782432,1.620000,1.600000,200,1.620000,200,0.620000,0.010000
1478549784460,1.620000,1.600000,200,1.620000,200,0.620000,0.010000
1478549786419,1.620000,1.600000,200,1.620000,200,0.620000,0.010000
1478549788421,1.620000,1.600000,200,1.620000,200,0.620000,0.010000
1478549790428,1.620000,1.600000,200,1.620000,200,0.620000,0.010000
1478549791914,1.620000,1.600000,200,1.620000,200,0.620000,0.010000
1478549794918,1.620000,1.600000,200,1.620000,200,0.620000,0.010000
1478549796939,1.620000,1.600000,200,1.620000,200,0.620000,0.010000
1478549798920,1.620000,1.600000,200,1.620000,200,0.620000,0.010000
1478549800925,1.620000,1.600000,200,1.620000,200,0.620000,0.010000
1478549802927,1.620000,1.600000,200,1.620000,200,0.620000,0.010000
1478549804929,1.620000,1.600000,200,1.620000,200,0.620000,0.010000
1478549806926,1.620000,1.600000,200,1.620000,200,0.620000,0.010000
1478549808958,1.620000,1.600000,200,1.620000,200,0.620000,0.010000
1478549810975,1.620000,1.600000,200,1.620000,200,0.620000,0.010000
1478549813443,1.620000,1.600000,200,1.620000,200,0.620000,0.010000
1478549815433,1.620000,1.600000,200,1.620000,200,0.620000,0.010000
1478549817425,1.620000,1.600000,200,1.620000,200,0.620000,0.010000
1478549819436,1.620000,1.600000,200,1.620000,200,0.620000,0.010000
1478549821438,1.620000,1.600000,200,1.620000,200,0.620000,0.010000
1478549823463,1.620000,1.600000,200,1.620000,200,0.620000,0.010000
1478549825455,1.620000,1.600000,200,1.620000,200,0.620000,0.010000
1478549827446,1.620000,1.600000,200,1.620000,200,0.620000,0.010000
1478549829436,1.620000,1.600000,200,1.620000,200,0.620000,0.010000
1478549831437,1.620000,1.600000,200,1.620000,200,0.620000,0.010000
1478549833434,1.620000,1.600000,200,1.620000,200,0.620000,0.010000
1478549835947,1.620000,1.600000,200,1.620000,200,0.620000,0.010000
1478549838005,1.620000,1.600000,200,1.620000,200,0.620000,0.010000
1478549839457,1.620000,1.600000,200,1.620000,200,0.620000,0.010000
1478549841942,1.620000,1.600000,200,1.620000,200,0.620000,0.010000
1478549844002,1.620000,1.600000,200,1.620000,200,0.620000,0.010000
1478549845947,1.620000,1.600000,200,1.620000,200,0.620000,0.010000
1478549847945,1.620000,1.600000,200,1.620000,200,0.620000,0.010000
1478549849442,1.620000,1.600000,900,1.620000,200,0.620000,0.010000
1478549851952,1.620000,1.600000,900,1.620000,200,0.620000,0.010000
1478549853952,1.620000,1.600000,900,1.620000,200,0.620000,0.010000
1478549856473,1.620000,1.600000,900,1.620000,200,0.620000,0.010000
1478549858458,1.620000,1.600000,900,1.620000,200,0.620000,0.010000
1478549860446,1.620000,1.600000,900,1.620000,200,0.620000,0.010000
1478549862457,1.620000,1.600000,900,1.620000,200,0.620000,0.010000
1478549864487,1.620000,1.600000,900,1.620000,200,0.620000,0.010000
1478549866479,1.620000,1.600000,900,1.620000,200,0.620000,0.010000
1478549868459,1.620000,1.600000,900,1.620000,200,0.620000,0.010000
1478549870499,1.620000,1.600000,900,1.620000,200,0.620000,0.010000
1478549872458,1.620000,1.600000,900,1.620000,200,0.620000,0.010000
1478549874457,1.620000,1.600000,900,1.620000,200,0.620000,0.010000
1478549876476,1.620000,1.600000,900,1.620000,200,0.620000,0.010000
1478549878964,1.620000,1.600000,900,1.620000,200,0.620000,0.010000
1478549880954,1.620000,1.600000,900,1.620000,200,0.620000,0.010000
1478549882977,1.620000,1.600000,900,1.620000,200,0.620000,0.010000
1478549884965,1.620000,1.600000,900,1.620000,200,0.620000,0.010000
1478549886969,1.620000,1.600000,900,1.620000,200,0.620000,0.010000
1478549888963,1.620000,1.600000,900,1.620000,200,0.620000,0.010000
1478549891000,1.620000,1.600000,900,1.620000,200,0.620000,0.010000
1478549892973,1.620000,1.600000,900,1.620000,200,0.620000,0.010000
1478549895028,1.620000,1.600000,900,1.620000,200,0.620000,0.010000
1478549897005,1.620000,1.600000,900,1.620000,200,0.620000,0.010000
1478549899459,1.620000,1.600000,900,1.620000,200,0.620000,0.010000
1478549901464,1.620000,1.600000,900,1.620000,200,0.620000,0.010000
1478549903474,1.620000,1.600000,900,1.620000,200,0.620000,0.010000
1478549905466,1.620000,1.600000,900,1.620000,200,0.620000,0.010000
1478549907968,1.620000,1.600000,900,1.620000,200,0.620000,0.010000
1478549908481,1.620000,1.600000,900,1.620000,200,0.620000,0.010000
1478549912458,1.620000,1.600000,900,1.620000,200,0.620000,0.010000
1478549914464,1.620000,1.600000,900,1.620000,200,0.620000,0.010000
1478549916484,1.620000,1.600000,900,1.620000,200,0.620000,0.010000
1478549918478,1.620000,1.600000,900,1.620000,200,0.620000,0.010000
1478549920473,1.620000,1.600000,900,1.620000,200,0.620000,0.010000
1478549922475,1.620000,1.600000,900,1.620000,200,0.620000,0.010000
1478549924493,1.620000,1.600000,900,1.620000,200,0.620000,0.010000
1478549925484,1.620000,1.600000,900,1.620000,200,0.620000,0.010000
1478549928971,1.620000,1.600000,900,1.620000,200,0.620000,0.010000
1478549930987,1.620000,1.600000,900,1.620000,200,0.620000,0.010000
1478549931986,1.620000,1.600000,900,1.620000,200,0.620000,0.010000
1478549935025,1.620000,1.600000,900,1.620000,200,0.620000,0.010000
1478549936870,1.620000,1.600000,900,1.620000,200,0.620000,0.010000
1478549938372,1.620000,1.600000,900,1.620000,200,0.620000,0.010000
1478549941374,1.620000,1.600000,900,1.620000,200,0.620000,0.010000
1478549943372,1.620000,1.600000,900,1.620000,200,0.620000,0.010000
1478549945376,1.620000,1.600000,900,1.620000,200,0.620000,0.010000
1478549947379,1.620000,1.600000,900,1.620000,200,0.620000,0.010000
1478549949379,1.620000,1.600000,900,1.620000,200,0.620000,0.010000
1478549951911,1.620000,1.600000,900,1.620000,200,0.620000,0.010000
1478549953876,1.620000,1.600000,900,1.620000,200,0.620000,0.010000
1478549955884,1.620000,1.600000,900,1.620000,200,0.620000,0.010000
1478549957916,1.620000,1.600000,900,1.620000,200,0.620000,0.010000
1478549959389,1.620000,1.600000,900,1.620000,200,0.620000,0.010000
1478549961881,1.620000,1.600000,900,1.620000,200,0.620000,0.010000
1478549963911,1.620000,1.600000,900,1.620000,200,0.620000,0.010000
1478549965884,1.620000,1.600000,900,1.620000,200,0.620000,0.010000
1478549968383,1.620000,1.600000,900,1.620000,200,0.620000,0.010000
1478549970384,1.620000,1.600000,900,1.620000,200,0.620000,0.010000
1478549972409,1.620000,1.600000,900,1.620000,200,0.620000,0.010000
1478549974390,1.620000,1.600000,900,1.620000,200,0.620000,0.010000
1478549976400,1.620000,1.600000,900,1.620000,200,0.620000,0.010000
1478549978390,1.620000,1.600000,900,1.620000,200,0.620000,0.010000
1478549980388,1.620000,1.600000,900,1.620000,200,0.620000,0.010000
1478549982392,1.620000,1.600000,900,1.620000,200,0.620000,0.010000
1478549984396,1.620000,1.600000,900,1.620000,200,0.620000,0.010000
1478549985898,1.620000,1.600000,900,1.620000,200,0.620000,0.010000
1478549988390,1.620000,1.600000,900,1.620000,200,0.620000,0.010000
1478549990891,1.620000,1.600000,900,1.620000,200,0.620000,0.010000
1478549992896,1.620000,1.600000,900,1.620000,200,0.620000,0.010000
1478549994893,1.620000,1.600000,900,1.620000,200,0.620000,0.010000
1478549996904,1.620000,1.600000,900,1.620000,200,0.620000,0.010000
1478549998906,1.620000,1.600000,900,1.620000,200,0.620000,0.010000
1478550000911,1.620000,1.600000,900,1.620000,200,0.620000,0.010000
1478550002898,1.620000,1.600000,900,1.620000,200,0.620000,0.010000
1478550004896,1.620000,1.600000,900,1.620000,200,0.620000,0.010000
1478550006902,1.620000,1.600000,900,1.620000,200,0.620000,0.010000
1478550008899,1.620000,1.600000,900,1.620000,200,0.620000,0.010000
1478550010908,1.620000,1.600000,900,1.620000,200,0.620000,0.010000
1478550013415,1.620000,1.600000,900,1.620000,200,0.620000,0.010000
1478550014902,1.620000,1.600000,900,1.620000,200,0.620000,0.010000
1478550017402,1.620000,1.600000,900,1.620000,200,0.620000,0.010000
1478550018902,1.620000,1.600000,900,1.620000,200,0.620000,0.010000
1478550021409,1.620000,1.600000,900,1.620000,200,0.620000,0.010000
1478550023407,1.620000,1.600000,900,1.620000,200,0.620000,0.010000
1478550025411,1.620000,1.600000,900,1.620000,200,0.620000,0.010000
1478550027418,1.620000,1.600000,900,1.620000,200,0.620000,0.010000
1478550027418,1.620000,1.600000,900,1.620000,200,0.620000,0.010000
1478550031411,1.620000,1.600000,900,1.620000,200,0.620000,0.010000
1478550033399,1.620000,1.600000,900,1.620000,200,0.620000,0.010000
1478550035912,1.620000,1.600000,900,1.620000,200,0.620000,0.010000
1478550037910,1.620000,1.600000,900,1.620000,200,0.620000,0.010000
1478550039922,1.620000,1.600000,900,1.620000,200,0.620000,0.010000
1478550040914,1.620000,1.600000,900,1.620000,200,0.620000,0.010000
1478550043924,1.620000,1.600000,900,1.620000,200,0.620000,0.010000
1478550045427,1.620000,1.600000,900,1.620000,200,0.620000,0.010000
1478550047916,1.620000,1.600000,900,1.620000,200,0.620000,0.010000
1478550049428,1.620000,1.600000,900,1.620000,200,0.620000,0.010000
1478550051925,1.620000,1.600000,900,1.620000,200,0.620000,0.010000
1478550053922,1.620000,1.600000,900,1.620000,200,0.620000,0.010000
1478550055418,1.620000,1.600000,900,1.620000,200,0.620000,0.010000
1478550058433,1.620000,1.600000,900,1.620000,200,0.620000,0.010000
1478550060419,1.620000,1.600000,900,1.620000,200,0.620000,0.010000
1478550062457,1.620000,1.600000,900,1.620000,200,0.620000,0.010000
1478550064427,1.620000,1.600000,900,1.620000,200,0.620000,0.010000
1478550066430,1.620000,1.600000,900,1.620000,200,0.620000,0.010000
1478550067426,1.620000,1.600000,900,1.620000,200,0.620000,0.010000
1478550070421,1.620000,1.600000,900,1.620000,200,0.620000,0.010000
1478550072480,1.620000,1.600000,900,1.620000,200,0.620000,0.010000
1478550074422,1.620000,1.600000,900,1.620000,200,0.620000,0.010000
1478550076954,1.620000,1.600000,900,1.620000,200,0.620000,0.010000
1478550078934,1.620000,1.600000,900,1.620000,200,0.620000,0.010000
1478550080927,1.620000,1.600000,900,1.620000,200,0.620000,0.010000
1478550082946,1.620000,1.600000,900,1.620000,300,0.620000,0.010000
1478550084977,1.620000,1.600000,900,1.620000,300,0.620000,0.010000
1478550084977,1.620000,1.600000,900,1.620000,300,0.620000,0.010000
1478550088938,1.620000,1.600000,900,1.620000,300,0.620000,0.010000
1478550091438,1.620000,1.600000,900,1.620000,300,0.620000,0.010000
1478550093446,1.620000,1.600000,900,1.620000,300,0.620000,0.010000
1478550095476,1.620000,1.600000,900,1.620000,300,0.620000,0.010000
1478550097432,1.620000,1.600000,900,1.620000,300,0.620000,0.010000
1478550099443,1.620000,1.600000,900,1.620000,300,0.620000,0.010000
1478550101462,1.620000,1.600000,900,1.620000,300,0.620000,0.010000
1478550103439,1.620000,1.600000,900,1.620000,300,0.620000,0.010000
1478550105441,1.620000,1.600000,900,1.620000,300,0.620000,0.010000
1478550107442,1.620000,1.600000,900,1.620000,300,0.620000,0.010000
1478550109444,1.620000,1.600000,900,1.620000,300,0.620000,0.010000
1478550111444,1.620000,1.600000,900,1.620000,300,0.620000,0.010000
1478550113504,1.620000,1.600000,900,1.620000,300,0.620000,0.010000
1478550115953,1.620000,1.600000,900,1.620000,300,0.620000,0.010000
1478550117946,1.620000,1.600000,900,1.620000,300,0.620000,0.010000
1478550119955,1.620000,1.600000,900,1.620000,300,0.620000,0.010000
1478550121958,1.620000,1.600000,900,1.620000,300,0.620000,0.010000
1478550123948,1.620000,1.600000,900,1.620000,300,0.620000,0.010000
1478550125940,1.620000,1.600000,900,1.620000,300,0.620000,0.010000
1478550127999,1.620000,1.600000,900,1.620000,300,0.620000,0.010000
1478550129489,1.620000,1.600000,900,1.620000,200,0.620000,0.010000
1478550132457,1.620000,1.600000,900,1.620000,200,0.620000,0.010000
1478550134450,1.620000,1.600000,900,1.620000,200,0.620000,0.010000
1478550136463,1.620000,1.600000,900,1.620000,200,0.620000,0.010000
1478550138461,1.620000,1.600000,900,1.620000,300,0.620000,0.010000
1478550140464,1.620000,1.600000,900,1.620000,300,0.620000,0.010000
1478550142501,1.620000,1.600000,900,1.620000,300,0.620000,0.010000
1478550144951,1.620000,1.600000,900,1.620000,300,0.620000,0.010000
1478550146971,1.620000,1.600000,900,1.620000,300,0.620000,0.010000
1478550148957,1.620000,1.600000,900,1.620000,300,0.620000,0.010000
1478550150959,1.620000,1.600000,900,1.620000,300,0.620000,0.010000
1478550152962,1.620000,1.600000,900,1.620000,300,0.620000,0.010000
1478550154958,1.620000,1.600000,900,1.620000,300,0.620000,0.010000
1478550156984,1.620000,1.600000,900,1.620000,300,0.620000,0.010000
1478550158958,1.620000,1.600000,900,1.620000,300,0.620000,0.010000
1478550161465,1.620000,1.600000,900,1.620000,300,0.620000,0.010000
1478550163464,1.620000,1.600000,900,1.620000,300,0.620000,0.010000
1478550165478,1.620000,1.600000,900,1.620000,300,0.620000,0.010000
1478550166964,1.620000,1.600000,900,1.620000,300,0.620000,0.010000
1478550169474,1.620000,1.600000,900,1.620000,300,0.620000,0.010000
1478550170987,1.620000,1.600000,900,1.620000,300,0.620000,0.010000
1478550173467,1.620000,1.600000,900,1.620000,300,0.620000,0.010000
1478550174970,1.620000,1.610000,100,1.620000,200,0.620000,0.010000
1478550177454,1.620000,1.610000,200,1.620000,200,0.620000,0.010000
1478550179504,1.620000,1.610000,200,1.620000,200,0.620000,0.010000
1478550181967,1.620000,1.610000,200,1.620000,200,0.620000,0.010000
1478550183985,1.620000,1.610000,200,1.620000,200,0.620000,0.010000
1478550185969,1.610000,1.600000,900,1.620000,300,0.000000,0.000000
1478550187983,1.610000,1.600000,900,1.620000,300,0.000000,0.000000
1478550189977,1.610000,1.600000,900,1.620000,300,0.000000,0.000000
1478550191985,1.610000,1.600000,900,1.620000,300,0.000000,0.000000
1478550193978,1.610000,1.600000,900,1.620000,300,0.000000,0.000000
1478550195987,1.610000,1.600000,900,1.620000,300,0.000000,0.000000
1478550198382,1.610000,1.600000,900,1.620000,300,0.000000,0.000000
1478550199907,1.610000,1.600000,900,1.620000,300,0.000000,0.000000
1478550201869,1.610000,1.600000,900,1.620000,300,0.000000,0.000000
1478550204373,1.610000,1.600000,900,1.620000,300,0.000000,0.000000
1478550206372,1.610000,1.600000,900,1.620000,300,0.000000,0.000000
1478550207873,1.610000,1.600000,900,1.620000,300,0.000000,0.000000
1478550210376,1.610000,1.600000,900,1.620000,300,0.000000,0.000000
1478550211884,1.610000,1.600000,900,1.620000,300,0.000000,0.000000
1478550214877,1.610000,1.600000,900,1.620000,300,0.000000,0.000000
1478550216878,1.610000,1.600000,900,1.620000,300,0.000000,0.000000
1478550218877,1.610000,1.600000,900,1.620000,300,0.000000,0.000000
1478550220880,1.610000,1.600000,900,1.620000,300,0.000000,0.000000
1478550222879,1.610000,1.600000,900,1.620000,300,0.000000,0.000000
1478550224378,1.610000,1.600000,900,1.620000,300,0.000000,0.000000
1478550226881,1.610000,1.600000,900,1.620000,300,0.000000,0.000000
1478550228897,1.610000,1.600000,900,1.620000,300,0.000000,0.000000
1478550230885,1.610000,1.600000,900,1.620000,300,0.000000,0.000000
1478550233383,1.610000,1.600000,300,1.610000,100,0.000000,0.000000
1478550235384,1.610000,1.600000,300,1.610000,100,0.000000,0.000000
1478550237385,1.610000,1.600000,300,1.610000,100,0.000000,0.000000
1478550239391,1.610000,1.600000,300,1.610000,100,0.000000,0.000000
1478550240910,1.610000,1.600000,300,1.610000,100,0.000000,0.000000
1478550242913,1.610000,1.600000,300,1.610000,100,0.000000,0.000000
1478550245387,1.610000,1.600000,300,1.610000,100,0.000000,0.000000
1478550247389,1.610000,1.600000,300,1.610000,100,0.000000,0.000000
1478550249390,1.610000,1.600000,300,1.610000,100,0.000000,0.000000
1478550251387,1.610000,1.600000,300,1.610000,300,0.000000,0.000000
1478550253385,1.610000,1.600000,300,1.610000,300,0.000000,0.000000
1478550255422,1.610000,1.600000,300,1.610000,300,0.000000,0.000000
1478550257897,1.610000,1.600000,300,1.610000,300,0.000000,0.000000
1478550259927,1.610000,1.600000,300,1.610000,100,0.000000,0.000000
1478550261895,1.610000,1.600000,300,1.610000,100,0.000000,0.000000
1478550263896,1.610000,1.600000,300,1.620000,500,0.000000,0.000000
1478550265899,1.610000,1.600000,300,1.610000,100,0.000000,0.000000
1478550267890,1.610000,1.600000,300,1.610000,100,0.000000,0.000000
1478550269911,1.610000,1.600000,300,1.610000,100,0.000000,0.000000
1478550271928,1.610000,1.600000,300,1.620000,500,0.000000,0.000000
1478550273407,1.610000,1.600000,300,1.620000,500,0.000000,0.000000
1478550275402,1.610000,1.600000,300,1.620000,500,0.000000,0.000000
1478550278402,1.610000,1.600000,300,1.620000,500,0.000000,0.000000
1478550280400,1.610000,1.600000,300,1.620000,500,0.000000,0.000000
1478550282427,1.610000,1.600000,300,1.620000,500,0.000000,0.000000
1478550283416,1.610000,1.600000,300,1.620000,500,0.000000,0.000000
1478550286406,1.610000,1.600000,300,1.620000,500,0.000000,0.000000
1478550288412,1.610000,1.600000,300,1.620000,500,0.000000,0.000000
1478550290432,1.610000,1.600000,300,1.620000,500,0.000000,0.000000
1478550292404,1.610000,1.600000,300,1.620000,500,0.000000,0.000000
1478550294410,1.610000,1.600000,300,1.620000,500,0.000000,0.000000
1478550296447,1.610000,1.600000,300,1.620000,500,0.000000,0.000000
1478550298451,1.610000,1.600000,300,1.620000,500,0.000000,0.000000
1478550300916,1.610000,1.600000,300,1.620000,500,0.000000,0.000000
1478550302906,1.610000,1.600000,300,1.620000,500,0.000000,0.000000
1478550304913,1.610000,1.600000,300,1.620000,500,0.000000,0.000000
1478550306903,1.610000,1.600000,300,1.620000,500,0.000000,0.000000
1478550308918,1.610000,1.600000,300,1.620000,500,0.000000,0.000000
1478550310932,1.600100,1.580000,1500,1.610000,100,-0.610000,-0.009900
1478550312930,1.600100,1.580000,1500,1.610000,100,-0.610000,-0.009900
1478550314918,1.600100,1.580000,1500,1.610000,100,-0.610000,-0.009900
1478550316930,1.600100,1.580000,1500,1.610000,100,-0.610000,-0.009900
1478550319419,1.610000,1.580000,1500,1.610000,100,0.000000,0.000000
1478550321417,1.610000,1.580000,1500,1.610000,100,0.000000,0.000000
1478550323454,1.610000,1.580000,1500,1.610000,100,0.000000,0.000000
1478550325430,1.610000,1.580000,1500,1.610000,100,0.000000,0.000000
1478550327450,1.610000,1.580000,1500,1.610000,100,0.000000,0.000000
1478550329414,1.610000,1.580000,1500,1.610000,100,0.000000,0.000000
1478550331425,1.610000,1.580000,1500,1.610000,100,0.000000,0.000000
1478550333425,1.610000,1.580000,1500,1.610000,100,0.000000,0.000000
1478550335927,1.610000,1.580000,1500,1.610000,100,0.000000,0.000000
1478550337911,1.610000,1.580000,1500,1.600000,100,0.000000,0.000000
1478550339937,1.610000,1.580000,1500,1.600000,100,0.000000,0.000000
1478550341973,1.610000,1.580000,1500,1.600000,100,0.000000,0.000000
1478550343926,1.610000,1.580000,1500,1.600000,100,0.000000,0.000000
1478550345923,1.610000,1.580000,1500,1.600000,100,0.000000,0.000000
1478550347968,1.610000,1.580000,1500,1.600000,100,0.000000,0.000000
1478550349934,1.610000,1.580000,1500,1.600000,100,0.000000,0.000000
1478550351933,1.610000,1.580000,1500,1.600000,100,0.000000,0.000000
1478550353455,1.610000,1.580000,1500,1.600000,100,0.000000,0.000000
1478550355925,1.610000,1.580000,1500,1.600000,100,0.000000,0.000000
1478550358437,1.610000,1.580000,1500,1.600000,100,0.000000,0.000000
1478550360423,1.610000,1.580000,1500,1.600000,100,0.000000,0.000000
1478550362439,1.610000,1.580000,1500,1.600000,100,0.000000,0.000000
1478550364426,1.610000,1.580000,1500,1.600000,100,0.000000,0.000000
1478550365941,1.610000,1.580000,1500,1.600000,100,0.000000,0.000000
1478550368427,1.610000,1.580000,1500,1.600000,100,0.000000,0.000000
1478550369938,1.580000,1.580000,200,1.590000,100,-1.860000,-0.030000
1478550372444,1.590000,1.580000,100,1.590000,100,-1.240000,-0.020000
1478550374449,1.590000,1.580000,100,1.590000,100,-1.240000,-0.020000
1478550376437,1.590000,1.580000,100,1.590000,100,-1.240000,-0.020000
1478550378948,1.590000,1.580000,100,1.590000,100,-1.240000,-0.020000
1478550380946,1.590000,1.580000,100,1.590000,100,-1.240000,-0.020000
1478550383451,1.590000,1.580000,100,1.590000,100,-1.240000,-0.020000
1478550385483,1.590000,1.580000,100,1.590000,100,-1.240000,-0.020000
1478550387455,1.590000,1.580000,100,1.590000,100,-1.240000,-0.020000
1478550389444,1.590000,1.580000,100,1.590000,100,-1.240000,-0.020000
1478550390938,1.590000,1.580000,100,1.590000,100,-1.240000,-0.020000
1478550393449,1.590000,1.580000,100,1.590000,100,-1.240000,-0.020000
1478550395435,1.590000,1.580000,100,1.590000,400,-1.240000,-0.020000
1478550397485,1.590000,1.580000,100,1.590000,400,-1.240000,-0.020000
1478550398474,1.590000,1.580000,100,1.590000,400,-1.240000,-0.020000
1478550401452,1.590000,1.580000,100,1.590000,400,-1.240000,-0.020000
1478550403450,1.590000,1.580000,100,1.590000,400,-1.240000,-0.020000
1478550405950,1.590000,1.580000,100,1.590000,400,-1.240000,-0.020000
1478550407952,1.590000,1.580000,100,1.590000,400,-1.240000,-0.020000
1478550409455,1.590000,1.580000,100,1.590000,400,-1.240000,-0.020000
1478550411951,1.590000,1.580000,100,1.590000,400,-1.240000,-0.020000
1478550413954,1.590000,1.580000,100,1.590000,400,-1.240000,-0.020000
1478550415952,1.590000,1.580000,100,1.590000,400,-1.240000,-0.020000
1478550417956,1.590000,1.580000,100,1.590000,400,-1.240000,-0.020000
1478550419949,1.590000,1.580000,100,1.590000,400,-1.240000,-0.020000
1478550421959,1.590000,1.580000,100,1.590000,400,-1.240000,-0.020000
1478550423953,1.590000,1.580000,100,1.590000,400,-1.240000,-0.020000
1478550426461,1.590000,1.580000,100,1.590000,400,-1.240000,-0.020000
1478550428464,1.590000,1.580000,100,1.590000,400,-1.240000,-0.020000
1478550430451,1.590000,1.580000,100,1.590000,400,-1.240000,-0.020000
1478550431964,1.590000,1.580000,100,1.590000,400,-1.240000,-0.020000
1478550434456,1.590000,1.580000,100,1.590000,400,-1.240000,-0.020000
1478550435964,1.590000,1.580000,100,1.590000,400,-1.240000,-0.020000
1478550437977,1.590000,1.580000,100,1.590000,400,-1.240000,-0.020000
1478550440467,1.590000,1.580000,100,1.590000,400,-1.240000,-0.020000
1478550442475,1.590000,1.580000,100,1.590000,400,-1.240000,-0.020000
1478550444462,1.590000,1.580000,100,1.590000,400,-1.240000,-0.020000
1478550446983,1.590000,1.580000,100,1.590000,400,-1.240000,-0.020000
1478550448974,1.590000,1.580000,100,1.590000,400,-1.240000,-0.020000
1478550451022,1.590000,1.580000,100,1.590000,400,-1.240000,-0.020000
1478550452470,1.590000,1.580000,100,1.590000,400,-1.240000,-0.020000
1478550454978,1.590000,1.580000,100,1.590000,400,-1.240000,-0.020000
1478550456973,1.590000,1.580000,100,1.590000,100,-1.240000,-0.020000
1478550458978,1.590000,1.580000,100,1.590000,100,-1.240000,-0.020000
1478550459459,1.590000,1.580000,100,1.590000,100,-1.240000,-0.020000
1478550462980,1.590000,1.580000,100,1.590000,100,-1.240000,-0.020000
1478550465473,1.590000,1.580000,100,1.590000,100,-1.240000,-0.020000
1478550467368,1.590000,1.580000,100,1.590000,400,-1.240000,-0.020000
1478550469371,1.590000,1.580000,100,1.590000,400,-1.240000,-0.020000
1478550471371,1.590000,1.580000,100,1.590000,400,-1.240000,-0.020000
1478550473369,1.590000,1.580000,100,1.590000,400,-1.240000,-0.020000
1478550475422,1.590000,1.580000,100,1.590000,400,-1.240000,-0.020000
1478550477373,1.590000,1.580000,100,1.590000,400,-1.240000,-0.020000
1478550479872,1.590000,1.580000,100,1.590000,400,-1.240000,-0.020000
1478550481874,1.590000,1.580000,100,1.590000,400,-1.240000,-0.020000
1478550483875,1.590000,1.580000,100,1.590000,400,-1.240000,-0.020000
1478550485876,1.590000,1.580000,100,1.590000,400,-1.240000,-0.020000
1478550487385,1.590000,1.580000,100,1.590000,400,-1.240000,-0.020000
1478550489876,1.590000,1.580000,100,1.590000,400,-1.240000,-0.020000
1478550491884,1.590000,1.580000,100,1.590000,400,-1.240000,-0.020000
1478550493879,1.590000,1.580000,100,1.590000,400,-1.240000,-0.020000
1478550496390,1.590000,1.580000,100,1.590000,400,-1.240000,-0.020000
1478550498378,1.590000,1.580000,100,1.590000,400,-1.240000,-0.020000
1478550500416,1.590000,1.580000,100,1.590000,100,-1.240000,-0.020000
1478550502383,1.590000,1.580000,100,1.590000,100,-1.240000,-0.020000
1478550504376,1.590000,1.580000,100,1.590000,100,-1.240000,-0.020000
1478550506439,1.590000,1.580000,100,1.590000,100,-1.240000,-0.020000
1478550508389,1.590000,1.580000,100,1.590000,100,-1.240000,-0.020000
1478550510394,1.590000,1.580000,100,1.590000,100,-1.240000,-0.020000
1478550512382,1.590000,1.580000,100,1.590000,100,-1.240000,-0.020000
1478550514890,1.590000,1.580000,100,1.590000,100,-1.240000,-0.020000
1478550516889,1.590000,1.580000,100,1.590000,100,-1.240000,-0.020000
1478550518887,1.590000,1.580000,100,1.590000,100,-1.240000,-0.020000
1478550520897,1.590000,1.580000,100,1.590000,100,-1.240000,-0.020000
1478550522896,1.590000,1.580000,100,1.590000,100,-1.240000,-0.020000
1478550524895,1.590000,1.580000,100,1.590000,100,-1.240000,-0.020000
1478550526890,1.590000,1.580000,100,1.590000,100,-1.240000,-0.020000
1478550529392,1.590000,1.580000,100,1.590000,100,-1.240000,-0.020000
1478550531449,1.590000,1.580000,100,1.590000,100,-1.240000,-0.020000
1478550533393,1.590000,1.580000,100,1.590000,100,-1.240000,-0.020000
1478550535395,1.590000,1.580000,100,1.590000,100,-1.240000,-0.020000
1478550537396,1.590000,1.580000,100,1.590000,100,-1.240000,-0.020000
1478550539402,1.590000,1.580000,100,1.590000,100,-1.240000,-0.020000
1478550541392,1.590000,1.580000,100,1.590000,100,-1.240000,-0.020000
1478550543399,1.590000,1.580000,100,1.590000,100,-1.240000,-0.020000
1478550544903,1.590000,1.580000,100,1.590000,100,-1.240000,-0.020000
1478550547407,1.590000,1.580000,100,1.590000,100,-1.240000,-0.020000
1478550549401,1.590000,1.580000,100,1.590000,100,-1.240000,-0.020000
1478550551901,1.590000,1.580000,100,1.590000,100,-1.240000,-0.020000
1478550553909,1.590000,1.580000,100,1.590000,100,-1.240000,-0.020000
1478550555903,1.590000,1.580000,100,1.590000,100,-1.240000,-0.020000
1478550557913,1.590000,1.580000,100,1.590000,100,-1.240000,-0.020000
1478550559911,1.590000,1.580000,100,1.590000,100,-1.240000,-0.020000
1478550561944,1.590000,1.580000,100,1.590000,100,-1.240000,-0.020000
1478550563907,1.585900,1.580000,100,1.590000,100,-1.500000,-0.024100
1478550565911,1.585900,1.580000,100,1.590000,100,-1.500000,-0.024100
1478550567406,1.585900,1.580000,100,1.590000,100,-1.500000,-0.024100
1478550569912,1.585900,1.580000,100,1.590000,400,-1.500000,-0.024100
1478550572418,1.585900,1.580000,100,1.590000,400,-1.500000,-0.024100
1478550574413,1.585900,1.580000,100,1.590000,400,-1.500000,-0.024100
1478550576420,1.585900,1.580000,100,1.590000,400,-1.500000,-0.024100
1478550578448,1.585900,1.580000,100,1.590000,400,-1.500000,-0.024100
1478550579907,1.585900,1.580000,100,1.590000,400,-1.500000,-0.024100
1478550582418,1.585900,1.580000,100,1.590000,400,-1.500000,-0.024100
1478550583416,1.585900,1.580000,100,1.590000,400,-1.500000,-0.024100
1478550586413,1.585900,1.580000,100,1.590000,400,-1.500000,-0.024100
1478550587954,1.585900,1.580000,100,1.590000,400,-1.500000,-0.024100
1478550590436,1.585900,1.580000,100,1.590000,400,-1.500000,-0.024100
1478550592418,1.585900,1.580000,100,1.590000,400,-1.500000,-0.024100
1478550594919,1.585900,1.580000,100,1.590000,400,-1.500000,-0.024100
1478550596911,1.585900,1.580000,100,1.590000,400,-1.500000,-0.024100
1478550598921,1.585900,1.580000,100,1.590000,400,-1.500000,-0.024100
1478550600917,1.585900,1.580000,100,1.590000,400,-1.500000,-0.024100
1478550602925,1.585900,1.580000,100,1.590000,400,-1.500000,-0.024100
1478550604421,1.585900,1.580000,100,1.590000,400,-1.500000,-0.024100
1478550606939,1.585900,1.580000,100,1.590000,400,-1.500000,-0.024100
1478550608923,1.585900,1.580000,100,1.590000,400,-1.500000,-0.024100
1478550610922,1.585900,1.580000,100,1.590000,400,-1.500000,-0.024100
1478550612918,1.585900,1.580000,100,1.590000,400,-1.500000,-0.024100
1478550615424,1.585900,1.580000,100,1.590000,400,-1.500000,-0.024100
1478550617431,1.585900,1.580000,100,1.590000,400,-1.500000,-0.024100
1478550618924,1.585900,1.580000,100,1.590000,400,-1.500000,-0.024100
1478550621439,1.585900,1.580000,100,1.590000,400,-1.500000,-0.024100
1478550623414,1.585900,1.580000,100,1.590000,400,-1.500000,-0.024100
1478550625481,1.585900,1.580000,100,1.590000,400,-1.500000,-0.024100
1478550627431,1.585900,1.580000,100,1.590000,400,-1.500000,-0.024100
1478550628934,1.585900,1.580000,100,1.590000,100,-1.500000,-0.024100
1478550631435,1.585900,1.580000,100,1.590000,100,-1.500000,-0.024100
1478550633464,1.585900,1.580000,100,1.590000,100,-1.500000,-0.024100
1478550635924,1.585900,1.580000,100,1.590000,100,-1.500000,-0.024100
1478550637938,1.585900,1.580000,100,1.590000,100,-1.500000,-0.024100
1478550639936,1.585900,1.580000,100,1.590000,400,-1.500000,-0.024100
1478550641942,1.585900,1.580000,100,1.590000,400,-1.500000,-0.024100
1478550643942,1.585900,1.580000,100,1.590000,400,-1.500000,-0.024100
1478550645938,1.585900,1.580000,100,1.590000,400,-1.500000,-0.024100
1478550647943,1.585900,1.580000,100,1.590000,400,-1.500000,-0.024100
1478550649428,1.585900,1.580000,100,1.590000,400,-1.500000,-0.024100
1478550651942,1.585900,1.580000,100,1.590000,400,-1.500000,-0.024100
1478550654437,1.585900,1.580000,100,1.590000,400,-1.500000,-0.024100
1478550656439,1.585900,1.580000,100,1.590000,400,-1.500000,-0.024100
1478550658446,1.585900,1.580000,100,1.590000,400,-1.500000,-0.024100
1478550660445,1.585900,1.580000,100,1.590000,400,-1.500000,-0.024100
1478550662457,1.585900,1.580000,100,1.590000,400,-1.500000,-0.024100
1478550664461,1.585900,1.580000,100,1.590000,400,-1.500000,-0.024100
1478550666457,1.585900,1.580000,100,1.590000,400,-1.500000,-0.024100
1478550668457,1.585900,1.580000,100,1.590000,400,-1.500000,-0.024100
1478550670466,1.585900,1.580000,100,1.590000,400,-1.500000,-0.024100
1478550672443,1.585900,1.580000,100,1.590000,400,-1.500000,-0.024100
1478550674453,1.585900,1.580000,100,1.590000,400,-1.500000,-0.024100
1478550676443,1.585900,1.580000,100,1.590000,400,-1.500000,-0.024100
1478550678451,1.585900,1.580000,100,1.590000,400,-1.500000,-0.024100
1478550680956,1.585900,1.580000,100,1.590000,100,-1.500000,-0.024100
1478550682953,1.585900,1.580000,100,1.590000,100,-1.500000,-0.024100
1478550684960,1.585900,1.580000,100,1.590000,100,-1.500000,-0.024100
1478550686970,1.585900,1.580000,100,1.590000,100,-1.500000,-0.024100
1478550688948,1.585900,1.580000,100,1.590000,400,-1.500000,-0.024100
1478550690464,1.585900,1.580000,100,1.590000,400,-1.500000,-0.024100
1478550692510,1.585900,1.580000,100,1.590000,400,-1.500000,-0.024100
1478550694956,1.585900,1.580000,100,1.590000,400,-1.500000,-0.024100
1478550697465,1.585900,1.580000,100,1.590000,400,-1.500000,-0.024100
1478550699962,1.585900,1.580000,100,1.590000,400,-1.500000,-0.024100
1478550701959,1.585900,1.580000,100,1.590000,400,-1.500000,-0.024100
1478550703467,1.585900,1.580000,100,1.590000,400,-1.500000,-0.024100
1478550706002,1.585900,1.580000,100,1.590000,400,-1.500000,-0.024100
1478550707970,1.585900,1.580000,100,1.590000,400,-1.500000,-0.024100
1478550710018,1.585900,1.580000,100,1.590000,400,-1.500000,-0.024100
1478550712484,1.585900,1.580000,100,1.590000,400,-1.500000,-0.024100
1478550714472,1.585900,1.580000,100,1.590000,400,-1.500000,-0.024100
1478550716460,1.585900,1.580000,100,1.590000,400,-1.500000,-0.024100
1478550718506,1.585900,1.580000,100,1.590000,400,-1.500000,-0.024100
1478550720487,1.585900,1.580000,100,1.590000,400,-1.500000,-0.024100
1478550722479,1.585900,1.580000,100,1.590000,400,-1.500000,-0.024100
1478550724473,1.585900,1.580000,100,1.590000,400,-1.500000,-0.024100
1478550725975,1.585900,1.580000,100,1.590000,400,-1.500000,-0.024100
1478550728978,1.585900,1.580000,100,1.590000,400,-1.500000,-0.024100
1478550730979,1.585900,1.580000,100,1.590000,400,-1.500000,-0.024100
1478550733002,1.585900,1.580000,100,1.590000,400,-1.500000,-0.024100
1478550734980,1.585900,1.580000,100,1.590000,400,-1.500000,-0.024100
1478550736470,1.585900,1.580000,100,1.590000,400,-1.500000,-0.024100
1478550738869,1.585900,1.580000,100,1.590000,100,-1.500000,-0.024100
1478550740375,1.585900,1.580000,100,1.590000,100,-1.500000,-0.024100
1478550743371,1.585900,1.580000,100,1.590000,100,-1.500000,-0.024100
1478550745372,1.585900,1.580000,100,1.590000,100,-1.500000,-0.024100
1478550747372,1.585900,1.580000,100,1.590000,100,-1.500000,-0.024100
1478550749373,1.585900,1.580000,100,1.590000,100,-1.500000,-0.024100
1478550751377,1.585900,1.580000,100,1.590000,100,-1.500000,-0.024100
1478550752873,1.585900,1.580000,100,1.590000,100,-1.500000,-0.024100
1478550755375,1.585900,1.580000,100,1.590000,100,-1.500000,-0.024100
1478550756879,1.585900,1.580000,100,1.590000,100,-1.500000,-0.024100
1478550759376,1.585900,1.580000,100,1.590000,100,-1.500000,-0.024100
1478550761879,1.585900,1.580000,100,1.590000,100,-1.500000,-0.024100
1478550763885,1.585900,1.580000,100,1.590000,100,-1.500000,-0.024100
1478550765879,1.585900,1.580000,100,1.590000,100,-1.500000,-0.024100
1478550767883,1.585900,1.580000,100,1.590000,100,-1.500000,-0.024100
1478550769882,1.585900,1.580000,100,1.590000,100,-1.500000,-0.024100
1478550771883,1.585900,1.580000,100,1.590000,100,-1.500000,-0.024100
1478550773385,1.585900,1.580000,100,1.590000,100,-1.500000,-0.024100
1478550775917,1.585900,1.580000,100,1.590000,100,-1.500000,-0.024100
1478550778386,1.585900,1.580000,100,1.590000,100,-1.500000,-0.024100
1478550779889,1.585900,1.580000,100,1.590000,100,-1.500000,-0.024100
1478550782390,1.585900,1.580000,100,1.590000,100,-1.500000,-0.024100
1478550784389,1.585900,1.580000,100,1.590000,100,-1.500000,-0.024100
1478550786395,1.585900,1.580000,100,1.590000,100,-1.500000,-0.024100
1478550788397,1.585900,1.580000,100,1.590000,100,-1.500000,-0.024100
1478550790381,1.585900,1.580000,100,1.590000,100,-1.500000,-0.024100
1478550791400,1.585900,1.580000,100,1.590000,100,-1.500000,-0.024100
1478550793926,1.585900,1.580000,100,1.590000,100,-1.500000,-0.024100
1478550796394,1.585900,1.580000,100,1.590000,100,-1.500000,-0.024100
1478550798397,1.585900,1.580000,100,1.590000,100,-1.500000,-0.024100
1478550800896,1.585900,1.580000,100,1.590000,100,-1.500000,-0.024100
1478550802895,1.585900,1.580000,100,1.590000,100,-1.500000,-0.024100
1478550804904,1.585900,1.580000,100,1.590000,400,-1.500000,-0.024100
1478550806400,1.585900,1.580000,100,1.590000,400,-1.500000,-0.024100
1478550808899,1.585900,1.580000,100,1.590000,400,-1.500000,-0.024100
1478550810898,1.585900,1.580000,100,1.590000,400,-1.500000,-0.024100
1478550812899,1.585900,1.580000,100,1.590000,400,-1.500000,-0.024100
1478550814911,1.585900,1.580000,100,1.590000,400,-1.500000,-0.024100
1478550816919,1.585900,1.580000,100,1.590000,400,-1.500000,-0.024100
1478550818907,1.585900,1.580000,100,1.590000,400,-1.500000,-0.024100
1478550821398,1.585900,1.580000,100,1.590000,400,-1.500000,-0.024100
1478550823406,1.585900,1.580000,100,1.590000,400,-1.500000,-0.024100
1478550825406,1.585900,1.580000,100,1.590000,400,-1.500000,-0.024100
1478550827446,1.585900,1.580000,100,1.590000,400,-1.500000,-0.024100
1478550829414,1.585900,1.580000,100,1.590000,400,-1.500000,-0.024100
1478550831397,1.585900,1.580000,100,1.590000,400,-1.500000,-0.024100
1478550833490,1.585900,1.580000,100,1.590000,400,-1.500000,-0.024100
1478550834920,1.585900,1.580000,100,1.590000,400,-1.500000,-0.024100
1478550837412,1.585900,1.580000,100,1.590000,400,-1.500000,-0.024100
1478550839414,1.585900,1.580000,100,1.590000,400,-1.500000,-0.024100
1478550840911,1.585900,1.580000,100,1.590000,400,-1.500000,-0.024100
1478550843913,1.585900,1.580000,100,1.590000,400,-1.500000,-0.024100
1478550845917,1.585900,1.580000,100,1.590000,400,-1.500000,-0.024100
1478550847919,1.585900,1.580000,100,1.590000,400,-1.500000,-0.024100
1478550849914,1.585900,1.580000,100,1.590000,400,-1.500000,-0.024100
1478550851916,1.585900,1.580000,100,1.590000,400,-1.500000,-0.024100
1478550853420,1.585900,1.580000,100,1.590000,400,-1.500000,-0.024100
1478550855919,1.585900,1.580000,100,1.590000,400,-1.500000,-0.024100
1478550857927,1.585900,1.580000,100,1.590000,400,-1.500000,-0.024100
1478550859920,1.585900,1.580000,100,1.590000,400,-1.500000,-0.024100
1478550861420,1.585900,1.580000,100,1.590000,400,-1.500000,-0.024100
1478550863922,1.585900,1.580000,100,1.590000,400,-1.500000,-0.024100
1478550866417,1.585900,1.580000,100,1.590000,400,-1.500000,-0.024100
1478550868435,1.585900,1.580000,100,1.590000,400,-1.500000,-0.024100
1478550870437,1.585900,1.580000,100,1.590000,100,-1.500000,-0.024100
1478550872428,1.585900,1.580000,100,1.590000,100,-1.500000,-0.024100
1478550874434,1.585900,1.580000,100,1.590000,100,-1.500000,-0.024100
1478550876437,1.585900,1.580000,100,1.590000,100,-1.500000,-0.024100
1478550878479,1.585900,1.580000,100,1.590000,100,-1.500000,-0.024100
1478550880445,1.585900,1.580000,100,1.590000,100,-1.500000,-0.024100
1478550882425,1.585900,1.580000,100,1.590000,400,-1.500000,-0.024100
1478550884442,1.585900,1.580000,100,1.590000,400,-1.500000,-0.024100
1478550886440,1.585900,1.580000,100,1.590000,400,-1.500000,-0.024100
1478550888934,1.585900,1.580000,100,1.590000,400,-1.500000,-0.024100
1478550890941,1.585900,1.580000,100,1.590000,400,-1.500000,-0.024100
1478550892937,1.585900,1.580000,100,1.590000,400,-1.500000,-0.024100
1478550894942,1.585900,1.580000,100,1.590000,400,-1.500000,-0.024100
1478550896946,1.585900,1.580000,100,1.590000,400,-1.500000,-0.024100
1478550898443,1.585900,1.580000,100,1.590000,400,-1.500000,-0.024100
1478550900942,1.585900,1.580000,100,1.590000,400,-1.500000,-0.024100
1478550902455,1.585900,1.580000,100,1.590000,400,-1.500000,-0.024100
1478550904453,1.585900,1.580000,100,1.590000,400,-1.500000,-0.024100
1478550906475,1.585900,1.580000,100,1.590000,400,-1.500000,-0.024100
1478550909451,1.585900,1.580000,100,1.590000,400,-1.500000,-0.024100
1478550911441,1.585900,1.580000,100,1.590000,400,-1.500000,-0.024100
1478550913440,1.585900,1.580000,100,1.590000,400,-1.500000,-0.024100
1478550915445,1.585900,1.580000,100,1.590000,400,-1.500000,-0.024100
1478550917450,1.585900,1.580000,100,1.590000,400,-1.500000,-0.024100
1478550919002,1.585900,1.580000,100,1.590000,400,-1.500000,-0.024100
1478550919002,1.585900,1.580000,100,1.590000,400,-1.500000,-0.024100
1478550923452,1.585900,1.580000,100,1.590000,400,-1.500000,-0.024100
1478550925450,1.585900,1.580000,100,1.590000,400,-1.500000,-0.024100
1478550927447,1.585900,1.580000,200,1.590000,400,-1.500000,-0.024100
1478550929452,1.585900,1.580000,200,1.590000,400,-1.500000,-0.024100
1478550931455,1.585900,1.580000,200,1.590000,400,-1.500000,-0.024100
1478550933944,1.585900,1.580000,200,1.590000,400,-1.500000,-0.024100
1478550935956,1.585900,1.580000,200,1.590000,400,-1.500000,-0.024100
1478550937962,1.585900,1.580000,200,1.590000,400,-1.500000,-0.024100
1478550939469,1.585900,1.580000,200,1.590000,400,-1.500000,-0.024100
1478550941953,1.585900,1.580000,200,1.590000,400,-1.500000,-0.024100
1478550943957,1.585900,1.580000,200,1.590000,400,-1.500000,-0.024100
1478550945465,1.585900,1.580000,200,1.590000,200,-1.500000,-0.024100
1478550947991,1.585900,1.580000,200,1.590000,200,-1.500000,-0.024100
1478550948484,1.585900,1.580000,200,1.590000,200,-1.500000,-0.024100
1478550951997,1.585900,1.580000,200,1.590000,200,-1.500000,-0.024100
1478550953965,1.585900,1.580000,200,1.590000,200,-1.500000,-0.024100
1478550956465,1.585900,1.580000,200,1.590000,400,-1.500000,-0.024100
1478550958466,1.585900,1.580000,200,1.590000,400,-1.500000,-0.024100
1478550960463,1.585900,1.580000,200,1.590000,400,-1.500000,-0.024100
1478550962466,1.585900,1.580000,200,1.590000,400,-1.500000,-0.024100
1478550962466,1.585900,1.580000,200,1.590000,400,-1.500000,-0.024100
1478550966583,1.585900,1.580000,200,1.590000,400,-1.500000,-0.024100
1478550968478,1.585900,1.580000,200,1.590000,400,-1.500000,-0.024100
1478550970469,1.585900,1.580000,200,1.590000,400,-1.500000,-0.024100
1478550972492,1.585900,1.580000,200,1.590000,400,-1.500000,-0.024100
1478550974477,1.585900,1.580000,200,1.590000,400,-1.500000,-0.024100
1478550976972,1.585900,1.580000,200,1.590000,400,-1.500000,-0.024100
1478550978488,1.585900,1.580000,200,1.590000,400,-1.500000,-0.024100
1478550980978,1.585900,1.580000,200,1.590000,400,-1.500000,-0.024100
1478550982979,1.585900,1.580000,200,1.590000,200,-1.500000,-0.024100
1478550984468,1.585900,1.580000,200,1.590000,200,-1.500000,-0.024100
1478550987475,1.585900,1.580000,200,1.590000,200,-1.500000,-0.024100
1478550989477,1.585900,1.580000,200,1.590000,200,-1.500000,-0.024100
1478550991495,1.585900,1.580000,200,1.590000,200,-1.500000,-0.024100
1478550993481,1.585900,1.580000,200,1.590000,200,-1.500000,-0.024100
1478550995492,1.585900,1.580000,200,1.590000,200,-1.500000,-0.024100
1478550996948,1.585900,1.580000,200,1.590000,200,-1.500000,-0.024100
1478550999483,1.585900,1.580000,200,1.590000,200,-1.500000,-0.024100
1478551001870,1.585900,1.580000,200,1.590000,200,-1.500000,-0.024100
1478551003867,1.585900,1.580000,200,1.590000,200,-1.500000,-0.024100
1478551005936,1.585900,1.580000,200,1.590000,200,-1.500000,-0.024100
1478551007887,1.585900,1.580000,200,1.590000,200,-1.500000,-0.024100
1478551009876,1.585900,1.580000,200,1.590000,200,-1.500000,-0.024100
1478551011905,1.585900,1.580000,200,1.590000,200,-1.500000,-0.024100
1478551014379,1.585900,1.580000,200,1.590000,200,-1.500000,-0.024100
1478551016375,1.585900,1.580000,200,1.590000,200,-1.500000,-0.024100
1478551018380,1.585900,1.580000,200,1.590000,200,-1.500000,-0.024100
1478551020400,1.585900,1.580000,200,1.590000,200,-1.500000,-0.024100
1478551022403,1.585900,1.580000,200,1.590000,200,-1.500000,-0.024100
1478551023881,1.585900,1.580000,200,1.590000,200,-1.500000,-0.024100
1478551026382,1.585900,1.580000,200,1.590000,200,-1.500000,-0.024100
1478551028390,1.585900,1.580000,200,1.590000,200,-1.500000,-0.024100
1478551030381,1.585900,1.580000,200,1.590000,200,-1.500000,-0.024100
1478551032882,1.585900,1.580000,200,1.590000,200,-1.500000,-0.024100
1478551034893,1.585900,1.580000,200,1.590000,200,-1.500000,-0.024100
1478551035924,1.585900,1.580000,200,1.590000,200,-1.500000,-0.024100
1478551038894,1.585900,1.580000,200,1.590000,200,-1.500000,-0.024100
1478551040892,1.585900,1.580000,200,1.590000,200,-1.500000,-0.024100
1478551042889,1.585900,1.580000,200,1.590000,200,-1.500000,-0.024100
1478551044890,1.585900,1.580000,200,1.590000,200,-1.500000,-0.024100
1478551046891,1.585900,1.580000,200,1.590000,100,-1.500000,-0.024100
1478551048395,1.585900,1.580000,200,1.590000,100,-1.500000,-0.024100
1478551050903,1.585900,1.580000,200,1.590000,100,-1.500000,-0.024100
1478551052897,1.585900,1.580000,200,1.590000,100,-1.500000,-0.024100
1478551055396,1.585900,1.580000,200,1.590000,100,-1.500000,-0.024100
1478551057398,1.585900,1.580000,200,1.590000,300,-1.500000,-0.024100
1478551059397,1.585900,1.580000,200,1.590000,300,-1.500000,-0.024100
1478551061400,1.585900,1.580000,200,1.590000,300,-1.500000,-0.024100
1478551062916,1.585900,1.580000,200,1.590000,300,-1.500000,-0.024100
1478551065439,1.585900,1.580000,200,1.590000,300,-1.500000,-0.024100
1478551067404,1.585900,1.580000,200,1.590000,300,-1.500000,-0.024100
1478551069402,1.585900,1.580000,200,1.590000,300,-1.500000,-0.024100
1478551071440,1.585900,1.580000,200,1.590000,300,-1.500000,-0.024100
1478551073904,1.585900,1.580000,200,1.590000,300,-1.500000,-0.024100
1478551075918,1.585900,1.580000,200,1.590000,300,-1.500000,-0.024100
1478551077472,1.585900,1.580000,200,1.590000,300,-1.500000,-0.024100
1478551079911,1.585900,1.580000,200,1.590000,300,-1.500000,-0.024100
1478551081915,1.585900,1.580000,200,1.590000,300,-1.500000,-0.024100
1478551083902,1.585900,1.580000,200,1.590000,300,-1.500000,-0.024100
1478551085412,1.585900,1.580000,200,1.590000,300,-1.500000,-0.024100
1478551087910,1.585900,1.580000,200,1.590000,300,-1.500000,-0.024100
1478551089909,1.585900,1.580000,200,1.590000,300,-1.500000,-0.024100
1478551091437,1.585900,1.580000,200,1.590000,300,-1.500000,-0.024100
1478551094418,1.585900,1.580000,200,1.590000,300,-1.500000,-0.024100
1478551096412,1.585900,1.580000,200,1.590000,300,-1.500000,-0.024100
1478551098440,1.585900,1.580000,200,1.590000,300,-1.500000,-0.024100
1478551099908,1.585900,1.580000,200,1.590000,300,-1.500000,-0.024100
1478551102418,1.585900,1.580000,200,1.590000,300,-1.500000,-0.024100
1478551104466,1.585900,1.580000,200,1.590000,300,-1.500000,-0.024100
1478551106431,1.585900,1.580000,200,1.590000,300,-1.500000,-0.024100
1478551108423,1.580000,1.580000,100,1.590000,100,-1.860000,-0.030000
1478551109920,1.580000,1.580000,100,1.590000,100,-1.860000,-0.030000
1478551112920,1.580000,1.580000,100,1.590000,100,-1.860000,-0.030000
1478551114916,1.590000,1.580000,200,1.610000,200,-1.240000,-0.020000
1478551116922,1.590000,1.580000,200,1.610000,300,-1.240000,-0.020000
1478551118927,1.590000,1.580000,100,1.610000,400,-1.240000,-0.020000
1478551120922,1.590000,1.580000,100,1.610000,400,-1.240000,-0.020000
1478551122924,1.590000,1.580000,100,1.610000,400,-1.240000,-0.020000
1478551124408,1.590000,1.580000,100,1.610000,400,-1.240000,-0.020000
1478551126929,1.590000,1.580000,100,1.610000,400,-1.240000,-0.020000
1478551128929,1.590000,1.580000,100,1.610000,400,-1.240000,-0.020000
1478551130915,1.590000,1.580000,100,1.610000,400,-1.240000,-0.020000
1478551132956,1.590000,1.580000,100,1.610000,400,-1.240000,-0.020000
1478551134979,1.590000,1.580000,100,1.610000,400,-1.240000,-0.020000
1478551137436,1.590000,1.580000,100,1.610000,400,-1.240000,-0.020000
1478551139429,1.590000,1.580000,100,1.610000,400,-1.240000,-0.020000
1478551141433,1.590000,1.580000,100,1.610000,400,-1.240000,-0.020000
1478551143436,1.590000,1.580000,100,1.610000,400,-1.240000,-0.020000
1478551145424,1.590000,1.580000,100,1.610000,400,-1.240000,-0.020000
1478551147433,1.590000,1.580000,100,1.610000,400,-1.240000,-0.020000
1478551149426,1.590000,1.580000,100,1.610000,400,-1.240000,-0.020000
1478551151439,1.590000,1.580000,100,1.610000,400,-1.240000,-0.020000
1478551153477,1.590000,1.580000,100,1.610000,400,-1.240000,-0.020000
1478551155933,1.590000,1.580000,100,1.610000,400,-1.240000,-0.020000
1478551157948,1.590000,1.580000,100,1.610000,400,-1.240000,-0.020000
1478551159934,1.590000,1.580000,100,1.610000,400,-1.240000,-0.020000
1478551161951,1.590000,1.580000,100,1.610000,400,-1.240000,-0.020000
1478551163942,1.590000,1.580000,100,1.610000,400,-1.240000,-0.020000
1478551165475,1.590000,1.580000,100,1.610000,400,-1.240000,-0.020000
1478551167448,1.590000,1.580000,100,1.610000,400,-1.240000,-0.020000
1478551169952,1.590000,1.580000,100,1.610000,400,-1.240000,-0.020000
1478551171942,1.590000,1.580000,100,1.610000,400,-1.240000,-0.020000
1478551173942,1.590000,1.580000,100,1.610000,400,-1.240000,-0.020000
1478551175930,1.590000,1.580000,200,1.610000,300,-1.240000,-0.020000
1478551177948,1.590000,1.580000,200,1.610000,300,-1.240000,-0.020000
1478551180447,1.590000,1.580000,200,1.610000,300,-1.240000,-0.020000
1478551182448,1.590000,1.580000,100,1.610000,300,-1.240000,-0.020000
1478551183434,1.590000,1.580000,100,1.610000,300,-1.240000,-0.020000
1478551186442,1.590000,1.580000,100,1.610000,400,-1.240000,-0.020000
1478551188454,1.590000,1.580000,100,1.610000,400,-1.240000,-0.020000
1478551190449,1.590000,1.580000,100,1.610000,400,-1.240000,-0.020000
1478551192455,1.590000,1.580000,100,1.610000,400,-1.240000,-0.020000
1478551194526,1.590000,1.580000,100,1.610000,400,-1.240000,-0.020000
1478551196449,1.590000,1.580000,100,1.610000,400,-1.240000,-0.020000
1478551198962,1.590000,1.580000,100,1.610000,400,-1.240000,-0.020000
1478551200955,1.590000,1.580000,100,1.610000,400,-1.240000,-0.020000
1478551202949,1.590000,1.580000,100,1.610000,400,-1.240000,-0.020000
1478551204954,1.590000,1.580000,100,1.610000,400,-1.240000,-0.020000
1478551206962,1.590000,1.580000,100,1.610000,400,-1.240000,-0.020000
1478551207492,1.590000,1.580000,100,1.610000,400,-1.240000,-0.020000
1478551210961,1.590000,1.580000,100,1.610000,400,-1.240000,-0.020000
1478551212965,1.590000,1.580000,100,1.610000,400,-1.240000,-0.020000
1478551214950,1.590000,1.580000,100,1.610000,400,-1.240000,-0.020000
1478551216955,1.590000,1.580000,100,1.610000,400,-1.240000,-0.020000
1478551218470,1.590000,1.580000,100,1.610000,400,-1.240000,-0.020000
1478551220473,1.590000,1.580000,100,1.610000,300,-1.240000,-0.020000
1478551223466,1.590000,1.580000,100,1.610000,300,-1.240000,-0.020000
1478551225465,1.590000,1.580000,100,1.610000,300,-1.240000,-0.020000
1478551227459,1.590000,1.580000,100,1.610000,300,-1.240000,-0.020000
1478551229458,1.590000,1.580000,100,1.610000,300,-1.240000,-0.020000
1478551231473,1.590000,1.580000,100,1.610000,300,-1.240000,-0.020000
1478551233468,1.590000,1.580000,100,1.610000,300,-1.240000,-0.020000
1478551235483,1.590000,1.580000,100,1.610000,300,-1.240000,-0.020000
1478551236969,1.590000,1.580000,100,1.610000,300,-1.240000,-0.020000
1478551239507,1.590000,1.580000,100,1.610000,300,-1.240000,-0.020000
1478551241978,1.590000,1.580000,200,1.610000,300,-1.240000,-0.020000
1478551243981,1.590000,1.580000,200,1.610000,300,-1.240000,-0.020000
1478551245971,1.590000,1.580000,200,1.610000,300,-1.240000,-0.020000
1478551247968,1.590000,1.580000,200,1.610000,300,-1.240000,-0.020000
1478551249479,1.590000,1.580000,200,1.610000,300,-1.240000,-0.020000
1478551251526,1.590000,1.580000,200,1.610000,300,-1.240000,-0.020000
1478551254467,1.590000,1.580000,200,1.610000,300,-1.240000,-0.020000
1478551256478,1.590000,1.580000,200,1.610000,300,-1.240000,-0.020000
1478551258486,1.590000,1.580000,200,1.610000,300,-1.240000,-0.020000
1478551260479,1.590000,1.580000,200,1.610000,300,-1.240000,-0.020000
1478551262462,1.590000,1.580000,200,1.610000,300,-1.240000,-0.020000
1478551262972,1.590000,1.580000,200,1.610000,300,-1.240000,-0.020000
1478551266525,1.590000,1.580000,200,1.610000,300,-1.240000,-0.020000
1478551267991,1.590000,1.580000,200,1.610000,300,-1.240000,-0.020000
1478551270870,1.590000,1.580000,200,1.610000,300,-1.240000,-0.020000
1478551272870,1.590000,1.580000,200,1.610000,300,-1.240000,-0.020000
1478551274869,1.590000,1.580000,200,1.610000,300,-1.240000,-0.020000
1478551276870,1.590000,1.580000,200,1.610000,300,-1.240000,-0.020000
1478551278891,1.590000,1.580000,200,1.610000,300,-1.240000,-0.020000
1478551280879,1.590000,1.580000,200,1.610000,300,-1.240000,-0.020000
1478551282874,1.590000,1.580000,200,1.610000,300,-1.240000,-0.020000
1478551284872,1.590000,1.580000,200,1.610000,300,-1.240000,-0.020000
1478551286877,1.590000,1.580000,200,1.610000,300,-1.240000,-0.020000
1478551289376,1.590000,1.580000,200,1.610000,300,-1.240000,-0.020000
1478551291375,1.590000,1.580000,200,1.610000,300,-1.240000,-0.020000
1478551293427,1.590000,1.580000,200,1.610000,300,-1.240000,-0.020000
1478551295380,1.590000,1.580000,200,1.610000,300,-1.240000,-0.020000
1478551297380,1.590000,1.580000,200,1.610000,300,-1.240000,-0.020000
1478551299384,1.590000,1.580000,200,1.610000,300,-1.240000,-0.020000
1478551301384,1.590000,1.580000,200,1.610000,300,-1.240000,-0.020000
1478551303383,1.590000,1.580000,200,1.610000,300,-1.240000,-0.020000
1478551305393,1.590000,1.580000,200,1.610000,300,-1.240000,-0.020000
1478551307404,1.590000,1.580000,200,1.610000,300,-1.240000,-0.020000
1478551309887,1.590000,1.580000,200,1.610000,300,-1.240000,-0.020000
1478551311889,1.590000,1.580000,200,1.610000,300,-1.240000,-0.020000
1478551313392,1.590000,1.580000,200,1.610000,300,-1.240000,-0.020000
1478551315888,1.590000,1.580000,200,1.610000,300,-1.240000,-0.020000
1478551317887,1.590000,1.580000,200,1.610000,300,-1.240000,-0.020000
1478551319389,1.590000,1.580000,200,1.610000,300,-1.240000,-0.020000
1478551321915,1.590000,1.580000,200,1.610000,300,-1.240000,-0.020000
1478551323883,1.590000,1.580000,200,1.610000,300,-1.240000,-0.020000
1478551325897,1.590000,1.580000,200,1.610000,300,-1.240000,-0.020000
1478551327933,1.590000,1.580000,200,1.610000,300,-1.240000,-0.020000
1478551329899,1.590000,1.580000,200,1.610000,300,-1.240000,-0.020000
1478551332398,1.590000,1.580000,200,1.610000,300,-1.240000,-0.020000
1478551334407,1.590000,1.580000,200,1.610000,300,-1.240000,-0.020000
1478551335419,1.590000,1.580000,200,1.610000,300,-1.240000,-0.020000
1478551337937,1.590000,1.580000,200,1.610000,300,-1.240000,-0.020000
1478551340390,1.590000,1.580000,200,1.610000,300,-1.240000,-0.020000
1478551342387,1.590000,1.580000,200,1.610000,300,-1.240000,-0.020000
1478551344404,1.590000,1.580000,200,1.610000,300,-1.240000,-0.020000
1478551346445,1.590000,1.580000,200,1.610000,300,-1.240000,-0.020000
1478551348408,1.590000,1.580000,200,1.610000,300,-1.240000,-0.020000
1478551349937,1.590000,1.580000,200,1.610000,300,-1.240000,-0.020000
1478551352890,1.590000,1.580000,200,1.610000,300,-1.240000,-0.020000
1478551354906,1.590000,1.580000,200,1.610000,300,-1.240000,-0.020000
1478551356904,1.590000,1.580000,200,1.610000,300,-1.240000,-0.020000
1478551358942,1.590000,1.580000,200,1.610000,300,-1.240000,-0.020000
1478551360913,1.590000,1.580000,200,1.610000,300,-1.240000,-0.020000
1478551362902,1.590000,1.580000,200,1.610000,300,-1.240000,-0.020000
1478551364914,1.590000,1.580000,200,1.610000,300,-1.240000,-0.020000
1478551366412,1.590000,1.580000,200,1.610000,300,-1.240000,-0.020000
1478551368917,1.590000,1.580000,200,1.610000,300,-1.240000,-0.020000
1478551370916,1.590000,1.580000,200,1.610000,300,-1.240000,-0.020000
1478551372915,1.590000,1.580000,200,1.610000,300,-1.240000,-0.020000
1478551375420,1.590000,1.580000,200,1.610000,300,-1.240000,-0.020000
1478551377407,1.590000,1.580000,200,1.610000,300,-1.240000,-0.020000
1478551379416,1.590000,1.580000,200,1.610000,300,-1.240000,-0.020000
1478551381428,1.590000,1.580000,200,1.610000,300,-1.240000,-0.020000
1478551383411,1.590000,1.580000,200,1.610000,300,-1.240000,-0.020000
1478551385417,1.590000,1.580000,200,1.610000,300,-1.240000,-0.020000
1478551387422,1.590000,1.580000,200,1.610000,300,-1.240000,-0.020000
1478551389411,1.590000,1.580000,200,1.610000,300,-1.240000,-0.020000
1478551391420,1.590000,1.580000,200,1.610000,300,-1.240000,-0.020000
1478551393921,1.590000,1.580000,200,1.610000,300,-1.240000,-0.020000
1478551395928,1.590000,1.580000,200,1.610000,300,-1.240000,-0.020000
1478551397920,1.590000,1.580000,200,1.610000,300,-1.240000,-0.020000
1478551399906,1.590000,1.580000,200,1.610000,300,-1.240000,-0.020000
1478551401927,1.590000,1.580000,200,1.610000,300,-1.240000,-0.020000
1478551403915,1.590000,1.580000,200,1.610000,300,-1.240000,-0.020000
1478551405928,1.590000,1.580000,200,1.610000,300,-1.240000,-0.020000
1478551407953,1.590000,1.580000,200,1.610000,300,-1.240000,-0.020000
1478551409942,1.590000,1.580000,200,1.610000,300,-1.240000,-0.020000
1478551411934,1.590000,1.580000,200,1.610000,300,-1.240000,-0.020000
1478551414430,1.590000,1.580000,200,1.610000,300,-1.240000,-0.020000
1478551416428,1.590000,1.580000,200,1.610000,300,-1.240000,-0.020000
1478551417984,1.590000,1.580000,200,1.610000,300,-1.240000,-0.020000
1478551420430,1.590000,1.580000,200,1.610000,300,-1.240000,-0.020000
1478551422446,1.590000,1.580000,200,1.610000,300,-1.240000,-0.020000
1478551424433,1.590000,1.580000,200,1.610000,300,-1.240000,-0.020000
1478551426436,1.590000,1.580000,200,1.610000,300,-1.240000,-0.020000
1478551428431,1.590000,1.580000,200,1.610000,300,-1.240000,-0.020000
1478551430430,1.590000,1.580000,200,1.610000,300,-1.240000,-0.020000
1478551432436,1.590000,1.580000,200,1.610000,300,-1.240000,-0.020000
1478551434456,1.590000,1.580000,200,1.610000,300,-1.240000,-0.020000
1478551436973,1.590000,1.580000,200,1.610000,300,-1.240000,-0.020000
1478551438925,1.590000,1.580000,200,1.610000,300,-1.240000,-0.020000
1478551440945,1.590000,1.580000,200,1.610000,300,-1.240000,-0.020000
1478551442930,1.590000,1.580000,200,1.610000,300,-1.240000,-0.020000
1478551444938,1.590000,1.580000,200,1.610000,300,-1.240000,-0.020000
1478551446945,1.590000,1.580000,200,1.610000,300,-1.240000,-0.020000
1478551448441,1.590000,1.580000,200,1.610000,300,-1.240000,-0.020000
1478551450973,1.590000,1.580000,200,1.610000,300,-1.240000,-0.020000
1478551452947,1.590000,1.580000,200,1.610000,300,-1.240000,-0.020000
1478551454941,1.590000,1.580000,200,1.610000,300,-1.240000,-0.020000
1478551457439,1.590000,1.580000,200,1.610000,300,-1.240000,-0.020000
1478551459446,1.590000,1.580000,200,1.610000,300,-1.240000,-0.020000
1478551461447,1.590000,1.580000,200,1.610000,300,-1.240000,-0.020000
1478551463439,1.590000,1.580000,200,1.610000,300,-1.240000,-0.020000
1478551465447,1.590000,1.580000,200,1.610000,300,-1.240000,-0.020000
1478551467453,1.590000,1.580000,200,1.610000,300,-1.240000,-0.020000
1478551469447,1.590000,1.580000,200,1.610000,300,-1.240000,-0.020000
1478551471490,1.590000,1.580000,200,1.610000,300,-1.240000,-0.020000
1478551473457,1.590000,1.580000,200,1.610000,300,-1.240000,-0.020000
1478551475456,1.590000,1.580000,200,1.610000,300,-1.240000,-0.020000
1478551477452,1.590000,1.580000,200,1.610000,300,-1.240000,-0.020000
1478551479943,1.590000,1.580000,200,1.610000,300,-1.240000,-0.020000
1478551481952,1.590000,1.580000,200,1.610000,300,-1.240000,-0.020000
1478551483951,1.590000,1.580000,200,1.610000,300,-1.240000,-0.020000
1478551485953,1.590000,1.580000,200,1.610000,300,-1.240000,-0.020000
1478551487955,1.590000,1.580000,200,1.610000,300,-1.240000,-0.020000
1478551489988,1.590000,1.580000,200,1.610000,300,-1.240000,-0.020000
1478551491482,1.590000,1.580000,200,1.610000,300,-1.240000,-0.020000
1478551493962,1.590000,1.580000,200,1.610000,300,-1.240000,-0.020000
1478551495948,1.590000,1.580000,200,1.610000,300,-1.240000,-0.020000
1478551497977,1.590000,1.580000,200,1.610000,300,-1.240000,-0.020000
1478551500459,1.590000,1.580000,200,1.610000,300,-1.240000,-0.020000
1478551502484,1.590000,1.590000,100,1.610000,300,-1.240000,-0.020000
1478551504474,1.590000,1.590000,100,1.610000,300,-1.240000,-0.020000
1478551506533,1.590000,1.590000,100,1.610000,300,-1.240000,-0.020000
1478551508458,1.590000,1.590000,100,1.610000,300,-1.240000,-0.020000
1478551510473,1.590000,1.590000,100,1.610000,300,-1.240000,-0.020000
1478551512462,1.590000,1.590000,100,1.610000,300,-1.240000,-0.020000
1478551514965,1.590000,1.590000,100,1.610000,300,-1.240000,-0.020000
1478551516960,1.590000,1.590000,100,1.610000,300,-1.240000,-0.020000
1478551519020,1.590000,1.590000,100,1.610000,300,-1.240000,-0.020000
1478551520963,1.590000,1.590000,100,1.610000,300,-1.240000,-0.020000
1478551522964,1.590000,1.590000,100,1.610000,300,-1.240000,-0.020000
1478551524469,1.590000,1.590000,100,1.610000,300,-1.240000,-0.020000
1478551526470,1.590000,1.590000,100,1.610000,300,-1.240000,-0.020000
1478551529001,1.610000,1.590000,100,1.610000,300,0.000000,0.000000
1478551530458,1.610000,1.590000,100,1.610000,300,0.000000,0.000000
1478551532471,1.610000,1.590000,100,1.610000,300,0.000000,0.000000
1478551534977,1.610000,1.590000,100,1.610000,300,0.000000,0.000000
1478551537458,1.610000,1.590000,100,1.610000,300,0.000000,0.000000
1478551539466,1.610000,1.590000,100,1.610000,300,0.000000,0.000000
1478551541457,1.610000,1.590000,100,1.610000,300,0.000000,0.000000
1478551543468,1.610000,1.590000,100,1.610000,300,0.000000,0.000000
1478551545501,1.610000,1.590000,100,1.610000,300,0.000000,0.000000
1478551546981,1.610000,1.590000,100,1.610000,300,0.000000,0.000000
1478551549870,1.610000,1.590000,100,1.610000,300,0.000000,0.000000
1478551551866,1.610000,1.590000,100,1.610000,300,0.000000,0.000000
1478551553368,1.610000,1.590000,100,1.610000,300,0.000000,0.000000
1478551555869,1.610000,1.590000,100,1.610000,300,0.000000,0.000000
1478551557870,1.610000,1.590000,100,1.610000,300,0.000000,0.000000
1478551559871,1.610000,1.590000,100,1.610000,300,0.000000,0.000000
1478551561873,1.610000,1.590000,100,1.610000,300,0.000000,0.000000
1478551563881,1.610000,1.590000,100,1.610000,300,0.000000,0.000000
1478551565871,1.610000,1.590000,100,1.610000,300,0.000000,0.000000
1478551568373,1.610000,1.590000,100,1.610000,300,0.000000,0.000000
1478551570376,1.610000,1.590000,100,1.610000,300,0.000000,0.000000
1478551572377,1.591400,1.590000,100,1.610000,300,-1.160000,-0.018600
1478551573887,1.591400,1.590000,100,1.610000,300,-1.160000,-0.018600
1478551576388,1.591400,1.590000,100,1.610000,300,-1.160000,-0.018600
1478551578376,1.591400,1.590000,100,1.610000,300,-1.160000,-0.018600
1478551580377,1.591400,1.590000,100,1.610000,300,-1.160000,-0.018600
1478551582381,1.591400,1.590000,100,1.610000,300,-1.160000,-0.018600
1478551584380,1.591400,1.590000,200,1.610000,300,-1.160000,-0.018600
1478551586380,1.591400,1.590000,200,1.610000,300,-1.160000,-0.018600
1478551587383,1.591400,1.590000,200,1.610000,300,-1.160000,-0.018600
1478551590901,1.591400,1.590000,200,1.610000,300,-1.160000,-0.018600
1478551592882,1.591400,1.590000,200,1.610000,300,-1.160000,-0.018600
1478551594887,1.591400,1.590000,200,1.610000,300,-1.160000,-0.018600
1478551596887,1.591400,1.590000,200,1.610000,300,-1.160000,-0.018600
1478551598388,1.591400,1.590000,200,1.610000,300,-1.160000,-0.018600
1478551600889,1.591400,1.590000,200,1.610000,300,-1.160000,-0.018600
1478551602900,1.591400,1.590000,200,1.610000,300,-1.160000,-0.018600
1478551604903,1.591400,1.590000,200,1.610000,300,-1.160000,-0.018600
1478551606888,1.591400,1.590000,200,1.610000,300,-1.160000,-0.018600
1478551608897,1.591400,1.590000,200,1.610000,300,-1.160000,-0.018600
1478551611395,1.591400,1.590000,200,1.610000,300,-1.160000,-0.018600
1478551613392,1.591400,1.590000,200,1.610000,300,-1.160000,-0.018600
1478551615392,1.591400,1.590000,200,1.610000,300,-1.160000,-0.018600
1478551617406,1.600800,1.590000,200,1.610000,300,-0.570000,-0.009200
1478551619394,1.600800,1.590000,200,1.610000,300,-0.570000,-0.009200
1478551621395,1.600800,1.590000,200,1.610000,300,-0.570000,-0.009200
1478551623400,1.600800,1.590000,200,1.610000,300,-0.570000,-0.009200
1478551625395,1.600800,1.590000,200,1.610000,300,-0.570000,-0.009200
1478551626403,1.600800,1.590000,200,1.610000,300,-0.570000,-0.009200
1478551629398,1.600800,1.590000,200,1.610000,300,-0.570000,-0.009200
1478551632449,1.600800,1.590000,200,1.610000,300,-0.570000,-0.009200
1478551634426,1.600800,1.590000,200,1.610000,300,-0.570000,-0.009200
1478551636404,1.600800,1.590000,200,1.610000,300,-0.570000,-0.009200
1478551638406,1.600800,1.590000,200,1.610000,300,-0.570000,-0.009200
1478551640395,1.600800,1.590000,200,1.610000,300,-0.570000,-0.009200
1478551642901,1.600800,1.590000,200,1.610000,300,-0.570000,-0.009200
1478551644905,1.600800,1.590000,200,1.610000,300,-0.570000,-0.009200
1478551646909,1.600800,1.590000,200,1.610000,300,-0.570000,-0.009200
1478551648411,1.600800,1.590000,200,1.610000,300,-0.570000,-0.009200
1478551650946,1.600800,1.590000,200,1.610000,300,-0.570000,-0.009200
1478551652899,1.600800,1.590000,200,1.610000,300,-0.570000,-0.009200
1478551654901,1.600800,1.590000,200,1.610000,300,-0.570000,-0.009200
1478551656910,1.600800,1.590000,200,1.610000,300,-0.570000,-0.009200
1478551659414,1.600800,1.590000,200,1.610000,300,-0.570000,-0.009200
1478551661409,1.600800,1.590000,200,1.610000,300,-0.570000,-0.009200
1478551663411,1.600800,1.590000,200,1.610000,300,-0.570000,-0.009200
1478551665410,1.600800,1.590000,200,1.610000,300,-0.570000,-0.009200
1478551667409,1.600800,1.590000,200,1.610000,300,-0.570000,-0.009200
1478551669410,1.600800,1.590000,200,1.610000,300,-0.570000,-0.009200
1478551671415,1.600800,1.590000,200,1.610000,300,-0.570000,-0.009200
1478551673411,1.600800,1.590000,200,1.610000,300,-0.570000,-0.009200
1478551674946,1.600800,1.590000,200,1.610000,300,-0.570000,-0.009200
1478551677425,1.600800,1.590000,200,1.610000,300,-0.570000,-0.009200
1478551679421,1.600800,1.590000,200,1.610000,300,-0.570000,-0.009200
1478551681913,1.600800,1.590000,200,1.610000,300,-0.570000,-0.009200
1478551683415,1.600800,1.590000,200,1.610000,300,-0.570000,-0.009200
1478551685958,1.600800,1.590000,200,1.610000,300,-0.570000,-0.009200
1478551686913,1.600800,1.590000,200,1.610000,300,-0.570000,-0.009200
1478551689909,1.600800,1.590000,200,1.610000,300,-0.570000,-0.009200
1478551691925,1.600800,1.590000,200,1.600000,200,-0.570000,-0.009200
1478551693921,1.600800,1.590000,200,1.600000,200,-0.570000,-0.009200
1478551695911,1.600800,1.590000,200,1.600000,100,-0.570000,-0.009200
1478551697906,1.590000,1.590000,200,1.600000,100,-1.240000,-0.020000
1478551700419,1.590000,1.590000,200,1.600000,100,-1.240000,-0.020000
1478551701426,1.590000,1.590000,200,1.600000,100,-1.240000,-0.020000
1478551704427,1.590000,1.590000,200,1.600000,100,-1.240000,-0.020000
1478551705966,1.590000,1.590000,200,1.600000,100,-1.240000,-0.020000
1478551707925,1.590000,1.590000,200,1.600000,100,-1.240000,-0.020000
1478551710433,1.590000,1.590000,200,1.600000,100,-1.240000,-0.020000
1478551712431,1.590000,1.590000,200,1.600000,100,-1.240000,-0.020000
1478551714440,1.590000,1.590000,200,1.600000,100,-1.240000,-0.020000
1478551716422,1.590000,1.590000,200,1.600000,100,-1.240000,-0.020000
1478551718434,1.590000,1.590000,200,1.600000,100,-1.240000,-0.020000
1478551717421,1.590000,1.590000,200,1.600000,100,-1.240000,-0.020000
1478551722435,1.590000,1.590000,200,1.600000,100,-1.240000,-0.020000
1478551724435,1.590000,1.590000,200,1.600000,100,-1.240000,-0.020000
1478551726940,1.590000,1.590000,200,1.600000,100,-1.240000,-0.020000
1478551728931,1.590000,1.590000,200,1.600000,100,-1.240000,-0.020000
1478551730466,1.590000,1.590000,200,1.600000,100,-1.240000,-0.020000
1478551732442,1.590000,1.590000,200,1.600000,100,-1.240000,-0.020000
1478551734946,1.590000,1.590000,200,1.600000,100,-1.240000,-0.020000
1478551736945,1.590000,1.590000,200,1.600000,100,-1.240000,-0.020000
1478551737947,1.590000,1.590000,200,1.600000,100,-1.240000,-0.020000
1478551740939,1.590000,1.590000,200,1.600000,100,-1.240000,-0.020000
1478551743446,1.590000,1.590000,200,1.600000,100,-1.240000,-0.020000
1478551745491,1.590000,1.590000,200,1.600000,100,-1.240000,-0.020000
1478551747445,1.590000,1.590000,200,1.600000,100,-1.240000,-0.020000
1478551749440,1.590000,1.590000,200,1.600000,100,-1.240000,-0.020000
1478551751445,1.590000,1.590000,200,1.600000,100,-1.240000,-0.020000
1478551753443,1.590000,1.590000,200,1.600000,100,-1.240000,-0.020000
1478551755452,1.600000,1.590000,200,1.600000,100,-0.620000,-0.010000
1478551757438,1.600000,1.590000,200,1.600000,100,-0.620000,-0.010000
1478551759442,1.600000,1.590000,200,1.600000,100,-0.620000,-0.010000
1478551761496,1.600000,1.590000,200,1.600000,100,-0.620000,-0.010000
1478551763433,1.600000,1.590000,200,1.600000,100,-0.620000,-0.010000
1478551765943,1.600000,1.590000,200,1.600000,100,-0.620000,-0.010000
1478551767449,1.600000,1.590000,200,1.600000,100,-0.620000,-0.010000
1478551769956,1.600000,1.590000,200,1.600000,100,-0.620000,-0.010000
1478551771447,1.600000,1.590000,200,1.600000,100,-0.620000,-0.010000
1478551774002,1.600000,1.590000,200,1.600000,100,-0.620000,-0.010000
1478551775456,1.600000,1.590000,200,1.600000,100,-0.620000,-0.010000
1478551777484,1.600000,1.590000,200,1.600000,100,-0.620000,-0.010000
1478551779963,1.600000,1.590000,200,1.600000,100,-0.620000,-0.010000
1478551781954,1.600000,1.590000,200,1.600000,100,-0.620000,-0.010000
1478551784458,1.600000,1.590000,100,1.600000,100,-0.620000,-0.010000
1478551786505,1.600000,1.590000,100,1.600000,100,-0.620000,-0.010000
1478551788473,1.600000,1.590000,100,1.600000,500,-0.620000,-0.010000
1478551788473,1.600000,1.590000,100,1.600000,500,-0.620000,-0.010000
1478551792447,1.590000,1.590000,100,1.600000,100,-1.240000,-0.020000
1478551794453,1.590000,1.590000,100,1.600000,100,-1.240000,-0.020000
1478551796452,1.590000,1.590000,100,1.600000,100,-1.240000,-0.020000
1478551798465,1.590000,1.590000,100,1.600000,100,-1.240000,-0.020000
1478551800462,1.590000,1.590000,100,1.600000,100,-1.240000,-0.020000
1478551802974,1.590000,1.590000,100,1.600000,100,-1.240000,-0.020000
1478551804521,1.590000,1.590000,100,1.600000,100,-1.240000,-0.020000
1478551806992,1.590000,1.590000,100,1.600000,100,-1.240000,-0.020000
1478551808489,1.590000,1.590000,100,1.600000,100,-1.240000,-0.020000
1478551810461,1.590000,1.590000,100,1.600000,100,-1.240000,-0.020000
1478551812980,1.600000,1.590000,100,1.600000,200,-0.620000,-0.010000
1478551814987,1.600000,1.590000,100,1.600000,200,-0.620000,-0.010000
1478551814987,1.600000,1.590000,100,1.600000,200,-0.620000,-0.010000
1478551818980,1.600000,1.590000,100,1.600000,200,-0.620000,-0.010000
1478551821001,1.600000,1.590000,100,1.600000,200,-0.620000,-0.010000
1478551822970,1.600000,1.590000,100,1.600000,200,-0.620000,-0.010000
1478551824982,1.600000,1.590000,100,1.600000,200,-0.620000,-0.010000
1478551827021,1.600000,1.590000,100,1.600000,200,-0.620000,-0.010000
1478551829635,1.600000,1.590000,100,1.600000,200,-0.620000,-0.010000
1478551831369,1.600000,1.590000,100,1.600000,200,-0.620000,-0.010000
1478551833397,1.600000,1.590000,100,1.600000,200,-0.620000,-0.010000
1478551835405,1.600000,1.590000,200,1.600000,200,-0.620000,-0.010000
1478551837873,1.600000,1.590000,200,1.600000,200,-0.620000,-0.010000
1478551839879,1.600000,1.590000,200,1.600000,200,-0.620000,-0.010000
1478551841872,1.600000,1.590000,200,1.600000,200,-0.620000,-0.010000
1478551843874,1.600000,1.590000,200,1.600000,200,-0.620000,-0.010000
1478551845878,1.600000,1.590000,200,1.600000,200,-0.620000,-0.010000
1478551847875,1.600000,1.590000,200,1.600000,200,-0.620000,-0.010000
1478551849895,1.600000,1.590000,200,1.600000,200,-0.620000,-0.010000
1478551851881,1.600000,1.590000,200,1.600000,200,-0.620000,-0.010000
1478551853910,1.600000,1.590000,100,1.600000,200,-0.620000,-0.010000
1478551855877,1.600000,1.590000,100,1.600000,200,-0.620000,-0.010000
1478551857877,1.600000,1.590000,100,1.600000,200,-0.620000,-0.010000
1478551860387,1.600000,1.590000,100,1.600000,200,-0.620000,-0.010000
1478551862395,1.600000,1.590000,100,1.600000,200,-0.620000,-0.010000
1478551864400,1.600000,1.590000,100,1.600000,200,-0.620000,-0.010000
1478551866421,1.600000,1.590000,100,1.600000,200,-0.620000,-0.010000
1478551868387,1.600000,1.590000,100,1.600000,200,-0.620000,-0.010000
1478551870390,1.600000,1.590000,100,1.600000,200,-0.620000,-0.010000
1478551872388,1.600000,1.590000,100,1.600000,200,-0.620000,-0.010000
1478551874394,1.600000,1.590000,100,1.600000,200,-0.620000,-0.010000
1478551876388,1.600000,1.590000,100,1.600000,200,-0.620000,-0.010000
1478551878382,1.600000,1.590000,100,1.600000,200,-0.620000,-0.010000
1478551880888,1.600000,1.590000,100,1.600000,200,-0.620000,-0.010000
1478551882900,1.600000,1.590000,100,1.600000,200,-0.620000,-0.010000
1478551884899,1.600000,1.590000,200,1.600000,200,-0.620000,-0.010000
1478551886889,1.590000,1.590000,200,1.600000,200,-1.240000,-0.020000
1478551888894,1.590000,1.590000,200,1.600000,200,-1.240000,-0.020000
1478551890921,1.590000,1.590000,200,1.600000,200,-1.240000,-0.020000
1478551892925,1.590000,1.590000,200,1.600000,200,-1.240000,-0.020000
1478551894898,1.590000,1.590000,200,1.600000,200,-1.240000,-0.020000
1478551896896,1.590000,1.590000,200,1.600000,200,-1.240000,-0.020000
1478551898885,1.590000,1.590000,200,1.600000,200,-1.240000,-0.020000
1478551901397,1.590700,1.590000,200,1.600000,200,-1.200000,-0.019300
1478551903394,1.590700,1.590000,200,1.600000,200,-1.200000,-0.019300
1478551905409,1.590700,1.590000,200,1.600000,200,-1.200000,-0.019300
1478551907426,1.590700,1.590000,200,1.600000,200,-1.200000,-0.019300
1478551909415,1.590000,1.590000,100,1.600000,200,-1.240000,-0.020000
1478551910909,1.590000,1.590000,100,1.600000,200,-1.240000,-0.020000
1478551913399,1.590000,1.590000,100,1.600000,200,-1.240000,-0.020000
1478551915406,1.590000,1.590000,100,1.600000,200,-1.240000,-0.020000
1478551917404,1.590000,1.590000,100,1.600000,200,-1.240000,-0.020000
1478551919449,1.590000,1.590000,100,1.600000,200,-1.240000,-0.020000
1478551920908,1.590000,1.590000,100,1.600000,200,-1.240000,-0.020000
1478551923906,1.590000,1.590000,100,1.600000,200,-1.240000,-0.020000
1478551925910,1.590000,1.590000,100,1.600000,200,-1.240000,-0.020000
1478551927911,1.590000,1.590000,100,1.600000,200,-1.240000,-0.020000
1478551929910,1.590000,1.590000,100,1.600000,200,-1.240000,-0.020000
1478551931911,1.590000,1.590000,100,1.600000,200,-1.240000,-0.020000
1478551933914,1.590000,1.590000,100,1.600000,200,-1.240000,-0.020000
1478551935963,1.590000,1.590000,100,1.600000,200,-1.240000,-0.020000
1478551937982,1.590000,1.590000,100,1.600000,200,-1.240000,-0.020000
1478551939917,1.590000,1.590000,100,1.600000,200,-1.240000,-0.020000
1478551941911,1.590000,1.590000,100,1.600000,200,-1.240000,-0.020000
1478551943968,1.590000,1.590000,100,1.600000,200,-1.240000,-0.020000
1478551946422,1.590000,1.590000,100,1.600000,200,-1.240000,-0.020000
1478551948404,1.590000,1.590000,100,1.600000,200,-1.240000,-0.020000
1478551950422,1.590000,1.590000,100,1.600000,200,-1.240000,-0.020000
1478551951923,1.590000,1.590000,100,1.600000,200,-1.240000,-0.020000
1478551954417,1.590000,1.590000,100,1.600000,200,-1.240000,-0.020000
1478551956418,1.590000,1.590000,100,1.600000,200,-1.240000,-0.020000
1478551958954,1.590000,1.590000,100,1.600000,200,-1.240000,-0.020000
1478551960926,1.590000,1.590000,100,1.600000,200,-1.240000,-0.020000
1478551962926,1.590000,1.590000,100,1.600000,200,-1.240000,-0.020000
1478551964924,1.590000,1.590000,100,1.600000,200,-1.240000,-0.020000
1478551966439,1.590000,1.590000,100,1.600000,200,-1.240000,-0.020000
1478551968923,1.590000,1.590000,100,1.600000,200,-1.240000,-0.020000
1478551970928,1.590000,1.590000,100,1.600000,200,-1.240000,-0.020000
1478551973419,1.590000,1.590000,100,1.600000,200,-1.240000,-0.020000
1478551975429,1.590000,1.590000,100,1.600000,200,-1.240000,-0.020000
1478551977466,1.590000,1.590000,100,1.600000,200,-1.240000,-0.020000
1478551979446,1.600000,1.590000,100,1.600000,100,-0.620000,-0.010000
1478551981422,1.600000,1.590000,100,1.600000,100,-0.620000,-0.010000
1478551983467,1.600000,1.590000,100,1.600000,100,-0.620000,-0.010000
1478551985438,1.600000,1.590000,100,1.600000,500,-0.620000,-0.010000
1478551987438,1.600000,1.590000,100,1.600000,100,-0.620000,-0.010000
1478551989471,1.600000,1.590000,100,1.600000,100,-0.620000,-0.010000
1478551990431,1.600000,1.590000,100,1.600000,100,-0.620000,-0.010000
1478551992950,1.600000,1.590000,100,1.600000,100,-0.620000,-0.010000
1478551995932,1.600000,1.590000,100,1.600000,100,-0.620000,-0.010000
1478551997934,1.600000,1.590000,100,1.600000,100,-0.620000,-0.010000
1478551999928,1.600000,1.590000,100,1.600000,100,-0.620000,-0.010000
1478552001943,1.600000,1.590000,100,1.600000,100,-0.620000,-0.010000
1478552003948,1.600000,1.590000,100,1.600000,100,-0.620000,-0.010000
1478552005987,1.600000,1.590000,100,1.600000,100,-0.620000,-0.010000
1478552007925,1.600000,1.590000,100,1.600000,100,-0.620000,-0.010000
1478552009947,1.600000,1.590000,100,1.600000,100,-0.620000,-0.010000
1478552011936,1.600000,1.590000,100,1.600000,100,-0.620000,-0.010000
1478552013936,1.600000,1.590000,100,1.600000,100,-0.620000,-0.010000
1478552015956,1.600000,1.590000,100,1.600000,100,-0.620000,-0.010000
1478552018446,1.600000,1.590000,100,1.600000,100,-0.620000,-0.010000
1478552020442,1.600000,1.590000,100,1.600000,100,-0.620000,-0.010000
1478552021951,1.600000,1.590000,100,1.600000,100,-0.620000,-0.010000
1478552024479,1.600000,1.590000,100,1.600000,100,-0.620000,-0.010000
1478552026432,1.600000,1.590000,100,1.600000,100,-0.620000,-0.010000
1478552027455,1.600000,1.590000,100,1.600000,100,-0.620000,-0.010000
1478552030448,1.600000,1.590000,100,1.600000,100,-0.620000,-0.010000
1478552032458,1.600000,1.590000,100,1.600000,100,-0.620000,-0.010000
1478552034952,1.600000,1.590000,100,1.600000,100,-0.620000,-0.010000
1478552036954,1.600000,1.590000,100,1.600000,100,-0.620000,-0.010000
1478552038956,1.600000,1.590000,100,1.600000,100,-0.620000,-0.010000
1478552040956,1.600000,1.590000,100,1.600000,100,-0.620000,-0.010000
1478552042965,1.600000,1.590000,100,1.600000,100,-0.620000,-0.010000
1478552044949,1.600000,1.590000,100,1.600000,100,-0.620000,-0.010000
1478552046965,1.600000,1.590000,100,1.600000,100,-0.620000,-0.010000
1478552048978,1.600000,1.590000,100,1.600000,100,-0.620000,-0.010000
1478552049481,1.600000,1.590000,100,1.600000,100,-0.620000,-0.010000
1478552052976,1.600000,1.590000,100,1.600000,100,-0.620000,-0.010000
1478552054975,1.600000,1.590000,100,1.600000,100,-0.620000,-0.010000
1478552056958,1.600000,1.590000,100,1.600000,100,-0.620000,-0.010000
1478552059473,1.600000,1.590000,100,1.600000,100,-0.620000,-0.010000
1478552061455,1.600000,1.590000,100,1.600000,100,-0.620000,-0.010000
1478552063466,1.600000,1.590000,100,1.600000,100,-0.620000,-0.010000
1478552065469,1.600000,1.590000,100,1.600000,100,-0.620000,-0.010000
1478552067972,1.600000,1.590000,100,1.600000,100,-0.620000,-0.010000
1478552069968,1.600000,1.590000,100,1.600000,100,-0.620000,-0.010000
1478552071975,1.600000,1.590000,100,1.600000,100,-0.620000,-0.010000
1478552073975,1.600000,1.590000,100,1.600000,100,-0.620000,-0.010000
1478552075968,1.600000,1.590000,100,1.600000,100,-0.620000,-0.010000
1478552077974,1.600000,1.590000,100,1.600000,100,-0.620000,-0.010000
1478552078981,1.600000,1.590000,100,1.600000,100,-0.620000,-0.010000
1478552081974,1.600000,1.590000,100,1.600000,100,-0.620000,-0.010000
1478552084477,1.600000,1.590000,100,1.600000,100,-0.620000,-0.010000
1478552086471,1.600000,1.590000,100,1.600000,100,-0.620000,-0.010000
1478552088514,1.600000,1.590000,100,1.600000,100,-0.620000,-0.010000
1478552090471,1.600000,1.590000,100,1.600000,100,-0.620000,-0.010000
1478552092474,1.600000,1.590000,100,1.600000,100,-0.620000,-0.010000
1478552094558,1.600000,1.590000,100,1.600000,100,-0.620000,-0.010000
1478552096015,1.600000,1.590000,100,1.600000,100,-0.620000,-0.010000
1478552098471,1.600000,1.590000,100,1.600000,100,-0.620000,-0.010000
1478552100869,1.600000,1.590000,100,1.600000,100,-0.620000,-0.010000
1478552102868,1.600000,1.590000,100,1.600000,100,-0.620000,-0.010000
1478552104904,1.600000,1.590000,100,1.600000,100,-0.620000,-0.010000
1478552106883,1.600000,1.590000,100,1.600000,200,-0.620000,-0.010000
1478552108891,1.600000,1.590000,100,1.600000,200,-0.620000,-0.010000
1478552111384,1.600000,1.590000,100,1.600000,200,-0.620000,-0.010000
1478552113373,1.600000,1.590000,100,1.600000,200,-0.620000,-0.010000
1478552115375,1.600000,1.590000,100,1.600000,200,-0.620000,-0.010000
1478552116876,1.600000,1.590000,100,1.600000,200,-0.620000,-0.010000
1478552119376,1.600000,1.590000,100,1.600000,200,-0.620000,-0.010000
1478552121378,1.600000,1.590000,100,1.600000,200,-0.620000,-0.010000
1478552123387,1.600000,1.590000,100,1.600000,200,-0.620000,-0.010000
1478552124890,1.600000,1.590000,100,1.600000,200,-0.620000,-0.010000
1478552127382,1.600000,1.590000,100,1.600000,200,-0.620000,-0.010000
1478552128884,1.600000,1.590000,100,1.600000,200,-0.620000,-0.010000
1478552131382,1.600000,1.590000,100,1.600000,200,-0.620000,-0.010000
1478552133382,1.600000,1.590000,100,1.600000,200,-0.620000,-0.010000
1478552135886,1.600000,1.590000,100,1.600000,200,-0.620000,-0.010000
1478552137886,1.600000,1.590000,100,1.600000,200,-0.620000,-0.010000
1478552139886,1.600000,1.590000,100,1.600000,200,-0.620000,-0.010000
1478552141885,1.600000,1.590000,100,1.600000,200,-0.620000,-0.010000
1478552143886,1.600000,1.590000,100,1.600000,200,-0.620000,-0.010000
1478552145890,1.600000,1.590000,100,1.600000,200,-0.620000,-0.010000
1478552147890,1.600000,1.590000,100,1.600000,200,-0.620000,-0.010000
1478552149895,1.600000,1.590000,100,1.600000,200,-0.620000,-0.010000
1478552152400,1.600000,1.590000,100,1.600000,200,-0.620000,-0.010000
1478552154413,1.600000,1.590000,100,1.600000,200,-0.620000,-0.010000
1478552156388,1.600000,1.590000,100,1.600000,200,-0.620000,-0.010000
1478552158397,1.600000,1.590000,100,1.600000,200,-0.620000,-0.010000
1478552160394,1.600000,1.590000,100,1.600000,200,-0.620000,-0.010000
1478552162397,1.570000,1.560000,1000,1.570000,300,-2.480000,-0.040000
1478552164401,1.570000,1.560000,1000,1.570000,300,-2.480000,-0.040000
1478552166422,1.570000,1.560000,1000,1.570000,300,-2.480000,-0.040000
1478552167409,1.570000,1.560000,1000,1.570000,300,-2.480000,-0.040000
1478552170393,1.570000,1.560000,1000,1.570000,300,-2.480000,-0.040000
