1478529282379,0.300000,0.300100,700,0.301500,500,1.800000,0.005300
1478529285887,0.300000,0.300100,700,0.301500,500,1.800000,0.005300
1478529288381,0.300000,0.300000,200,0.301500,500,1.800000,0.005300
1478529290374,0.300000,0.300000,200,0.301500,500,1.800000,0.005300
1478529293874,0.300000,0.300100,200,0.301500,500,1.800000,0.005300
1478529296388,0.300000,0.300100,200,0.301500,500,1.800000,0.005300
1478529298392,0.300000,0.300100,200,0.301500,500,1.800000,0.005300
1478529299887,0.300000,0.300200,700,0.301500,500,1.800000,0.005300
1478529304399,0.300000,0.300200,700,0.301500,500,1.800000,0.005300
1478529307914,0.300000,0.300100,200,0.301500,500,1.800000,0.005300
1478529309884,0.300000,0.300100,200,0.301500,500,1.800000,0.005300
1478529312390,0.300000,0.300100,200,0.301500,500,1.800000,0.005300
1478529315394,0.300000,0.300100,200,0.301500,500,1.800000,0.005300
1478529317376,0.300000,0.300100,200,0.301500,500,1.800000,0.005300
1478529319887,0.300000,0.300100,200,0.301500,500,1.800000,0.005300
1478529321898,0.300000,0.300100,200,0.301500,500,1.800000,0.005300
1478529324888,0.300000,0.300100,200,0.301500,500,1.800000,0.005300
1478529326901,0.300000,0.300100,200,0.301500,500,1.800000,0.005300
1478529328905,0.300000,0.300100,200,0.301500,500,1.800000,0.005300
1478529331901,0.300000,0.300100,200,0.301500,500,1.800000,0.005300
1478529332406,0.300000,0.300100,200,0.301500,500,1.800000,0.005300
1478529336478,0.300000,0.300100,200,0.301500,500,1.800000,0.005300
1478529339390,0.301400,0.300100,200,0.301500,500,2.270000,0.006700
1478529341900,0.301400,0.300100,200,0.301500,500,2.270000,0.006700
1478529345410,0.301400,0.300100,200,0.301500,500,2.270000,0.006700
1478529347904,0.301400,0.300100,200,0.301500,500,2.270000,0.006700
1478529350404,0.301400,0.300100,200,0.301500,500,2.270000,0.006700
1478529352918,0.301400,0.300200,700,0.301500,500,2.270000,0.006700
1478529356398,0.301400,0.300200,700,0.301500,500,2.270000,0.006700
1478529359417,0.301400,0.300200,700,0.301500,500,2.270000,0.006700
1478529361426,0.301400,0.300200,200,0.301500,500,2.270000,0.006700
1478529363948,0.301400,0.300200,200,0.301500,500,2.270000,0.006700
1478529366422,0.301400,0.300300,2900,0.301500,500,2.270000,0.006700
1478529368909,0.301400,0.300300,2900,0.301500,500,2.270000,0.006700
1478529370904,0.301400,0.300300,2900,0.301500,500,2.270000,0.006700
1478529374416,0.301400,0.300300,2900,0.301500,500,2.270000,0.006700
1478529376478,0.301400,0.300300,200,0.301500,500,2.270000,0.006700
1478529377929,0.301400,0.300300,200,0.301500,500,2.270000,0.006700
1478529383405,0.301400,0.300400,3500,0.301500,500,2.270000,0.006700
1478529386432,0.301400,0.300400,3500,0.301500,500,2.270000,0.006700
1478529388937,0.301400,0.300400,400,0.301500,500,2.270000,0.006700
1478529392998,0.301400,0.300400,400,0.301500,500,2.270000,0.006700
1478529395932,0.301400,0.300500,4700,0.301500,500,2.270000,0.006700
1478529398423,0.301400,0.300500,4700,0.301500,500,2.270000,0.006700
1478529407944,0.301400,0.300500,300,0.301500,500,2.270000,0.006700
1478529414431,0.301400,0.300600,2200,0.301500,500,2.270000,0.006700
1478529416954,0.301400,0.300600,2300,0.301500,500,2.270000,0.006700
1478529419443,0.301400,0.300600,2300,0.301500,500,2.270000,0.006700
1478529421970,0.301400,0.300600,200,0.301500,500,2.270000,0.006700
1478529425952,0.301400,0.300700,2900,0.301500,500,2.270000,0.006700
1478529429456,0.301400,0.300700,2900,0.301500,500,2.270000,0.006700
1478529431460,0.301400,0.300700,2900,0.301500,500,2.270000,0.006700
1478529433956,0.301400,0.300800,3300,0.301500,500,2.270000,0.006700
1478529436956,0.301400,0.300800,3300,0.301500,500,2.270000,0.006700
1478529439475,0.301400,0.300800,3300,0.301500,500,2.270000,0.006700
1478529441479,0.301400,0.300800,3300,0.301500,500,2.270000,0.006700
1478529444859,0.301400,0.300800,3300,0.301500,500,2.270000,0.006700
1478529447358,0.301400,0.300800,500,0.301500,500,2.270000,0.006700
1478529448857,0.301400,0.300900,3400,0.301500,500,2.270000,0.006700
1478529452359,0.301400,0.300900,3400,0.301500,500,2.270000,0.006700
1478529454864,0.301400,0.300900,3400,0.301500,500,2.270000,0.006700
1478529456363,0.301400,0.300900,3400,0.301500,500,2.270000,0.006700
1478529459865,0.301400,0.300800,100,0.301500,500,2.270000,0.006700
1478529462867,0.301400,0.300900,2000,0.301500,500,2.270000,0.006700
1478529465869,0.301400,0.300900,2000,0.301500,500,2.270000,0.006700
1478529467866,0.301400,0.300900,2000,0.301500,500,2.270000,0.006700
1478529470374,0.301400,0.300900,200,0.301500,500,2.270000,0.006700
1478529472888,0.301400,0.301000,2900,0.301500,500,2.270000,0.006700
1478529475873,0.301400,0.301000,2900,0.301500,500,2.270000,0.006700
1478529477861,0.301400,0.301000,2900,0.301500,500,2.270000,0.006700
1478529479894,0.301400,0.301000,3000,0.301500,500,2.270000,0.006700
1478529483380,0.301300,0.301000,3000,0.301500,500,2.240000,0.006600
1478529486375,0.301300,0.301100,3500,0.301500,500,2.240000,0.006600
1478529488883,0.301300,0.301100,3500,0.301500,500,2.240000,0.006600
1478529491411,0.301300,0.301100,3500,0.301500,500,2.240000,0.006600
1478529493392,0.301400,0.301400,2700,0.301500,500,2.270000,0.006700
1478529494892,0.301400,0.301400,2700,0.301500,500,2.270000,0.006700
1478529497880,0.301400,0.301400,2700,0.301500,500,2.270000,0.006700
1478529500880,0.301400,0.301400,3400,0.302100,500,2.270000,0.006700
1478529502931,0.301400,0.301400,3400,0.302100,500,2.270000,0.006700
1478529504891,0.301400,0.301400,3400,0.302100,500,2.270000,0.006700
1478529507890,0.301400,0.301400,3400,0.302100,500,2.270000,0.006700
1478529509386,0.301400,0.301400,3400,0.302100,500,2.270000,0.006700
1478529512897,0.301400,0.301400,3400,0.304100,200,2.270000,0.006700
1478529515392,0.301400,0.301400,3400,0.304100,200,2.270000,0.006700
1478529517897,0.308200,0.310000,29500,0.315000,11000,4.580000,0.013500
1478529519400,0.308200,0.310100,6500,0.315000,11000,4.580000,0.013500
1478529524007,0.310400,0.310100,6500,0.315000,11000,5.330000,0.015700
1478529526900,0.310400,0.310100,6500,0.315000,11000,5.330000,0.015700
1478529528397,0.310400,0.310000,29500,0.315000,11000,5.330000,0.015700
1478529532907,0.310400,0.310000,29500,0.314000,400,5.330000,0.015700
1478529535949,0.310400,0.310000,29500,0.314000,400,5.330000,0.015700
1478529537927,0.310400,0.310100,3700,0.314000,400,5.330000,0.015700
1478529540400,0.310400,0.310100,3700,0.314000,400,5.330000,0.015700
1478529541894,0.310400,0.310100,3700,0.314000,400,5.330000,0.015700
1478529545392,0.310400,0.310100,3700,0.314000,400,5.330000,0.015700
1478529547911,0.310400,0.310100,300,0.314000,400,5.330000,0.015700
1478529550420,0.310400,0.310200,1400,0.314000,400,5.330000,0.015700
1478529552906,0.310400,0.310200,1400,0.314000,400,5.330000,0.015700
1478529555404,0.310400,0.310200,1400,0.314000,400,5.330000,0.015700
1478529557400,0.310400,0.310200,1400,0.314000,400,5.330000,0.015700
1478529559912,0.310400,0.310200,300,0.314000,400,5.330000,0.015700
1478529565406,0.310400,0.310300,2000,0.314000,400,5.330000,0.015700
1478529566944,0.310400,0.310300,2000,0.314000,400,5.330000,0.015700
1478529569913,0.310400,0.310300,2000,0.314000,400,5.330000,0.015700
1478529598915,0.310000,0.310300,1000,0.314000,400,5.190000,0.015300
1478529624454,0.310000,0.310300,200,0.314000,400,5.190000,0.015300
1478529628441,0.310000,0.310400,2100,0.314000,400,5.190000,0.015300
1478529631434,0.310000,0.310400,2200,0.314000,400,5.190000,0.015300
1478529632975,0.310000,0.310400,300,0.314000,400,5.190000,0.015300
1478529637957,0.310000,0.310500,2200,0.314000,400,5.190000,0.015300
1478529642855,0.310000,0.312000,200,0.314000,400,5.190000,0.015300
1478529645357,0.310000,0.312000,200,0.314000,400,5.190000,0.015300
1478529646855,0.310000,0.312000,200,0.314000,400,5.190000,0.015300
1478529650857,0.310000,0.312100,500,0.314000,400,5.190000,0.015300
1478529653368,0.310000,0.312100,500,0.314000,400,5.190000,0.015300
1478529656364,0.310000,0.312000,100,0.314000,400,5.190000,0.015300
1478529660860,0.310000,0.312100,500,0.314000,400,5.190000,0.015300
1478529687381,0.310000,0.312100,100,0.314000,400,5.190000,0.015300
1478529697886,0.312200,0.310600,500,0.312000,2800,5.940000,0.017500
1478529700889,0.312000,0.310600,500,0.314000,400,5.870000,0.017300
1478529705889,0.312000,0.310700,1500,0.314000,400,5.870000,0.017300
1478529708380,0.312000,0.310700,1500,0.314000,400,5.870000,0.017300
1478529711388,0.313577,0.310700,1500,0.314000,400,6.410000,0.018877
1478529715400,0.313577,0.311100,1500,0.314000,400,6.410000,0.018877
1478529718879,0.313577,0.311100,1500,0.314000,400,6.410000,0.018877
1478529720894,0.313577,0.311100,700,0.314000,400,6.410000,0.018877
1478529726912,0.314000,0.311200,1500,0.314000,400,6.550000,0.019300
1478529730391,0.314000,0.311300,1500,0.314000,400,6.550000,0.019300
1478529732898,0.314000,0.311300,1500,0.314000,400,6.550000,0.019300
1478529737438,0.314000,0.312500,700,0.314000,400,6.550000,0.019300
1478529739921,0.314000,0.312600,1300,0.314000,400,6.550000,0.019300
1478529742405,0.314000,0.312600,1300,0.314000,400,6.550000,0.019300
1478529744908,0.314000,0.312600,300,0.314000,400,6.550000,0.019300
1478529747907,0.314000,0.312600,300,0.314000,400,6.550000,0.019300
1478529750406,0.314000,0.312700,900,0.314000,400,6.550000,0.019300
1478529752429,0.314000,0.312700,900,0.314000,400,6.550000,0.019300
1478529754934,0.314000,0.312700,900,0.314000,400,6.550000,0.019300
1478529759410,0.314000,0.312700,300,0.314000,400,6.550000,0.019300
1478529764468,0.314000,0.312700,300,0.314000,400,6.550000,0.019300
1478529767422,0.314000,0.312700,300,0.314000,400,6.550000,0.019300
1478529769413,0.314000,0.312700,300,0.314000,400,6.550000,0.019300
1478529772419,0.314000,0.312700,300,0.314000,400,6.550000,0.019300
1478529773922,0.314000,0.312800,1000,0.314000,400,6.550000,0.019300
1478529776428,0.314000,0.312800,1000,0.314000,400,6.550000,0.019300
1478529779473,0.314000,0.312800,1000,0.314000,400,6.550000,0.019300
1478529780948,0.314000,0.312800,300,0.314000,400,6.550000,0.019300
1478529783917,0.313400,0.312800,300,0.314000,400,6.350000,0.018700
1478529785922,0.313400,0.313500,100,0.314000,400,6.350000,0.018700
1478529788416,0.313400,0.313600,400,0.314000,400,6.350000,0.018700
1478529789922,0.313800,0.313600,400,0.314000,400,6.480000,0.019100
1478529792936,0.313800,0.313900,100,0.314000,400,6.480000,0.019100
1478529795414,0.313800,0.313900,100,0.314000,400,6.480000,0.019100
1478529797924,0.313800,0.313900,100,0.314000,400,6.480000,0.019100
1478529799925,0.313800,0.313900,100,0.314000,400,6.480000,0.019100
1478529802435,0.313800,0.313900,100,0.314000,400,6.480000,0.019100
1478529804938,0.313800,0.313900,100,0.314000,400,6.480000,0.019100
1478529808450,0.313800,0.313900,100,0.314000,400,6.480000,0.019100
1478529810436,0.313800,0.313900,100,0.314000,400,6.480000,0.019100
1478529813936,0.313900,0.313900,100,0.314000,400,6.520000,0.019200
1478529816438,0.313900,0.313900,100,0.314000,400,6.520000,0.019200
1478529818440,0.313900,0.313900,100,0.314000,400,6.520000,0.019200
1478529821951,0.313900,0.313900,100,0.314000,400,6.520000,0.019200
1478529824435,0.313900,0.313900,100,0.314000,400,6.520000,0.019200
1478529826958,0.313900,0.313900,100,0.314000,400,6.520000,0.019200
1478529828935,0.313900,0.313900,100,0.314000,400,6.520000,0.019200
1478529831445,0.313900,0.313900,100,0.314000,400,6.520000,0.019200
1478529834948,0.313900,0.313900,100,0.314000,400,6.520000,0.019200
1478529838956,0.313900,0.313900,100,0.314000,400,6.520000,0.019200
1478529842448,0.313900,0.313900,100,0.314000,400,6.520000,0.019200
1478529844957,0.313900,0.313900,100,0.314000,400,6.520000,0.019200
1478529846856,0.313900,0.313900,100,0.314000,400,6.520000,0.019200
1478529850854,0.313900,0.313900,100,0.314000,400,6.520000,0.019200
1478529855378,0.313900,0.313900,100,0.314000,400,6.520000,0.019200
1478529858360,0.313900,0.313900,400,0.314000,400,6.520000,0.019200
1478529860862,0.313900,0.313900,400,0.314000,400,6.520000,0.019200
1478529862863,0.313900,0.313900,400,0.314000,400,6.520000,0.019200
1478529865368,0.313900,0.313900,400,0.314000,400,6.520000,0.019200
1478529867905,0.313900,0.313900,400,0.314000,400,6.520000,0.019200
1478529872369,0.313900,0.313900,400,0.314000,400,6.520000,0.019200
1478529875869,0.313900,0.313900,400,0.314000,400,6.520000,0.019200
1478529877877,0.313900,0.313900,200,0.314000,400,6.520000,0.019200
1478529881362,0.313900,0.313900,200,0.314000,400,6.520000,0.019200
1478529882887,0.313900,0.313900,200,0.314000,400,6.520000,0.019200
1478529888372,0.313900,0.313900,200,0.314000,400,6.520000,0.019200
1478529891427,0.313900,0.313900,200,0.314000,400,6.520000,0.019200
1478529893864,0.313900,0.313900,200,0.314000,400,6.520000,0.019200
1478529895382,0.313900,0.313900,200,0.314000,400,6.520000,0.019200
1478529898898,0.313900,0.313900,200,0.314000,400,6.520000,0.019200
1478529901880,0.313900,0.313900,200,0.314000,400,6.520000,0.019200
1478529904381,0.313900,0.313900,200,0.314000,400,6.520000,0.019200
1478529907896,0.313900,0.313900,200,0.314000,400,6.520000,0.019200
1478529910401,0.313900,0.313900,200,0.314000,400,6.520000,0.019200
1478529911899,0.313900,0.313900,200,0.314000,400,6.520000,0.019200
1478529914889,0.313900,0.313900,200,0.314000,400,6.520000,0.019200
1478529920386,0.313900,0.313900,200,0.314000,400,6.520000,0.019200
1478529925898,0.313900,0.313900,200,0.314000,400,6.520000,0.019200
1478529953406,0.313900,0.313900,200,0.314000,400,6.520000,0.019200
1478529958902,0.313900,0.313900,200,0.314000,400,6.520000,0.019200
1478529961410,0.313900,0.313900,200,0.314000,400,6.520000,0.019200
1478529963924,0.313900,0.313900,200,0.314000,400,6.520000,0.019200
1478529966421,0.313900,0.313900,200,0.314000,400,6.520000,0.019200
1478529970916,0.313900,0.313900,200,0.314000,400,6.520000,0.019200
1478529986928,0.313900,0.313900,200,0.314000,400,6.520000,0.019200
1478529994417,0.313900,0.313900,200,0.314000,400,6.520000,0.019200
1478530004444,0.313900,0.313900,200,0.314000,400,6.520000,0.019200
1478530033947,0.314000,0.313900,200,0.314000,400,6.550000,0.019300
1478530036449,0.314000,0.313900,200,0.314000,400,6.550000,0.019300
1478530038945,0.314000,0.313900,200,0.314000,400,6.550000,0.019300
1478530041464,0.314000,0.313900,200,0.314000,400,6.550000,0.019300
1478530044960,0.314000,0.313900,200,0.314000,400,6.550000,0.019300
1478530046856,0.314000,0.313900,200,0.314000,400,6.550000,0.019300
1478530048856,0.314000,0.313900,200,0.314000,400,6.550000,0.019300
1478530051860,0.314000,0.313900,200,0.314000,400,6.550000,0.019300
1478530054359,0.314000,0.313900,200,0.314000,400,6.550000,0.019300
1478530056360,0.314000,0.313900,200,0.314000,400,6.550000,0.019300
1478530058383,0.314000,0.313900,200,0.314000,400,6.550000,0.019300
1478530061362,0.314000,0.313900,200,0.314000,400,6.550000,0.019300
1478530063863,0.314000,0.313900,200,0.314000,400,6.550000,0.019300
1478530065370,0.314000,0.313900,200,0.314000,400,6.550000,0.019300
1478530068866,0.313900,0.313900,200,0.314000,400,6.520000,0.019200
1478530071894,0.313900,0.313900,200,0.314000,400,6.520000,0.019200
1478530073881,0.313900,0.313900,200,0.314000,400,6.520000,0.019200
1478530078371,0.313900,0.313900,200,0.314000,400,6.520000,0.019200
1478530082881,0.313900,0.313900,200,0.314000,400,6.520000,0.019200
1478530085379,0.313900,0.313900,200,0.314000,400,6.520000,0.019200
1478530088435,0.313900,0.313900,200,0.314000,400,6.520000,0.019200
1478530090380,0.313900,0.313900,200,0.314000,400,6.520000,0.019200
1478530094380,0.313900,0.313900,200,0.314000,400,6.520000,0.019200
1478530096381,0.313900,0.313900,200,0.314000,400,6.520000,0.019200
1478530098382,0.313900,0.313900,200,0.314000,400,6.520000,0.019200
1478530102389,0.313900,0.313900,200,0.314000,400,6.520000,0.019200
1478530104382,0.313900,0.313900,200,0.314000,400,6.520000,0.019200
1478530106382,0.313900,0.313900,200,0.314000,400,6.520000,0.019200
1478530109383,0.313900,0.313900,200,0.314000,400,6.520000,0.019200
1478530110887,0.313900,0.313900,200,0.314000,400,6.520000,0.019200
1478530113890,0.313900,0.313900,200,0.314000,400,6.520000,0.019200
1478530115940,0.313900,0.313900,200,0.314000,400,6.520000,0.019200
1478530118404,0.313900,0.313900,200,0.314000,400,6.520000,0.019200
1478530120902,0.313900,0.313900,200,0.314000,400,6.520000,0.019200
1478530123396,0.313900,0.313900,200,0.314000,400,6.520000,0.019200
1478530125894,0.313900,0.313900,200,0.314000,400,6.520000,0.019200
1478530128396,0.313900,0.313900,200,0.314000,400,6.520000,0.019200
1478530130904,0.313900,0.313900,200,0.314000,400,6.520000,0.019200
1478530133895,0.313900,0.313900,200,0.314000,400,6.520000,0.019200
1478530136904,0.313900,0.313900,200,0.314000,400,6.520000,0.019200
1478530139402,0.313900,0.313900,200,0.314000,400,6.520000,0.019200
1478530141397,0.313900,0.313900,200,0.314000,400,6.520000,0.019200
1478530143932,0.313500,0.313000,1000,0.313900,200,6.380000,0.018800
1478530146386,0.313500,0.313100,700,0.313900,200,6.380000,0.018800
1478530148398,0.313500,0.313100,700,0.313900,200,6.380000,0.018800
1478530152410,0.313500,0.313100,700,0.313900,200,6.380000,0.018800
1478530154906,0.313500,0.313200,700,0.313900,200,6.380000,0.018800
1478530156417,0.313200,0.313200,700,0.313900,200,6.280000,0.018500
1478530159445,0.313200,0.313200,700,0.313900,200,6.280000,0.018500
1478530161914,0.313200,0.313200,700,0.313900,200,6.280000,0.018500
1478530165412,0.313200,0.313200,200,0.313900,200,6.280000,0.018500
1478530167975,0.313200,0.313300,600,0.313900,200,6.280000,0.018500
1478530170425,0.313200,0.313300,600,0.314000,400,6.280000,0.018500
1478530172938,0.313400,0.313300,600,0.314000,400,6.350000,0.018700
1478530180928,0.313300,0.313400,500,0.314000,400,6.310000,0.018600
1478530183419,0.313300,0.313400,500,0.314000,400,6.310000,0.018600
1478530185491,0.313300,0.313400,400,0.314000,400,6.310000,0.018600
1478530187446,0.313300,0.313400,200,0.314000,400,6.310000,0.018600
1478530190440,0.313300,0.313400,200,0.314000,400,6.310000,0.018600
1478530192948,0.313300,0.313400,200,0.314000,400,6.310000,0.018600
1478530195941,0.313300,0.313400,200,0.314000,400,6.310000,0.018600
1478530197946,0.313300,0.313400,200,0.314000,400,6.310000,0.018600
1478530200437,0.313300,0.313400,200,0.314000,400,6.310000,0.018600
1478530202449,0.313100,0.313000,1000,0.314000,1500,6.240000,0.018400
1478530206018,0.313100,0.313100,200,0.314000,1500,6.240000,0.018400
1478530209953,0.313100,0.313000,1000,0.314000,1500,6.240000,0.018400
1478530212434,0.313100,0.313000,1000,0.314000,1500,6.240000,0.018400
1478530214447,0.313100,0.313000,1000,0.314000,1500,6.240000,0.018400
1478530216942,0.313100,0.313000,1000,0.314000,1500,6.240000,0.018400
1478530217944,0.313100,0.313000,1000,0.314000,1500,6.240000,0.018400
1478530221951,0.313100,0.313000,1000,0.314000,1500,6.240000,0.018400
1478530223948,0.313100,0.313100,100,0.314000,1500,6.240000,0.018400
1478530226454,0.313100,0.313100,100,0.314000,1500,6.240000,0.018400
1478530228448,0.313100,0.313100,100,0.314000,1500,6.240000,0.018400
1478530230959,0.313100,0.313100,100,0.314000,1500,6.240000,0.018400
1478530233942,0.312500,0.311000,200,0.313000,600,6.040000,0.017800
1478530236454,0.312500,0.311100,1400,0.313000,600,6.040000,0.017800
1478530239463,0.312500,0.311100,1400,0.313000,600,6.040000,0.017800
1478530241959,0.312500,0.311100,1400,0.313000,600,6.040000,0.017800
1478530243964,0.312500,0.311100,1400,0.313000,600,6.040000,0.017800
1478530246857,0.312500,0.311100,500,0.313000,500,6.040000,0.017800
1478530248870,0.312500,0.311100,500,0.313000,500,6.040000,0.017800
1478530251359,0.311200,0.311200,1800,0.313000,500,5.600000,0.016500
1478530253858,0.311200,0.311200,1800,0.313000,500,5.600000,0.016500
1478530255359,0.311200,0.311200,1800,0.313000,500,5.600000,0.016500
1478530258362,0.311200,0.311200,1800,0.313000,500,5.600000,0.016500
1478530260890,0.311200,0.311200,1800,0.313000,500,5.600000,0.016500
1478530263366,0.311200,0.311200,500,0.313000,500,5.600000,0.016500
1478530266364,0.311200,0.311300,1600,0.313000,500,5.600000,0.016500
1478530268873,0.311200,0.311300,1600,0.313000,500,5.600000,0.016500
1478530271869,0.311200,0.311300,1600,0.313000,500,5.600000,0.016500
1478530274368,0.311200,0.311300,1600,0.313000,500,5.600000,0.016500
1478530275368,0.311200,0.311300,1600,0.313000,500,5.600000,0.016500
1478530278363,0.311200,0.311300,500,0.313000,500,5.600000,0.016500
1478530280870,0.311400,0.311300,500,0.313000,500,5.670000,0.016700
1478530283376,0.311400,0.311300,100,0.312900,700,5.670000,0.016700
1478530286372,0.311400,0.311300,100,0.312900,700,5.670000,0.016700
1478530288371,0.311400,0.311300,100,0.312900,700,5.670000,0.016700
1478530290388,0.311400,0.311300,100,0.312900,700,5.670000,0.016700
1478530293384,0.311400,0.311300,100,0.312900,700,5.670000,0.016700
1478530296375,0.311400,0.311300,100,0.312900,700,5.670000,0.016700
1478530299371,0.311400,0.311300,100,0.312900,700,5.670000,0.016700
1478530301888,0.311400,0.311300,100,0.312900,700,5.670000,0.016700
1478530304411,0.311400,0.311300,100,0.311400,100,5.670000,0.016700
1478530305889,0.311400,0.311300,100,0.311400,800,5.670000,0.016700
1478530309383,0.311300,0.311000,200,0.311400,800,5.630000,0.016600
1478530311883,0.311000,0.311000,400,0.311400,800,5.530000,0.016300
1478530313884,0.311000,0.311000,400,0.311400,800,5.530000,0.016300
1478530316391,0.311000,0.311000,400,0.311100,200,5.530000,0.016300
1478530318901,0.310000,0.304300,900,0.311100,200,5.190000,0.015300
1478530321373,0.310000,0.304300,900,0.311100,200,5.190000,0.015300
1478530323391,0.310000,0.304300,900,0.311000,2900,5.190000,0.015300
1478530325900,0.310000,0.304300,900,0.311000,2900,5.190000,0.015300
1478530328443,0.310000,0.304300,900,0.310000,200,5.190000,0.015300
1478530329398,0.310000,0.304300,900,0.310000,200,5.190000,0.015300
1478530332908,0.310000,0.304300,900,0.309900,5000,5.190000,0.015300
1478530335904,0.310000,0.304300,900,0.309900,5000,5.190000,0.015300
1478530338391,0.310000,0.304300,900,0.309900,5000,5.190000,0.015300
1478530341897,0.310000,0.304300,900,0.309900,5000,5.190000,0.015300
1478530343919,0.310000,0.301600,600,0.305100,200,5.190000,0.015300
1478530346908,0.310000,0.301600,600,0.305100,200,5.190000,0.015300
1478530348897,0.301700,0.301600,600,0.305100,200,2.380000,0.007000
1478530351903,0.301700,0.301600,600,0.305100,200,2.380000,0.007000
1478530353899,0.301700,0.301600,600,0.305000,3400,2.380000,0.007000
1478530357406,0.301700,0.301600,600,0.305000,3400,2.380000,0.007000
1478530359905,0.301700,0.300500,200,0.303100,200,2.380000,0.007000
1478530362914,0.303000,0.300500,200,0.303000,800,2.820000,0.008300
1478530365410,0.303000,0.300500,200,0.303000,800,2.820000,0.008300
1478530368406,0.303000,0.300500,200,0.303000,800,2.820000,0.008300
1478530370447,0.303000,0.300500,1500,0.312500,1400,2.820000,0.008300
1478530373407,0.303000,0.300500,1500,0.312500,1400,2.820000,0.008300
1478530375403,0.303000,0.300500,1500,0.312500,1400,2.820000,0.008300
1478530377922,0.303000,0.300500,1500,0.312500,1400,2.820000,0.008300
1478530380420,0.303000,0.300500,1500,0.312500,1400,2.820000,0.008300
1478530382919,0.303000,0.300500,1500,0.306700,200,2.820000,0.008300
1478530384920,0.303000,0.300500,1500,0.306700,200,2.820000,0.008300
1478530387407,0.303000,0.300500,1500,0.306700,200,2.820000,0.008300
1478530389917,0.303000,0.300500,1500,0.306700,200,2.820000,0.008300
1478530392421,0.303000,0.300500,1500,0.306600,8100,2.820000,0.008300
1478530394933,0.303000,0.300500,1500,0.306600,8100,2.820000,0.008300
1478530397421,0.303000,0.300500,1500,0.306600,8100,2.820000,0.008300
1478530402936,0.303000,0.300500,1500,0.306600,8100,2.820000,0.008300
1478530404931,0.303000,0.300500,1500,0.306600,8100,2.820000,0.008300
1478530407437,0.303000,0.300500,1500,0.306600,8100,2.820000,0.008300
1478530409941,0.303000,0.300500,1500,0.306600,8100,2.820000,0.008300
1478530411412,0.303000,0.300500,1500,0.306600,8100,2.820000,0.008300
1478530414939,0.303000,0.300500,1500,0.306600,8100,2.820000,0.008300
1478530417947,0.303000,0.300500,1500,0.306600,8100,2.820000,0.008300
1478530420945,0.302000,0.300500,200,0.302000,1100,2.480000,0.007300
1478530422932,0.302000,0.300500,200,0.302000,600,2.480000,0.007300
1478530425941,0.302000,0.300500,200,0.302000,600,2.480000,0.007300
1478530428006,0.302000,0.300500,2000,0.313000,2300,2.480000,0.007300
1478530430933,0.302000,0.300500,2000,0.313000,2300,2.480000,0.007300
1478530433446,0.302000,0.300500,2000,0.313000,2300,2.480000,0.007300
1478530434443,0.302000,0.300500,2000,0.313000,2300,2.480000,0.007300
1478530438951,0.302000,0.300500,2000,0.313000,2300,2.480000,0.007300
1478530441472,0.302000,0.300500,2000,0.313000,2300,2.480000,0.007300
1478530443455,0.302000,0.300500,2000,0.313000,2300,2.480000,0.007300
1478530446456,0.302000,0.300500,2000,0.313000,2300,2.480000,0.007300
1478530449447,0.302000,0.300500,2000,0.311200,800,2.480000,0.007300
1478530452955,0.302000,0.300500,2000,0.311200,800,2.480000,0.007300
1478530455357,0.302000,0.300500,2000,0.311200,800,2.480000,0.007300
1478530457874,0.302000,0.300500,2000,0.311200,800,2.480000,0.007300
1478530459855,0.302000,0.300500,2000,0.311200,800,2.480000,0.007300
1478530463359,0.302000,0.300500,2000,0.311200,800,2.480000,0.007300
1478530466858,0.302000,0.300500,2000,0.311200,800,2.480000,0.007300
1478530472364,0.302000,0.300500,2000,0.311200,800,2.480000,0.007300
1478530474867,0.302000,0.300500,2000,0.311200,800,2.480000,0.007300
1478530477863,0.302000,0.300500,2000,0.311200,800,2.480000,0.007300
1478530480366,0.302000,0.300500,2000,0.311200,800,2.480000,0.007300
1478530482867,0.302000,0.300500,2000,0.311200,800,2.480000,0.007300
1478530485383,0.302000,0.300500,2000,0.311200,800,2.480000,0.007300
1478530487879,0.302000,0.300500,2000,0.311200,800,2.480000,0.007300
1478530490882,0.311200,0.301000,300,0.311200,200,5.600000,0.016500
1478530492874,0.311200,0.301000,300,0.311200,200,5.600000,0.016500
1478530495373,0.311200,0.301000,300,0.311200,200,5.600000,0.016500
1478530499403,0.311200,0.301000,300,0.311200,200,5.600000,0.016500
1478530502379,0.311200,0.301000,300,0.311200,200,5.600000,0.016500
1478530505379,0.311200,0.301000,300,0.311200,200,5.600000,0.016500
1478530507887,0.311200,0.301000,300,0.311200,200,5.600000,0.016500
1478530509877,0.311200,0.301000,300,0.311200,200,5.600000,0.016500
1478530512882,0.311200,0.301000,300,0.311200,200,5.600000,0.016500
1478530515388,0.311200,0.301000,300,0.311200,200,5.600000,0.016500
1478530517897,0.311200,0.301000,300,0.311200,200,5.600000,0.016500
1478530520386,0.311200,0.301000,300,0.311200,200,5.600000,0.016500
1478530523385,0.311200,0.301000,300,0.311200,200,5.600000,0.016500
1478530525890,0.311200,0.301000,300,0.311200,200,5.600000,0.016500
1478530527895,0.311200,0.301000,300,0.311200,200,5.600000,0.016500
1478530530935,0.311200,0.301000,300,0.311200,200,5.600000,0.016500
1478530533889,0.311200,0.301000,300,0.311200,200,5.600000,0.016500
1478530535890,0.311200,0.301000,300,0.311200,200,5.600000,0.016500
1478530538388,0.311200,0.301000,300,0.311200,200,5.600000,0.016500
1478530540892,0.311200,0.301000,300,0.311200,200,5.600000,0.016500
1478530542920,0.311200,0.301000,300,0.311200,200,5.600000,0.016500
1478530545396,0.311200,0.301000,300,0.311200,200,5.600000,0.016500
1478530547906,0.311200,0.301000,300,0.311200,200,5.600000,0.016500
1478530550881,0.311200,0.301000,300,0.311200,200,5.600000,0.016500
1478530551894,0.311200,0.301000,300,0.311200,200,5.600000,0.016500
1478530555393,0.311200,0.301000,300,0.311200,200,5.600000,0.016500
1478530558414,0.311200,0.301000,300,0.311200,200,5.600000,0.016500
1478530561895,0.311200,0.301000,300,0.311200,200,5.600000,0.016500
1478530563899,0.311200,0.301000,300,0.311200,200,5.600000,0.016500
1478530566903,0.311200,0.301000,300,0.311200,200,5.600000,0.016500
1478530569395,0.311200,0.301000,300,0.311200,200,5.600000,0.016500
1478530571411,0.311200,0.301000,300,0.311200,200,5.600000,0.016500
1478530574391,0.311200,0.301000,300,0.311200,200,5.600000,0.016500
1478530577403,0.311200,0.301000,300,0.311200,200,5.600000,0.016500
1478530581408,0.311200,0.301000,300,0.311200,200,5.600000,0.016500
1478530582913,0.311200,0.301000,300,0.311200,200,5.600000,0.016500
1478530585935,0.311200,0.301000,300,0.311200,200,5.600000,0.016500
1478530588417,0.311200,0.301000,300,0.311200,200,5.600000,0.016500
1478530589909,0.311200,0.301000,300,0.311200,200,5.600000,0.016500
1478530593410,0.311200,0.301000,300,0.311200,200,5.600000,0.016500
1478530595415,0.311200,0.301000,300,0.309500,2200,5.600000,0.016500
1478530597911,0.311200,0.301000,300,0.309400,3400,5.600000,0.016500
1478530600410,0.311200,0.301000,300,0.309400,3400,5.600000,0.016500
1478530603908,0.311200,0.301000,300,0.309400,3400,5.600000,0.016500
1478530606412,0.311200,0.301000,300,0.309400,3400,5.600000,0.016500
1478530608973,0.311200,0.301000,300,0.309400,3400,5.600000,0.016500
1478530611427,0.311200,0.301000,300,0.309400,3400,5.600000,0.016500
1478530613948,0.311200,0.301000,300,0.309400,3400,5.600000,0.016500
1478530616431,0.311200,0.301000,300,0.309400,3400,5.600000,0.016500
1478530618923,0.311200,0.301000,300,0.309400,3400,5.600000,0.016500
1478530620929,0.311200,0.301000,300,0.309400,3400,5.600000,0.016500
1478530623428,0.311200,0.301000,300,0.309400,3400,5.600000,0.016500
1478530626430,0.311200,0.301000,300,0.309400,3400,5.600000,0.016500
1478530628419,0.311200,0.301000,300,0.309400,3400,5.600000,0.016500
1478530631488,0.311200,0.301000,300,0.309400,3400,5.600000,0.016500
1478530633930,0.311200,0.301000,300,0.309400,3400,5.600000,0.016500
1478530636417,0.311200,0.301000,300,0.309400,3400,5.600000,0.016500
1478530638932,0.311200,0.301000,300,0.309400,3400,5.600000,0.016500
1478530641428,0.311200,0.301000,300,0.309400,3400,5.600000,0.016500
1478530643443,0.311200,0.301000,300,0.309400,3400,5.600000,0.016500
1478530645973,0.311200,0.301000,300,0.309400,3400,5.600000,0.016500
1478530647954,0.311200,0.301000,300,0.309400,3400,5.600000,0.016500
1478530654931,0.311200,0.301000,300,0.309400,3400,5.600000,0.016500
1478530657438,0.311200,0.301000,300,0.309400,1800,5.600000,0.016500
1478530659451,0.311200,0.301000,300,0.309400,1800,5.600000,0.016500
1478530663351,0.311200,0.301000,300,0.309400,1800,5.600000,0.016500
1478530665856,0.308500,0.301000,300,0.309400,1800,4.680000,0.013800
1478530668354,0.308500,0.301000,300,0.309400,1800,4.680000,0.013800
1478530670858,0.308500,0.301000,300,0.309400,1800,4.680000,0.013800
1478530673864,0.308500,0.301000,300,0.309400,1800,4.680000,0.013800
1478530675869,0.308500,0.301000,300,0.309400,1800,4.680000,0.013800
1478530678860,0.308500,0.301000,300,0.309400,1800,4.680000,0.013800
1478530680861,0.308500,0.301000,300,0.309400,1800,4.680000,0.013800
1478530683414,0.308500,0.301000,300,0.309400,1800,4.680000,0.013800
1478530685862,0.308500,0.301000,300,0.309400,1800,4.680000,0.013800
1478530687864,0.308500,0.301000,300,0.309400,1800,4.680000,0.013800
1478530690373,0.308500,0.301000,300,0.309400,1800,4.680000,0.013800
1478530692887,0.308500,0.301000,300,0.309400,1800,4.680000,0.013800
1478530694869,0.308500,0.301000,300,0.309400,1800,4.680000,0.013800
1478530697880,0.308500,0.301000,300,0.309400,1800,4.680000,0.013800
1478530699861,0.308500,0.301000,300,0.309400,1800,4.680000,0.013800
1478530701870,0.308500,0.301000,300,0.309400,1800,4.680000,0.013800
1478530704902,0.308500,0.301000,300,0.309400,1800,4.680000,0.013800
1478530707380,0.308500,0.301000,300,0.309400,1800,4.680000,0.013800
1478530709385,0.308500,0.301000,300,0.309400,1800,4.680000,0.013800
1478530711878,0.308500,0.301000,300,0.309400,1800,4.680000,0.013800
1478530714876,0.308500,0.301000,300,0.309400,1800,4.680000,0.013800
1478530716882,0.308500,0.301000,300,0.309400,1800,4.680000,0.013800
1478530719911,0.308500,0.301000,300,0.309400,1800,4.680000,0.013800
1478530723885,0.308500,0.301000,300,0.309400,1800,4.680000,0.013800
1478530726378,0.308500,0.301000,300,0.309400,1800,4.680000,0.013800
1478530728885,0.308500,0.301000,300,0.309400,1800,4.680000,0.013800
1478530731395,0.308500,0.301000,300,0.309400,1800,4.680000,0.013800
1478530733902,0.308500,0.301000,300,0.309400,1800,4.680000,0.013800
1478530735876,0.308500,0.301000,300,0.309400,1800,4.680000,0.013800
1478530738890,0.308500,0.301000,300,0.309400,1800,4.680000,0.013800
1478530741387,0.308500,0.301000,300,0.309400,1800,4.680000,0.013800
1478530743894,0.308500,0.301000,300,0.309400,1800,4.680000,0.013800
1478530745880,0.308500,0.301000,300,0.309400,1800,4.680000,0.013800
1478530747899,0.308500,0.301000,300,0.309400,1800,4.680000,0.013800
1478530751899,0.308500,0.301000,300,0.309400,1800,4.680000,0.013800
1478530753893,0.308500,0.301000,300,0.309400,1800,4.680000,0.013800
1478530757396,0.304700,0.301000,300,0.304700,200,3.390000,0.010000
1478530759893,0.304700,0.301000,300,0.304700,200,3.390000,0.010000
1478530762396,0.304700,0.301000,300,0.304700,200,3.390000,0.010000
1478530763893,0.304700,0.301000,300,0.304600,1800,3.390000,0.010000
1478530766915,0.304700,0.301000,300,0.304600,1800,3.390000,0.010000
1478530769402,0.304700,0.301000,300,0.304600,1800,3.390000,0.010000
1478530771904,0.302500,0.301000,300,0.304600,1700,2.650000,0.007800
1478530774402,0.302500,0.301000,300,0.304600,1700,2.650000,0.007800
1478530775904,0.302500,0.301000,300,0.304600,1700,2.650000,0.007800
1478530778400,0.302500,0.301000,300,0.302900,1500,2.650000,0.007800
1478530781917,0.302500,0.301000,300,0.302900,1500,2.650000,0.007800
1478530784419,0.302500,0.301000,300,0.302900,1500,2.650000,0.007800
1478530786910,0.302500,0.301000,300,0.302900,1500,2.650000,0.007800
1478530789401,0.302900,0.301000,300,0.309500,2000,2.780000,0.008200
1478530790904,0.302900,0.301000,300,0.309400,2800,2.780000,0.008200
1478530792417,0.302900,0.301000,300,0.309400,2800,2.780000,0.008200
1478530796425,0.302900,0.301000,300,0.309400,2800,2.780000,0.008200
1478530799411,0.302900,0.301000,300,0.309400,2800,2.780000,0.008200
1478530801408,0.302900,0.301000,300,0.309400,2800,2.780000,0.008200
1478530804416,0.302900,0.301000,300,0.309400,2800,2.780000,0.008200
1478530807430,0.302900,0.301000,300,0.309400,2800,2.780000,0.008200
1478530809411,0.302900,0.301000,300,0.309400,2800,2.780000,0.008200
1478530811981,0.302900,0.301000,300,0.309400,2800,2.780000,0.008200
1478530815423,0.302900,0.301000,300,0.309400,2800,2.780000,0.008200
1478530818425,0.302900,0.301000,300,0.309400,2800,2.780000,0.008200
1478530820424,0.302900,0.301000,300,0.309400,2800,2.780000,0.008200
1478530822932,0.302900,0.301000,300,0.309400,2800,2.780000,0.008200
1478530825422,0.302900,0.301000,300,0.309400,2800,2.780000,0.008200
1478530827916,0.302900,0.301000,300,0.309400,2800,2.780000,0.008200
1478530830439,0.302900,0.301000,300,0.309400,2800,2.780000,0.008200
1478530832924,0.302900,0.301000,300,0.309400,2800,2.780000,0.008200
1478530835934,0.302900,0.301000,300,0.309400,2800,2.780000,0.008200
1478530838436,0.302900,0.301000,300,0.309400,2800,2.780000,0.008200
1478530839969,0.302900,0.301000,300,0.309400,2800,2.780000,0.008200
1478530842946,0.302900,0.301000,300,0.309400,2800,2.780000,0.008200
1478530845950,0.302900,0.301000,300,0.309400,2800,2.780000,0.008200
1478530849419,0.302900,0.301000,300,0.309400,2800,2.780000,0.008200
1478530850942,0.302900,0.301000,300,0.309400,2800,2.780000,0.008200
1478530854458,0.302900,0.301000,300,0.309400,2800,2.780000,0.008200
1478530856941,0.302900,0.301000,300,0.309400,2800,2.780000,0.008200
1478530859427,0.302900,0.301000,300,0.309400,2800,2.780000,0.008200
1478530860441,0.302900,0.301000,300,0.309400,2800,2.780000,0.008200
1478530863942,0.302900,0.301000,300,0.309400,2800,2.780000,0.008200
1478530866439,0.302900,0.301000,300,0.309400,2800,2.780000,0.008200
1478530868898,0.302900,0.301000,300,0.309400,2800,2.780000,0.008200
1478530871359,0.302900,0.301000,300,0.309400,2800,2.780000,0.008200
1478530872853,0.302900,0.301000,300,0.309400,2800,2.780000,0.008200
1478530875854,0.302900,0.301000,300,0.309400,2800,2.780000,0.008200
1478530877855,0.302900,0.301000,300,0.309400,2800,2.780000,0.008200
1478530881362,0.302900,0.301000,300,0.309400,2800,2.780000,0.008200
1478530883377,0.302900,0.301000,300,0.309400,2800,2.780000,0.008200
1478530886360,0.302900,0.301000,300,0.309400,2800,2.780000,0.008200
1478530888362,0.302900,0.301000,300,0.309400,2800,2.780000,0.008200
1478530890864,0.302900,0.301000,300,0.309400,2800,2.780000,0.008200
1478530893361,0.302900,0.301000,300,0.309400,2800,2.780000,0.008200
1478530894882,0.302900,0.301000,300,0.309400,2800,2.780000,0.008200
1478530897909,0.302900,0.301000,300,0.309400,2800,2.780000,0.008200
1478530900373,0.302900,0.301000,300,0.309400,2800,2.780000,0.008200
1478530902369,0.302900,0.301000,300,0.309400,2800,2.780000,0.008200
1478530904371,0.302900,0.301000,300,0.309400,2800,2.780000,0.008200
1478530908373,0.302900,0.301000,300,0.309400,2800,2.780000,0.008200
1478530910885,0.302900,0.301000,300,0.309400,2800,2.780000,0.008200
1478530913880,0.302900,0.301000,300,0.309400,2800,2.780000,0.008200
1478530916873,0.302900,0.301000,300,0.309400,2800,2.780000,0.008200
1478530919882,0.302900,0.301000,300,0.309400,2800,2.780000,0.008200
1478530922888,0.302900,0.301000,300,0.309400,2800,2.780000,0.008200
1478530925887,0.302900,0.301000,300,0.309400,2800,2.780000,0.008200
1478530928380,0.302900,0.301000,300,0.309400,2800,2.780000,0.008200
1478530929893,0.302900,0.301000,300,0.309400,2800,2.780000,0.008200
1478530932881,0.302900,0.301000,300,0.309400,2800,2.780000,0.008200
1478530935384,0.302900,0.301000,300,0.309400,2800,2.780000,0.008200
1478530938383,0.302900,0.301000,300,0.309400,2800,2.780000,0.008200
1478530940389,0.302900,0.301000,300,0.309400,2800,2.780000,0.008200
1478530942895,0.302900,0.301000,300,0.309400,2800,2.780000,0.008200
1478530945398,0.302900,0.301000,300,0.309400,2800,2.780000,0.008200
1478530947384,0.302900,0.301000,300,0.309400,2800,2.780000,0.008200
1478530949391,0.302900,0.301000,300,0.309400,2800,2.780000,0.008200
1478530952386,0.302900,0.301000,300,0.309400,2800,2.780000,0.008200
1478530954386,0.302900,0.301000,300,0.309400,2800,2.780000,0.008200
1478530955888,0.302900,0.301000,300,0.309400,2800,2.780000,0.008200
1478530958898,0.302900,0.301000,300,0.308000,200,2.780000,0.008200
1478530961897,0.302900,0.301000,300,0.307900,2800,2.780000,0.008200
1478530964399,0.302900,0.301000,300,0.307900,2800,2.780000,0.008200
1478530965902,0.302900,0.301000,300,0.307900,2800,2.780000,0.008200
1478530970940,0.302900,0.301000,300,0.307900,1600,2.780000,0.008200
1478530973898,0.302900,0.301000,300,0.307900,1600,2.780000,0.008200
1478530976397,0.307900,0.301000,300,0.307900,1600,4.480000,0.013200
1478530978390,0.307900,0.301000,300,0.307900,1600,4.480000,0.013200
1478530980918,0.307900,0.301000,300,0.307900,1600,4.480000,0.013200
1478530981905,0.307900,0.301000,300,0.307900,1600,4.480000,0.013200
1478530983907,0.307900,0.301000,300,0.307900,1600,4.480000,0.013200
1478530987406,0.307900,0.301000,300,0.307900,1600,4.480000,0.013200
1478530988408,0.307900,0.301000,300,0.307900,1600,4.480000,0.013200
1478530991907,0.307900,0.301000,300,0.307900,1600,4.480000,0.013200
1478530993905,0.307900,0.301000,300,0.307900,1600,4.480000,0.013200
1478530996419,0.307900,0.301000,300,0.307900,1600,4.480000,0.013200
1478530998461,0.307900,0.301000,300,0.307900,1600,4.480000,0.013200
1478531000447,0.307900,0.301000,300,0.307900,1600,4.480000,0.013200
1478531002409,0.307900,0.301000,300,0.307900,1600,4.480000,0.013200
1478531005420,0.307700,0.301000,300,0.307900,1600,4.410000,0.013000
1478531007410,0.307700,0.301000,300,0.307900,1600,4.410000,0.013000
1478531009922,0.307700,0.301000,300,0.307900,1600,4.410000,0.013000
1478531011909,0.307700,0.301000,300,0.307900,1600,4.410000,0.013000
1478531014920,0.307700,0.301000,300,0.307900,1600,4.410000,0.013000
1478531016921,0.307700,0.301000,300,0.307900,1600,4.410000,0.013000
1478531019416,0.307700,0.301000,300,0.307900,1600,4.410000,0.013000
1478531019924,0.307700,0.301000,300,0.307900,1600,4.410000,0.013000
1478531023925,0.307700,0.301000,300,0.307900,1600,4.410000,0.013000
1478531025921,0.307700,0.301000,300,0.307900,1600,4.410000,0.013000
1478531028461,0.307700,0.301000,300,0.307900,1600,4.410000,0.013000
1478531028938,0.307700,0.301000,300,0.307900,1600,4.410000,0.013000
1478531032429,0.307700,0.301000,300,0.307900,1600,4.410000,0.013000
1478531034921,0.307700,0.301000,300,0.307900,1600,4.410000,0.013000
1478531037437,0.307700,0.301000,300,0.307900,1600,4.410000,0.013000
1478531039931,0.307700,0.301000,300,0.307900,1600,4.410000,0.013000
1478531041929,0.307700,0.301000,300,0.307900,1600,4.410000,0.013000
1478531044453,0.307700,0.301000,300,0.307900,1600,4.410000,0.013000
1478531046436,0.307700,0.301000,300,0.307900,1600,4.410000,0.013000
1478531049430,0.307700,0.301000,300,0.307900,1600,4.410000,0.013000
1478531051495,0.307700,0.301000,300,0.307900,1600,4.410000,0.013000
1478531052942,0.307700,0.301000,300,0.307900,1600,4.410000,0.013000
1478531055928,0.307700,0.301000,300,0.307900,1600,4.410000,0.013000
1478531057985,0.307700,0.301000,300,0.307900,1600,4.410000,0.013000
1478531059952,0.307700,0.301000,300,0.307900,1600,4.410000,0.013000
1478531061951,0.307700,0.301000,300,0.307900,1600,4.410000,0.013000
1478531063942,0.307700,0.301000,300,0.307900,1600,4.410000,0.013000
1478531066940,0.307700,0.301000,300,0.307900,1600,4.410000,0.013000
1478531069506,0.307700,0.301000,300,0.307900,1600,4.410000,0.013000
1478531070936,0.307700,0.301000,300,0.305000,200,4.410000,0.013000
1478531073852,0.307700,0.301000,300,0.305000,200,4.410000,0.013000
1478531075856,0.307700,0.301000,300,0.305000,200,4.410000,0.013000
1478531078355,0.307700,0.301000,300,0.305000,200,4.410000,0.013000
1478531080859,0.307700,0.301000,300,0.305000,200,4.410000,0.013000
1478531082850,0.307700,0.301000,300,0.304900,1600,4.410000,0.013000
1478531084878,0.307700,0.301000,300,0.304900,1600,4.410000,0.013000
1478531087361,0.307700,0.301000,300,0.304900,1600,4.410000,0.013000
1478531089360,0.307700,0.301000,300,0.304900,1600,4.410000,0.013000
1478531091856,0.307700,0.301000,300,0.304900,1600,4.410000,0.013000
1478531094363,0.307700,0.301000,300,0.304900,1600,4.410000,0.013000
1478531096363,0.307700,0.301000,300,0.304900,1600,4.410000,0.013000
1478531098363,0.307700,0.301000,300,0.304900,1600,4.410000,0.013000
1478531100873,0.307700,0.301000,300,0.304900,1600,4.410000,0.013000
1478531102871,0.307700,0.301000,300,0.304900,1600,4.410000,0.013000
1478531105367,0.307700,0.301000,300,0.304900,1600,4.410000,0.013000
1478531107882,0.307700,0.301000,300,0.304900,1600,4.410000,0.013000
1478531148893,0.304900,0.301000,300,0.304900,1400,3.460000,0.010200
1478531150885,0.304900,0.301000,300,0.304900,1400,3.460000,0.010200
1478531153898,0.304900,0.301000,300,0.304900,1400,3.460000,0.010200
1478531156414,0.304900,0.301000,300,0.304900,1400,3.460000,0.010200
1478531158884,0.304900,0.301000,300,0.304900,1400,3.460000,0.010200
1478531162396,0.304900,0.301000,300,0.304900,1400,3.460000,0.010200
1478531163898,0.304900,0.301000,300,0.304900,1400,3.460000,0.010200
1478531165897,0.304900,0.301000,300,0.304900,1400,3.460000,0.010200
1478531170425,0.304900,0.301000,300,0.304900,1400,3.460000,0.010200
1478531170425,0.304900,0.301000,300,0.304900,1400,3.460000,0.010200
1478531173939,0.304900,0.301000,300,0.304900,1400,3.460000,0.010200
1478531176399,0.304900,0.301000,300,0.302000,400,3.460000,0.010200
1478531178412,0.302000,0.301000,300,0.304900,1400,2.480000,0.007300
1478531180411,0.302000,0.301000,300,0.304900,1400,2.480000,0.007300
1478531181918,0.302000,0.301000,300,0.304900,1400,2.480000,0.007300
1478531184410,0.302000,0.301000,300,0.304900,1400,2.480000,0.007300
1478531186920,0.302000,0.301000,300,0.304900,1400,2.480000,0.007300
1478531188393,0.302000,0.301000,300,0.304900,1400,2.480000,0.007300
1478531191899,0.302000,0.301000,300,0.304900,1400,2.480000,0.007300
1478531194409,0.302000,0.301000,300,0.304900,1400,2.480000,0.007300
1478531196923,0.302000,0.301000,300,0.304900,1400,2.480000,0.007300
1478531199416,0.302000,0.301000,300,0.304900,1400,2.480000,0.007300
1478531201931,0.302000,0.301000,300,0.304900,1400,2.480000,0.007300
1478531204427,0.302000,0.301000,300,0.304900,1400,2.480000,0.007300
1478531206412,0.302000,0.301000,300,0.304900,1400,2.480000,0.007300
1478531208917,0.302000,0.301000,300,0.304900,1400,2.480000,0.007300
1478531211927,0.302000,0.301000,300,0.304900,1400,2.480000,0.007300
1478531213978,0.302000,0.301000,300,0.304900,1400,2.480000,0.007300
1478531215950,0.302000,0.301000,300,0.304900,1400,2.480000,0.007300
1478531219935,0.302000,0.301000,300,0.304900,1400,2.480000,0.007300
1478531220931,0.305000,0.301000,300,0.309500,2000,3.500000,0.010300
1478531224921,0.305000,0.301000,300,0.309500,2000,3.500000,0.010300
1478531226434,0.305000,0.301000,300,0.309500,2000,3.500000,0.010300
1478531228513,0.305000,0.301000,300,0.309500,2000,3.500000,0.010300
1478531231935,0.305000,0.301000,300,0.309500,2000,3.500000,0.010300
1478531234434,0.305000,0.301000,300,0.309500,2000,3.500000,0.010300
1478531236439,0.305000,0.301000,300,0.309500,2000,3.500000,0.010300
1478531238947,0.305000,0.301000,300,0.309500,2000,3.500000,0.010300
1478531240942,0.305000,0.301000,300,0.309500,2000,3.500000,0.010300
1478531244007,0.305000,0.301000,300,0.309500,2000,3.500000,0.010300
1478531246439,0.305000,0.301000,300,0.309500,2000,3.500000,0.010300
1478531248945,0.305000,0.301000,300,0.309500,2000,3.500000,0.010300
1478531251455,0.305000,0.301000,300,0.309500,2000,3.500000,0.010300
1478531254441,0.305000,0.301000,300,0.309500,2000,3.500000,0.010300
1478531256448,0.305000,0.301000,300,0.309500,2000,3.500000,0.010300
1478531258966,0.305000,0.301000,300,0.309400,600,3.500000,0.010300
1478531260952,0.305000,0.301000,300,0.309400,600,3.500000,0.010300
1478531264448,0.305000,0.301000,300,0.309400,600,3.500000,0.010300
1478531266940,0.305000,0.301000,300,0.309400,600,3.500000,0.010300
1478531268948,0.305000,0.301000,300,0.309400,600,3.500000,0.010300
1478531271959,0.305000,0.301000,300,0.309400,600,3.500000,0.010300
1478531274005,0.305000,0.301000,300,0.309400,600,3.500000,0.010300
1478531277138,0.305000,0.301000,300,0.309400,600,3.500000,0.010300
1478531278855,0.305000,0.301000,300,0.309400,600,3.500000,0.010300
1478531281853,0.305000,0.301000,300,0.309400,600,3.500000,0.010300
1478531284357,0.305000,0.301000,300,0.309400,600,3.500000,0.010300
1478531286856,0.305000,0.301000,300,0.309400,600,3.500000,0.010300
1478531289858,0.305000,0.301000,300,0.309400,600,3.500000,0.010300
1478531291864,0.305000,0.301000,300,0.309400,600,3.500000,0.010300
1478531295359,0.305000,0.301000,300,0.309400,600,3.500000,0.010300
1478531297863,0.305000,0.301000,300,0.309400,600,3.500000,0.010300
1478531300866,0.305000,0.301000,300,0.309400,600,3.500000,0.010300
1478531303858,0.305000,0.301000,300,0.309400,600,3.500000,0.010300
1478531306371,0.305000,0.301000,300,0.309400,600,3.500000,0.010300
1478531308869,0.305000,0.301000,300,0.309400,600,3.500000,0.010300
1478531311367,0.305000,0.301000,300,0.309400,500,3.500000,0.010300
1478531313379,0.305000,0.301000,300,0.309400,500,3.500000,0.010300
1478531315873,0.305000,0.301000,300,0.309400,500,3.500000,0.010300
1478531316924,0.305000,0.301000,300,0.309400,500,3.500000,0.010300
1478531322378,0.305000,0.301000,300,0.309400,500,3.500000,0.010300
1478531323871,0.305000,0.301000,300,0.309400,500,3.500000,0.010300
1478531327381,0.305000,0.301000,300,0.309400,500,3.500000,0.010300
1478531329861,0.305000,0.301000,300,0.309400,500,3.500000,0.010300
1478531330409,0.305000,0.301000,300,0.309400,500,3.500000,0.010300
1478531333883,0.305000,0.301000,300,0.309400,500,3.500000,0.010300
1478531336879,0.305000,0.301000,300,0.309400,500,3.500000,0.010300
1478531339386,0.305000,0.301000,300,0.309400,500,3.500000,0.010300
1478531341888,0.305000,0.301000,300,0.309400,500,3.500000,0.010300
1478531343890,0.305000,0.301000,300,0.309400,500,3.500000,0.010300
1478531345952,0.305000,0.301000,300,0.309400,500,3.500000,0.010300
1478531349385,0.305000,0.301000,300,0.309400,500,3.500000,0.010300
1478531351880,0.305000,0.301000,300,0.309400,500,3.500000,0.010300
1478531353881,0.305000,0.301000,300,0.309400,500,3.500000,0.010300
1478531356385,0.305000,0.301000,300,0.309400,500,3.500000,0.010300
1478531358908,0.305000,0.301000,300,0.309400,500,3.500000,0.010300
1478531360951,0.305000,0.301000,300,0.309400,500,3.500000,0.010300
1478531363399,0.305000,0.301000,300,0.309400,500,3.500000,0.010300
1478531365894,0.305000,0.301000,300,0.309400,500,3.500000,0.010300
1478531368899,0.305000,0.301000,300,0.309400,500,3.500000,0.010300
1478531370893,0.305000,0.301000,300,0.309400,500,3.500000,0.010300
1478531372925,0.305000,0.301000,300,0.309400,500,3.500000,0.010300
1478531375404,0.305000,0.301000,300,0.309400,500,3.500000,0.010300
1478531378408,0.305000,0.301000,300,0.309400,500,3.500000,0.010300
1478531380910,0.305000,0.301000,300,0.309400,500,3.500000,0.010300
1478531383402,0.305000,0.301000,300,0.309400,500,3.500000,0.010300
1478531386481,0.305000,0.301000,300,0.309400,500,3.500000,0.010300
1478531388399,0.305000,0.301000,300,0.309400,500,3.500000,0.010300
1478531390906,0.305000,0.301000,300,0.309400,500,3.500000,0.010300
1478531393419,0.305000,0.301000,300,0.309400,500,3.500000,0.010300
1478531395411,0.305000,0.301000,300,0.309400,500,3.500000,0.010300
1478531397916,0.305000,0.301000,300,0.309400,500,3.500000,0.010300
1478531401419,0.305000,0.301000,300,0.309400,500,3.500000,0.010300
1478531404900,0.308500,0.301000,300,0.309400,500,4.680000,0.013800
1478531407497,0.308500,0.301000,300,0.309400,500,4.680000,0.013800
1478531409919,0.308500,0.301000,300,0.309400,500,4.680000,0.013800
1478531412412,0.308500,0.301000,300,0.309400,500,4.680000,0.013800
1478531414420,0.308500,0.301000,300,0.309400,500,4.680000,0.013800
1478531415924,0.308500,0.301000,300,0.309400,500,4.680000,0.013800
1478531419440,0.308500,0.301000,300,0.309400,500,4.680000,0.013800
1478531422021,0.308500,0.301000,300,0.309400,500,4.680000,0.013800
1478531422957,0.308500,0.301000,300,0.309400,500,4.680000,0.013800
1478531425924,0.308500,0.301000,300,0.309400,500,4.680000,0.013800
1478531428935,0.308500,0.301000,300,0.309400,500,4.680000,0.013800
1478531430928,0.308500,0.301000,300,0.309400,500,4.680000,0.013800
1478531432927,0.308500,0.301000,300,0.309400,500,4.680000,0.013800
1478531435956,0.308500,0.301000,300,0.309400,500,4.680000,0.013800
1478531438443,0.308500,0.301000,300,0.309400,500,4.680000,0.013800
1478531440925,0.308500,0.301000,300,0.309400,500,4.680000,0.013800
1478531442944,0.308500,0.301000,300,0.309400,500,4.680000,0.013800
1478531445433,0.308500,0.301000,300,0.309400,500,4.680000,0.013800
1478531447483,0.308500,0.301000,300,0.309400,500,4.680000,0.013800
1478531450477,0.308500,0.301000,300,0.309400,500,4.680000,0.013800
1478531452940,0.308500,0.301000,300,0.309400,500,4.680000,0.013800
1478531455952,0.308500,0.301000,300,0.309400,500,4.680000,0.013800
1478531457943,0.308500,0.301000,300,0.309400,500,4.680000,0.013800
1478531460941,0.308500,0.301000,300,0.309400,500,4.680000,0.013800
1478531462052,0.308500,0.301000,300,0.309400,500,4.680000,0.013800
1478531466938,0.308500,0.301000,300,0.309400,500,4.680000,0.013800
1478531469962,0.308500,0.301000,300,0.309400,500,4.680000,0.013800
1478531472445,0.308500,0.301000,300,0.309400,500,4.680000,0.013800
1478531474952,0.308500,0.301000,300,0.309400,500,4.680000,0.013800
1478531475959,0.308500,0.301000,300,0.309400,500,4.680000,0.013800
1478531479453,0.308500,0.301000,300,0.309400,500,4.680000,0.013800
1478531482453,0.309400,0.301000,300,0.309400,500,4.990000,0.014700
1478531485357,0.309400,0.301000,300,0.309400,500,4.990000,0.014700
1478531487904,0.309400,0.301000,300,0.309400,500,4.990000,0.014700
1478531490363,0.309400,0.301000,300,0.309400,500,4.990000,0.014700
1478531491854,0.309400,0.301000,300,0.309400,500,4.990000,0.014700
1478531496359,0.309400,0.301000,300,0.309400,500,4.990000,0.014700
1478531499366,0.309400,0.301000,300,0.309400,500,4.990000,0.014700
1478531501362,0.309400,0.301000,300,0.309400,500,4.990000,0.014700
1478531504361,0.309400,0.301000,300,0.309400,500,4.990000,0.014700
1478531505367,0.309400,0.301000,300,0.309400,500,4.990000,0.014700
1478531508892,0.309400,0.301000,300,0.309400,500,4.990000,0.014700
1478531511365,0.309400,0.301000,300,0.309400,500,4.990000,0.014700
1478531513372,0.309400,0.301000,300,0.309400,500,4.990000,0.014700
1478531516372,0.309400,0.301000,300,0.309400,500,4.990000,0.014700
1478531519882,0.309400,0.301000,300,0.309400,500,4.990000,0.014700
1478531521907,0.309400,0.301000,300,0.309400,500,4.990000,0.014700
1478531525377,0.309400,0.301000,300,0.309400,500,4.990000,0.014700
1478531528879,0.309400,0.301000,300,0.309400,500,4.990000,0.014700
1478531531377,0.309400,0.301000,300,0.309400,500,4.990000,0.014700
1478531534385,0.309400,0.301000,300,0.309400,500,4.990000,0.014700
1478531536909,0.309400,0.301000,300,0.309400,500,4.990000,0.014700
1478531541390,0.309400,0.301000,300,0.309400,500,4.990000,0.014700
1478531542893,0.309400,0.301000,300,0.309400,500,4.990000,0.014700
1478531546388,0.309400,0.301000,300,0.309400,500,4.990000,0.014700
1478531548383,0.309400,0.301000,300,0.309400,500,4.990000,0.014700
1478531550886,0.309400,0.301000,300,0.309400,500,4.990000,0.014700
1478531553889,0.309400,0.301000,300,0.309400,500,4.990000,0.014700
1478531556379,0.309400,0.301000,300,0.309400,500,4.990000,0.014700
1478531558896,0.309400,0.301000,300,0.309400,500,4.990000,0.014700
1478531560883,0.309400,0.301000,300,0.309400,500,4.990000,0.014700
1478531563388,0.309400,0.301000,300,0.309400,500,4.990000,0.014700
1478531564939,0.309400,0.301000,300,0.309400,500,4.990000,0.014700
1478531567895,0.309400,0.301000,300,0.309400,500,4.990000,0.014700
1478531570895,0.309400,0.301000,300,0.309400,500,4.990000,0.014700
1478531573394,0.308500,0.301000,300,0.309400,500,4.680000,0.013800
1478531574892,0.308500,0.301000,300,0.309400,500,4.680000,0.013800
1478531577904,0.308500,0.301000,300,0.309400,500,4.680000,0.013800
1478531579401,0.308500,0.301000,300,0.309400,500,4.680000,0.013800
1478531582384,0.308500,0.301000,300,0.309400,500,4.680000,0.013800
1478531584400,0.308500,0.301000,300,0.309400,500,4.680000,0.013800
1478531586412,0.308500,0.301000,300,0.309400,500,4.680000,0.013800
1478531590404,0.308500,0.301000,300,0.309400,500,4.680000,0.013800
1478531592409,0.308500,0.301000,300,0.309400,500,4.680000,0.013800
1478531595404,0.308500,0.301000,300,0.309400,500,4.680000,0.013800
1478531598399,0.308500,0.301000,300,0.309400,500,4.680000,0.013800
1478531600412,0.308500,0.301000,300,0.309400,500,4.680000,0.013800
1478531603403,0.308500,0.301000,300,0.309400,500,4.680000,0.013800
1478531604917,0.308500,0.301000,300,0.309400,500,4.680000,0.013800
1478531606916,0.308500,0.301000,300,0.309400,500,4.680000,0.013800
1478531610416,0.308500,0.301000,300,0.309400,500,4.680000,0.013800
1478531612425,0.308500,0.301000,300,0.309400,500,4.680000,0.013800
1478531614920,0.308500,0.301000,300,0.309400,500,4.680000,0.013800
1478531616909,0.308500,0.301000,300,0.309400,500,4.680000,0.013800
1478531620413,0.308500,0.301000,300,0.309400,500,4.680000,0.013800
1478531622430,0.308500,0.301000,300,0.309400,500,4.680000,0.013800
1478531624902,0.308500,0.301000,300,0.309400,500,4.680000,0.013800
1478531626930,0.308500,0.301000,300,0.309400,500,4.680000,0.013800
1478531629925,0.308500,0.301000,300,0.309400,500,4.680000,0.013800
1478531632419,0.308500,0.301000,300,0.309400,500,4.680000,0.013800
1478531634931,0.308500,0.301000,300,0.309400,500,4.680000,0.013800
1478531636425,0.308500,0.301000,300,0.309400,500,4.680000,0.013800
1478531639466,0.308500,0.301000,300,0.309400,500,4.680000,0.013800
1478531641932,0.308500,0.301000,300,0.309400,500,4.680000,0.013800
1478531643932,0.308500,0.301000,300,0.309400,500,4.680000,0.013800
1478531646436,0.308500,0.301000,300,0.309400,500,4.680000,0.013800
1478531648933,0.308500,0.301000,300,0.309400,500,4.680000,0.013800
1478531650426,0.308500,0.301000,300,0.309400,500,4.680000,0.013800
1478531653942,0.308500,0.301000,300,0.309400,500,4.680000,0.013800
1478531656428,0.308500,0.301000,300,0.309400,500,4.680000,0.013800
1478531659415,0.308500,0.301000,300,0.309400,500,4.680000,0.013800
1478531662922,0.308500,0.301000,300,0.309400,500,4.680000,0.013800
1478531665435,0.308500,0.301000,300,0.309400,500,4.680000,0.013800
1478531667944,0.308500,0.301000,300,0.309400,500,4.680000,0.013800
1478531670938,0.308500,0.301000,300,0.309400,500,4.680000,0.013800
1478531673437,0.308500,0.301000,300,0.309400,500,4.680000,0.013800
1478531675930,0.308500,0.301000,300,0.309400,500,4.680000,0.013800
1478531678434,0.308500,0.301000,300,0.309400,500,4.680000,0.013800
1478531680945,0.308500,0.301000,300,0.309400,500,4.680000,0.013800
1478531683438,0.308500,0.301000,300,0.309400,500,4.680000,0.013800
1478531685931,0.308500,0.301000,300,0.309400,500,4.680000,0.013800
1478531688950,0.308500,0.301000,300,0.309400,500,4.680000,0.013800
1478531691441,0.308500,0.301000,300,0.309400,500,4.680000,0.013800
1478531694167,0.308500,0.301000,300,0.309400,500,4.680000,0.013800
1478531696360,0.308500,0.301000,300,0.309400,500,4.680000,0.013800
1478531699356,0.308500,0.301000,300,0.309400,500,4.680000,0.013800
1478531701855,0.308500,0.301000,300,0.309400,500,4.680000,0.013800
1478531704355,0.308500,0.301000,300,0.309400,500,4.680000,0.013800
1478531707355,0.308500,0.301000,300,0.309400,500,4.680000,0.013800
1478531708865,0.308500,0.301000,300,0.309400,500,4.680000,0.013800
1478531712362,0.308500,0.301000,300,0.309400,500,4.680000,0.013800
1478531715365,0.308500,0.301000,300,0.309400,500,4.680000,0.013800
1478531717863,0.308500,0.301000,300,0.309400,500,4.680000,0.013800
1478531720864,0.308500,0.301000,300,0.309400,500,4.680000,0.013800
1478531724373,0.308500,0.301000,300,0.309400,500,4.680000,0.013800
1478531727371,0.308500,0.301000,300,0.309400,500,4.680000,0.013800
1478531730371,0.308500,0.301000,300,0.309400,500,4.680000,0.013800
1478531731360,0.308500,0.301000,300,0.309400,500,4.680000,0.013800
1478531735380,0.308500,0.301000,300,0.309400,500,4.680000,0.013800
1478531738374,0.301100,0.301000,300,0.309400,500,2.170000,0.006400
1478531741381,0.301100,0.301000,300,0.309400,500,2.170000,0.006400
1478531743933,0.301100,0.301000,300,0.309400,500,2.170000,0.006400
1478531746379,0.301100,0.301000,300,0.309400,500,2.170000,0.006400
1478531748379,0.301100,0.301000,300,0.309400,500,2.170000,0.006400
1478531750898,0.301100,0.301000,300,0.309400,500,2.170000,0.006400
1478531754888,0.301100,0.301000,300,0.309400,500,2.170000,0.006400
1478531757895,0.301100,0.301000,300,0.309400,500,2.170000,0.006400
1478531760386,0.301100,0.301000,300,0.309400,500,2.170000,0.006400
1478531762891,0.301100,0.301000,300,0.309400,500,2.170000,0.006400
1478531765420,0.301100,0.301000,300,0.309400,500,2.170000,0.006400
1478531769937,0.301100,0.301000,300,0.309400,500,2.170000,0.006400
1478531770890,0.301100,0.301000,300,0.309400,500,2.170000,0.006400
1478531774382,0.301100,0.301000,300,0.309400,500,2.170000,0.006400
1478531776941,0.301100,0.301000,300,0.309400,500,2.170000,0.006400
1478531779401,0.301100,0.301000,300,0.309400,500,2.170000,0.006400
1478531781921,0.301100,0.301000,300,0.309400,500,2.170000,0.006400
1478531784903,0.301100,0.301000,300,0.309400,500,2.170000,0.006400
1478531787400,0.301100,0.301000,300,0.309400,500,2.170000,0.006400
1478531789405,0.308500,0.301000,300,0.309400,500,4.680000,0.013800
1478531792400,0.308500,0.301000,300,0.309400,500,4.680000,0.013800
1478531793405,0.308500,0.301000,300,0.309400,500,4.680000,0.013800
1478531796404,0.308500,0.301000,300,0.309400,500,4.680000,0.013800
1478531799898,0.308500,0.301000,300,0.309400,500,4.680000,0.013800
1478531802404,0.308500,0.301000,300,0.309400,500,4.680000,0.013800
1478531804904,0.308500,0.301000,300,0.309400,500,4.680000,0.013800
1478531807406,0.308500,0.301000,300,0.309400,500,4.680000,0.013800
1478531808903,0.308500,0.301000,300,0.309400,500,4.680000,0.013800
1478531812421,0.301000,0.301000,300,0.309400,500,2.140000,0.006300
1478531815416,0.301000,0.301000,300,0.309400,500,2.140000,0.006300
1478531817913,0.301000,0.301000,300,0.309400,500,2.140000,0.006300
1478531820468,0.301000,0.301000,300,0.309400,500,2.140000,0.006300
1478531822926,0.301000,0.301000,300,0.309400,500,2.140000,0.006300
1478531825921,0.301000,0.301000,300,0.309400,500,2.140000,0.006300
1478531828947,0.301000,0.301000,300,0.309400,500,2.140000,0.006300
1478531832423,0.301000,0.301000,300,0.309400,500,2.140000,0.006300
1478531834428,0.301000,0.301000,300,0.309400,500,2.140000,0.006300
1478531836931,0.301000,0.301000,300,0.309400,500,2.140000,0.006300
1478531839929,0.301000,0.301000,300,0.309400,500,2.140000,0.006300
1478531841426,0.301000,0.301000,300,0.309400,500,2.140000,0.006300
1478531843929,0.301000,0.301000,300,0.309400,500,2.140000,0.006300
1478531845934,0.301000,0.301000,300,0.309400,500,2.140000,0.006300
1478531849920,0.301000,0.301000,300,0.309400,500,2.140000,0.006300
1478531851926,0.301000,0.301000,300,0.309400,500,2.140000,0.006300
1478531854449,0.301000,0.301000,300,0.309400,500,2.140000,0.006300
1478531856915,0.301000,0.301000,300,0.309400,500,2.140000,0.006300
1478531859425,0.301000,0.301000,300,0.309400,500,2.140000,0.006300
1478531862451,0.301000,0.301000,300,0.309400,500,2.140000,0.006300
1478531864922,0.301000,0.301000,300,0.309400,500,2.140000,0.006300
1478531865928,0.301000,0.301000,300,0.309400,500,2.140000,0.006300
1478531869423,0.301000,0.301000,300,0.309400,500,2.140000,0.006300
1478531871927,0.301000,0.301000,300,0.309400,500,2.140000,0.006300
1478531873476,0.301000,0.301000,300,0.309400,500,2.140000,0.006300
1478531876428,0.301000,0.301000,300,0.309400,500,2.140000,0.006300
1478531878931,0.301000,0.301000,300,0.309400,500,2.140000,0.006300
1478531881441,0.301000,0.301000,300,0.309400,500,2.140000,0.006300
1478531884428,0.301000,0.301000,300,0.309400,500,2.140000,0.006300
1478531886935,0.301000,0.301000,300,0.309400,500,2.140000,0.006300
1478531888433,0.301000,0.301000,300,0.309400,500,2.140000,0.006300
1478531891951,0.301000,0.301000,300,0.309400,500,2.140000,0.006300
1478531894448,0.301000,0.301000,300,0.309400,500,2.140000,0.006300
1478531896935,0.309500,0.301000,300,0.309500,1900,5.020000,0.014800
1478531898939,0.309500,0.301000,300,0.309500,1900,5.020000,0.014800
1478531901460,0.309500,0.301000,300,0.309500,1900,5.020000,0.014800
1478531903947,0.309500,0.301000,300,0.309500,1900,5.020000,0.014800
1478531908354,0.309500,0.301000,300,0.309500,1900,5.020000,0.014800
1478531910853,0.309500,0.301000,300,0.309500,1900,5.020000,0.014800
1478531914855,0.309500,0.301000,300,0.309500,1900,5.020000,0.014800
1478531917352,0.309500,0.301000,300,0.309500,1900,5.020000,0.014800
1478531919882,0.309500,0.301000,300,0.309500,1900,5.020000,0.014800
1478531922355,0.309500,0.301000,300,0.309500,1900,5.020000,0.014800
1478531924859,0.309500,0.301000,300,0.309500,1900,5.020000,0.014800
1478531927357,0.309500,0.301000,300,0.309500,1900,5.020000,0.014800
1478531929861,0.309500,0.301000,300,0.309400,600,5.020000,0.014800
1478531931365,0.309500,0.301000,300,0.309400,600,5.020000,0.014800
1478531934362,0.309500,0.301000,300,0.309400,600,5.020000,0.014800
1478531936868,0.309500,0.301000,300,0.309400,600,5.020000,0.014800
1478531939371,0.309500,0.301000,300,0.309400,600,5.020000,0.014800
1478531941868,0.309500,0.301000,300,0.309400,600,5.020000,0.014800
1478531945379,0.309500,0.301000,300,0.309400,600,5.020000,0.014800
1478531948368,0.309500,0.301000,300,0.309400,600,5.020000,0.014800
1478531951869,0.309500,0.301000,300,0.309400,600,5.020000,0.014800
1478531953873,0.309500,0.301000,300,0.309400,600,5.020000,0.014800
1478531956374,0.309500,0.301000,300,0.309400,600,5.020000,0.014800
1478531958880,0.309500,0.301000,300,0.309400,600,5.020000,0.014800
1478531959880,0.309500,0.301000,300,0.309400,600,5.020000,0.014800
1478531962376,0.309500,0.301000,300,0.309400,600,5.020000,0.014800
1478531965378,0.309500,0.301000,300,0.309400,600,5.020000,0.014800
1478531967882,0.309500,0.301000,300,0.309400,600,5.020000,0.014800
1478531969382,0.309500,0.301000,300,0.309400,600,5.020000,0.014800
1478531973369,0.309500,0.301000,300,0.309400,600,5.020000,0.014800
1478531975406,0.309500,0.301000,300,0.309400,500,5.020000,0.014800
1478531977879,0.309500,0.301000,300,0.309400,500,5.020000,0.014800
1478531980387,0.309500,0.301000,300,0.309400,500,5.020000,0.014800
1478531982893,0.309500,0.301000,300,0.309400,500,5.020000,0.014800
1478531986389,0.309500,0.301000,300,0.309400,500,5.020000,0.014800
1478531988882,0.308500,0.301000,300,0.309400,500,4.680000,0.013800
1478531991878,0.308500,0.301000,300,0.309400,500,4.680000,0.013800
1478531994389,0.308500,0.301000,300,0.309400,500,4.680000,0.013800
1478531996390,0.308500,0.301000,300,0.309400,500,4.680000,0.013800
1478531998882,0.308500,0.301000,300,0.309400,500,4.680000,0.013800
1478532001382,0.308500,0.301000,300,0.309400,500,4.680000,0.013800
1478532002912,0.308500,0.301000,300,0.309400,500,4.680000,0.013800
1478532004379,0.308500,0.301000,300,0.309400,500,4.680000,0.013800
1478532009897,0.308500,0.301000,300,0.309400,500,4.680000,0.013800
1478532011891,0.308500,0.301000,300,0.309400,500,4.680000,0.013800
1478532014401,0.308500,0.301000,300,0.309400,500,4.680000,0.013800
1478532016895,0.308500,0.301000,300,0.309400,500,4.680000,0.013800
1478532018905,0.308500,0.301000,300,0.309400,500,4.680000,0.013800
1478532021900,0.308500,0.301000,300,0.309400,500,4.680000,0.013800
1478532024401,0.308500,0.301000,300,0.309400,500,4.680000,0.013800
1478532026898,0.308500,0.301000,300,0.309400,500,4.680000,0.013800
1478532028906,0.308500,0.301000,300,0.309400,500,4.680000,0.013800
1478532030904,0.308500,0.301000,300,0.309400,500,4.680000,0.013800
1478532033929,0.308500,0.301000,300,0.309400,500,4.680000,0.013800
1478532036407,0.308500,0.301000,300,0.309400,500,4.680000,0.013800
1478532039460,0.308500,0.301000,300,0.309200,600,4.680000,0.013800
1478532042918,0.308500,0.301000,300,0.309200,600,4.680000,0.013800
1478532044915,0.308500,0.301000,300,0.309200,600,4.680000,0.013800
1478532047906,0.308500,0.301000,300,0.309200,600,4.680000,0.013800
1478532050408,0.308500,0.301000,300,0.309200,600,4.680000,0.013800
1478532052409,0.308500,0.301000,300,0.309200,600,4.680000,0.013800
1478532055414,0.308500,0.301000,300,0.309200,600,4.680000,0.013800
1478532057907,0.308500,0.301000,300,0.309200,600,4.680000,0.013800
1478532060413,0.308500,0.301000,300,0.309200,600,4.680000,0.013800
1478532062918,0.308500,0.301000,300,0.309200,600,4.680000,0.013800
1478532065412,0.308500,0.301000,300,0.309200,600,4.680000,0.013800
1478532067932,0.308500,0.301000,300,0.309200,600,4.680000,0.013800
1478532070418,0.308500,0.301000,300,0.309200,600,4.680000,0.013800
1478532072921,0.308500,0.301000,300,0.309200,600,4.680000,0.013800
1478532075919,0.308500,0.301000,300,0.309200,600,4.680000,0.013800
1478532080419,0.308500,0.301000,300,0.309200,600,4.680000,0.013800
1478532082428,0.308500,0.301000,300,0.309200,600,4.680000,0.013800
1478532085433,0.308500,0.301000,300,0.309200,600,4.680000,0.013800
1478532087431,0.308500,0.301000,300,0.309200,600,4.680000,0.013800
1478532089932,0.308500,0.301000,300,0.309200,600,4.680000,0.013800
1478532092952,0.308500,0.301000,300,0.309200,600,4.680000,0.013800
1478532095432,0.308500,0.301000,300,0.309200,600,4.680000,0.013800
1478532097930,0.308500,0.301000,300,0.309200,600,4.680000,0.013800
1478532099934,0.308500,0.301000,300,0.309200,600,4.680000,0.013800
1478532102941,0.308500,0.301000,300,0.309200,600,4.680000,0.013800
1478532106932,0.308500,0.301000,300,0.309200,600,4.680000,0.013800
1478532109450,0.308700,0.301000,300,0.309200,600,4.750000,0.014000
1478532111937,0.308700,0.301000,300,0.309200,600,4.750000,0.014000
1478532114426,0.308700,0.301000,300,0.309200,600,4.750000,0.014000
1478532116944,0.308700,0.301000,300,0.309200,600,4.750000,0.014000
1478532119459,0.308700,0.301000,300,0.309200,600,4.750000,0.014000
1478532121444,0.308700,0.301000,300,0.309200,600,4.750000,0.014000
1478532123432,0.308700,0.301000,300,0.309200,600,4.750000,0.014000
1478532126448,0.308700,0.301000,300,0.309200,600,4.750000,0.014000
1478532127953,0.308700,0.301000,300,0.309200,600,4.750000,0.014000
1478532131855,0.308700,0.301000,300,0.309200,600,4.750000,0.014000
1478532134850,0.308700,0.301000,300,0.309200,600,4.750000,0.014000
1478532137856,0.308700,0.301000,300,0.309200,600,4.750000,0.014000
1478532138854,0.308700,0.301000,300,0.309200,600,4.750000,0.014000
1478532141359,0.308700,0.301000,300,0.309200,600,4.750000,0.014000
1478532145856,0.308700,0.301000,300,0.309200,600,4.750000,0.014000
1478532147910,0.308700,0.301000,300,0.309200,600,4.750000,0.014000
1478532150365,0.308700,0.301000,300,0.309200,600,4.750000,0.014000
1478532153874,0.308700,0.301000,300,0.309200,600,4.750000,0.014000
1478532155864,0.308700,0.301000,300,0.309200,600,4.750000,0.014000
1478532157869,0.308700,0.301000,300,0.309200,600,4.750000,0.014000
1478532160369,0.308700,0.301000,300,0.309200,600,4.750000,0.014000
1478532163414,0.308700,0.301000,300,0.309200,600,4.750000,0.014000
1478532164872,0.308700,0.301000,300,0.309200,600,4.750000,0.014000
1478532168386,0.308700,0.301000,300,0.309200,600,4.750000,0.014000
1478532170879,0.308700,0.301000,300,0.309200,600,4.750000,0.014000
1478532173373,0.308700,0.301000,300,0.309200,600,4.750000,0.014000
1478532176369,0.308700,0.301000,300,0.309200,600,4.750000,0.014000
1478532179378,0.308700,0.301000,300,0.309200,600,4.750000,0.014000
1478532181904,0.308700,0.301000,300,0.309200,600,4.750000,0.014000
1478532183871,0.308700,0.301000,300,0.309200,600,4.750000,0.014000
1478532186417,0.308700,0.301000,300,0.309200,600,4.750000,0.014000
1478532188891,0.308700,0.301000,300,0.309200,600,4.750000,0.014000
1478532191366,0.308700,0.301000,300,0.309200,600,4.750000,0.014000
1478532193375,0.308700,0.301000,300,0.309200,600,4.750000,0.014000
1478532195882,0.308700,0.301000,300,0.309200,600,4.750000,0.014000
1478532198878,0.308700,0.301000,300,0.309200,600,4.750000,0.014000
1478532202382,0.308700,0.301000,300,0.309200,600,4.750000,0.014000
1478532204877,0.308700,0.301000,300,0.309200,600,4.750000,0.014000
1478532206893,0.308700,0.301000,300,0.309200,600,4.750000,0.014000
1478532208378,0.308700,0.301000,300,0.309200,600,4.750000,0.014000
1478532212896,0.308700,0.301000,300,0.309200,600,4.750000,0.014000
1478532214387,0.308700,0.301000,300,0.309200,600,4.750000,0.014000
1478532217374,0.308700,0.301000,300,0.309200,600,4.750000,0.014000
1478532219389,0.308700,0.301000,300,0.309200,600,4.750000,0.014000
1478532222395,0.308700,0.301000,300,0.309200,600,4.750000,0.014000
1478532224384,0.308700,0.301000,300,0.309200,600,4.750000,0.014000
1478532226912,0.308700,0.301000,300,0.309200,600,4.750000,0.014000
1478532229898,0.308700,0.301000,300,0.309200,600,4.750000,0.014000
1478532233890,0.308400,0.301000,300,0.309200,600,4.650000,0.013700
1478532236381,0.308400,0.301000,300,0.309200,600,4.650000,0.013700
1478532238420,0.308400,0.301000,300,0.309200,600,4.650000,0.013700
1478532240901,0.308400,0.301000,300,0.309200,600,4.650000,0.013700
1478532242904,0.308400,0.301000,300,0.309200,600,4.650000,0.013700
1478532246402,0.308400,0.301000,300,0.309200,600,4.650000,0.013700
1478532248908,0.308400,0.301000,300,0.309200,600,4.650000,0.013700
1478532252433,0.308400,0.301000,300,0.309200,600,4.650000,0.013700
1478532255402,0.308400,0.301000,300,0.309200,600,4.650000,0.013700
1478532258895,0.308400,0.301000,300,0.309200,600,4.650000,0.013700
1478532260909,0.308400,0.301000,300,0.309200,600,4.650000,0.013700
1478532262915,0.308400,0.301000,300,0.309200,600,4.650000,0.013700
1478532269422,0.308400,0.301000,300,0.309200,600,4.650000,0.013700
1478532272407,0.308400,0.301000,300,0.309200,600,4.650000,0.013700
1478532273400,0.308400,0.301000,300,0.309200,600,4.650000,0.013700
1478532276909,0.308400,0.301000,300,0.309200,600,4.650000,0.013700
1478532279417,0.308400,0.301000,300,0.309200,600,4.650000,0.013700
1478532281915,0.308400,0.301000,300,0.309200,600,4.650000,0.013700
1478532284414,0.308400,0.301000,300,0.309200,600,4.650000,0.013700
1478532286927,0.308400,0.301000,300,0.309200,600,4.650000,0.013700
1478532289420,0.308400,0.301000,300,0.309200,600,4.650000,0.013700
1478532291924,0.308400,0.301000,300,0.309200,600,4.650000,0.013700
1478532294424,0.308400,0.301000,300,0.309200,600,4.650000,0.013700
1478532295919,0.308400,0.301000,300,0.309200,600,4.650000,0.013700
1478532299479,0.308400,0.301000,300,0.309200,600,4.650000,0.013700
1478532300930,0.308400,0.301000,300,0.309200,600,4.650000,0.013700
1478532303915,0.308400,0.301000,300,0.309200,600,4.650000,0.013700
1478532306924,0.308400,0.301000,300,0.309200,600,4.650000,0.013700
1478532309922,0.308400,0.301000,300,0.309200,600,4.650000,0.013700
1478532312913,0.308400,0.301000,300,0.309200,600,4.650000,0.013700
1478532314965,0.308400,0.301000,300,0.309200,600,4.650000,0.013700
1478532317931,0.308400,0.301000,300,0.309200,600,4.650000,0.013700
1478532320432,0.308400,0.301000,300,0.309200,600,4.650000,0.013700
1478532322933,0.308400,0.301000,300,0.309200,600,4.650000,0.013700
1478532324922,0.308400,0.301000,300,0.309200,600,4.650000,0.013700
1478532327959,0.308400,0.301000,300,0.309200,600,4.650000,0.013700
1478532330445,0.308400,0.301000,300,0.309200,600,4.650000,0.013700
1478532333437,0.308400,0.301000,300,0.309200,600,4.650000,0.013700
1478532335934,0.308400,0.301000,300,0.309200,600,4.650000,0.013700
1478532337436,0.308400,0.301000,300,0.309200,600,4.650000,0.013700
1478532340937,0.308400,0.301000,300,0.309200,600,4.650000,0.013700
1478532342963,0.308400,0.301000,300,0.309200,600,4.650000,0.013700
1478532345927,0.308400,0.301000,300,0.309200,600,4.650000,0.013700
1478532347947,0.308400,0.301000,300,0.309200,600,4.650000,0.013700
1478532351852,0.309200,0.301000,300,0.309200,500,4.920000,0.014500
1478532354894,0.309200,0.301000,300,0.309200,500,4.920000,0.014500
1478532357353,0.309200,0.301000,300,0.309200,500,4.920000,0.014500
1478532359353,0.309200,0.301000,300,0.309200,500,4.920000,0.014500
1478532362354,0.301000,0.301000,300,0.309200,500,2.140000,0.006300
1478532363856,0.301000,0.301000,300,0.309200,500,2.140000,0.006300
1478532368352,0.301000,0.301000,300,0.309200,500,2.140000,0.006300
1478532372867,0.301000,0.301000,300,0.309200,500,2.140000,0.006300
1478532376864,0.301000,0.301000,300,0.309200,500,2.140000,0.006300
1478532378862,0.301000,0.301000,300,0.309200,500,2.140000,0.006300
1478532381862,0.301000,0.301000,300,0.309200,500,2.140000,0.006300
1478532384388,0.301000,0.301000,300,0.309200,500,2.140000,0.006300
1478532386869,0.301000,0.301000,300,0.309200,500,2.140000,0.006300
1478532389411,0.301000,0.301000,300,0.309200,500,2.140000,0.006300
1478532391363,0.301000,0.301000,300,0.309200,500,2.140000,0.006300
1478532394873,0.301000,0.301000,300,0.309200,500,2.140000,0.006300
1478532397370,0.301000,0.301000,300,0.309200,500,2.140000,0.006300
1478532399903,0.301000,0.301000,300,0.309200,500,2.140000,0.006300
1478532402874,0.301000,0.301000,300,0.309200,500,2.140000,0.006300
1478532405858,0.301000,0.301000,300,0.309200,500,2.140000,0.006300
1478532408380,0.301000,0.301000,300,0.309200,500,2.140000,0.006300
1478532411374,0.301000,0.301000,300,0.309200,500,2.140000,0.006300
1478532413907,0.301000,0.301000,300,0.309200,500,2.140000,0.006300
1478532415884,0.301000,0.301000,300,0.309200,500,2.140000,0.006300
1478532418884,0.301000,0.301000,300,0.309200,500,2.140000,0.006300
1478532421876,0.301000,0.301000,300,0.309200,500,2.140000,0.006300
1478532423877,0.301000,0.301000,300,0.309200,500,2.140000,0.006300
1478532431381,0.301000,0.301000,800,0.309200,500,2.140000,0.006300
1478532433889,0.301000,0.301000,800,0.309200,500,2.140000,0.006300
1478532435892,0.301000,0.301000,800,0.309200,500,2.140000,0.006300
1478532438883,0.301000,0.301000,800,0.309200,500,2.140000,0.006300
1478532440388,0.301000,0.301000,800,0.309200,500,2.140000,0.006300
1478532442955,0.301000,0.301000,800,0.309200,500,2.140000,0.006300
1478532445892,0.301000,0.301000,800,0.309200,500,2.140000,0.006300
1478532448384,0.301000,0.301000,800,0.309200,500,2.140000,0.006300
1478532451392,0.301000,0.301000,800,0.309200,500,2.140000,0.006300
1478532454383,0.301000,0.301000,800,0.309200,500,2.140000,0.006300
1478532456386,0.301000,0.301000,800,0.309200,500,2.140000,0.006300
1478532459392,0.301000,0.301000,800,0.309200,500,2.140000,0.006300
1478532461899,0.301000,0.301000,800,0.309200,500,2.140000,0.006300
1478532464396,0.301000,0.301000,800,0.309200,500,2.140000,0.006300
1478532470914,0.301000,0.301000,800,0.309200,500,2.140000,0.006300
1478532472965,0.308400,0.301000,800,0.309200,500,4.650000,0.013700
1478532475906,0.308400,0.301000,800,0.309200,500,4.650000,0.013700
1478532478900,0.308400,0.301000,800,0.309200,500,4.650000,0.013700
1478532481403,0.308400,0.301000,800,0.309200,500,4.650000,0.013700
1478532483402,0.308400,0.301000,800,0.309200,500,4.650000,0.013700
1478532486913,0.308400,0.301000,800,0.309200,500,4.650000,0.013700
1478532488902,0.308400,0.301000,800,0.309200,500,4.650000,0.013700
1478532491899,0.308400,0.301000,800,0.309200,500,4.650000,0.013700
1478532494405,0.308400,0.301000,800,0.309200,500,4.650000,0.013700
1478532496910,0.308400,0.301000,800,0.309200,500,4.650000,0.013700
1478532500421,0.308400,0.301000,800,0.309200,500,4.650000,0.013700
1478532503913,0.308400,0.301000,800,0.309200,500,4.650000,0.013700
1478532505920,0.308400,0.301000,800,0.309200,500,4.650000,0.013700
1478532508911,0.308400,0.301000,800,0.309200,500,4.650000,0.013700
1478532512418,0.308400,0.301000,800,0.309200,500,4.650000,0.013700
1478532514422,0.308400,0.301000,800,0.309200,500,4.650000,0.013700
1478532517425,0.308400,0.301000,800,0.309200,500,4.650000,0.013700
1478532519919,0.308400,0.301000,800,0.309200,500,4.650000,0.013700
1478532523916,0.308400,0.301000,800,0.309200,500,4.650000,0.013700
1478532526423,0.308400,0.301000,800,0.309200,500,4.650000,0.013700
1478532529450,0.308400,0.301000,800,0.309200,500,4.650000,0.013700
1478532532435,0.308400,0.301000,800,0.309200,500,4.650000,0.013700
1478532534923,0.308400,0.301000,800,0.309200,500,4.650000,0.013700
1478532537427,0.308400,0.301000,800,0.309200,500,4.650000,0.013700
1478532540433,0.308400,0.301000,800,0.309200,500,4.650000,0.013700
1478532543002,0.308400,0.301000,800,0.309200,500,4.650000,0.013700
1478532545438,0.308400,0.301000,800,0.309200,500,4.650000,0.013700
1478532547923,0.308400,0.301000,800,0.309200,500,4.650000,0.013700
1478532550433,0.308400,0.301000,800,0.309200,500,4.650000,0.013700
1478532552433,0.308400,0.301000,800,0.309200,500,4.650000,0.013700
1478532555938,0.308400,0.301000,800,0.309200,500,4.650000,0.013700
1478532558940,0.308400,0.301000,800,0.309200,500,4.650000,0.013700
1478532560955,0.308400,0.301000,800,0.309200,500,4.650000,0.013700
1478532564436,0.308400,0.301000,800,0.309200,500,4.650000,0.013700
1478532565944,0.308400,0.301000,800,0.309200,500,4.650000,0.013700
1478532568948,0.308400,0.301000,800,0.309200,500,4.650000,0.013700
1478532571443,0.308400,0.301000,800,0.309200,500,4.650000,0.013700
1478532573440,0.308400,0.301000,800,0.309200,500,4.650000,0.013700
1478532575445,0.308400,0.301000,800,0.309200,500,4.650000,0.013700
1478532577672,0.308400,0.301000,800,0.309200,500,4.650000,0.013700
1478532580854,0.308400,0.301000,800,0.309200,500,4.650000,0.013700
1478532582852,0.308400,0.301000,800,0.309200,500,4.650000,0.013700
1478532585851,0.308400,0.301000,800,0.309200,500,4.650000,0.013700
1478532586854,0.308400,0.301000,800,0.309200,500,4.650000,0.013700
1478532589856,0.307500,0.301000,800,0.309200,500,4.340000,0.012800
1478532592861,0.307500,0.301000,800,0.309200,500,4.340000,0.012800
1478532593858,0.307500,0.301000,800,0.309200,500,4.340000,0.012800
1478532596864,0.307500,0.301000,800,0.309200,500,4.340000,0.012800
1478532599850,0.307500,0.301000,800,0.309200,500,4.340000,0.012800
1478532600860,0.307500,0.301000,800,0.309200,500,4.340000,0.012800
1478532605863,0.307500,0.301000,800,0.309200,500,4.340000,0.012800
1478532607866,0.307500,0.301000,800,0.309200,500,4.340000,0.012800
1478532611367,0.307500,0.301000,800,0.309200,500,4.340000,0.012800
1478532612868,0.307500,0.301000,800,0.309200,500,4.340000,0.012800
1478532615864,0.307500,0.301000,800,0.309200,500,4.340000,0.012800
1478532618404,0.307500,0.301000,800,0.309200,500,4.340000,0.012800
1478532620917,0.307500,0.301000,800,0.309200,500,4.340000,0.012800
1478532622886,0.307500,0.301000,800,0.309200,500,4.340000,0.012800
1478532624911,0.307500,0.301000,800,0.309200,500,4.340000,0.012800
1478532627887,0.307500,0.301000,800,0.309200,500,4.340000,0.012800
1478532629881,0.307500,0.301000,800,0.309200,500,4.340000,0.012800
1478532632946,0.307500,0.301000,800,0.309200,500,4.340000,0.012800
1478532635381,0.307500,0.301000,800,0.309200,500,4.340000,0.012800
1478532637883,0.307500,0.301000,800,0.309200,500,4.340000,0.012800
1478532639869,0.307500,0.301000,800,0.309200,500,4.340000,0.012800
1478532641885,0.307500,0.301000,800,0.309200,500,4.340000,0.012800
1478532645380,0.309300,0.301000,800,0.309300,2900,4.950000,0.014600
1478532647892,0.309300,0.301000,800,0.309300,2900,4.950000,0.014600
1478532650889,0.309300,0.301000,800,0.309300,2900,4.950000,0.014600
1478532652892,0.309300,0.301000,800,0.309300,2900,4.950000,0.014600
1478532655386,0.309300,0.301000,800,0.309300,2900,4.950000,0.014600
1478532657899,0.309300,0.301000,800,0.309300,2900,4.950000,0.014600
1478532659380,0.309300,0.301000,800,0.309300,2900,4.950000,0.014600
1478532662952,0.309300,0.301000,800,0.309300,2900,4.950000,0.014600
1478532665891,0.309300,0.301000,800,0.309300,2900,4.950000,0.014600
1478532668884,0.309300,0.301000,800,0.309300,2900,4.950000,0.014600
1478532671387,0.309300,0.301000,800,0.309300,2900,4.950000,0.014600
1478532673401,0.309300,0.301000,800,0.309300,2900,4.950000,0.014600
1478532675922,0.309300,0.301000,800,0.309300,2900,4.950000,0.014600
1478532678431,0.309300,0.301000,800,0.309300,2900,4.950000,0.014600
1478532680401,0.309300,0.301000,800,0.309200,600,4.950000,0.014600
1478532682398,0.309300,0.301000,800,0.309200,600,4.950000,0.014600
1478532685397,0.309300,0.301000,800,0.309200,600,4.950000,0.014600
1478532687911,0.309300,0.301000,800,0.309200,600,4.950000,0.014600
1478532689922,0.309300,0.301000,800,0.309200,600,4.950000,0.014600
1478532692429,0.309300,0.301000,800,0.309200,600,4.950000,0.014600
1478532694891,0.309300,0.301000,800,0.309200,600,4.950000,0.014600
1478532697408,0.309300,0.301000,800,0.309200,600,4.950000,0.014600
1478532699911,0.309300,0.301000,800,0.309200,600,4.950000,0.014600
1478532702908,0.309300,0.301000,800,0.309200,600,4.950000,0.014600
1478532703896,0.309300,0.301000,800,0.309200,600,4.950000,0.014600
1478532707407,0.308400,0.301000,800,0.309200,600,4.650000,0.013700
1478532710413,0.308400,0.301000,800,0.309200,600,4.650000,0.013700
1478532712970,0.308400,0.301000,800,0.309200,600,4.650000,0.013700
1478532716412,0.308400,0.301000,800,0.309200,600,4.650000,0.013700
1478532718953,0.308400,0.301000,800,0.309200,600,4.650000,0.013700
1478532721428,0.308400,0.301000,800,0.309200,600,4.650000,0.013700
1478532723902,0.308400,0.301000,800,0.309200,600,4.650000,0.013700
1478532726411,0.308400,0.301000,800,0.309200,600,4.650000,0.013700
1478532729424,0.308400,0.301000,800,0.309200,600,4.650000,0.013700
1478532730428,0.308400,0.301000,800,0.309200,600,4.650000,0.013700
1478532733977,0.308400,0.301000,800,0.309200,600,4.650000,0.013700
1478532736424,0.308400,0.301000,800,0.309200,600,4.650000,0.013700
1478532738922,0.308400,0.301000,800,0.309200,600,4.650000,0.013700
1478532740464,0.308400,0.301000,800,0.309200,600,4.650000,0.013700
1478532742916,0.308400,0.301000,800,0.309200,600,4.650000,0.013700
1478532745917,0.308400,0.301000,800,0.309200,600,4.650000,0.013700
1478532747437,0.308400,0.301000,800,0.309200,600,4.650000,0.013700
1478532751427,0.308400,0.301000,800,0.309200,600,4.650000,0.013700
1478532753938,0.308400,0.301000,800,0.309200,600,4.650000,0.013700
1478532756931,0.308400,0.301000,800,0.309200,600,4.650000,0.013700
1478532758925,0.308400,0.301000,800,0.309200,600,4.650000,0.013700
1478532759921,0.308400,0.301000,800,0.309200,600,4.650000,0.013700
1478532763931,0.308400,0.301000,800,0.309200,300,4.650000,0.013700
1478532766431,0.308400,0.301000,800,0.309200,300,4.650000,0.013700
1478532768935,0.308400,0.301000,800,0.309200,300,4.650000,0.013700
1478532771433,0.308400,0.301000,800,0.309200,300,4.650000,0.013700
1478532773930,0.308400,0.301000,800,0.309200,300,4.650000,0.013700
1478532777466,0.308400,0.301000,800,0.309200,300,4.650000,0.013700
1478532780437,0.308400,0.301000,800,0.309200,300,4.650000,0.013700
1478532782943,0.301500,0.301000,800,0.309200,300,2.310000,0.006800
1478532785940,0.301500,0.301000,800,0.309200,300,2.310000,0.006800
1478532785441,0.301500,0.301000,800,0.309200,300,2.310000,0.006800
1478532790459,0.301500,0.301000,800,0.309200,300,2.310000,0.006800
1478532794449,0.301500,0.301000,800,0.309200,300,2.310000,0.006800
1478532796947,0.301500,0.301000,800,0.309200,300,2.310000,0.006800
1478532798451,0.301500,0.301000,800,0.309200,300,2.310000,0.006800
1478532802449,0.301500,0.301000,800,0.309200,300,2.310000,0.006800
1478532804854,0.301500,0.301000,800,0.309200,300,2.310000,0.006800
1478532806896,0.301500,0.301000,800,0.309200,300,2.310000,0.006800
1478532808852,0.301500,0.301000,800,0.309200,300,2.310000,0.006800
1478532810854,0.301500,0.301000,800,0.309200,300,2.310000,0.006800
1478532814356,0.301500,0.301000,800,0.309200,300,2.310000,0.006800
1478532815856,0.301500,0.301000,800,0.309200,300,2.310000,0.006800
1478532819362,0.301500,0.301000,800,0.309200,300,2.310000,0.006800
1478532821863,0.301500,0.301000,800,0.309200,300,2.310000,0.006800
1478532824359,0.301500,0.301000,800,0.309200,300,2.310000,0.006800
1478532827362,0.301500,0.301000,800,0.309200,300,2.310000,0.006800
1478532829862,0.301500,0.301000,800,0.309200,300,2.310000,0.006800
1478532832363,0.301500,0.301000,800,0.309200,300,2.310000,0.006800
1478532833867,0.301500,0.301000,800,0.309200,300,2.310000,0.006800
1478532836866,0.301500,0.301000,800,0.309200,300,2.310000,0.006800
1478532839374,0.301500,0.301000,800,0.309200,300,2.310000,0.006800
1478532840368,0.301500,0.301000,800,0.309200,300,2.310000,0.006800
1478532844873,0.301500,0.301000,800,0.309200,300,2.310000,0.006800
1478532847886,0.301500,0.301000,800,0.309200,300,2.310000,0.006800
1478532850883,0.301500,0.301000,800,0.309200,300,2.310000,0.006800
1478532853395,0.301500,0.301000,800,0.309200,300,2.310000,0.006800
1478532855882,0.301500,0.301000,800,0.309200,300,2.310000,0.006800
1478532858422,0.301500,0.301000,800,0.309200,300,2.310000,0.006800
1478532859884,0.301500,0.301000,800,0.309200,300,2.310000,0.006800
1478532863379,0.301500,0.301000,800,0.309200,300,2.310000,0.006800
1478532865879,0.301500,0.301000,800,0.309200,300,2.310000,0.006800
1478532867898,0.301500,0.301000,800,0.309200,300,2.310000,0.006800
1478532871884,0.301500,0.301000,800,0.309200,300,2.310000,0.006800
1478532873894,0.301500,0.301000,800,0.309200,300,2.310000,0.006800
1478532875884,0.301500,0.301000,800,0.309200,300,2.310000,0.006800
1478532879441,0.301500,0.301000,800,0.309200,300,2.310000,0.006800
1478532881392,0.301500,0.301000,800,0.309200,300,2.310000,0.006800
1478532884402,0.301500,0.301000,800,0.309200,300,2.310000,0.006800
1478532886391,0.301500,0.301000,800,0.309200,300,2.310000,0.006800
1478532888880,0.301500,0.301000,800,0.309200,300,2.310000,0.006800
1478532890903,0.301500,0.301000,800,0.309200,300,2.310000,0.006800
1478532892891,0.301500,0.301000,800,0.309200,300,2.310000,0.006800
1478532895907,0.301500,0.301000,800,0.309200,300,2.310000,0.006800
1478532898397,0.301500,0.301000,800,0.309200,300,2.310000,0.006800
1478532900409,0.301500,0.301000,800,0.309200,300,2.310000,0.006800
1478532902900,0.301500,0.301000,800,0.309200,300,2.310000,0.006800
1478532905898,0.301500,0.301000,800,0.309200,300,2.310000,0.006800
1478532908421,0.301500,0.301000,800,0.309200,300,2.310000,0.006800
1478532910921,0.301500,0.301000,800,0.309200,300,2.310000,0.006800
1478532913427,0.301500,0.301000,800,0.309200,300,2.310000,0.006800
1478532916417,0.301500,0.301000,800,0.309200,300,2.310000,0.006800
1478532919404,0.301500,0.301000,800,0.309200,300,2.310000,0.006800
1478532921910,0.301500,0.301000,800,0.309200,300,2.310000,0.006800
1478532923906,0.301500,0.301000,800,0.309200,300,2.310000,0.006800
1478532926918,0.301500,0.301000,800,0.309200,300,2.310000,0.006800
1478532929421,0.301500,0.301000,800,0.309200,300,2.310000,0.006800
1478532932418,0.301500,0.301000,800,0.309200,300,2.310000,0.006800
1478532936906,0.301500,0.301000,800,0.309200,300,2.310000,0.006800
1478532938928,0.301500,0.301000,800,0.309200,300,2.310000,0.006800
1478532942431,0.301500,0.301000,800,0.309200,300,2.310000,0.006800
1478532944915,0.301500,0.301000,800,0.309200,300,2.310000,0.006800
1478532947419,0.301500,0.301000,800,0.309200,300,2.310000,0.006800
1478532949419,0.301500,0.301000,800,0.309200,300,2.310000,0.006800
1478532951928,0.301500,0.301000,800,0.309200,300,2.310000,0.006800
1478532953434,0.308400,0.301000,800,0.309200,300,4.650000,0.013700
1478532955929,0.308400,0.301000,800,0.309200,300,4.650000,0.013700
1478532958424,0.308400,0.301000,800,0.309200,300,4.650000,0.013700
1478532961461,0.308400,0.301000,800,0.309200,300,4.650000,0.013700
1478532963416,0.308400,0.301000,800,0.309200,300,4.650000,0.013700
1478532965926,0.308400,0.301000,800,0.309200,300,4.650000,0.013700
1478532968457,0.308400,0.301000,800,0.309200,300,4.650000,0.013700
1478532969937,0.308400,0.301000,800,0.309200,300,4.650000,0.013700
1478532973435,0.308400,0.301000,800,0.309200,300,4.650000,0.013700
1478532976435,0.308400,0.301000,800,0.309200,300,4.650000,0.013700
1478532978938,0.308400,0.301000,800,0.309200,300,4.650000,0.013700
1478532980441,0.308400,0.301000,800,0.309200,300,4.650000,0.013700
1478532982936,0.308400,0.301000,800,0.309200,300,4.650000,0.013700
1478532985954,0.308400,0.301000,800,0.309200,300,4.650000,0.013700
1478532987941,0.308400,0.301000,800,0.309200,300,4.650000,0.013700
1478532990934,0.308400,0.301000,800,0.309200,300,4.650000,0.013700
1478532993439,0.308400,0.301000,800,0.309200,300,4.650000,0.013700
1478532996439,0.308400,0.301000,800,0.309200,300,4.650000,0.013700
1478532998954,0.308400,0.301000,800,0.309200,300,4.650000,0.013700
1478533000938,0.308400,0.301000,800,0.309200,300,4.650000,0.013700
1478533003938,0.308400,0.301000,800,0.309200,300,4.650000,0.013700
1478533007447,0.308400,0.301000,800,0.309200,300,4.650000,0.013700
1478533009949,0.308400,0.301000,800,0.309200,300,4.650000,0.013700
1478533011955,0.308400,0.301000,800,0.309200,300,4.650000,0.013700
1478533013952,0.308400,0.301000,800,0.309200,300,4.650000,0.013700
1478533016949,0.308400,0.301000,800,0.309200,300,4.650000,0.013700
1478533019510,0.308400,0.301000,800,0.309200,300,4.650000,0.013700
1478533021954,0.308400,0.301000,800,0.309200,300,4.650000,0.013700
1478533023457,0.308400,0.301000,800,0.309200,300,4.650000,0.013700
1478533026877,0.308400,0.301000,800,0.309200,300,4.650000,0.013700
1478533029865,0.308400,0.301000,800,0.309200,300,4.650000,0.013700
1478533032359,0.308400,0.301000,800,0.309200,300,4.650000,0.013700
1478533035364,0.308400,0.301000,800,0.309200,300,4.650000,0.013700
1478533037860,0.308400,0.301000,800,0.309200,300,4.650000,0.013700
1478533039863,0.308400,0.301000,800,0.309200,300,4.650000,0.013700
1478533042885,0.308400,0.301000,800,0.309200,300,4.650000,0.013700
1478533045447,0.308400,0.301000,800,0.309200,300,4.650000,0.013700
1478533047363,0.308400,0.301000,800,0.309200,300,4.650000,0.013700
1478533049359,0.308400,0.301000,800,0.309200,300,4.650000,0.013700
1478533052362,0.308400,0.301000,800,0.309200,300,4.650000,0.013700
1478533054366,0.308400,0.301000,800,0.309200,300,4.650000,0.013700
1478533057368,0.308400,0.301000,800,0.309200,300,4.650000,0.013700
1478533059868,0.308400,0.301000,800,0.309200,300,4.650000,0.013700
1478533062868,0.308400,0.301000,800,0.309200,300,4.650000,0.013700
1478533065869,0.308400,0.301000,800,0.309200,300,4.650000,0.013700
1478533068375,0.308400,0.301000,800,0.309200,300,4.650000,0.013700
1478533070884,0.308400,0.301000,800,0.309200,300,4.650000,0.013700
1478533073420,0.308400,0.301000,800,0.309200,300,4.650000,0.013700
1478533075878,0.308400,0.301000,800,0.309200,300,4.650000,0.013700
1478533077423,0.308400,0.301000,800,0.309200,300,4.650000,0.013700
1478533079868,0.308400,0.301000,800,0.309200,300,4.650000,0.013700
1478533082883,0.308400,0.301000,800,0.309200,300,4.650000,0.013700
1478533084407,0.308400,0.301000,800,0.309200,300,4.650000,0.013700
1478533087378,0.308400,0.301000,800,0.309200,300,4.650000,0.013700
1478533089877,0.308400,0.301000,800,0.309200,300,4.650000,0.013700
1478533092381,0.308400,0.301000,800,0.309200,300,4.650000,0.013700
1478533093885,0.308400,0.301000,800,0.309200,300,4.650000,0.013700
1478533097386,0.308400,0.301000,800,0.309200,300,4.650000,0.013700
1478533099422,0.308400,0.301000,800,0.309200,300,4.650000,0.013700
1478533103385,0.308400,0.301000,800,0.309200,300,4.650000,0.013700
1478533105896,0.308400,0.301000,800,0.309200,300,4.650000,0.013700
1478533108386,0.308400,0.301000,800,0.309200,300,4.650000,0.013700
1478533109431,0.308400,0.301000,800,0.309200,300,4.650000,0.013700
1478533113437,0.309200,0.301000,800,0.309200,300,4.920000,0.014500
1478533115919,0.309200,0.301000,800,0.309200,300,4.920000,0.014500
1478533117907,0.309200,0.301000,800,0.309200,300,4.920000,0.014500
1478533120383,0.309200,0.301000,800,0.309200,300,4.920000,0.014500
1478533122394,0.309200,0.301000,800,0.309200,300,4.920000,0.014500
1478533123396,0.309200,0.301000,800,0.309200,300,4.920000,0.014500
1478533127407,0.309200,0.301000,800,0.309200,300,4.920000,0.014500
1478533129899,0.309200,0.301000,800,0.309200,300,4.920000,0.014500
1478533132394,0.309200,0.301000,800,0.309200,300,4.920000,0.014500
1478533135397,0.309200,0.301000,800,0.309200,300,4.920000,0.014500
1478533137911,0.309200,0.301000,800,0.309200,300,4.920000,0.014500
1478533139909,0.309200,0.301000,800,0.309200,300,4.920000,0.014500
1478533142422,0.309200,0.301000,800,0.309200,300,4.920000,0.014500
1478533144890,0.309200,0.301000,800,0.309200,300,4.920000,0.014500
1478533147392,0.309200,0.301000,800,0.309200,300,4.920000,0.014500
1478533150408,0.309200,0.301000,800,0.309200,300,4.920000,0.014500
1478533152406,0.309200,0.301000,800,0.309200,300,4.920000,0.014500
1478533154908,0.309200,0.301000,800,0.309200,300,4.920000,0.014500
1478533157427,0.309200,0.301000,800,0.309200,300,4.920000,0.014500
1478533158917,0.309200,0.301000,800,0.309200,300,4.920000,0.014500
1478533161920,0.309200,0.301000,800,0.309200,300,4.920000,0.014500
1478533163401,0.309200,0.301000,800,0.309200,300,4.920000,0.014500
1478533167411,0.309200,0.301000,800,0.309200,300,4.920000,0.014500
1478533169963,0.309200,0.301000,800,0.309200,300,4.920000,0.014500
1478533171900,0.309200,0.301000,800,0.309200,300,4.920000,0.014500
1478533174917,0.309200,0.301000,800,0.309200,300,4.920000,0.014500
1478533177413,0.309200,0.301000,800,0.309200,300,4.920000,0.014500
1478533179416,0.309200,0.301000,800,0.309200,300,4.920000,0.014500
1478533182417,0.309200,0.301000,800,0.309200,300,4.920000,0.014500
1478533184952,0.309200,0.301000,800,0.309200,300,4.920000,0.014500
1478533186930,0.309200,0.301000,800,0.309200,300,4.920000,0.014500
1478533189423,0.309200,0.301000,800,0.309200,300,4.920000,0.014500
1478533191922,0.309200,0.301000,800,0.309200,300,4.920000,0.014500
1478533193918,0.309200,0.301000,800,0.309200,300,4.920000,0.014500
1478533197912,0.309200,0.301000,800,0.309200,300,4.920000,0.014500
1478533200931,0.309200,0.301000,800,0.309200,300,4.920000,0.014500
1478533203418,0.309200,0.301000,800,0.309200,300,4.920000,0.014500
1478533205925,0.309200,0.301000,800,0.309200,300,4.920000,0.014500
1478533207435,0.309200,0.301000,800,0.309200,300,4.920000,0.014500
1478533211421,0.309200,0.301000,800,0.309200,300,4.920000,0.014500
1478533213458,0.309200,0.301000,800,0.309200,300,4.920000,0.014500
1478533215928,0.309200,0.301000,800,0.309200,300,4.920000,0.014500
1478533218425,0.309200,0.301000,800,0.309200,300,4.920000,0.014500
1478533219914,0.309200,0.301000,800,0.309200,300,4.920000,0.014500
1478533223436,0.309200,0.301000,800,0.309200,300,4.920000,0.014500
1478533225931,0.309200,0.301000,800,0.309200,300,4.920000,0.014500
1478533228979,0.309200,0.301000,800,0.309200,300,4.920000,0.014500
1478533231935,0.309200,0.301000,800,0.309200,300,4.920000,0.014500
1478533234937,0.308400,0.301000,800,0.309200,300,4.650000,0.013700
1478533237437,0.308400,0.301000,800,0.309200,300,4.650000,0.013700
1478533239955,0.308400,0.301000,800,0.309200,300,4.650000,0.013700
1478533242522,0.308400,0.301000,800,0.309200,300,4.650000,0.013700
1478533243930,0.308400,0.301000,800,0.309200,300,4.650000,0.013700
1478533246485,0.308400,0.301000,800,0.309200,300,4.650000,0.013700
1478533249438,0.308400,0.301000,800,0.309200,300,4.650000,0.013700
1478533251934,0.308400,0.301000,800,0.309200,300,4.650000,0.013700
1478533253938,0.308400,0.301000,800,0.309200,300,4.650000,0.013700
1478533256468,0.308400,0.301000,800,0.309200,300,4.650000,0.013700
1478533258855,0.308400,0.301000,800,0.309200,300,4.650000,0.013700
1478533261861,0.308400,0.301000,800,0.309200,300,4.650000,0.013700
1478533264355,0.308400,0.301000,800,0.309200,300,4.650000,0.013700
1478533266858,0.308400,0.301000,800,0.309200,300,4.650000,0.013700
1478533268860,0.308400,0.301000,800,0.309200,300,4.650000,0.013700
1478533272359,0.308400,0.301000,800,0.309200,300,4.650000,0.013700
1478533274866,0.308400,0.301000,800,0.309200,300,4.650000,0.013700
1478533276861,0.308400,0.301000,800,0.309200,300,4.650000,0.013700
1478533279358,0.308400,0.301000,800,0.309200,300,4.650000,0.013700
1478533281861,0.308400,0.301000,800,0.309200,300,4.650000,0.013700
1478533283381,0.308400,0.301000,800,0.309200,300,4.650000,0.013700
1478533284366,0.308400,0.301000,800,0.309200,300,4.650000,0.013700
1478533288367,0.308400,0.301000,800,0.309200,300,4.650000,0.013700
1478533291369,0.308400,0.301000,800,0.309200,300,4.650000,0.013700
1478533292867,0.308400,0.301000,800,0.309200,300,4.650000,0.013700
1478533297876,0.308400,0.301000,800,0.309200,300,4.650000,0.013700
1478533300372,0.308400,0.301000,800,0.309200,300,4.650000,0.013700
1478533302881,0.308400,0.301000,800,0.309200,300,4.650000,0.013700
1478533305879,0.308400,0.301000,800,0.309200,300,4.650000,0.013700
1478533305879,0.308400,0.301000,800,0.309200,300,4.650000,0.013700
1478533310880,0.308400,0.301100,500,0.309200,300,4.650000,0.013700
1478533313378,0.308400,0.301100,500,0.309200,300,4.650000,0.013700
1478533315396,0.308400,0.301100,500,0.309200,300,4.650000,0.013700
1478533317884,0.308200,0.301100,500,0.309200,100,4.580000,0.013500
1478533320863,0.308200,0.301100,500,0.309200,100,4.580000,0.013500
1478533322885,0.308200,0.301100,500,0.309200,100,4.580000,0.013500
1478533325885,0.308200,0.301100,500,0.309200,100,4.580000,0.013500
1478533329902,0.308200,0.301100,500,0.309200,100,4.580000,0.013500
1478533331906,0.308200,0.301100,500,0.309200,100,4.580000,0.013500
1478533334880,0.308200,0.301100,500,0.309200,100,4.580000,0.013500
1478533337882,0.308200,0.301100,500,0.309200,100,4.580000,0.013500
1478533341388,0.308200,0.301100,500,0.309200,100,4.580000,0.013500
1478533342858,0.309300,0.301100,500,0.309300,2800,4.950000,0.014600
1478533345886,0.309300,0.301100,500,0.309300,2800,4.950000,0.014600
1478533348891,0.309300,0.301100,500,0.309300,2800,4.950000,0.014600
1478533351399,0.309300,0.301100,500,0.309300,2800,4.950000,0.014600
1478533353394,0.309300,0.301100,500,0.309300,2800,4.950000,0.014600
1478533356406,0.309300,0.301100,500,0.309200,600,4.950000,0.014600
1478533358908,0.309300,0.301100,500,0.309200,600,4.950000,0.014600
1478533362903,0.309300,0.301100,500,0.309200,600,4.950000,0.014600
1478533365404,0.309300,0.301100,500,0.309200,600,4.950000,0.014600
1478533367910,0.309300,0.301100,500,0.309200,600,4.950000,0.014600
1478533370397,0.309300,0.301100,500,0.309200,600,4.950000,0.014600
1478533371913,0.309300,0.301100,500,0.309200,600,4.950000,0.014600
1478533374930,0.309300,0.301100,500,0.309200,600,4.950000,0.014600
1478533376963,0.309300,0.301100,500,0.309200,600,4.950000,0.014600
1478533379910,0.309300,0.301100,500,0.309200,600,4.950000,0.014600
1478533382412,0.309300,0.301100,500,0.309200,600,4.950000,0.014600
1478533384907,0.309300,0.301100,500,0.309200,600,4.950000,0.014600
1478533385949,0.309300,0.301100,500,0.309200,600,4.950000,0.014600
1478533388932,0.309300,0.301100,500,0.309200,600,4.950000,0.014600
1478533392911,0.309200,0.301100,500,0.309200,500,4.920000,0.014500
1478533395912,0.309200,0.301100,500,0.309200,500,4.920000,0.014500
1478533398409,0.309200,0.301100,500,0.309200,500,4.920000,0.014500
1478533400920,0.309200,0.301100,500,0.309200,500,4.920000,0.014500
1478533402411,0.309200,0.301100,500,0.309200,500,4.920000,0.014500
1478533405418,0.309200,0.301100,500,0.309200,500,4.920000,0.014500
1478533407405,0.309200,0.301100,500,0.309200,500,4.920000,0.014500
1478533410415,0.309200,0.301100,500,0.309200,500,4.920000,0.014500
1478533412922,0.309200,0.301100,500,0.309200,500,4.920000,0.014500
1478533415428,0.309200,0.301100,500,0.309200,500,4.920000,0.014500
1478533417931,0.309200,0.301100,500,0.309200,500,4.920000,0.014500
1478533420413,0.309200,0.301100,500,0.309200,500,4.920000,0.014500
1478533425918,0.309200,0.301100,500,0.309200,500,4.920000,0.014500
1478533427920,0.309200,0.301100,500,0.309200,500,4.920000,0.014500
1478533430926,0.309200,0.301100,500,0.309200,500,4.920000,0.014500
1478533432930,0.309200,0.301100,500,0.309200,500,4.920000,0.014500
1478533435433,0.309200,0.301100,500,0.309200,500,4.920000,0.014500
1478533438427,0.309200,0.301100,500,0.309200,500,4.920000,0.014500
1478533439931,0.309200,0.301100,500,0.309200,500,4.920000,0.014500
1478533442421,0.309200,0.301100,500,0.309200,500,4.920000,0.014500
1478533445925,0.309200,0.301100,500,0.309200,500,4.920000,0.014500
1478533449420,0.309200,0.301100,500,0.309200,500,4.920000,0.014500
1478533452435,0.309200,0.301100,500,0.309200,500,4.920000,0.014500
1478533454934,0.309200,0.301100,500,0.309200,500,4.920000,0.014500
1478533456935,0.309200,0.301100,500,0.309200,500,4.920000,0.014500
1478533459467,0.309200,0.301100,500,0.309200,500,4.920000,0.014500
1478533461942,0.309200,0.301100,500,0.309200,500,4.920000,0.014500
1478533464420,0.307400,0.301100,500,0.307400,600,4.310000,0.012700
1478533467432,0.307400,0.301100,500,0.307400,600,4.310000,0.012700
1478533469434,0.307400,0.301100,500,0.307400,600,4.310000,0.012700
1478533471986,0.307400,0.301100,500,0.307400,600,4.310000,0.012700
1478533474966,0.307400,0.301100,500,0.307400,600,4.310000,0.012700
1478533477453,0.307400,0.301100,500,0.307400,600,4.310000,0.012700
1478533480444,0.307400,0.301100,500,0.307400,600,4.310000,0.012700
1478533483437,0.307400,0.301100,500,0.307400,600,4.310000,0.012700
1478533485438,0.307400,0.301100,500,0.307400,600,4.310000,0.012700
1478533487997,0.307400,0.301100,500,0.307400,600,4.310000,0.012700
1478533493358,0.307400,0.301100,500,0.305000,26200,4.310000,0.012700
1478533495853,0.307400,0.301100,500,0.304900,400,4.310000,0.012700
1478533498356,0.307400,0.301100,500,0.304900,400,4.310000,0.012700
1478533501398,0.307400,0.301100,500,0.304900,400,4.310000,0.012700
1478533503848,0.307400,0.301100,500,0.304900,400,4.310000,0.012700
1478533505854,0.307400,0.301100,500,0.304900,400,4.310000,0.012700
1478533508864,0.305000,0.301100,500,0.309300,2800,3.500000,0.010300
1478533511359,0.305000,0.301100,500,0.309300,2800,3.500000,0.010300
1478533512864,0.305000,0.301100,800,0.309300,2800,3.500000,0.010300
1478533515865,0.305000,0.301100,800,0.309300,2800,3.500000,0.010300
1478533518367,0.305000,0.301100,800,0.309300,2800,3.500000,0.010300
1478533520911,0.305000,0.301100,800,0.309300,2800,3.500000,0.010300
1478533524369,0.305000,0.301100,800,0.309300,2800,3.500000,0.010300
1478533526381,0.305000,0.301100,800,0.309300,2800,3.500000,0.010300
1478533528925,0.305000,0.301100,800,0.309300,2800,3.500000,0.010300
1478533531390,0.305000,0.301100,800,0.309300,2800,3.500000,0.010300
1478533534376,0.305000,0.301100,800,0.309300,2800,3.500000,0.010300
1478533536915,0.305000,0.301100,800,0.309300,2800,3.500000,0.010300
1478533539375,0.305000,0.301100,800,0.309300,2800,3.500000,0.010300
1478533542862,0.305000,0.301100,800,0.309300,2800,3.500000,0.010300
1478533545378,0.305000,0.301100,800,0.309300,2800,3.500000,0.010300
1478533548936,0.305000,0.301100,800,0.309300,2800,3.500000,0.010300
1478533551383,0.305000,0.301100,800,0.309300,2800,3.500000,0.010300
1478533557891,0.305000,0.301100,800,0.309300,2800,3.500000,0.010300
1478533559875,0.305000,0.301100,800,0.309300,2800,3.500000,0.010300
1478533562407,0.305000,0.301100,800,0.309300,2800,3.500000,0.010300
1478533565392,0.305000,0.301100,800,0.309300,2800,3.500000,0.010300
1478533568891,0.305000,0.301100,800,0.309300,2800,3.500000,0.010300
1478533570896,0.305000,0.301100,800,0.309300,2800,3.500000,0.010300
1478533573884,0.305000,0.301100,800,0.309300,2800,3.500000,0.010300
1478533575395,0.305000,0.301100,800,0.309300,2800,3.500000,0.010300
1478533578398,0.301100,0.301100,800,0.309300,2800,2.170000,0.006400
1478533582387,0.301100,0.301100,800,0.309300,2800,2.170000,0.006400
1478533583897,0.301100,0.301100,800,0.309300,2800,2.170000,0.006400
1478533588383,0.301100,0.301100,800,0.309300,2800,2.170000,0.006400
1478533590900,0.301100,0.301100,800,0.309300,2800,2.170000,0.006400
1478533593395,0.301100,0.301100,800,0.309300,2800,2.170000,0.006400
1478533596390,0.301100,0.301100,800,0.309300,2800,2.170000,0.006400
1478533598953,0.301100,0.301100,800,0.309300,2800,2.170000,0.006400
1478533602952,0.301100,0.301100,800,0.309300,2800,2.170000,0.006400
1478533604931,0.301100,0.301100,800,0.309300,2800,2.170000,0.006400
1478533608410,0.301100,0.301100,800,0.309300,2800,2.170000,0.006400
1478533610904,0.301100,0.301100,800,0.309300,2800,2.170000,0.006400
1478533613403,0.307500,0.301100,800,0.309300,2800,4.340000,0.012800
1478533616926,0.307500,0.301100,800,0.309300,2800,4.340000,0.012800
1478533619931,0.307500,0.301100,800,0.309300,2800,4.340000,0.012800
1478533622452,0.307500,0.301100,800,0.309300,2800,4.340000,0.012800
1478533624916,0.307500,0.301100,800,0.309300,2800,4.340000,0.012800
1478533626920,0.307500,0.301100,800,0.309300,2800,4.340000,0.012800
1478533630408,0.307500,0.301100,900,0.309300,2800,4.340000,0.012800
1478533631944,0.307500,0.301100,900,0.309300,2800,4.340000,0.012800
1478533636407,0.307500,0.301100,900,0.309300,2800,4.340000,0.012800
1478533638914,0.307500,0.301100,900,0.309300,2800,4.340000,0.012800
1478533641919,0.307500,0.301100,900,0.309300,2800,4.340000,0.012800
1478533644419,0.307500,0.301100,900,0.309300,2800,4.340000,0.012800
1478533646939,0.307500,0.301100,900,0.309300,2800,4.340000,0.012800
1478533648919,0.307500,0.301100,900,0.309300,2800,4.340000,0.012800
1478533652433,0.307500,0.301100,900,0.309300,2800,4.340000,0.012800
1478533654425,0.307500,0.301100,900,0.309300,2800,4.340000,0.012800
1478533657461,0.307500,0.301100,900,0.309300,2800,4.340000,0.012800
1478533659417,0.307500,0.301100,900,0.309300,2800,4.340000,0.012800
1478533662463,0.307500,0.301100,900,0.309300,2800,4.340000,0.012800
1478533665483,0.307500,0.301100,900,0.309300,2800,4.340000,0.012800
1478533667432,0.307500,0.301100,900,0.309300,2800,4.340000,0.012800
1478533669922,0.307500,0.301100,900,0.309300,2800,4.340000,0.012800
1478533672436,0.307500,0.301100,900,0.309300,2800,4.340000,0.012800
1478533675434,0.307500,0.301100,900,0.309300,2800,4.340000,0.012800
1478533677926,0.309300,0.301100,900,0.309300,2700,4.950000,0.014600
1478533679938,0.309300,0.301100,900,0.309300,2700,4.950000,0.014600
1478533685488,0.309300,0.301100,900,0.309300,2700,4.950000,0.014600
1478533688941,0.309300,0.301100,900,0.309300,2700,4.950000,0.014600
1478533689488,0.309300,0.301100,900,0.309300,2700,4.950000,0.014600
1478533692950,0.309300,0.301100,900,0.309300,2700,4.950000,0.014600
1478533696982,0.309300,0.301100,900,0.309300,2700,4.950000,0.014600
1478533698948,0.309300,0.301100,900,0.309300,2700,4.950000,0.014600
1478533701927,0.309300,0.301100,900,0.309300,2700,4.950000,0.014600
1478533704946,0.309300,0.301100,900,0.309300,2700,4.950000,0.014600
1478533707444,0.309300,0.301100,900,0.309300,2500,4.950000,0.014600
1478533709945,0.309300,0.301100,900,0.309300,2500,4.950000,0.014600
1478533711953,0.309300,0.301100,900,0.309300,2500,4.950000,0.014600
1478533715443,0.309300,0.301100,900,0.309300,2500,4.950000,0.014600
1478533716938,0.309300,0.301100,900,0.309300,2500,4.950000,0.014600
1478533720854,0.309300,0.301100,900,0.309300,2500,4.950000,0.014600
1478533722853,0.301100,0.301100,900,0.309300,2500,2.170000,0.006400
1478533725368,0.301100,0.301100,900,0.309300,2500,2.170000,0.006400
1478533728355,0.301100,0.301100,900,0.309300,2500,2.170000,0.006400
1478533730857,0.301100,0.301100,900,0.309300,2500,2.170000,0.006400
1478533733860,0.301100,0.301100,900,0.309300,2500,2.170000,0.006400
1478533736375,0.301100,0.301100,900,0.309300,2500,2.170000,0.006400
1478533739381,0.301100,0.301100,900,0.309300,2500,2.170000,0.006400
1478533742364,0.309300,0.301100,900,0.309300,2400,4.950000,0.014600
1478533743881,0.309300,0.301100,900,0.309300,2400,4.950000,0.014600
1478533748882,0.309300,0.301100,900,0.309300,2400,4.950000,0.014600
1478533751416,0.309300,0.301100,900,0.309300,2400,4.950000,0.014600
1478533753914,0.309300,0.301100,900,0.309300,2400,4.950000,0.014600
1478533756870,0.309300,0.301100,900,0.309300,2400,4.950000,0.014600
1478533759372,0.309300,0.301100,900,0.309300,2400,4.950000,0.014600
1478533761872,0.309300,0.301100,900,0.309300,2400,4.950000,0.014600
1478533763869,0.309300,0.301100,900,0.309300,2400,4.950000,0.014600
1478533767376,0.309300,0.301100,900,0.309300,2400,4.950000,0.014600
1478533769877,0.309300,0.301100,900,0.309300,2400,4.950000,0.014600
1478533771383,0.309300,0.301100,900,0.309300,2400,4.950000,0.014600
1478533781913,0.309300,0.301100,900,0.309300,2400,4.950000,0.014600
1478533785390,0.309300,0.301100,900,0.309300,2400,4.950000,0.014600
1478533787891,0.309300,0.301100,900,0.309300,2400,4.950000,0.014600
1478533791872,0.309300,0.301100,900,0.309300,2400,4.950000,0.014600
1478533794385,0.309300,0.301100,900,0.309300,2400,4.950000,0.014600
1478533796909,0.309300,0.301100,900,0.309300,2400,4.950000,0.014600
1478533799388,0.309300,0.301100,900,0.309300,2400,4.950000,0.014600
1478533801885,0.309300,0.301100,900,0.309300,2400,4.950000,0.014600
1478533803887,0.308400,0.301100,900,0.309300,2400,4.650000,0.013700
1478533806889,0.308400,0.301100,900,0.309300,2400,4.650000,0.013700
1478533809401,0.308400,0.301100,900,0.309300,2400,4.650000,0.013700
1478533813917,0.308400,0.301100,900,0.309300,2400,4.650000,0.013700
1478533815890,0.308400,0.301100,900,0.309300,2400,4.650000,0.013700
1478533818890,0.308400,0.301200,500,0.309300,2400,4.650000,0.013700
1478533820892,0.308400,0.301200,500,0.309300,2400,4.650000,0.013700
1478533823402,0.308400,0.301200,500,0.309300,2400,4.650000,0.013700
1478533826410,0.308400,0.301200,500,0.309300,2400,4.650000,0.013700
1478533828901,0.308400,0.301200,500,0.309300,2400,4.650000,0.013700
1478533830907,0.308400,0.301200,500,0.309300,2400,4.650000,0.013700
1478533833399,0.308400,0.301200,500,0.309300,2400,4.650000,0.013700
1478533835897,0.308400,0.301200,500,0.309300,2400,4.650000,0.013700
1478533838401,0.308400,0.301200,500,0.309300,2400,4.650000,0.013700
1478533840427,0.308400,0.301200,500,0.309300,2400,4.650000,0.013700
1478533843405,0.308400,0.301200,500,0.309300,2400,4.650000,0.013700
1478533845904,0.308400,0.301200,500,0.309300,2400,4.650000,0.013700
1478533847915,0.308400,0.301200,500,0.309300,2400,4.650000,0.013700
1478533850402,0.308400,0.301200,500,0.309300,2400,4.650000,0.013700
1478533852912,0.308400,0.301200,500,0.309300,2400,4.650000,0.013700
1478533855953,0.308400,0.301200,500,0.309300,2400,4.650000,0.013700
1478533858404,0.308400,0.301200,500,0.309300,2400,4.650000,0.013700
1478533858897,0.308400,0.301200,500,0.309300,2400,4.650000,0.013700
1478533862924,0.308400,0.301200,500,0.309300,2400,4.650000,0.013700
1478533865897,0.308400,0.301200,500,0.309300,2400,4.650000,0.013700
1478533868464,0.308400,0.301200,500,0.309300,2400,4.650000,0.013700
1478533871433,0.308400,0.301200,500,0.309300,2400,4.650000,0.013700
1478533873910,0.308400,0.301200,500,0.309300,2400,4.650000,0.013700
1478533875409,0.308400,0.301200,500,0.309300,2400,4.650000,0.013700
1478533878920,0.308400,0.301200,500,0.309300,2400,4.650000,0.013700
1478533881410,0.308400,0.301200,500,0.309300,2400,4.650000,0.013700
1478533883411,0.308400,0.301200,500,0.309200,200,4.650000,0.013700
1478533885906,0.308400,0.301200,500,0.309200,200,4.650000,0.013700
1478533888411,0.308400,0.301200,500,0.309200,200,4.650000,0.013700
1478533890914,0.308400,0.301200,500,0.309200,200,4.650000,0.013700
1478533892407,0.308400,0.301200,500,0.309200,200,4.650000,0.013700
1478533894918,0.309100,0.301200,500,0.309200,200,4.890000,0.014400
1478533897470,0.309100,0.301200,500,0.309200,200,4.890000,0.014400
1478533899428,0.309100,0.301200,500,0.309200,200,4.890000,0.014400
1478533902420,0.301700,0.301200,500,0.309200,200,2.380000,0.007000
1478533904911,0.301700,0.301200,500,0.309200,200,2.380000,0.007000
1478533906420,0.301700,0.301200,500,0.309200,200,2.380000,0.007000
1478533908927,0.301700,0.301200,500,0.309200,200,2.380000,0.007000
1478533911925,0.301700,0.301200,500,0.309200,200,2.380000,0.007000
1478533912427,0.301700,0.301200,500,0.309200,200,2.380000,0.007000
1478533917430,0.301700,0.301200,500,0.309200,200,2.380000,0.007000
1478533919418,0.301700,0.301200,500,0.309200,200,2.380000,0.007000
1478533922428,0.301700,0.301200,500,0.309200,200,2.380000,0.007000
1478533923425,0.301700,0.301200,500,0.309200,200,2.380000,0.007000
1478533926953,0.301700,0.301200,500,0.309200,100,2.380000,0.007000
1478533929450,0.301700,0.301200,500,0.309200,100,2.380000,0.007000
1478533931425,0.301700,0.301200,500,0.309200,100,2.380000,0.007000
1478533933431,0.301700,0.301200,500,0.309200,100,2.380000,0.007000
1478533935433,0.301700,0.301200,500,0.309200,100,2.380000,0.007000
1478533939431,0.301700,0.301200,500,0.309200,100,2.380000,0.007000
1478533941445,0.301700,0.301200,500,0.309200,100,2.380000,0.007000
1478533941445,0.301700,0.301200,500,0.309200,100,2.380000,0.007000
1478533945441,0.301700,0.301200,500,0.309200,100,2.380000,0.007000
1478533947954,0.301700,0.301200,500,0.309200,100,2.380000,0.007000
1478533950939,0.301700,0.301200,500,0.309200,100,2.380000,0.007000
1478533952947,0.301700,0.301200,500,0.309200,100,2.380000,0.007000
1478533955980,0.301700,0.301200,500,0.309200,100,2.380000,0.007000
1478533959351,0.301700,0.301200,500,0.309200,100,2.380000,0.007000
1478533961854,0.301700,0.301200,500,0.309200,100,2.380000,0.007000
1478533964858,0.301700,0.301200,500,0.309200,100,2.380000,0.007000
1478533967355,0.301700,0.301200,500,0.309200,100,2.380000,0.007000
1478533970369,0.301700,0.301200,500,0.309200,100,2.380000,0.007000
1478533972861,0.301700,0.301200,500,0.309200,100,2.380000,0.007000
1478533975855,0.301700,0.301200,500,0.309200,100,2.380000,0.007000
1478533977354,0.301700,0.301200,500,0.309200,100,2.380000,0.007000
1478533980867,0.301700,0.301200,500,0.309200,100,2.380000,0.007000
1478533982860,0.301700,0.301200,500,0.309200,100,2.380000,0.007000
1478533984869,0.301700,0.301200,500,0.309200,100,2.380000,0.007000
1478533987864,0.301700,0.301200,500,0.309200,100,2.380000,0.007000
1478533990365,0.301700,0.301200,500,0.309200,100,2.380000,0.007000
1478533992866,0.301700,0.301200,500,0.309200,100,2.380000,0.007000
1478533994867,0.301700,0.301200,500,0.309200,100,2.380000,0.007000
1478533997366,0.301700,0.301200,500,0.309200,100,2.380000,0.007000
1478533999405,0.301700,0.301200,500,0.309200,100,2.380000,0.007000
1478534002378,0.301700,0.301200,500,0.309200,100,2.380000,0.007000
1478534003874,0.301700,0.301200,500,0.309200,100,2.380000,0.007000
1478534006874,0.301700,0.301200,500,0.309200,100,2.380000,0.007000
1478534009368,0.301700,0.301200,500,0.309200,100,2.380000,0.007000
1478534009368,0.301700,0.301200,500,0.309200,100,2.380000,0.007000
1478534014408,0.301700,0.301200,500,0.309200,100,2.380000,0.007000
1478534016872,0.301700,0.301200,500,0.309200,100,2.380000,0.007000
1478534018877,0.301700,0.301200,500,0.309200,100,2.380000,0.007000
1478534021373,0.301700,0.301200,500,0.309200,100,2.380000,0.007000
1478534023923,0.301700,0.301200,500,0.309200,100,2.380000,0.007000
1478534026865,0.301700,0.301200,500,0.309200,100,2.380000,0.007000
1478534028422,0.301700,0.301200,500,0.309200,100,2.380000,0.007000
1478534031388,0.308400,0.301200,500,0.309200,100,4.650000,0.013700
1478534035373,0.308400,0.301200,500,0.309200,100,4.650000,0.013700
1478534037367,0.308400,0.301200,500,0.309200,100,4.650000,0.013700
1478534040406,0.308400,0.301200,500,0.309200,100,4.650000,0.013700
1478534042869,0.308400,0.301200,500,0.309200,100,4.650000,0.013700
1478534044372,0.308400,0.301200,500,0.309200,100,4.650000,0.013700
1478534048380,0.308400,0.301200,500,0.309200,100,4.650000,0.013700
1478534049383,0.308400,0.301200,500,0.309200,100,4.650000,0.013700
1478534053882,0.308400,0.301200,500,0.309200,100,4.650000,0.013700
1478534055390,0.308400,0.301200,500,0.309200,100,4.650000,0.013700
1478534057881,0.308400,0.301200,500,0.309200,100,4.650000,0.013700
1478534059880,0.308400,0.301200,500,0.309200,100,4.650000,0.013700
1478534063383,0.308400,0.301200,500,0.309200,100,4.650000,0.013700
1478534065379,0.308400,0.301200,500,0.309200,100,4.650000,0.013700
1478534068392,0.308400,0.301200,500,0.309200,100,4.650000,0.013700
1478534069429,0.308400,0.301200,500,0.309200,100,4.650000,0.013700
1478534073438,0.308400,0.301200,500,0.309200,100,4.650000,0.013700
1478534075389,0.308400,0.301200,500,0.309200,100,4.650000,0.013700
1478534077896,0.308400,0.301200,500,0.309200,100,4.650000,0.013700
1478534080400,0.308400,0.301200,500,0.309200,100,4.650000,0.013700
1478534084393,0.308400,0.301200,500,0.309200,100,4.650000,0.013700
1478534086894,0.308400,0.301200,500,0.309200,100,4.650000,0.013700
1478534089393,0.308400,0.301200,500,0.309200,100,4.650000,0.013700
1478534091890,0.308400,0.301200,500,0.309200,100,4.650000,0.013700
1478534094402,0.308400,0.301200,500,0.309200,100,4.650000,0.013700
1478534096411,0.308400,0.301200,500,0.309200,100,4.650000,0.013700
1478534099904,0.308400,0.301200,500,0.309200,100,4.650000,0.013700
1478534101407,0.308400,0.301200,500,0.309200,100,4.650000,0.013700
1478534104397,0.308400,0.301200,500,0.309200,100,4.650000,0.013700
1478534107401,0.308400,0.301200,500,0.309200,100,4.650000,0.013700
1478534109395,0.308400,0.301200,500,0.309200,100,4.650000,0.013700
1478534111932,0.308400,0.301200,500,0.309200,100,4.650000,0.013700
1478534113426,0.308400,0.301200,500,0.309200,100,4.650000,0.013700
1478534116409,0.308400,0.301200,500,0.309200,100,4.650000,0.013700
1478534118917,0.308400,0.301200,500,0.309200,100,4.650000,0.013700
1478534121408,0.308400,0.301200,500,0.309200,100,4.650000,0.013700
1478534123904,0.308400,0.301200,500,0.309200,100,4.650000,0.013700
1478534126935,0.308400,0.301200,500,0.309200,100,4.650000,0.013700
1478534129920,0.308400,0.301200,500,0.309200,100,4.650000,0.013700
1478534130915,0.308400,0.301200,500,0.309200,100,4.650000,0.013700
1478534134399,0.308400,0.301200,500,0.309200,100,4.650000,0.013700
1478534136423,0.308400,0.301200,500,0.309200,100,4.650000,0.013700
1478534139462,0.308400,0.301200,500,0.309200,100,4.650000,0.013700
1478534141939,0.308400,0.301200,500,0.309200,100,4.650000,0.013700
1478534142406,0.308400,0.301200,500,0.309200,100,4.650000,0.013700
1478534146422,0.308400,0.301200,500,0.309200,100,4.650000,0.013700
1478534149433,0.308400,0.301200,500,0.309200,100,4.650000,0.013700
1478534151918,0.308400,0.301200,500,0.309200,100,4.650000,0.013700
1478534154445,0.308400,0.301200,500,0.309200,100,4.650000,0.013700
1478534156925,0.308400,0.301200,500,0.309200,100,4.650000,0.013700
1478534158920,0.308400,0.301200,500,0.309200,100,4.650000,0.013700
1478534161425,0.308400,0.301200,500,0.309200,100,4.650000,0.013700
1478534164924,0.308400,0.301200,500,0.309200,100,4.650000,0.013700
1478534167927,0.308400,0.301200,500,0.309200,100,4.650000,0.013700
1478534170435,0.308400,0.301200,500,0.309200,100,4.650000,0.013700
1478534172916,0.308400,0.301200,500,0.309200,100,4.650000,0.013700
1478534175434,0.308300,0.301200,500,0.309200,100,4.610000,0.013600
1478534177930,0.308300,0.301200,500,0.309200,100,4.610000,0.013600
1478534180470,0.308300,0.301200,500,0.309200,100,4.610000,0.013600
1478534183464,0.308300,0.301200,500,0.309200,100,4.610000,0.013600
1478534185929,0.308300,0.301200,500,0.308000,1000,4.610000,0.013600
1478534187939,0.308300,0.301200,500,0.308000,1000,4.610000,0.013600
1478534190929,0.308300,0.301200,500,0.308000,1000,4.610000,0.013600
1478534192426,0.308300,0.301200,500,0.308000,1000,4.610000,0.013600
1478534196451,0.308300,0.301200,500,0.307900,200,4.610000,0.013600
1478534199947,0.308300,0.301200,500,0.307900,200,4.610000,0.013600
1478534201436,0.308300,0.301200,500,0.307900,200,4.610000,0.013600
1478534205940,0.308300,0.301200,500,0.307800,300,4.610000,0.013600
1478534208434,0.308300,0.301200,500,0.307800,300,4.610000,0.013600
1478534210561,0.308300,0.301200,500,0.307700,100,4.610000,0.013600
1478534213853,0.308300,0.301200,500,0.307700,100,4.610000,0.013600
1478534215850,0.308300,0.301200,500,0.307700,100,4.610000,0.013600
1478534218894,0.308300,0.301200,500,0.307700,100,4.610000,0.013600
1478534221353,0.308300,0.301200,500,0.307700,100,4.610000,0.013600
1478534223859,0.308300,0.301200,500,0.307700,100,4.610000,0.013600
1478534226855,0.308300,0.301200,500,0.307700,100,4.610000,0.013600
1478534229357,0.308300,0.301200,500,0.307700,100,4.610000,0.013600
1478534231859,0.308300,0.301200,500,0.307700,100,4.610000,0.013600
1478534233857,0.307000,0.301200,500,0.307700,100,4.170000,0.012300
1478534236361,0.307000,0.301200,500,0.307700,100,4.170000,0.012300
1478534239360,0.307000,0.301200,500,0.307700,100,4.170000,0.012300
1478534241362,0.307000,0.301200,500,0.307700,100,4.170000,0.012300
1478534244364,0.307000,0.301200,500,0.307700,100,4.170000,0.012300
1478534245366,0.307000,0.301200,500,0.307700,100,4.170000,0.012300
1478534248361,0.307000,0.301200,500,0.307700,100,4.170000,0.012300
1478534251364,0.307000,0.301200,500,0.307700,100,4.170000,0.012300
1478534252865,0.307000,0.301200,500,0.307700,100,4.170000,0.012300
1478534256365,0.307000,0.301200,500,0.307700,100,4.170000,0.012300
1478534258369,0.307000,0.301200,500,0.307700,100,4.170000,0.012300
1478534260868,0.307000,0.301200,500,0.307700,100,4.170000,0.012300
1478534263874,0.307000,0.301200,500,0.307700,100,4.170000,0.012300
1478534266873,0.307000,0.301200,500,0.307700,100,4.170000,0.012300
1478534268873,0.307000,0.301200,500,0.307700,100,4.170000,0.012300
1478534272417,0.307000,0.301200,500,0.307700,100,4.170000,0.012300
1478534275379,0.307000,0.301200,500,0.307700,100,4.170000,0.012300
1478534280363,0.305200,0.301200,500,0.307600,100,3.560000,0.010500
1478534283882,0.305200,0.301200,500,0.307600,100,3.560000,0.010500
1478534286364,0.305200,0.301200,500,0.307600,100,3.560000,0.010500
1478534288883,0.305200,0.301200,500,0.307500,100,3.560000,0.010500
1478534288883,0.305200,0.301200,500,0.307500,100,3.560000,0.010500
1478534293436,0.305200,0.301200,500,0.307500,100,3.560000,0.010500
1478534295382,0.305200,0.301200,500,0.307500,100,3.560000,0.010500
1478534298392,0.305200,0.301200,500,0.307500,100,3.560000,0.010500
1478534300882,0.305200,0.301200,500,0.307500,100,3.560000,0.010500
1478534303384,0.305200,0.301200,500,0.307500,100,3.560000,0.010500
1478534305385,0.305200,0.301200,500,0.307500,100,3.560000,0.010500
1478534307886,0.305200,0.301200,500,0.307500,100,3.560000,0.010500
1478534309870,0.305200,0.301200,500,0.307500,100,3.560000,0.010500
1478534312386,0.305200,0.301200,500,0.307500,100,3.560000,0.010500
1478534314950,0.307500,0.301200,500,0.307500,100,4.340000,0.012800
1478534316896,0.307500,0.301200,500,0.307500,100,4.340000,0.012800
1478534319887,0.307500,0.301200,500,0.307500,100,4.340000,0.012800
1478534322395,0.307500,0.301200,500,0.307500,100,4.340000,0.012800
1478534325389,0.307500,0.301200,500,0.307500,100,4.340000,0.012800
1478534327913,0.307500,0.301200,500,0.307500,100,4.340000,0.012800
1478534330401,0.307500,0.301200,500,0.307500,100,4.340000,0.012800
1478534332900,0.307500,0.301200,500,0.307500,100,4.340000,0.012800
1478534336398,0.307500,0.301200,500,0.307500,100,4.340000,0.012800
1478534336880,0.307500,0.301200,500,0.307500,100,4.340000,0.012800
1478534340410,0.307500,0.301200,500,0.307500,100,4.340000,0.012800
1478534343415,0.307500,0.301200,500,0.307500,100,4.340000,0.012800
1478534345398,0.307500,0.301200,500,0.307500,100,4.340000,0.012800
1478534347908,0.307500,0.301200,500,0.307500,100,4.340000,0.012800
1478534349890,0.307500,0.301200,500,0.307500,100,4.340000,0.012800
1478534352912,0.307500,0.301200,500,0.307500,100,4.340000,0.012800
1478534355415,0.307500,0.301200,500,0.307500,100,4.340000,0.012800
1478534357398,0.307500,0.301200,500,0.307500,100,4.340000,0.012800
1478534360401,0.307500,0.301200,500,0.307500,100,4.340000,0.012800
1478534362907,0.307500,0.301200,500,0.307500,100,4.340000,0.012800
1478534365398,0.307500,0.301200,500,0.307500,100,4.340000,0.012800
1478534367899,0.307500,0.301200,500,0.307500,100,4.340000,0.012800
1478534370411,0.307500,0.301200,500,0.307500,100,4.340000,0.012800
1478534371903,0.307500,0.301200,500,0.307500,100,4.340000,0.012800
1478534374423,0.307500,0.301200,500,0.307500,100,4.340000,0.012800
1478534377406,0.307500,0.301200,500,0.307500,100,4.340000,0.012800
1478534379904,0.307500,0.301200,500,0.307500,100,4.340000,0.012800
1478534382914,0.307500,0.301200,500,0.307500,100,4.340000,0.012800
1478534385456,0.307500,0.301200,500,0.307500,100,4.340000,0.012800
1478534387421,0.307500,0.301200,500,0.307500,100,4.340000,0.012800
1478534390413,0.307500,0.301200,500,0.307500,100,4.340000,0.012800
1478534392961,0.307500,0.301200,500,0.307500,100,4.340000,0.012800
1478534395902,0.307500,0.301200,500,0.307500,100,4.340000,0.012800
1478534397477,0.307500,0.301200,500,0.307500,100,4.340000,0.012800
1478534399924,0.307500,0.301200,500,0.307500,100,4.340000,0.012800
1478534402921,0.307500,0.301200,500,0.307500,100,4.340000,0.012800
1478534405409,0.307100,0.301200,500,0.307400,100,4.210000,0.012400
1478534407923,0.307100,0.301200,500,0.307400,100,4.210000,0.012400
1478534410410,0.307100,0.301200,500,0.307300,100,4.210000,0.012400
1478534412921,0.307100,0.301200,500,0.307300,100,4.210000,0.012400
1478534415452,0.307100,0.301200,500,0.307300,100,4.210000,0.012400
1478534420432,0.307100,0.301200,500,0.307300,100,4.210000,0.012400
1478534423925,0.307100,0.301200,500,0.307300,100,4.210000,0.012400
1478534425932,0.307100,0.301200,500,0.307300,100,4.210000,0.012400
1478534428971,0.307100,0.301200,500,0.307300,100,4.210000,0.012400
1478534430955,0.307100,0.301200,500,0.307300,100,4.210000,0.012400
1478534433439,0.307100,0.301200,500,0.307300,100,4.210000,0.012400
1478534434921,0.307100,0.301200,500,0.307300,100,4.210000,0.012400
1478534437434,0.307100,0.301200,500,0.307300,100,4.210000,0.012400
1478534440440,0.307100,0.301200,500,0.307300,100,4.210000,0.012400
1478534442964,0.307100,0.301200,500,0.307300,100,4.210000,0.012400
1478534444423,0.307100,0.301200,500,0.307300,100,4.210000,0.012400
1478534447939,0.307100,0.301200,500,0.307300,100,4.210000,0.012400
1478534449442,0.307100,0.301200,500,0.307300,100,4.210000,0.012400
1478534454945,0.307100,0.301200,500,0.307300,100,4.210000,0.012400
1478534457451,0.307100,0.301200,500,0.307300,100,4.210000,0.012400
1478534460942,0.307100,0.301200,500,0.307300,100,4.210000,0.012400
1478534463855,0.307100,0.301200,500,0.307300,100,4.210000,0.012400
1478534466357,0.307100,0.301200,500,0.307300,100,4.210000,0.012400
1478534468354,0.307100,0.301200,500,0.307300,100,4.210000,0.012400
1478534471357,0.307100,0.301200,500,0.307300,100,4.210000,0.012400
1478534473859,0.307100,0.301200,500,0.307300,100,4.210000,0.012400
1478534476356,0.307100,0.301200,500,0.307300,100,4.210000,0.012400
1478534478856,0.307100,0.301200,500,0.307300,100,4.210000,0.012400
1478534481355,0.307100,0.301200,500,0.307300,100,4.210000,0.012400
1478534483864,0.307100,0.301200,500,0.307300,100,4.210000,0.012400
1478534486357,0.307100,0.301200,500,0.307300,100,4.210000,0.012400
1478534488360,0.307100,0.301200,500,0.307300,100,4.210000,0.012400
1478534491866,0.307100,0.301200,500,0.307300,100,4.210000,0.012400
1478534493394,0.307100,0.301200,500,0.307300,100,4.210000,0.012400
1478534496364,0.307100,0.301200,500,0.307300,100,4.210000,0.012400
1478534497869,0.307100,0.301200,500,0.307300,100,4.210000,0.012400
1478534500863,0.307100,0.301200,500,0.307300,100,4.210000,0.012400
1478534502866,0.307100,0.301200,500,0.307300,100,4.210000,0.012400
1478534506366,0.307100,0.301200,500,0.307300,100,4.210000,0.012400
1478534507871,0.307100,0.301200,500,0.307300,100,4.210000,0.012400
1478534510357,0.307100,0.301200,500,0.307300,100,4.210000,0.012400
1478534513370,0.307100,0.301200,500,0.307300,100,4.210000,0.012400
1478534514866,0.307100,0.301200,500,0.307300,100,4.210000,0.012400
1478534518375,0.307100,0.301200,500,0.307300,100,4.210000,0.012400
1478534520859,0.307100,0.301200,500,0.307300,100,4.210000,0.012400
1478534522878,0.307100,0.301200,500,0.307300,100,4.210000,0.012400
1478534525376,0.307100,0.301200,500,0.307300,100,4.210000,0.012400
1478534527865,0.307100,0.301200,500,0.307300,100,4.210000,0.012400
1478534528871,0.307100,0.301200,500,0.307300,100,4.210000,0.012400
1478534533380,0.307100,0.301200,500,0.307300,100,4.210000,0.012400
1478534535379,0.307100,0.301200,500,0.307300,100,4.210000,0.012400
1478534537887,0.307100,0.301200,500,0.307300,100,4.210000,0.012400
1478534540883,0.307200,0.301200,500,0.307300,100,4.240000,0.012500
1478534543399,0.307200,0.301200,500,0.307100,200,4.240000,0.012500
1478534545415,0.307200,0.301200,500,0.307100,200,4.240000,0.012500
1478534547897,0.307200,0.301200,500,0.307100,100,4.240000,0.012500
1478534550879,0.307200,0.301200,500,0.307100,100,4.240000,0.012500
1478534554379,0.307200,0.301200,500,0.307100,100,4.240000,0.012500
1478534556896,0.307200,0.301200,500,0.307100,100,4.240000,0.012500
1478534559386,0.307200,0.301200,500,0.307100,100,4.240000,0.012500
1478534561896,0.307200,0.301200,500,0.307100,100,4.240000,0.012500
1478534564883,0.307200,0.301200,500,0.307100,100,4.240000,0.012500
1478534567386,0.307200,0.301200,500,0.307100,100,4.240000,0.012500
1478534568941,0.307200,0.301200,500,0.307100,100,4.240000,0.012500
1478534571890,0.307200,0.301200,500,0.307100,100,4.240000,0.012500
1478534574386,0.307200,0.301200,500,0.307100,100,4.240000,0.012500
1478534576399,0.307200,0.301200,500,0.307100,100,4.240000,0.012500
1478534579395,0.307200,0.301200,500,0.307100,100,4.240000,0.012500
1478534583904,0.307200,0.301200,500,0.307100,100,4.240000,0.012500
1478534584942,0.307200,0.301200,500,0.307100,100,4.240000,0.012500
1478534589397,0.307200,0.301200,500,0.307200,100,4.240000,0.012500
1478534591396,0.307200,0.301200,500,0.307200,100,4.240000,0.012500
1478534593406,0.307200,0.301200,500,0.307200,100,4.240000,0.012500
1478534596403,0.307200,0.301200,500,0.307200,100,4.240000,0.012500
1478534598943,0.307200,0.301200,500,0.307200,100,4.240000,0.012500
1478534600934,0.307200,0.301200,500,0.307200,100,4.240000,0.012500
1478534603898,0.307200,0.301200,500,0.307200,100,4.240000,0.012500
1478534606400,0.307200,0.301200,500,0.307200,100,4.240000,0.012500
1478534608901,0.307200,0.301200,500,0.307200,100,4.240000,0.012500
1478534610913,0.307200,0.301200,500,0.307200,100,4.240000,0.012500
1478534614419,0.307200,0.301200,500,0.307200,100,4.240000,0.012500
1478534617409,0.307200,0.301200,500,0.307200,100,4.240000,0.012500
1478534620400,0.307200,0.301200,500,0.307200,100,4.240000,0.012500
1478534622908,0.307200,0.301200,500,0.307200,100,4.240000,0.012500
1478534625910,0.307100,0.301200,500,0.307100,200,4.210000,0.012400
1478534628442,0.307100,0.301200,500,0.307100,200,4.210000,0.012400
1478534631418,0.307100,0.301200,500,0.307100,200,4.210000,0.012400
1478534633911,0.307100,0.301200,500,0.307100,200,4.210000,0.012400
1478534635913,0.307100,0.301200,500,0.307100,200,4.210000,0.012400
1478534638906,0.307100,0.301200,500,0.307100,200,4.210000,0.012400
1478534641970,0.307100,0.301200,500,0.307100,200,4.210000,0.012400
1478534643950,0.307100,0.301200,500,0.307100,200,4.210000,0.012400
1478534647416,0.307100,0.301200,500,0.307100,200,4.210000,0.012400
1478534649421,0.307100,0.301200,500,0.307100,200,4.210000,0.012400
1478534651394,0.307100,0.301200,500,0.307100,200,4.210000,0.012400
1478534653431,0.307100,0.301200,500,0.307100,200,4.210000,0.012400
1478534656439,0.307100,0.301200,500,0.307100,200,4.210000,0.012400
1478534658946,0.307100,0.301200,500,0.307100,200,4.210000,0.012400
1478534660916,0.307100,0.301200,500,0.307100,200,4.210000,0.012400
1478534663926,0.307100,0.301200,500,0.307100,200,4.210000,0.012400
1478534665417,0.307100,0.301200,500,0.307100,200,4.210000,0.012400
1478534669426,0.307100,0.301200,500,0.307100,200,4.210000,0.012400
1478534671925,0.307100,0.301200,500,0.307100,200,4.210000,0.012400
1478534674440,0.307100,0.301200,500,0.307100,200,4.210000,0.012400
1478534674940,0.307100,0.301200,500,0.307100,200,4.210000,0.012400
1478534680432,0.307100,0.301200,500,0.307100,200,4.210000,0.012400
1478534682932,0.307100,0.301200,500,0.307100,200,4.210000,0.012400
1478534685929,0.307100,0.301200,500,0.307100,200,4.210000,0.012400
1478534687956,0.307100,0.301200,500,0.307100,200,4.210000,0.012400
1478534690941,0.307100,0.301200,500,0.307100,200,4.210000,0.012400
1478534693440,0.307100,0.301200,500,0.307100,200,4.210000,0.012400
1478534695931,0.307100,0.301200,500,0.307100,200,4.210000,0.012400
1478534698444,0.307100,0.301200,500,0.307100,200,4.210000,0.012400
1478534699935,0.307100,0.301200,500,0.307100,200,4.210000,0.012400
1478534702946,0.307100,0.301200,500,0.307100,100,4.210000,0.012400
1478534707948,0.307100,0.301200,500,0.307100,100,4.210000,0.012400
1478534709995,0.307100,0.301200,500,0.307100,100,4.210000,0.012400
1478534713447,0.307100,0.301200,500,0.307100,100,4.210000,0.012400
1478534715854,0.307100,0.305000,1300,0.307100,100,4.210000,0.012400
1478534718861,0.307100,0.305000,1300,0.307100,100,4.210000,0.012400
1478534721351,0.307100,0.305000,1300,0.307100,100,4.210000,0.012400
1478534723854,0.307100,0.305000,1300,0.307100,100,4.210000,0.012400
1478534725853,0.307100,0.305000,1300,0.307100,100,4.210000,0.012400
1478534728853,0.307100,0.305000,1300,0.307100,100,4.210000,0.012400
1478534730860,0.307100,0.305000,1300,0.307100,100,4.210000,0.012400
1478534733363,0.307100,0.305000,1300,0.307100,100,4.210000,0.012400
1478534736359,0.307100,0.305000,1300,0.307200,100,4.210000,0.012400
1478534739360,0.307100,0.305000,1300,0.307200,100,4.210000,0.012400
1478534742366,0.307200,0.305000,1300,0.308000,1000,4.240000,0.012500
1478534744402,0.307200,0.305000,1300,0.308000,1000,4.240000,0.012500
1478534747361,0.307200,0.305000,1300,0.308000,1000,4.240000,0.012500
1478534750360,0.307200,0.305000,1300,0.308000,1000,4.240000,0.012500
1478534753364,0.307200,0.305000,1300,0.308000,1000,4.240000,0.012500
1478534754362,0.307200,0.305000,1300,0.308000,1000,4.240000,0.012500
1478534758368,0.307200,0.305000,1300,0.308000,1000,4.240000,0.012500
1478534760874,0.307200,0.305000,1300,0.308000,1000,4.240000,0.012500
1478534763378,0.307200,0.305000,1300,0.308000,1000,4.240000,0.012500
1478534765870,0.307200,0.305000,1300,0.308000,1000,4.240000,0.012500
1478534767877,0.307200,0.305000,1300,0.308000,1000,4.240000,0.012500
1478534770872,0.307200,0.305000,1300,0.308000,1000,4.240000,0.012500
1478534772867,0.307200,0.305000,1300,0.308000,1000,4.240000,0.012500
1478534775365,0.307200,0.305000,1300,0.308000,1000,4.240000,0.012500
1478534778371,0.307200,0.305000,1300,0.308000,1000,4.240000,0.012500
1478534780380,0.307200,0.305000,1300,0.308000,1000,4.240000,0.012500
1478534783366,0.307200,0.305000,1300,0.308000,1000,4.240000,0.012500
1478534785875,0.307200,0.305000,1300,0.308000,1000,4.240000,0.012500
1478534789927,0.307200,0.305000,1300,0.308000,1000,4.240000,0.012500
1478534791890,0.307200,0.305000,1300,0.308000,1000,4.240000,0.012500
1478534794888,0.307200,0.305000,1300,0.308000,1000,4.240000,0.012500
1478534797376,0.307200,0.305000,1300,0.308000,1000,4.240000,0.012500
1478534799887,0.307200,0.305000,1300,0.308000,1000,4.240000,0.012500
1478534801381,0.307200,0.305000,1300,0.308000,1000,4.240000,0.012500
1478534803890,0.307200,0.305000,1300,0.308000,1000,4.240000,0.012500
1478534807881,0.307200,0.305000,1300,0.308000,1000,4.240000,0.012500
1478534810429,0.307200,0.305000,1300,0.308000,1000,4.240000,0.012500
1478534812893,0.307200,0.305000,1300,0.308000,1000,4.240000,0.012500
1478534814390,0.307200,0.305000,1300,0.308000,1000,4.240000,0.012500
1478534816894,0.307200,0.305100,2200,0.308000,1000,4.240000,0.012500
1478534819876,0.307200,0.305100,2200,0.308000,1000,4.240000,0.012500
1478534821892,0.307200,0.305100,2200,0.308000,1000,4.240000,0.012500
1478534824391,0.307200,0.305100,2200,0.308000,1000,4.240000,0.012500
1478534826895,0.307200,0.305100,1000,0.308000,1000,4.240000,0.012500
1478534828896,0.307200,0.305100,1000,0.308000,1000,4.240000,0.012500
1478534831915,0.307200,0.305100,1000,0.308000,1000,4.240000,0.012500
1478534833912,0.307200,0.305100,1200,0.308000,1000,4.240000,0.012500
1478534835893,0.307200,0.305100,1200,0.308000,1000,4.240000,0.012500
1478534839380,0.307200,0.305100,1200,0.308000,1000,4.240000,0.012500
1478534841908,0.307200,0.305100,1200,0.308000,1000,4.240000,0.012500
1478534844397,0.307200,0.305100,1200,0.308000,1000,4.240000,0.012500
1478534846890,0.307200,0.305100,1200,0.308000,1000,4.240000,0.012500
1478534848905,0.307200,0.305100,1200,0.308000,1000,4.240000,0.012500
1478534851410,0.307200,0.305100,1200,0.308000,1000,4.240000,0.012500
1478534855406,0.307200,0.305100,1200,0.308000,1000,4.240000,0.012500
1478534857908,0.307200,0.305100,1200,0.308000,1000,4.240000,0.012500
1478534860399,0.307200,0.305100,1200,0.308000,1000,4.240000,0.012500
1478534861399,0.307200,0.305100,1200,0.308000,1000,4.240000,0.012500
1478534863423,0.307200,0.305100,1200,0.308000,1000,4.240000,0.012500
1478534867405,0.307200,0.305100,1300,0.308000,1000,4.240000,0.012500
1478534869417,0.307200,0.305100,1300,0.308000,1000,4.240000,0.012500
1478534872403,0.307200,0.305100,1300,0.308000,1000,4.240000,0.012500
1478534873404,0.307200,0.305100,1300,0.308000,1000,4.240000,0.012500
1478534876431,0.307200,0.305100,1300,0.308000,1000,4.240000,0.012500
1478534879914,0.307200,0.305100,1300,0.308000,1000,4.240000,0.012500
1478534882466,0.307200,0.305100,1300,0.308000,1000,4.240000,0.012500
1478534884911,0.307200,0.305100,1300,0.308000,1000,4.240000,0.012500
1478534886418,0.307200,0.305100,1300,0.308000,1000,4.240000,0.012500
1478534889423,0.307200,0.305100,1300,0.308000,1000,4.240000,0.012500
1478534890971,0.307200,0.305100,1300,0.308000,1000,4.240000,0.012500
1478534893441,0.307200,0.305100,1300,0.308000,1000,4.240000,0.012500
1478534896928,0.307200,0.305100,1300,0.308000,1000,4.240000,0.012500
1478534900921,0.307200,0.305100,1300,0.308000,1000,4.240000,0.012500
1478534902930,0.307200,0.305100,1300,0.308000,1000,4.240000,0.012500
1478534904927,0.307200,0.305100,1300,0.308000,1000,4.240000,0.012500
1478534908435,0.307200,0.305100,1100,0.309300,2400,4.240000,0.012500
1478534910926,0.307200,0.305100,1100,0.309300,2400,4.240000,0.012500
1478534913427,0.307200,0.305100,1100,0.309300,2400,4.240000,0.012500
1478534914932,0.307200,0.305100,1100,0.309300,2400,4.240000,0.012500
1478534917929,0.307200,0.305100,1100,0.309300,2400,4.240000,0.012500
1478534919425,0.307200,0.305100,1100,0.309300,2400,4.240000,0.012500
1478534922925,0.307200,0.305100,1100,0.309300,2400,4.240000,0.012500
1478534925445,0.307200,0.305100,1100,0.309300,2400,4.240000,0.012500
1478534927431,0.307200,0.305100,1100,0.309300,2400,4.240000,0.012500
1478534929441,0.307200,0.305100,1100,0.309300,2400,4.240000,0.012500
1478534932432,0.307200,0.305100,1100,0.309300,2400,4.240000,0.012500
1478534935480,0.307000,0.305100,1100,0.307000,900,4.170000,0.012300
1478534937473,0.307000,0.305100,1100,0.307000,900,4.170000,0.012300
1478534939940,0.307000,0.305100,1100,0.307000,900,4.170000,0.012300
1478534942443,0.307000,0.305100,1100,0.307000,900,4.170000,0.012300
1478534943935,0.307000,0.305100,1100,0.307000,900,4.170000,0.012300
1478534946937,0.307000,0.305100,1100,0.307000,900,4.170000,0.012300
1478534949433,0.307000,0.305100,1100,0.307000,900,4.170000,0.012300
1478534951934,0.307000,0.305100,1100,0.307000,900,4.170000,0.012300
1478534954989,0.307000,0.305100,1100,0.307000,900,4.170000,0.012300
1478534957447,0.307000,0.305100,1100,0.307000,900,4.170000,0.012300
1478534959447,0.307000,0.305100,1100,0.307000,900,4.170000,0.012300
1478534961443,0.307000,0.305100,1100,0.307000,900,4.170000,0.012300
1478534963953,0.307000,0.305100,1100,0.307000,900,4.170000,0.012300
1478534967358,0.307000,0.305100,1100,0.307000,900,4.170000,0.012300
1478534970353,0.307000,0.305100,1100,0.307000,900,4.170000,0.012300
1478534972853,0.307000,0.305100,1100,0.307000,900,4.170000,0.012300
1478534975358,0.307000,0.305100,1100,0.307000,900,4.170000,0.012300
1478534977372,0.307000,0.305100,1100,0.307000,900,4.170000,0.012300
1478534979870,0.307000,0.305100,1100,0.307000,900,4.170000,0.012300
1478534981891,0.307000,0.305100,1100,0.307000,900,4.170000,0.012300
1478534984859,0.307000,0.305100,1100,0.307000,900,4.170000,0.012300
1478534986860,0.307000,0.305100,1100,0.307000,900,4.170000,0.012300
1478534989372,0.307000,0.305100,1100,0.307000,900,4.170000,0.012300
1478534991360,0.307000,0.305100,1100,0.307000,900,4.170000,0.012300
1478534994370,0.307000,0.305100,1100,0.307000,900,4.170000,0.012300
1478534996861,0.307000,0.305100,1100,0.307000,900,4.170000,0.012300
1478534999860,0.307000,0.305100,1100,0.307000,900,4.170000,0.012300
1478535002868,0.307000,0.305100,1100,0.307000,900,4.170000,0.012300
1478535004868,0.307000,0.305100,1100,0.307000,900,4.170000,0.012300
1478535007871,0.307000,0.305100,1100,0.307000,900,4.170000,0.012300
1478535010889,0.307000,0.305100,1100,0.307000,900,4.170000,0.012300
1478535012871,0.307000,0.305100,1100,0.307000,900,4.170000,0.012300
1478535015365,0.307000,0.305100,1100,0.307000,900,4.170000,0.012300
1478535017373,0.307000,0.305100,1100,0.307000,900,4.170000,0.012300
1478535020373,0.307000,0.305100,1100,0.307000,900,4.170000,0.012300
1478535022879,0.306800,0.305100,1100,0.307000,900,4.110000,0.012100
1478535024875,0.306800,0.305100,1100,0.307000,900,4.110000,0.012100
1478535027395,0.306800,0.305100,1100,0.307000,900,4.110000,0.012100
1478535028906,0.306800,0.305100,1100,0.307000,900,4.110000,0.012100
1478535032885,0.306800,0.305100,1100,0.307000,900,4.110000,0.012100
1478535036386,0.306800,0.305100,1100,0.307000,900,4.110000,0.012100
1478535038892,0.306800,0.305100,1100,0.307000,900,4.110000,0.012100
1478535041883,0.306800,0.305100,1100,0.307000,900,4.110000,0.012100
1478535042895,0.306800,0.305100,1100,0.307000,900,4.110000,0.012100
1478535045893,0.306800,0.305100,1100,0.307000,900,4.110000,0.012100
1478535049394,0.306800,0.305100,1100,0.307000,900,4.110000,0.012100
1478535050883,0.306800,0.305100,1100,0.307000,900,4.110000,0.012100
1478535053887,0.306800,0.305100,1100,0.307000,900,4.110000,0.012100
1478535056412,0.306800,0.305100,1100,0.307000,900,4.110000,0.012100
1478535057898,0.306800,0.305100,1100,0.307000,900,4.110000,0.012100
1478535059892,0.306800,0.305100,1100,0.307000,900,4.110000,0.012100
1478535064874,0.306800,0.305100,1100,0.307000,900,4.110000,0.012100
1478535067388,0.306800,0.305100,1100,0.307000,900,4.110000,0.012100
1478535069432,0.306800,0.305100,1100,0.307000,900,4.110000,0.012100
1478535071906,0.306800,0.305100,1100,0.307000,900,4.110000,0.012100
1478535074393,0.306800,0.305100,1100,0.307000,900,4.110000,0.012100
1478535077400,0.306800,0.305100,1100,0.307000,900,4.110000,0.012100
1478535079392,0.306800,0.305100,1100,0.307000,900,4.110000,0.012100
1478535081901,0.306800,0.305100,1100,0.307000,900,4.110000,0.012100
1478535083902,0.306800,0.305100,1100,0.307000,900,4.110000,0.012100
1478535086902,0.306800,0.305100,1100,0.307000,900,4.110000,0.012100
1478535089401,0.306800,0.305100,1100,0.307000,900,4.110000,0.012100
1478535091401,0.306800,0.305100,1100,0.307000,900,4.110000,0.012100
1478535096406,0.306800,0.305100,1100,0.307000,900,4.110000,0.012100
1478535098914,0.310000,0.305100,1400,0.310000,2500,5.190000,0.015300
1478535100912,0.310000,0.305100,1400,0.310000,2500,5.190000,0.015300
1478535102921,0.310000,0.305100,1400,0.310000,2500,5.190000,0.015300
1478535106907,0.310000,0.305100,1400,0.310000,2500,5.190000,0.015300
1478535109414,0.310000,0.305100,1400,0.310000,2500,5.190000,0.015300
1478535111402,0.310000,0.305100,1400,0.310000,2500,5.190000,0.015300
1478535113429,0.310000,0.305100,1400,0.310000,2500,5.190000,0.015300
1478535116911,0.310000,0.305100,1400,0.310000,2500,5.190000,0.015300
1478535119404,0.310000,0.305100,1400,0.310000,2500,5.190000,0.015300
1478535121425,0.310000,0.305100,1400,0.310000,2500,5.190000,0.015300
1478535123416,0.310000,0.305100,1400,0.310000,2500,5.190000,0.015300
1478535126470,0.310000,0.305100,1400,0.310000,2500,5.190000,0.015300
1478535128914,0.310000,0.305100,1400,0.310000,2500,5.190000,0.015300
1478535131427,0.310000,0.305100,1400,0.310000,2500,5.190000,0.015300
1478535133417,0.310000,0.305100,1400,0.310000,2500,5.190000,0.015300
1478535135924,0.310000,0.305100,1400,0.310000,2500,5.190000,0.015300
1478535138422,0.310000,0.305100,1400,0.310000,2500,5.190000,0.015300
1478535140925,0.310000,0.305100,1400,0.310000,2500,5.190000,0.015300
1478535143414,0.310000,0.305100,1400,0.310000,2500,5.190000,0.015300
1478535145433,0.310000,0.305100,1400,0.310000,2500,5.190000,0.015300
1478535147936,0.310000,0.305100,1400,0.310000,2500,5.190000,0.015300
1478535150424,0.310000,0.305100,1400,0.310000,2500,5.190000,0.015300
1478535152429,0.310000,0.305100,1400,0.310000,2500,5.190000,0.015300
1478535154430,0.310000,0.305100,1400,0.310000,2500,5.190000,0.015300
1478535156929,0.310000,0.305100,1400,0.310000,2500,5.190000,0.015300
1478535159948,0.310000,0.305100,1400,0.310000,2500,5.190000,0.015300
1478535162934,0.310000,0.305100,1400,0.310000,2500,5.190000,0.015300
1478535164928,0.310000,0.305100,1400,0.310000,2500,5.190000,0.015300
1478535167942,0.310000,0.305100,1400,0.310000,2500,5.190000,0.015300
1478535169937,0.310000,0.305100,1400,0.310000,2500,5.190000,0.015300
1478535172429,0.310000,0.305100,1400,0.310000,2500,5.190000,0.015300
1478535174933,0.310000,0.305100,1400,0.310000,2500,5.190000,0.015300
1478535176935,0.310000,0.305100,1400,0.310000,2500,5.190000,0.015300
1478535179938,0.310000,0.305100,1400,0.310000,2500,5.190000,0.015300
1478535182434,0.310000,0.305100,1400,0.310000,2500,5.190000,0.015300
1478535185467,0.310000,0.305100,1400,0.310000,2500,5.190000,0.015300
1478535187935,0.310000,0.305100,1400,0.310000,2500,5.190000,0.015300
1478535190915,0.310000,0.305100,1400,0.310000,2500,5.190000,0.015300
1478535193441,0.310000,0.305100,1400,0.310000,2500,5.190000,0.015300
1478535195444,0.310000,0.305100,1400,0.310000,2500,5.190000,0.015300
1478535200463,0.310000,0.305100,1400,0.310000,2500,5.190000,0.015300
1478535202950,0.310000,0.305100,1400,0.310000,2500,5.190000,0.015300
1478535205452,0.310000,0.305100,1400,0.310000,2500,5.190000,0.015300
1478535207964,0.310000,0.305100,1400,0.310000,2500,5.190000,0.015300
1478535210849,0.310000,0.305100,1400,0.310000,2500,5.190000,0.015300
1478535213353,0.310000,0.305100,1400,0.310000,2500,5.190000,0.015300
1478535215875,0.310000,0.305100,1400,0.310000,2500,5.190000,0.015300
1478535217863,0.310000,0.305100,1400,0.310000,2500,5.190000,0.015300
1478535220355,0.310000,0.305100,1400,0.310000,2500,5.190000,0.015300
1478535225358,0.310000,0.305100,1400,0.310000,2500,5.190000,0.015300
1478535227356,0.310000,0.305100,1400,0.310000,2500,5.190000,0.015300
1478535229864,0.310000,0.305100,1400,0.310000,2500,5.190000,0.015300
1478535231862,0.310000,0.305100,1400,0.310000,2500,5.190000,0.015300
1478535234358,0.310000,0.305100,1400,0.310000,2500,5.190000,0.015300
1478535236864,0.310000,0.305100,1400,0.310000,2500,5.190000,0.015300
1478535239362,0.310000,0.305100,1400,0.310000,2500,5.190000,0.015300
1478535241872,0.310000,0.305100,1400,0.310000,2500,5.190000,0.015300
1478535244371,0.310000,0.305100,1400,0.310000,2500,5.190000,0.015300
1478535246865,0.310000,0.305100,1400,0.310000,2500,5.190000,0.015300
1478535249381,0.310000,0.305100,1400,0.310000,2500,5.190000,0.015300
1478535251872,0.310000,0.305100,1400,0.310000,2500,5.190000,0.015300
1478535254371,0.310000,0.305100,1400,0.310000,2500,5.190000,0.015300
1478535257367,0.310000,0.305100,1400,0.310000,2500,5.190000,0.015300
1478535259904,0.310000,0.305100,1400,0.310000,2500,5.190000,0.015300
1478535262381,0.310000,0.305100,1400,0.310000,2500,5.190000,0.015300
1478535264884,0.310000,0.305100,1400,0.310000,2500,5.190000,0.015300
1478535266884,0.310000,0.305100,1400,0.310000,2500,5.190000,0.015300
1478535268877,0.310000,0.305100,1400,0.310000,2500,5.190000,0.015300
1478535272375,0.310000,0.305100,1400,0.310000,2500,5.190000,0.015300
1478535273901,0.310000,0.305100,1400,0.310000,2500,5.190000,0.015300
1478535277888,0.310000,0.305100,1400,0.310000,2500,5.190000,0.015300
1478535280885,0.310000,0.305100,1400,0.310000,2500,5.190000,0.015300
1478535283384,0.310000,0.305100,1400,0.310000,2500,5.190000,0.015300
1478535285884,0.310000,0.305100,1400,0.310000,2500,5.190000,0.015300
1478535288860,0.310000,0.305100,1400,0.310000,2500,5.190000,0.015300
1478535291404,0.310000,0.305100,1400,0.310000,2500,5.190000,0.015300
1478535293398,0.310000,0.305100,1400,0.310000,2500,5.190000,0.015300
1478535294884,0.310000,0.305100,1400,0.310000,2500,5.190000,0.015300
1478535298385,0.310000,0.305100,1400,0.310000,2500,5.190000,0.015300
1478535300887,0.310000,0.305100,1400,0.310000,2500,5.190000,0.015300
1478535302930,0.308800,0.305100,1400,0.310000,2500,4.780000,0.014100
1478535305381,0.308800,0.305100,1400,0.310000,2500,4.780000,0.014100
1478535307901,0.308800,0.305100,1400,0.310000,2500,4.780000,0.014100
1478535311885,0.308800,0.305100,1400,0.310000,2500,4.780000,0.014100
1478535314396,0.308800,0.305100,1400,0.310000,2500,4.780000,0.014100
1478535316947,0.308800,0.305100,1400,0.310000,2500,4.780000,0.014100
1478535319391,0.308800,0.305100,1400,0.310000,2500,4.780000,0.014100
1478535321897,0.308800,0.305100,1400,0.310000,2500,4.780000,0.014100
1478535324398,0.308800,0.305100,1400,0.310000,2500,4.780000,0.014100
1478535327400,0.308800,0.305100,1400,0.310000,2500,4.780000,0.014100
1478535329388,0.308800,0.305100,1400,0.310000,2500,4.780000,0.014100
1478535332391,0.308800,0.305100,1400,0.310000,2500,4.780000,0.014100
1478535335403,0.308800,0.305100,1400,0.310000,2500,4.780000,0.014100
1478535337404,0.308800,0.305100,1400,0.310000,2500,4.780000,0.014100
1478535340393,0.308800,0.305100,1400,0.310000,2500,4.780000,0.014100
1478535342908,0.308800,0.305100,1400,0.310000,2500,4.780000,0.014100
1478535345398,0.308800,0.305100,1400,0.310000,2500,4.780000,0.014100
1478535347938,0.308800,0.305100,1400,0.310000,2500,4.780000,0.014100
1478535349395,0.308800,0.305100,1400,0.310000,2500,4.780000,0.014100
1478535351910,0.308800,0.305100,1400,0.310000,2500,4.780000,0.014100
1478535355408,0.308800,0.305100,1400,0.310000,2500,4.780000,0.014100
1478535357903,0.308800,0.305100,1400,0.310000,2500,4.780000,0.014100
1478535359907,0.308800,0.305100,1400,0.310000,2500,4.780000,0.014100
1478535363417,0.308800,0.305100,1400,0.310000,2500,4.780000,0.014100
1478535365398,0.308800,0.305100,1400,0.310000,2500,4.780000,0.014100
1478535368405,0.308800,0.305100,1400,0.310000,2500,4.780000,0.014100
1478535370910,0.308800,0.305100,1400,0.310000,2500,4.780000,0.014100
1478535372922,0.308800,0.305100,1400,0.310000,2500,4.780000,0.014100
1478535375423,0.308800,0.305100,1400,0.310000,2500,4.780000,0.014100
1478535377420,0.308800,0.305100,1400,0.310000,2500,4.780000,0.014100
1478535380435,0.308800,0.305100,1400,0.310000,2500,4.780000,0.014100
1478535382472,0.308800,0.305100,1400,0.310000,2500,4.780000,0.014100
1478535385916,0.308800,0.305100,1400,0.310000,2500,4.780000,0.014100
1478535387934,0.308800,0.305100,1400,0.310000,2500,4.780000,0.014100
1478535390420,0.308800,0.305100,1400,0.310000,2500,4.780000,0.014100
1478535392924,0.308800,0.305100,1400,0.310000,2500,4.780000,0.014100
1478535396423,0.308800,0.305100,1400,0.310000,2500,4.780000,0.014100
1478535398922,0.308800,0.305100,1400,0.310000,2500,4.780000,0.014100
1478535401412,0.308800,0.305100,1400,0.310000,2500,4.780000,0.014100
1478535403414,0.308800,0.305100,1400,0.310000,2500,4.780000,0.014100
1478535405926,0.308800,0.305100,1400,0.310000,2500,4.780000,0.014100
1478535408933,0.308800,0.305100,1400,0.310000,2500,4.780000,0.014100
1478535411425,0.308800,0.305100,1400,0.310000,2500,4.780000,0.014100
1478535412943,0.308800,0.305100,1400,0.310000,2500,4.780000,0.014100
1478535415919,0.308800,0.305100,1400,0.310000,2500,4.780000,0.014100
1478535417931,0.308800,0.305100,1400,0.310000,2500,4.780000,0.014100
1478535420444,0.308800,0.305100,1400,0.310000,2500,4.780000,0.014100
1478535422934,0.308800,0.305100,1400,0.310000,2500,4.780000,0.014100
1478535425428,0.308800,0.305100,1400,0.310000,2500,4.780000,0.014100
1478535427933,0.308800,0.305100,1400,0.310000,2500,4.780000,0.014100
1478535429944,0.308800,0.305100,1400,0.310000,2500,4.780000,0.014100
1478535432440,0.308800,0.305100,1400,0.310000,2500,4.780000,0.014100
1478535434484,0.308800,0.305100,1400,0.310000,2500,4.780000,0.014100
1478535437468,0.308800,0.305100,1400,0.310000,2500,4.780000,0.014100
1478535439939,0.308800,0.305100,1400,0.310000,2500,4.780000,0.014100
1478535441947,0.308800,0.305100,1400,0.310000,2500,4.780000,0.014100
1478535443944,0.308800,0.305100,1400,0.310000,2500,4.780000,0.014100
1478535446945,0.308800,0.305100,1400,0.310000,2500,4.780000,0.014100
1478535448983,0.308800,0.305100,1400,0.310000,2500,4.780000,0.014100
1478535450942,0.308800,0.305100,1400,0.310000,2500,4.780000,0.014100
1478535453945,0.308800,0.305100,1400,0.310000,2500,4.780000,0.014100
1478535456461,0.308800,0.305100,1400,0.310000,2500,4.780000,0.014100
1478535458854,0.308800,0.305100,1400,0.310000,2500,4.780000,0.014100
1478535461356,0.308800,0.305100,1400,0.310000,2500,4.780000,0.014100
1478535462866,0.308800,0.305100,1400,0.310000,2500,4.780000,0.014100
1478535467353,0.308800,0.305100,1400,0.310000,2500,4.780000,0.014100
1478535469357,0.308800,0.305100,1400,0.310000,2500,4.780000,0.014100
1478535472356,0.308800,0.305100,1400,0.310000,2500,4.780000,0.014100
1478535475360,0.308800,0.305100,1400,0.310000,2500,4.780000,0.014100
1478535477375,0.308800,0.305100,1400,0.310000,2500,4.780000,0.014100
1478535479862,0.308800,0.305100,1400,0.310000,2500,4.780000,0.014100
1478535483362,0.308800,0.305100,1400,0.310000,2500,4.780000,0.014100
1478535485856,0.308800,0.305100,1400,0.310000,2500,4.780000,0.014100
1478535487864,0.308800,0.305100,1400,0.310000,2500,4.780000,0.014100
1478535490874,0.308800,0.305100,1400,0.310000,2500,4.780000,0.014100
1478535493401,0.308800,0.305100,1400,0.310000,2500,4.780000,0.014100
1478535495855,0.308800,0.305100,1400,0.310000,2500,4.780000,0.014100
1478535497868,0.308800,0.305100,1400,0.310000,2500,4.780000,0.014100
1478535500375,0.308800,0.305100,1400,0.310000,2500,4.780000,0.014100
1478535502878,0.308800,0.305100,1400,0.310000,2500,4.780000,0.014100
1478535505373,0.308800,0.305100,1400,0.310000,2500,4.780000,0.014100
1478535507901,0.308800,0.305100,1400,0.310000,2500,4.780000,0.014100
1478535510378,0.308800,0.305100,1400,0.310000,2500,4.780000,0.014100
1478535512376,0.308800,0.305100,1400,0.310000,2500,4.780000,0.014100
1478535515372,0.308800,0.305100,1400,0.310000,2500,4.780000,0.014100
1478535517366,0.308800,0.305100,1400,0.310000,2500,4.780000,0.014100
1478535520895,0.308800,0.305100,1400,0.310000,2500,4.780000,0.014100
1478535524378,0.308800,0.305100,1400,0.310000,2500,4.780000,0.014100
1478535526374,0.308800,0.305100,1400,0.310000,2500,4.780000,0.014100
1478535528880,0.308800,0.305100,1400,0.310000,2500,4.780000,0.014100
1478535531380,0.308800,0.305100,1400,0.310000,2500,4.780000,0.014100
1478535533383,0.308800,0.305100,1400,0.310000,2500,4.780000,0.014100
1478535535388,0.308800,0.305100,1400,0.310000,2500,4.780000,0.014100
1478535538379,0.308800,0.305100,1400,0.310000,2500,4.780000,0.014100
1478535540881,0.308800,0.305100,1400,0.310000,2500,4.780000,0.014100
1478535542384,0.308800,0.305100,1400,0.310000,2500,4.780000,0.014100
1478535545888,0.308800,0.305100,1400,0.310000,2500,4.780000,0.014100
1478535547898,0.308800,0.305100,1400,0.310000,2500,4.780000,0.014100
1478535550394,0.308800,0.305100,1400,0.310000,2500,4.780000,0.014100
1478535552898,0.308800,0.305100,1400,0.310000,2500,4.780000,0.014100
1478535554389,0.308800,0.305100,1400,0.310000,2500,4.780000,0.014100
1478535557386,0.308800,0.305100,1400,0.310000,2500,4.780000,0.014100
1478535559388,0.308800,0.305100,1400,0.310000,2500,4.780000,0.014100
1478535561907,0.308800,0.305100,1400,0.310000,2500,4.780000,0.014100
1478535564909,0.308800,0.305100,1400,0.310000,2500,4.780000,0.014100
1478535567394,0.308800,0.305100,1400,0.310000,2500,4.780000,0.014100
1478535569888,0.308800,0.305100,1400,0.310000,2500,4.780000,0.014100
1478535572389,0.308800,0.305100,1400,0.310000,2500,4.780000,0.014100
1478535574887,0.308800,0.305100,1400,0.310000,2500,4.780000,0.014100
1478535577910,0.308800,0.305100,1400,0.310000,2500,4.780000,0.014100
1478535580911,0.308800,0.305100,1400,0.310000,2500,4.780000,0.014100
1478535583900,0.308800,0.305100,1400,0.310000,2500,4.780000,0.014100
1478535586947,0.308800,0.305100,1400,0.310000,2500,4.780000,0.014100
1478535589397,0.308800,0.305100,1400,0.310000,2500,4.780000,0.014100
1478535592436,0.308800,0.305100,1400,0.310000,2500,4.780000,0.014100
1478535594886,0.308800,0.305100,1400,0.310000,2500,4.780000,0.014100
1478535597402,0.308800,0.305100,1400,0.310000,2500,4.780000,0.014100
1478535599407,0.308800,0.305100,1400,0.310000,2500,4.780000,0.014100
1478535601413,0.308800,0.305100,1400,0.310000,2500,4.780000,0.014100
1478535604402,0.308800,0.305100,1200,0.310000,2500,4.780000,0.014100
1478535606926,0.308800,0.305100,1200,0.310000,2500,4.780000,0.014100
1478535609911,0.308800,0.305100,1200,0.310000,2500,4.780000,0.014100
1478535612901,0.308800,0.305100,1200,0.310000,2500,4.780000,0.014100
1478535616414,0.308800,0.305100,1200,0.310000,2500,4.780000,0.014100
1478535617918,0.308800,0.305100,1200,0.310000,2500,4.780000,0.014100
1478535620407,0.308800,0.305100,1200,0.310000,2500,4.780000,0.014100
1478535623423,0.308800,0.305100,1200,0.310000,2500,4.780000,0.014100
1478535626923,0.307600,0.305100,1200,0.310000,2500,4.380000,0.012900
1478535629926,0.307600,0.305100,1600,0.310000,2500,4.380000,0.012900
1478535632924,0.307600,0.305100,1600,0.310000,2500,4.380000,0.012900
1478535634966,0.307600,0.305100,1600,0.310000,2500,4.380000,0.012900
1478535637959,0.307600,0.305100,1600,0.310000,2500,4.380000,0.012900
1478535639911,0.307600,0.305100,1600,0.310000,2500,4.380000,0.012900
1478535642934,0.307600,0.305100,1600,0.310000,2500,4.380000,0.012900
1478535645425,0.307600,0.305100,1600,0.310000,2500,4.380000,0.012900
1478535648432,0.307600,0.305100,1600,0.310000,2500,4.380000,0.012900
1478535650427,0.307600,0.305100,1600,0.310000,2500,4.380000,0.012900
1478535653427,0.307600,0.305100,1600,0.310000,2500,4.380000,0.012900
1478535655929,0.307600,0.305100,1600,0.310000,2500,4.380000,0.012900
1478535658434,0.307600,0.305100,1600,0.310000,2500,4.380000,0.012900
1478535660927,0.307600,0.305100,1600,0.310000,2500,4.380000,0.012900
1478535662440,0.307600,0.305100,1600,0.310000,2500,4.380000,0.012900
1478535665460,0.307600,0.305100,1600,0.310000,2500,4.380000,0.012900
1478535667953,0.307600,0.305100,1600,0.310000,2500,4.380000,0.012900
1478535671451,0.307600,0.305100,1600,0.310000,2500,4.380000,0.012900
1478535675439,0.307600,0.305100,1400,0.310000,2500,4.380000,0.012900
1478535676946,0.307600,0.305100,1400,0.310000,2500,4.380000,0.012900
1478535680465,0.307600,0.305100,1400,0.310000,2500,4.380000,0.012900
1478535682960,0.307600,0.305100,1400,0.310000,2500,4.380000,0.012900
1478535684958,0.307600,0.305100,1400,0.310000,2500,4.380000,0.012900
1478535687962,0.307600,0.305100,1400,0.310000,2500,4.380000,0.012900
1478535690467,0.307600,0.305100,1400,0.310000,2500,4.380000,0.012900
1478535692451,0.307600,0.305100,1400,0.310000,2500,4.380000,0.012900
1478535694950,0.307600,0.305100,1400,0.310000,2500,4.380000,0.012900
1478535697951,0.307600,0.305100,1400,0.310000,2500,4.380000,0.012900
1478535700355,0.307600,0.305100,1400,0.310000,2500,4.380000,0.012900
1478535702855,0.307600,0.305100,1400,0.310000,2500,4.380000,0.012900
1478535704852,0.307600,0.305100,1400,0.310000,2500,4.380000,0.012900
1478535707381,0.307600,0.305100,1400,0.310000,2500,4.380000,0.012900
1478535709376,0.307600,0.305100,1400,0.310000,2500,4.380000,0.012900
1478535712357,0.307600,0.305100,1400,0.310000,2500,4.380000,0.012900
1478535714859,0.307600,0.305100,1400,0.310000,2500,4.380000,0.012900
1478535717358,0.307600,0.305100,1300,0.310000,2500,4.380000,0.012900
1478535719362,0.307600,0.305100,1300,0.310000,2500,4.380000,0.012900
1478535721868,0.307600,0.305100,1300,0.310000,2500,4.380000,0.012900
1478535723851,0.307600,0.305200,2900,0.310000,2500,4.380000,0.012900
1478535727445,0.307600,0.305200,2900,0.310000,2500,4.380000,0.012900
1478535729363,0.307600,0.305200,2900,0.310000,2500,4.380000,0.012900
1478535732867,0.307600,0.305200,2900,0.310000,2500,4.380000,0.012900
1478535734867,0.307600,0.305200,2900,0.310000,2500,4.380000,0.012900
1478535737369,0.307600,0.305200,2900,0.310000,2500,4.380000,0.012900
1478535739898,0.307600,0.305200,2900,0.310000,2500,4.380000,0.012900
1478535741884,0.307600,0.305200,2900,0.310000,2500,4.380000,0.012900
1478535743872,0.307600,0.305200,2900,0.310000,2500,4.380000,0.012900
1478535746874,0.307600,0.305200,2900,0.310000,2500,4.380000,0.012900
1478535749359,0.307600,0.305200,2900,0.310000,2500,4.380000,0.012900
1478535751920,0.307600,0.305200,2900,0.310000,2500,4.380000,0.012900
1478535753893,0.307600,0.305200,2900,0.310000,2500,4.380000,0.012900
1478535755886,0.307600,0.305200,2900,0.310000,2500,4.380000,0.012900
1478535759367,0.307600,0.305200,2900,0.310000,2500,4.380000,0.012900
1478535761881,0.307600,0.305200,2900,0.310000,2500,4.380000,0.012900
1478535764380,0.307600,0.305200,2900,0.310000,2500,4.380000,0.012900
1478535766904,0.307600,0.305200,2900,0.310000,2500,4.380000,0.012900
1478535768916,0.307600,0.305200,2900,0.310000,2500,4.380000,0.012900
1478535770892,0.307600,0.305200,2900,0.310000,2500,4.380000,0.012900
1478535773880,0.307600,0.305200,2500,0.310000,2500,4.380000,0.012900
1478535775883,0.307600,0.305200,2500,0.310000,2500,4.380000,0.012900
1478535778880,0.307600,0.305200,2500,0.310000,2500,4.380000,0.012900
1478535780376,0.307600,0.305200,2500,0.310000,2500,4.380000,0.012900
1478535783383,0.307600,0.305200,2500,0.310000,2500,4.380000,0.012900
1478535786382,0.307600,0.305200,2500,0.310000,2500,4.380000,0.012900
1478535788885,0.307600,0.305200,2500,0.310000,2500,4.380000,0.012900
1478535790886,0.307600,0.305200,2500,0.310000,2500,4.380000,0.012900
1478535792937,0.307600,0.305200,2500,0.310000,2500,4.380000,0.012900
1478535795964,0.307600,0.305200,2500,0.310000,2500,4.380000,0.012900
1478535798889,0.307600,0.305200,2500,0.310000,2500,4.380000,0.012900
1478535800424,0.307600,0.305200,2500,0.310000,2500,4.380000,0.012900
1478535803889,0.307600,0.305200,2500,0.310000,2500,4.380000,0.012900
1478535806392,0.307600,0.305200,2500,0.310000,2500,4.380000,0.012900
1478535807885,0.307600,0.305200,2500,0.310000,2500,4.380000,0.012900
1478535810396,0.307600,0.305200,2500,0.310000,2500,4.380000,0.012900
1478535813395,0.307600,0.305200,2500,0.310000,2500,4.380000,0.012900
1478535815887,0.307600,0.305200,2500,0.310000,2500,4.380000,0.012900
1478535818469,0.307600,0.305200,2500,0.310000,2500,4.380000,0.012900
1478535820901,0.307600,0.305200,2500,0.310000,2500,4.380000,0.012900
1478535821900,0.307600,0.305200,2500,0.310000,2500,4.380000,0.012900
1478535824903,0.307600,0.305200,2500,0.310000,2500,4.380000,0.012900
1478535827910,0.307600,0.305200,2500,0.310000,2500,4.380000,0.012900
1478535830917,0.307600,0.305200,2500,0.310000,2500,4.380000,0.012900
1478535833910,0.307600,0.305200,2500,0.310000,2500,4.380000,0.012900
1478535838404,0.307600,0.305200,2500,0.310000,2500,4.380000,0.012900
1478535840902,0.307600,0.305200,2500,0.310000,2500,4.380000,0.012900
1478535842945,0.307600,0.305200,2500,0.310000,2500,4.380000,0.012900
1478535846411,0.307600,0.305200,2500,0.310000,2500,4.380000,0.012900
1478535848412,0.307600,0.305200,2500,0.310000,2500,4.380000,0.012900
1478535851418,0.307600,0.305200,2500,0.310000,2500,4.380000,0.012900
1478535853926,0.307600,0.305200,2500,0.310000,2500,4.380000,0.012900
1478535856408,0.307600,0.305200,2500,0.310000,2500,4.380000,0.012900
1478535858407,0.307600,0.305200,2500,0.310000,2500,4.380000,0.012900
1478535859908,0.307600,0.305200,2500,0.310000,2500,4.380000,0.012900
1478535863415,0.307600,0.305200,2500,0.310000,2500,4.380000,0.012900
1478535866406,0.307600,0.305200,2500,0.310000,2500,4.380000,0.012900
1478535868918,0.307600,0.305200,2500,0.310000,2500,4.380000,0.012900
1478535871424,0.307600,0.305200,2500,0.310000,2500,4.380000,0.012900
1478535872940,0.307600,0.305200,2500,0.310000,2500,4.380000,0.012900
1478535875429,0.307600,0.305200,2500,0.310000,2500,4.380000,0.012900
1478535877414,0.307600,0.305200,2500,0.310000,2500,4.380000,0.012900
1478535880930,0.307600,0.305200,2500,0.310000,2500,4.380000,0.012900
1478535883424,0.307600,0.305200,2500,0.310000,2500,4.380000,0.012900
1478535885441,0.307600,0.305200,2500,0.310000,2500,4.380000,0.012900
1478535887941,0.307600,0.305200,2500,0.310000,2500,4.380000,0.012900
1478535890433,0.307600,0.305200,2500,0.310000,2500,4.380000,0.012900
1478535892928,0.307600,0.305200,2500,0.310000,2500,4.380000,0.012900
1478535895924,0.307600,0.305200,2500,0.310000,2500,4.380000,0.012900
1478535898421,0.307600,0.305200,2500,0.310000,2500,4.380000,0.012900
1478535900931,0.307600,0.305200,2500,0.310000,2500,4.380000,0.012900
1478535902434,0.307600,0.305200,2500,0.310000,2500,4.380000,0.012900
1478535905484,0.307600,0.305200,2500,0.310000,2500,4.380000,0.012900
1478535907945,0.307600,0.305200,2500,0.310000,2500,4.380000,0.012900
1478535910440,0.307600,0.305200,2500,0.310000,2500,4.380000,0.012900
1478535911952,0.307600,0.305200,2500,0.310000,2500,4.380000,0.012900
1478535916937,0.307600,0.305200,2500,0.310000,2500,4.380000,0.012900
1478535919443,0.307600,0.305200,2500,0.310000,2500,4.380000,0.012900
1478535920463,0.307600,0.305200,2500,0.310000,2500,4.380000,0.012900
1478535924444,0.307600,0.305200,2500,0.310000,2500,4.380000,0.012900
1478535926940,0.307600,0.305200,2500,0.310000,2500,4.380000,0.012900
1478535928946,0.308800,0.305200,2500,0.310000,2500,4.780000,0.014100
1478535931440,0.308800,0.305200,2500,0.310000,2500,4.780000,0.014100
1478535933967,0.308800,0.305200,2500,0.310000,2500,4.780000,0.014100
1478535934955,0.308800,0.305200,2500,0.310000,2500,4.780000,0.014100
1478535938450,0.308800,0.305200,2500,0.310000,2500,4.780000,0.014100
1478535941449,0.308800,0.305200,2500,0.310000,2500,4.780000,0.014100
1478535943851,0.308800,0.305200,2500,0.310000,2500,4.780000,0.014100
1478535945854,0.308800,0.305200,2500,0.310000,2500,4.780000,0.014100
1478535948379,0.308800,0.305200,2500,0.310000,2500,4.780000,0.014100
1478535951358,0.308800,0.305200,2500,0.310000,2500,4.780000,0.014100
1478535954357,0.308800,0.305200,2500,0.310000,2500,4.780000,0.014100
1478535956858,0.308800,0.305200,2500,0.310000,2500,4.780000,0.014100
1478535960361,0.308800,0.305200,2500,0.310000,2500,4.780000,0.014100
1478535962865,0.308800,0.305200,2500,0.310000,2500,4.780000,0.014100
1478535965366,0.308800,0.305200,2500,0.310000,2500,4.780000,0.014100
1478535967357,0.308800,0.305200,2500,0.310000,2500,4.780000,0.014100
1478535969867,0.308800,0.305200,2500,0.310000,2500,4.780000,0.014100
1478535972865,0.308800,0.305200,2500,0.310000,2500,4.780000,0.014100
1478535975458,0.308800,0.305200,2500,0.310000,2500,4.780000,0.014100
1478535977893,0.308800,0.305200,2500,0.310000,2500,4.780000,0.014100
1478535980368,0.308800,0.305200,2500,0.310000,2500,4.780000,0.014100
1478535982368,0.308800,0.305200,2500,0.310000,2500,4.780000,0.014100
1478535984873,0.308800,0.305200,2500,0.310000,2500,4.780000,0.014100
1478535987885,0.308800,0.305200,2500,0.310000,2500,4.780000,0.014100
1478535990372,0.308800,0.305200,2500,0.310000,2500,4.780000,0.014100
1478535992887,0.308800,0.305200,2500,0.310000,2500,4.780000,0.014100
1478535994880,0.308800,0.305200,2500,0.310000,2500,4.780000,0.014100
1478535997374,0.308800,0.305200,2500,0.310000,2500,4.780000,0.014100
1478535999885,0.308800,0.306100,100,0.310000,2500,4.780000,0.014100
1478536003378,0.308800,0.306200,1400,0.310000,2500,4.780000,0.014100
1478536005885,0.308800,0.306200,1400,0.310000,2500,4.780000,0.014100
1478536008381,0.308800,0.306200,1400,0.310000,2500,4.780000,0.014100
1478536010871,0.308800,0.306200,1400,0.310000,2500,4.780000,0.014100
1478536013378,0.308800,0.306200,1400,0.310000,2500,4.780000,0.014100
1478536015876,0.308800,0.306200,1400,0.310000,2500,4.780000,0.014100
1478536018388,0.308100,0.306200,1400,0.310000,2500,4.550000,0.013400
1478536021899,0.308100,0.306200,1400,0.310000,2500,4.550000,0.013400
1478536024891,0.308100,0.308500,100,0.310000,2500,4.550000,0.013400
1478536027389,0.308100,0.308500,100,0.310000,2500,4.550000,0.013400
1478536028888,0.308100,0.308500,100,0.310000,2500,4.550000,0.013400
1478536032388,0.308100,0.308600,2200,0.310000,2500,4.550000,0.013400
1478536033393,0.308100,0.308600,2200,0.310000,2500,4.550000,0.013400
1478536037427,0.308100,0.308600,200,0.310000,2500,4.550000,0.013400
1478536039390,0.308100,0.308700,2300,0.310000,2500,4.550000,0.013400
1478536041892,0.308100,0.308700,2300,0.310000,2500,4.550000,0.013400
1478536044388,0.308100,0.308700,2300,0.310000,2500,4.550000,0.013400
1478536045398,0.308100,0.308700,2300,0.310000,2500,4.550000,0.013400
1478536048900,0.308100,0.308800,1700,0.310000,2500,4.550000,0.013400
1478536051924,0.308100,0.308800,1700,0.310000,2500,4.550000,0.013400
1478536054402,0.308100,0.308800,1700,0.310000,2500,4.550000,0.013400
1478536056404,0.308100,0.308800,1700,0.310000,2500,4.550000,0.013400
1478536059403,0.308100,0.308800,300,0.310000,2500,4.550000,0.013400
1478536061904,0.308900,0.308900,400,0.310000,2500,4.820000,0.014200
1478536064400,0.308900,0.308900,400,0.310000,2500,4.820000,0.014200
1478536067933,0.308900,0.308900,400,0.310000,2500,4.820000,0.014200
1478536069904,0.308900,0.308900,400,0.310000,2500,4.820000,0.014200
1478536072911,0.308900,0.308800,200,0.310000,2500,4.820000,0.014200
1478536074458,0.308900,0.308800,200,0.310000,2500,4.820000,0.014200
1478536078460,0.308900,0.308900,700,0.310000,2500,4.820000,0.014200
1478536081398,0.308900,0.308900,700,0.310000,2500,4.820000,0.014200
1478536083908,0.308900,0.308900,100,0.310000,2500,4.820000,0.014200
1478536086408,0.308900,0.308900,100,0.310000,2500,4.820000,0.014200
1478536088904,0.309000,0.308900,100,0.310000,2500,4.850000,0.014300
1478536090409,0.309000,0.308900,100,0.310000,2500,4.850000,0.014300
1478536095404,0.309000,0.308900,100,0.310000,2500,4.850000,0.014300
1478536097920,0.309000,0.308900,100,0.310000,2500,4.850000,0.014300
1478536099415,0.309000,0.308900,100,0.310000,2500,4.850000,0.014300
1478536102914,0.309000,0.308900,100,0.310000,2500,4.850000,0.014300
1478536104904,0.309000,0.308900,100,0.310000,2500,4.850000,0.014300
1478536107917,0.309000,0.308900,100,0.310000,2500,4.850000,0.014300
1478536109458,0.309000,0.308900,100,0.310000,2500,4.850000,0.014300
1478536113418,0.309000,0.308900,100,0.310000,2500,4.850000,0.014300
1478536115422,0.309000,0.308900,100,0.310000,2500,4.850000,0.014300
1478536117922,0.309000,0.308900,100,0.310000,2500,4.850000,0.014300
1478536121921,0.308900,0.308900,100,0.310000,2500,4.820000,0.014200
1478536124421,0.308900,0.308900,100,0.310000,2500,4.820000,0.014200
1478536126922,0.308900,0.308900,100,0.310000,2500,4.820000,0.014200
1478536129919,0.308900,0.308900,100,0.310000,2500,4.820000,0.014200
1478536132425,0.308900,0.308900,100,0.310000,2500,4.820000,0.014200
1478536134917,0.308900,0.308900,100,0.310000,2500,4.820000,0.014200
1478536137411,0.308900,0.308900,100,0.310000,2500,4.820000,0.014200
1478536140444,0.308900,0.308900,100,0.310000,2500,4.820000,0.014200
1478536142974,0.308900,0.308900,100,0.310000,2500,4.820000,0.014200
1478536145423,0.308900,0.308900,100,0.310000,2500,4.820000,0.014200
1478536147431,0.308900,0.308900,100,0.310000,2500,4.820000,0.014200
1478536148926,0.308900,0.305200,200,0.308900,100,4.820000,0.014200
1478536151926,0.308900,0.305200,200,0.308900,100,4.820000,0.014200
1478536154433,0.308900,0.305200,200,0.308900,100,4.820000,0.014200
1478536156436,0.308900,0.305200,200,0.308900,100,4.820000,0.014200
1478536159948,0.308900,0.305200,200,0.308900,100,4.820000,0.014200
1478536162434,0.308900,0.305200,200,0.308900,100,4.820000,0.014200
1478536163427,0.308900,0.305200,200,0.308900,100,4.820000,0.014200
1478536167426,0.308900,0.305200,200,0.308900,100,4.820000,0.014200
1478536169930,0.308900,0.305200,200,0.308900,100,4.820000,0.014200
1478536172447,0.308900,0.305200,200,0.308900,100,4.820000,0.014200
1478536174434,0.308900,0.305200,200,0.308900,100,4.820000,0.014200
1478536176444,0.308900,0.305200,200,0.308900,100,4.820000,0.014200
1478536179853,0.308900,0.305200,200,0.308900,100,4.820000,0.014200
1478536182397,0.308900,0.305200,200,0.308900,100,4.820000,0.014200
1478536184870,0.308900,0.305200,200,0.308900,100,4.820000,0.014200
1478536186368,0.308900,0.305200,200,0.308900,100,4.820000,0.014200
1478536189358,0.308900,0.305200,200,0.308900,100,4.820000,0.014200
1478536191860,0.308900,0.305200,200,0.308900,100,4.820000,0.014200
1478536195357,0.308900,0.305200,200,0.308900,100,4.820000,0.014200
1478536198856,0.308900,0.305200,200,0.308900,100,4.820000,0.014200
1478536201858,0.308900,0.305200,200,0.308900,100,4.820000,0.014200
1478536203866,0.308900,0.305200,200,0.308900,100,4.820000,0.014200
1478536206361,0.308900,0.305200,200,0.308900,100,4.820000,0.014200
1478536208865,0.308900,0.305200,200,0.308900,100,4.820000,0.014200
1478536211362,0.308900,0.305200,200,0.308900,100,4.820000,0.014200
1478536213869,0.308900,0.305200,200,0.308900,100,4.820000,0.014200
1478536215881,0.308900,0.305200,200,0.308900,100,4.820000,0.014200
1478536218369,0.308900,0.305200,200,0.308900,100,4.820000,0.014200
1478536220368,0.308900,0.305200,200,0.308900,100,4.820000,0.014200
1478536223871,0.308900,0.305200,200,0.308900,100,4.820000,0.014200
1478536226371,0.308900,0.305200,200,0.308900,100,4.820000,0.014200
1478536229365,0.308900,0.305200,200,0.308900,100,4.820000,0.014200
1478536231885,0.308900,0.305200,200,0.308900,100,4.820000,0.014200
1478536234380,0.308900,0.305200,200,0.308900,100,4.820000,0.014200
1478536236870,0.308900,0.305200,200,0.308900,100,4.820000,0.014200
1478536239368,0.308900,0.305200,200,0.308900,100,4.820000,0.014200
1478536241879,0.308900,0.305200,200,0.308900,100,4.820000,0.014200
1478536243883,0.308900,0.305200,200,0.308900,100,4.820000,0.014200
1478536246418,0.308900,0.305200,200,0.308900,100,4.820000,0.014200
1478536248875,0.308900,0.305200,200,0.308900,100,4.820000,0.014200
1478536250878,0.308900,0.305200,200,0.308900,100,4.820000,0.014200
1478536253381,0.308900,0.305200,200,0.308900,100,4.820000,0.014200
1478536256381,0.308900,0.305200,200,0.308900,100,4.820000,0.014200
1478536258381,0.308900,0.305200,200,0.308900,100,4.820000,0.014200
1478536260903,0.308900,0.305200,200,0.308900,100,4.820000,0.014200
1478536263387,0.308900,0.305200,200,0.308900,100,4.820000,0.014200
1478536265889,0.308900,0.305200,200,0.308900,100,4.820000,0.014200
1478536269890,0.308900,0.305200,200,0.308900,100,4.820000,0.014200
1478536272392,0.308900,0.305200,200,0.308900,100,4.820000,0.014200
1478536274888,0.308900,0.305200,200,0.308900,100,4.820000,0.014200
1478536277391,0.308900,0.305200,200,0.308900,100,4.820000,0.014200
1478536278900,0.308900,0.305200,200,0.308900,100,4.820000,0.014200
1478536282396,0.308900,0.305200,200,0.308900,100,4.820000,0.014200
1478536284894,0.308900,0.305200,200,0.308900,100,4.820000,0.014200
1478536286941,0.308900,0.305200,200,0.308900,100,4.820000,0.014200
1478536290393,0.308900,0.305200,200,0.308900,100,4.820000,0.014200
1478536292399,0.308900,0.305200,200,0.308900,100,4.820000,0.014200
1478536294902,0.308900,0.305200,200,0.308900,100,4.820000,0.014200
1478536296910,0.308900,0.305200,200,0.308900,100,4.820000,0.014200
1478536299888,0.308900,0.305200,200,0.308900,100,4.820000,0.014200
1478536302401,0.308900,0.305200,200,0.308900,100,4.820000,0.014200
1478536304416,0.308900,0.305200,200,0.308900,100,4.820000,0.014200
1478536306883,0.308900,0.305200,200,0.308900,100,4.820000,0.014200
1478536309385,0.308900,0.305200,200,0.308900,100,4.820000,0.014200
1478536311899,0.308900,0.305200,200,0.308900,100,4.820000,0.014200
1478536314403,0.308900,0.305200,200,0.308900,100,4.820000,0.014200
1478536316914,0.308900,0.305200,200,0.308900,100,4.820000,0.014200
1478536319930,0.308900,0.305200,200,0.308900,100,4.820000,0.014200
1478536322906,0.308900,0.305200,200,0.308900,100,4.820000,0.014200
1478536324454,0.308900,0.305200,200,0.308900,100,4.820000,0.014200
1478536328893,0.308900,0.305200,200,0.308900,100,4.820000,0.014200
1478536330926,0.308900,0.305200,200,0.308900,100,4.820000,0.014200
1478536332946,0.307500,0.305200,200,0.308900,100,4.340000,0.012800
1478536335415,0.307500,0.305200,200,0.308900,100,4.340000,0.012800
1478536337916,0.307500,0.305200,200,0.308900,100,4.340000,0.012800
1478536342416,0.307500,0.305200,200,0.308900,100,4.340000,0.012800
1478536344906,0.307500,0.305200,200,0.308900,100,4.340000,0.012800
1478536347969,0.307500,0.305200,200,0.308900,100,4.340000,0.012800
1478536353464,0.307500,0.305200,200,0.308900,100,4.340000,0.012800
1478536357417,0.307500,0.305200,200,0.308900,100,4.340000,0.012800
1478536359956,0.307500,0.305200,200,0.308900,100,4.340000,0.012800
1478536362932,0.307500,0.305200,200,0.308900,100,4.340000,0.012800
1478536364414,0.307500,0.305200,200,0.308900,100,4.340000,0.012800
1478536367434,0.307500,0.305200,200,0.308900,100,4.340000,0.012800
1478536368923,0.307500,0.305200,200,0.308900,100,4.340000,0.012800
1478536372431,0.307500,0.305200,200,0.308900,100,4.340000,0.012800
1478536374432,0.307500,0.305200,200,0.308900,100,4.340000,0.012800
1478536376471,0.307500,0.305200,200,0.308900,100,4.340000,0.012800
1478536378932,0.307500,0.305200,200,0.308900,100,4.340000,0.012800
1478536382436,0.307500,0.305200,200,0.308900,100,4.340000,0.012800
1478536384435,0.307500,0.305200,200,0.308900,100,4.340000,0.012800
1478536387431,0.307500,0.305200,200,0.308900,100,4.340000,0.012800
1478536389931,0.307500,0.305200,200,0.308900,100,4.340000,0.012800
1478536392436,0.307500,0.305200,200,0.308900,100,4.340000,0.012800
1478536394433,0.307500,0.305200,200,0.308900,100,4.340000,0.012800
1478536397433,0.307500,0.305200,200,0.308900,100,4.340000,0.012800
1478536399933,0.307500,0.305200,200,0.308900,100,4.340000,0.012800
1478536401927,0.307500,0.305200,200,0.308900,100,4.340000,0.012800
1478536404460,0.307500,0.305200,200,0.308900,100,4.340000,0.012800
1478536406442,0.307500,0.305200,200,0.308900,100,4.340000,0.012800
1478536408935,0.307500,0.305200,200,0.308900,100,4.340000,0.012800
1478536411444,0.307500,0.305200,200,0.308900,100,4.340000,0.012800
1478536413945,0.307500,0.305200,200,0.308900,100,4.340000,0.012800
1478536417435,0.307500,0.305200,200,0.308900,100,4.340000,0.012800
1478536420445,0.307500,0.305200,200,0.308900,100,4.340000,0.012800
1478536424353,0.307500,0.305200,200,0.308900,100,4.340000,0.012800
1478536426355,0.307500,0.305200,200,0.308900,100,4.340000,0.012800
1478536428854,0.307500,0.305200,200,0.308900,100,4.340000,0.012800
1478536431354,0.307500,0.305200,200,0.308900,100,4.340000,0.012800
1478536433936,0.307500,0.305200,200,0.308900,100,4.340000,0.012800
1478536435855,0.307500,0.305200,200,0.308900,100,4.340000,0.012800
1478536438358,0.307500,0.305200,200,0.308900,100,4.340000,0.012800
1478536440859,0.307500,0.305200,200,0.308900,100,4.340000,0.012800
1478536443360,0.307500,0.305200,200,0.308900,100,4.340000,0.012800
1478536444860,0.307500,0.305200,200,0.308900,100,4.340000,0.012800
1478536447881,0.308400,0.305200,200,0.308900,100,4.650000,0.013700
1478536450365,0.308400,0.305200,200,0.308900,100,4.650000,0.013700
1478536452863,0.308400,0.305200,200,0.308900,100,4.650000,0.013700
1478536455365,0.308400,0.305200,200,0.308900,100,4.650000,0.013700
1478536457862,0.308400,0.305200,200,0.308900,100,4.650000,0.013700
1478536460370,0.308400,0.305200,200,0.308900,100,4.650000,0.013700
1478536462369,0.308400,0.305200,200,0.308900,100,4.650000,0.013700
1478536465871,0.308400,0.305200,200,0.308900,100,4.650000,0.013700
1478536468372,0.308400,0.305200,200,0.308900,100,4.650000,0.013700
1478536470871,0.308400,0.305200,200,0.308900,100,4.650000,0.013700
1478536473373,0.308400,0.305200,200,0.308900,100,4.650000,0.013700
1478536475870,0.308400,0.305200,200,0.308900,100,4.650000,0.013700
1478536478430,0.308400,0.305200,200,0.308900,100,4.650000,0.013700
1478536481870,0.308400,0.305200,200,0.308900,100,4.650000,0.013700
1478536484876,0.308400,0.305200,200,0.308900,100,4.650000,0.013700
1478536487891,0.308400,0.305200,200,0.308900,100,4.650000,0.013700
1478536490377,0.308400,0.305200,200,0.308900,100,4.650000,0.013700
1478536492868,0.308400,0.305200,200,0.308900,100,4.650000,0.013700
1478536495383,0.308400,0.305200,200,0.308900,100,4.650000,0.013700
1478536496880,0.308400,0.305200,200,0.308900,100,4.650000,0.013700
1478536499891,0.308400,0.305200,200,0.308900,100,4.650000,0.013700
1478536502892,0.308400,0.305200,200,0.308900,100,4.650000,0.013700
1478536504911,0.308400,0.305200,200,0.308900,100,4.650000,0.013700
1478536507895,0.308200,0.305200,200,0.308900,100,4.580000,0.013500
1478536510369,0.308200,0.305200,200,0.308900,100,4.580000,0.013500
1478536512893,0.308200,0.305200,200,0.308900,100,4.580000,0.013500
1478536514890,0.308200,0.305200,200,0.308900,100,4.580000,0.013500
1478536517391,0.308200,0.305200,200,0.308900,100,4.580000,0.013500
1478536519888,0.308200,0.305200,200,0.308900,100,4.580000,0.013500
1478536521912,0.308200,0.305200,200,0.308900,100,4.580000,0.013500
1478536523907,0.308200,0.305200,200,0.308900,100,4.580000,0.013500
1478536527398,0.308200,0.305200,200,0.308900,100,4.580000,0.013500
1478536529892,0.308200,0.305200,200,0.308900,100,4.580000,0.013500
1478536532387,0.308200,0.305200,200,0.308900,100,4.580000,0.013500
1478536534918,0.308200,0.305200,200,0.308900,100,4.580000,0.013500
1478536535408,0.308200,0.305200,200,0.308900,100,4.580000,0.013500
1478536539396,0.308200,0.305200,200,0.308900,100,4.580000,0.013500
1478536541393,0.308200,0.305200,200,0.308900,100,4.580000,0.013500
1478536544396,0.308200,0.305200,200,0.308900,100,4.580000,0.013500
1478536547395,0.308200,0.305200,200,0.308900,100,4.580000,0.013500
1478536549893,0.308200,0.305200,200,0.308900,100,4.580000,0.013500
1478536551921,0.308200,0.305200,200,0.308900,100,4.580000,0.013500
1478536553902,0.308200,0.305200,200,0.308900,100,4.580000,0.013500
1478536557400,0.308200,0.305200,200,0.308900,100,4.580000,0.013500
1478536559907,0.308200,0.305200,200,0.308900,100,4.580000,0.013500
1478536561905,0.308200,0.305200,200,0.308900,100,4.580000,0.013500
1478536564911,0.308200,0.305200,200,0.308900,100,4.580000,0.013500
1478536565408,0.308200,0.305200,200,0.308900,100,4.580000,0.013500
1478536569402,0.308200,0.305200,200,0.308900,100,4.580000,0.013500
1478536571416,0.308200,0.305200,200,0.308900,100,4.580000,0.013500
1478536573962,0.308200,0.305200,200,0.308900,100,4.580000,0.013500
1478536576909,0.308200,0.305200,200,0.308900,100,4.580000,0.013500
1478536578908,0.308200,0.305200,200,0.308900,100,4.580000,0.013500
1478536581928,0.308200,0.305300,900,0.308900,100,4.580000,0.013500
1478536583921,0.308200,0.305300,900,0.308900,100,4.580000,0.013500
1478536586908,0.307500,0.305300,900,0.308900,100,4.340000,0.012800
1478536587921,0.307500,0.305300,900,0.308900,100,4.340000,0.012800
1478536591923,0.307500,0.305300,900,0.308900,100,4.340000,0.012800
1478536594446,0.307500,0.305300,900,0.308900,100,4.340000,0.012800
1478536596922,0.307500,0.305300,900,0.308900,100,4.340000,0.012800
1478536598927,0.307500,0.305300,900,0.308900,100,4.340000,0.012800
1478536601415,0.307500,0.305300,900,0.308900,100,4.340000,0.012800
1478536603427,0.307500,0.305300,900,0.308900,100,4.340000,0.012800
1478536606922,0.307500,0.305300,900,0.308900,100,4.340000,0.012800
1478536608944,0.307500,0.305300,900,0.308900,100,4.340000,0.012800
1478536611452,0.307500,0.305300,900,0.308900,100,4.340000,0.012800
1478536615416,0.307500,0.305300,900,0.308900,100,4.340000,0.012800
1478536617933,0.307500,0.305300,500,0.308900,100,4.340000,0.012800
1478536620928,0.307500,0.305300,500,0.308900,100,4.340000,0.012800
1478536623470,0.307500,0.305300,500,0.308900,100,4.340000,0.012800
1478536625443,0.307500,0.305300,500,0.308900,100,4.340000,0.012800
1478536627457,0.307500,0.305300,500,0.308900,100,4.340000,0.012800
1478536630922,0.307500,0.305300,500,0.308900,100,4.340000,0.012800
1478536633424,0.307500,0.305300,500,0.308900,100,4.340000,0.012800
1478536635933,0.307500,0.305300,500,0.308900,100,4.340000,0.012800
1478536638446,0.307500,0.305300,500,0.308900,100,4.340000,0.012800
1478536641956,0.307500,0.305300,500,0.308900,100,4.340000,0.012800
1478536643937,0.307500,0.305300,500,0.308900,100,4.340000,0.012800
1478536646927,0.307500,0.305300,500,0.308900,100,4.340000,0.012800
1478536649432,0.307500,0.305300,500,0.308900,100,4.340000,0.012800
1478536652438,0.307500,0.305300,500,0.308900,100,4.340000,0.012800
1478536654443,0.307500,0.305300,500,0.308900,100,4.340000,0.012800
1478536656460,0.307500,0.305300,500,0.308900,100,4.340000,0.012800
1478536659445,0.307500,0.305300,500,0.308900,100,4.340000,0.012800
1478536661949,0.307500,0.305300,500,0.308900,100,4.340000,0.012800
1478536664448,0.307500,0.305300,500,0.308900,100,4.340000,0.012800
1478536666940,0.307500,0.305300,500,0.308900,100,4.340000,0.012800
1478536669359,0.307500,0.305300,500,0.308900,100,4.340000,0.012800
1478536671351,0.307500,0.305300,500,0.308900,100,4.340000,0.012800
1478536673853,0.307500,0.305300,500,0.308900,100,4.340000,0.012800
1478536676353,0.307500,0.305300,500,0.308900,100,4.340000,0.012800
1478536678852,0.307500,0.305300,500,0.308900,100,4.340000,0.012800
1478536680853,0.307500,0.305300,500,0.308900,100,4.340000,0.012800
1478536683887,0.307500,0.305300,500,0.308900,100,4.340000,0.012800
1478536685865,0.307500,0.305300,500,0.308900,100,4.340000,0.012800
1478536688360,0.307500,0.305300,500,0.308900,100,4.340000,0.012800
1478536690860,0.307500,0.305300,500,0.308900,100,4.340000,0.012800
1478536693361,0.307500,0.305300,500,0.308900,100,4.340000,0.012800
1478536695859,0.307500,0.305300,500,0.308900,100,4.340000,0.012800
1478536697862,0.307500,0.305300,500,0.308900,100,4.340000,0.012800
1478536700363,0.307500,0.305300,500,0.308900,100,4.340000,0.012800
1478536702879,0.307500,0.305300,500,0.308900,100,4.340000,0.012800
1478536705365,0.307500,0.305300,500,0.308900,100,4.340000,0.012800
1478536707864,0.307500,0.305300,500,0.308900,100,4.340000,0.012800
1478536710407,0.307500,0.305300,500,0.308900,100,4.340000,0.012800
1478536712862,0.307500,0.305300,500,0.308900,100,4.340000,0.012800
1478536714869,0.307500,0.305300,500,0.308900,100,4.340000,0.012800
1478536716868,0.307500,0.305300,500,0.308900,100,4.340000,0.012800
1478536719372,0.307500,0.305300,500,0.308900,100,4.340000,0.012800
1478536721869,0.307500,0.305300,500,0.308900,100,4.340000,0.012800
1478536723870,0.307500,0.305300,500,0.308900,100,4.340000,0.012800
1478536725873,0.307500,0.305300,500,0.308900,100,4.340000,0.012800
1478536729369,0.307500,0.305300,500,0.308900,100,4.340000,0.012800
1478536730884,0.307500,0.305300,500,0.308900,100,4.340000,0.012800
1478536732871,0.307500,0.305300,500,0.308900,100,4.340000,0.012800
1478536736373,0.307500,0.305300,500,0.308900,100,4.340000,0.012800
1478536739374,0.307500,0.305300,500,0.308900,100,4.340000,0.012800
1478536741875,0.307500,0.305300,500,0.308900,100,4.340000,0.012800
1478536743425,0.307500,0.305300,500,0.308900,100,4.340000,0.012800
1478536746882,0.307500,0.305300,500,0.308900,100,4.340000,0.012800
1478536749884,0.307500,0.305300,500,0.308900,100,4.340000,0.012800
1478536751863,0.307500,0.305300,500,0.308900,100,4.340000,0.012800
1478536754401,0.307500,0.305300,500,0.308900,100,4.340000,0.012800
1478536757399,0.307500,0.305300,500,0.308900,100,4.340000,0.012800
1478536759887,0.307500,0.305300,500,0.308900,100,4.340000,0.012800
1478536762432,0.307500,0.305300,500,0.308900,100,4.340000,0.012800
1478536765888,0.307500,0.305300,500,0.308900,100,4.340000,0.012800
1478536767881,0.307500,0.305300,500,0.308900,100,4.340000,0.012800
1478536770394,0.307500,0.305300,500,0.308900,100,4.340000,0.012800
1478536772889,0.307500,0.305300,500,0.308900,100,4.340000,0.012800
1478536775393,0.307500,0.305300,500,0.308900,100,4.340000,0.012800
1478536777904,0.307500,0.305300,500,0.308900,100,4.340000,0.012800
1478536780387,0.307500,0.305300,500,0.308900,100,4.340000,0.012800
1478536782900,0.307500,0.305300,500,0.308900,100,4.340000,0.012800
1478536784904,0.307500,0.305300,500,0.308900,100,4.340000,0.012800
1478536787401,0.307500,0.305300,500,0.308900,100,4.340000,0.012800
1478536790381,0.307500,0.305300,500,0.308900,100,4.340000,0.012800
1478536792401,0.307500,0.305300,500,0.308900,100,4.340000,0.012800
1478536794895,0.307500,0.305300,500,0.308900,100,4.340000,0.012800
1478536797923,0.307500,0.305300,500,0.308900,100,4.340000,0.012800
1478536799449,0.307500,0.305300,500,0.308900,100,4.340000,0.012800
1478536805393,0.307500,0.305300,500,0.308900,100,4.340000,0.012800
1478536807912,0.307500,0.305300,500,0.308900,100,4.340000,0.012800
1478536811910,0.307500,0.305300,500,0.308900,100,4.340000,0.012800
1478536813909,0.307500,0.305300,500,0.308900,100,4.340000,0.012800
1478536816914,0.307500,0.305300,500,0.308900,100,4.340000,0.012800
1478536819401,0.307500,0.305300,500,0.308900,100,4.340000,0.012800
1478536821905,0.307500,0.305300,500,0.308900,100,4.340000,0.012800
1478536824410,0.307500,0.305300,500,0.308900,100,4.340000,0.012800
1478536826900,0.307500,0.305300,500,0.308900,100,4.340000,0.012800
1478536829408,0.307500,0.305300,500,0.308900,100,4.340000,0.012800
1478536831430,0.307500,0.305300,500,0.308900,100,4.340000,0.012800
1478536833913,0.307500,0.305300,500,0.308900,100,4.340000,0.012800
1478536836416,0.307500,0.305300,500,0.308900,100,4.340000,0.012800
1478536838919,0.307500,0.305300,500,0.308900,100,4.340000,0.012800
1478536839918,0.307500,0.305300,500,0.308900,100,4.340000,0.012800
1478536842943,0.307500,0.305300,500,0.308900,100,4.340000,0.012800
1478536844954,0.307500,0.305300,500,0.308900,100,4.340000,0.012800
1478536847913,0.307500,0.305300,500,0.308900,100,4.340000,0.012800
1478536850422,0.307500,0.305300,500,0.308900,100,4.340000,0.012800
1478536852921,0.307500,0.305300,500,0.308900,100,4.340000,0.012800
1478536855418,0.307500,0.305300,500,0.308900,100,4.340000,0.012800
1478536857961,0.308200,0.305300,500,0.308900,100,4.580000,0.013500
1478536858904,0.308200,0.305300,500,0.308900,100,4.580000,0.013500
1478536862426,0.308200,0.305300,500,0.308900,100,4.580000,0.013500
1478536865437,0.308200,0.305300,500,0.308900,100,4.580000,0.013500
1478536867420,0.308200,0.305300,500,0.308900,100,4.580000,0.013500
1478536870444,0.308200,0.305300,500,0.308900,100,4.580000,0.013500
1478536871929,0.308200,0.305300,500,0.308900,100,4.580000,0.013500
1478536875454,0.308200,0.305300,500,0.308900,100,4.580000,0.013500
1478536877939,0.308200,0.305300,500,0.308900,100,4.580000,0.013500
1478536879931,0.308200,0.305300,500,0.308900,100,4.580000,0.013500
1478536882435,0.308200,0.305300,500,0.308900,100,4.580000,0.013500
1478536885435,0.308200,0.305300,500,0.308900,100,4.580000,0.013500
1478536887944,0.308200,0.305300,500,0.308900,100,4.580000,0.013500
1478536890932,0.308200,0.305300,500,0.308900,100,4.580000,0.013500
1478536893444,0.308200,0.305300,500,0.308900,100,4.580000,0.013500
1478536895936,0.308200,0.305300,500,0.308900,100,4.580000,0.013500
1478536897984,0.308200,0.305300,500,0.308900,100,4.580000,0.013500
1478536899950,0.308200,0.305300,500,0.308900,100,4.580000,0.013500
1478536901965,0.308200,0.305300,500,0.308900,100,4.580000,0.013500
1478536905440,0.308200,0.305300,500,0.308900,100,4.580000,0.013500
1478536907443,0.308200,0.305300,500,0.308900,100,4.580000,0.013500
1478536909949,0.307500,0.305300,500,0.308900,100,4.340000,0.012800
1478536911938,0.307500,0.305300,500,0.308900,100,4.340000,0.012800
1478536914929,0.307500,0.305300,500,0.308900,100,4.340000,0.012800
1478536917458,0.307500,0.305300,500,0.308900,100,4.340000,0.012800
1478536919947,0.307500,0.305300,500,0.308900,100,4.340000,0.012800
1478536922443,0.307500,0.305300,500,0.308900,100,4.340000,0.012800
1478536924852,0.307500,0.305300,500,0.308900,100,4.340000,0.012800
1478536927354,0.307500,0.305300,500,0.308900,100,4.340000,0.012800
1478536929863,0.307500,0.305300,500,0.308900,100,4.340000,0.012800
1478536932373,0.307500,0.305300,500,0.308900,100,4.340000,0.012800
1478536934846,0.307500,0.305300,500,0.308900,100,4.340000,0.012800
1478536937358,0.307500,0.305300,500,0.308900,100,4.340000,0.012800
1478536939363,0.307500,0.305300,500,0.308900,100,4.340000,0.012800
1478536941858,0.307500,0.305300,500,0.308900,100,4.340000,0.012800
1478536944865,0.307500,0.305300,500,0.308900,100,4.340000,0.012800
1478536946886,0.307500,0.305300,500,0.308900,100,4.340000,0.012800
1478536949364,0.307500,0.305300,500,0.308900,100,4.340000,0.012800
1478536951872,0.307500,0.305300,500,0.308900,100,4.340000,0.012800
1478536954367,0.307500,0.305300,500,0.308900,100,4.340000,0.012800
1478536956363,0.307500,0.305300,500,0.308900,100,4.340000,0.012800
1478536959365,0.307500,0.305300,500,0.308900,100,4.340000,0.012800
1478536962871,0.307500,0.305300,500,0.308900,100,4.340000,0.012800
1478536965369,0.307500,0.305300,500,0.308900,100,4.340000,0.012800
1478536967877,0.307500,0.305300,500,0.308900,100,4.340000,0.012800
1478536970370,0.307500,0.305300,500,0.308900,100,4.340000,0.012800
1478536972878,0.307500,0.305300,500,0.308900,100,4.340000,0.012800
1478536974885,0.307500,0.305300,500,0.308900,100,4.340000,0.012800
1478536977876,0.305300,0.305300,500,0.308900,100,3.600000,0.010600
1478536979859,0.305300,0.305300,500,0.308900,100,3.600000,0.010600
1478536981906,0.305300,0.305300,500,0.308900,100,3.600000,0.010600
1478536984877,0.305300,0.305300,500,0.308900,100,3.600000,0.010600
1478536987373,0.305300,0.305300,500,0.308900,100,3.600000,0.010600
1478536989892,0.307500,0.305300,500,0.308900,100,4.340000,0.012800
1478536991895,0.307500,0.305300,500,0.308900,100,4.340000,0.012800
1478536995385,0.307500,0.305300,500,0.308900,100,4.340000,0.012800
1478536998383,0.307500,0.305300,500,0.308900,100,4.340000,0.012800
1478537000884,0.307500,0.305300,500,0.308900,100,4.340000,0.012800
1478537003416,0.307500,0.305300,500,0.308900,100,4.340000,0.012800
1478537005899,0.307500,0.305300,500,0.308900,100,4.340000,0.012800
1478537008891,0.307500,0.305300,500,0.308900,100,4.340000,0.012800
1478537010387,0.307500,0.305300,500,0.308900,100,4.340000,0.012800
1478537013888,0.307500,0.305300,500,0.308900,100,4.340000,0.012800
1478537016384,0.307500,0.305300,500,0.308900,100,4.340000,0.012800
1478537018377,0.307500,0.305300,500,0.308900,100,4.340000,0.012800
1478537019431,0.307500,0.305300,500,0.308900,100,4.340000,0.012800
1478537023387,0.307500,0.305300,500,0.308900,100,4.340000,0.012800
1478537025899,0.307500,0.305300,500,0.308900,100,4.340000,0.012800
1478537028395,0.307500,0.305300,500,0.308900,100,4.340000,0.012800
1478537030887,0.307500,0.305300,500,0.308900,100,4.340000,0.012800
1478537032905,0.307500,0.305300,500,0.308900,100,4.340000,0.012800
1478537035422,0.307500,0.305300,500,0.308900,100,4.340000,0.012800
1478537037882,0.307500,0.305300,500,0.308900,100,4.340000,0.012800
1478537040878,0.307500,0.305300,500,0.308900,100,4.340000,0.012800
1478537043393,0.307500,0.305300,500,0.308900,100,4.340000,0.012800
1478537045896,0.307500,0.305300,500,0.308900,100,4.340000,0.012800
1478537049392,0.307500,0.305300,500,0.308900,100,4.340000,0.012800
1478537051896,0.307500,0.305300,500,0.308900,100,4.340000,0.012800
1478537054411,0.307500,0.305300,500,0.308900,100,4.340000,0.012800
1478537056905,0.307500,0.305300,500,0.308900,100,4.340000,0.012800
1478537058410,0.307500,0.305300,500,0.308900,100,4.340000,0.012800
1478537061920,0.307500,0.305300,500,0.308900,100,4.340000,0.012800
1478537063927,0.307500,0.305300,500,0.308900,100,4.340000,0.012800
1478537066906,0.307500,0.305300,500,0.308900,100,4.340000,0.012800
1478537068910,0.307500,0.305300,500,0.308900,100,4.340000,0.012800
1478537071897,0.307500,0.305300,500,0.308900,100,4.340000,0.012800
1478537074410,0.307500,0.305300,500,0.308900,100,4.340000,0.012800
1478537075427,0.307500,0.305300,500,0.308900,100,4.340000,0.012800
1478537077916,0.307500,0.305300,500,0.308900,100,4.340000,0.012800
1478537080418,0.307500,0.305300,500,0.308900,100,4.340000,0.012800
1478537082927,0.307500,0.305300,500,0.308900,100,4.340000,0.012800
1478537085906,0.307500,0.305300,500,0.308900,100,4.340000,0.012800
1478537087922,0.307500,0.305300,500,0.308900,100,4.340000,0.012800
1478537090932,0.307500,0.305300,500,0.308900,100,4.340000,0.012800
1478537093911,0.307500,0.305300,500,0.308900,100,4.340000,0.012800
1478537096926,0.307500,0.305300,500,0.308900,100,4.340000,0.012800
1478537099413,0.307500,0.305300,500,0.308900,100,4.340000,0.012800
1478537102425,0.307500,0.305300,500,0.308900,100,4.340000,0.012800
1478537104415,0.307500,0.305300,500,0.308900,100,4.340000,0.012800
1478537107420,0.307500,0.305300,500,0.308900,100,4.340000,0.012800
1478537111928,0.307500,0.305300,500,0.308900,100,4.340000,0.012800
1478537113968,0.307500,0.305300,500,0.308900,100,4.340000,0.012800
1478537116430,0.307500,0.305300,500,0.308900,100,4.340000,0.012800
1478537119449,0.307500,0.305300,500,0.308900,100,4.340000,0.012800
1478537121445,0.307500,0.305300,500,0.308900,100,4.340000,0.012800
1478537124424,0.307500,0.305300,500,0.308900,100,4.340000,0.012800
1478537126965,0.307500,0.305300,500,0.308900,100,4.340000,0.012800
1478537129405,0.307500,0.305300,500,0.308900,100,4.340000,0.012800
1478537131431,0.307500,0.305300,500,0.308900,100,4.340000,0.012800
1478537133945,0.307500,0.305300,500,0.308900,100,4.340000,0.012800
1478537136465,0.307500,0.305300,500,0.308900,100,4.340000,0.012800
1478537138440,0.307500,0.305300,500,0.308900,100,4.340000,0.012800
1478537140932,0.307500,0.305300,500,0.308900,100,4.340000,0.012800
1478537142938,0.307500,0.305300,500,0.308900,100,4.340000,0.012800
1478537145423,0.307500,0.305300,500,0.308900,100,4.340000,0.012800
1478537147949,0.307500,0.305300,500,0.308900,100,4.340000,0.012800
1478537148950,0.307500,0.305300,500,0.308900,100,4.340000,0.012800
1478537152917,0.307500,0.305300,500,0.308900,100,4.340000,0.012800
1478537154432,0.307500,0.305300,500,0.308900,100,4.340000,0.012800
1478537157953,0.307500,0.305300,500,0.308900,100,4.340000,0.012800
1478537161001,0.307500,0.305300,500,0.308900,100,4.340000,0.012800
1478537162957,0.307500,0.305300,500,0.308900,100,4.340000,0.012800
1478537165957,0.307500,0.305300,500,0.308900,100,4.340000,0.012800
1478537505880,0.305400,0.305400,400,0.308900,100,3.630000,0.010700
1478537508937,0.305400,0.305400,400,0.308900,100,3.630000,0.010700
1478537511381,0.305400,0.305400,400,0.308900,100,3.630000,0.010700
1478537513884,0.305400,0.305400,400,0.308900,100,3.630000,0.010700
1478537516389,0.307500,0.305400,400,0.308900,100,4.340000,0.012800
1478537518900,0.307500,0.305400,400,0.308900,100,4.340000,0.012800
1478537521394,0.307500,0.305400,400,0.308900,100,4.340000,0.012800
1478537524388,0.307500,0.305400,400,0.308900,100,4.340000,0.012800
1478538437867,0.309300,0.307600,200,0.309200,1000,4.950000,0.014600
1478538440854,0.309300,0.307500,1200,0.309200,900,4.950000,0.014600
1478538442853,0.309300,0.307500,1200,0.309200,900,4.950000,0.014600
1478538445853,0.309300,0.307500,1200,0.308200,200,4.950000,0.014600
1478538448362,0.309300,0.307500,1200,0.308100,1000,4.950000,0.014600
1478538450854,0.309300,0.307500,1200,0.308100,1000,4.950000,0.014600
1478538453361,0.309300,0.307500,1200,0.308100,1000,4.950000,0.014600
1478538455869,0.309300,0.307500,1200,0.308200,100,4.950000,0.014600
1478538458352,0.309300,0.307500,1200,0.308200,100,4.950000,0.014600
1478538460359,0.309300,0.307500,1200,0.308200,100,4.950000,0.014600
1478538462864,0.309300,0.307500,1200,0.308200,100,4.950000,0.014600
1478538465866,0.309300,0.307500,1200,0.308200,100,4.950000,0.014600
1478538467902,0.309300,0.307500,1200,0.308200,100,4.950000,0.014600
1478538470394,0.309300,0.307500,1200,0.308200,100,4.950000,0.014600
1478538472864,0.309300,0.307500,1200,0.308200,100,4.950000,0.014600
1478538475363,0.309300,0.307500,1200,0.308200,100,4.950000,0.014600
1478538478366,0.309300,0.307500,1200,0.308200,100,4.950000,0.014600
1478538480366,0.309300,0.307500,1200,0.308200,100,4.950000,0.014600
1478538483378,0.309300,0.307500,1200,0.308200,100,4.950000,0.014600
1478538484880,0.309300,0.307500,1200,0.308200,100,4.950000,0.014600
1478538487860,0.309300,0.307500,1200,0.309300,100,4.950000,0.014600
1478538490376,0.309300,0.307500,1200,0.309300,100,4.950000,0.014600
1478538491853,0.309300,0.307500,1200,0.309200,1300,4.950000,0.014600
1478538495372,0.309300,0.307500,1200,0.309200,1300,4.950000,0.014600
1478538497885,0.309300,0.307500,1200,0.309200,1300,4.950000,0.014600
1478538499877,0.309300,0.307500,1200,0.309200,1300,4.950000,0.014600
1478538502876,0.309300,0.307500,1200,0.309200,800,4.950000,0.014600
1478538505880,0.309300,0.307500,1200,0.309200,400,4.950000,0.014600
1478538507896,0.309300,0.307500,1200,0.309200,400,4.950000,0.014600
1478538510883,0.309300,0.307500,1200,0.309200,400,4.950000,0.014600
1478538513407,0.309300,0.307500,1200,0.309200,200,4.950000,0.014600
1478538515885,0.309300,0.307500,1200,0.307700,200,4.950000,0.014600
1478538518389,0.309300,0.307500,1200,0.307600,1000,4.950000,0.014600
1478538520877,0.309300,0.307500,1200,0.307600,1000,4.950000,0.014600
1478538523392,0.307600,0.307500,1200,0.307600,1000,4.380000,0.012900
1478538525385,0.307600,0.307500,1200,0.307600,1000,4.380000,0.012900
1478538527908,0.307500,0.307500,900,0.307600,1000,4.340000,0.012800
1478538530436,0.307500,0.307500,900,0.307600,1000,4.340000,0.012800
1478538532891,0.307500,0.307500,900,0.307600,1000,4.340000,0.012800
1478538534890,0.307500,0.307500,900,0.307600,1000,4.340000,0.012800
1478538537393,0.307500,0.307500,900,0.307600,1000,4.340000,0.012800
1478538540390,0.307500,0.307500,900,0.307600,1000,4.340000,0.012800
1478538543386,0.307500,0.307500,900,0.307600,1000,4.340000,0.012800
1478538545901,0.307500,0.307500,900,0.307600,1000,4.340000,0.012800
1478538548397,0.307500,0.307500,900,0.307600,1000,4.340000,0.012800
1478538549895,0.307500,0.307500,900,0.307600,1000,4.340000,0.012800
1478538552951,0.307500,0.307500,900,0.307600,1000,4.340000,0.012800
1478538555401,0.307500,0.307500,900,0.307600,1000,4.340000,0.012800
1478538557910,0.307500,0.307500,900,0.307600,1000,4.340000,0.012800
1478538560394,0.307500,0.307500,900,0.307600,1000,4.340000,0.012800
1478538562901,0.307500,0.307500,900,0.307600,1000,4.340000,0.012800
1478538564889,0.307500,0.307500,900,0.307600,1000,4.340000,0.012800
1478538567909,0.307500,0.307500,900,0.307600,1000,4.340000,0.012800
1478538570407,0.307500,0.307500,900,0.307600,1000,4.340000,0.012800
1478538573950,0.307500,0.307500,900,0.307600,1000,4.340000,0.012800
1478538576418,0.307500,0.307500,900,0.307600,1000,4.340000,0.012800
1478538579411,0.307500,0.307500,900,0.307600,1000,4.340000,0.012800
1478538581409,0.307500,0.307500,900,0.307600,1000,4.340000,0.012800
1478538586456,0.307500,0.307500,900,0.307600,1000,4.340000,0.012800
1478538587939,0.307500,0.307500,900,0.307600,1000,4.340000,0.012800
1478538591412,0.307500,0.307500,900,0.307600,1000,4.340000,0.012800
1478538593914,0.307500,0.307500,900,0.307600,1000,4.340000,0.012800
1478538597920,0.307500,0.307500,900,0.307600,1000,4.340000,0.012800
1478538600425,0.307500,0.307500,900,0.307600,1000,4.340000,0.012800
1478538602921,0.307500,0.307500,900,0.307600,1000,4.340000,0.012800
1478538605920,0.307500,0.307500,900,0.307600,1000,4.340000,0.012800
1478538608419,0.307500,0.307500,900,0.307600,1000,4.340000,0.012800
1478538611465,0.307500,0.307500,900,0.307600,1000,4.340000,0.012800
1478538613906,0.307500,0.307500,900,0.307600,1000,4.340000,0.012800
1478538615932,0.307500,0.307500,900,0.307600,1000,4.340000,0.012800
1478538618940,0.307500,0.307500,900,0.307600,1000,4.340000,0.012800
1478538621420,0.307500,0.307500,900,0.307600,1000,4.340000,0.012800
1478538622929,0.307500,0.307500,900,0.307600,1000,4.340000,0.012800
1478538626427,0.307500,0.307500,900,0.307600,1000,4.340000,0.012800
1478538628432,0.307500,0.307500,900,0.307600,1000,4.340000,0.012800
1478538631456,0.307500,0.307500,900,0.307600,1000,4.340000,0.012800
1478538633922,0.307500,0.307500,900,0.307600,1000,4.340000,0.012800
1478538636414,0.307500,0.307500,900,0.307600,1000,4.340000,0.012800
1478538638440,0.307500,0.307500,900,0.307600,1000,4.340000,0.012800
1478538641423,0.307500,0.307500,900,0.307600,1000,4.340000,0.012800
1478538643429,0.307500,0.307500,900,0.307600,1000,4.340000,0.012800
1478538645933,0.307500,0.307500,900,0.307600,1000,4.340000,0.012800
1478538645933,0.307500,0.307500,900,0.307600,1000,4.340000,0.012800
1478538650924,0.307500,0.307500,900,0.307600,1000,4.340000,0.012800
1478538653437,0.307500,0.307500,900,0.307600,1000,4.340000,0.012800
1478538655927,0.307500,0.307500,900,0.307600,1000,4.340000,0.012800
1478538658432,0.307500,0.307500,900,0.307600,1000,4.340000,0.012800
1478538660917,0.307500,0.307500,900,0.307600,1000,4.340000,0.012800
1478538663431,0.307500,0.307500,900,0.307600,1000,4.340000,0.012800
1478538665434,0.307500,0.307500,900,0.307600,1000,4.340000,0.012800
1478538667926,0.307500,0.307500,900,0.307600,1000,4.340000,0.012800
1478538670432,0.307500,0.307500,900,0.307600,1000,4.340000,0.012800
1478538672450,0.307500,0.307500,900,0.307600,1000,4.340000,0.012800
1478538674943,0.307500,0.307500,900,0.307600,1000,4.340000,0.012800
1478538677850,0.307500,0.307500,900,0.307600,1000,4.340000,0.012800
1478538679851,0.307500,0.307500,900,0.307600,1000,4.340000,0.012800
1478538682349,0.307500,0.307500,900,0.307600,1000,4.340000,0.012800
1478538684851,0.307500,0.307500,900,0.307600,1000,4.340000,0.012800
1478538687367,0.307500,0.307500,900,0.307600,1000,4.340000,0.012800
1478538689856,0.307500,0.307500,900,0.307600,1000,4.340000,0.012800
1478538692354,0.307500,0.307500,900,0.307600,1000,4.340000,0.012800
1478538694857,0.307500,0.307500,900,0.307600,1000,4.340000,0.012800
1478538697855,0.307500,0.307500,900,0.307600,1000,4.340000,0.012800
1478538700358,0.307500,0.307500,900,0.307600,1000,4.340000,0.012800
1478538702359,0.307500,0.307500,900,0.307600,1000,4.340000,0.012800
1478538704860,0.307500,0.307500,900,0.307600,1000,4.340000,0.012800
1478538707361,0.307500,0.307500,900,0.307600,1000,4.340000,0.012800
1478538709857,0.307500,0.307500,900,0.307600,1000,4.340000,0.012800
1478538712362,0.307500,0.307500,900,0.307600,1000,4.340000,0.012800
1478538714892,0.307500,0.307500,900,0.307600,1000,4.340000,0.012800
1478538717371,0.307500,0.307500,900,0.307600,1000,4.340000,0.012800
1478538719368,0.307500,0.307500,900,0.307600,1000,4.340000,0.012800
1478538721869,0.307500,0.307500,900,0.307600,1000,4.340000,0.012800
1478538724375,0.307500,0.307500,900,0.307600,1000,4.340000,0.012800
1478538726875,0.307500,0.307500,900,0.307600,1000,4.340000,0.012800
1478538727865,0.307500,0.307500,900,0.307600,1000,4.340000,0.012800
1478538732378,0.307500,0.307500,900,0.307600,1000,4.340000,0.012800
1478538734869,0.307500,0.307500,900,0.307600,1000,4.340000,0.012800
1478538737374,0.307500,0.307500,900,0.307600,1000,4.340000,0.012800
1478538739374,0.307500,0.307500,900,0.307600,1000,4.340000,0.012800
1478538742372,0.307500,0.307500,900,0.307600,1000,4.340000,0.012800
1478538744879,0.307500,0.307500,900,0.307600,1000,4.340000,0.012800
1478538746916,0.307500,0.307500,900,0.307600,1000,4.340000,0.012800
1478538749376,0.307500,0.307500,900,0.307600,1000,4.340000,0.012800
1478538751880,0.307500,0.307500,900,0.307600,1000,4.340000,0.012800
1478538753885,0.307500,0.307500,900,0.307600,1000,4.340000,0.012800
1478538755376,0.307500,0.307500,900,0.307600,1000,4.340000,0.012800
1478538758384,0.307500,0.307500,900,0.307600,1000,4.340000,0.012800
1478538760400,0.307500,0.307500,900,0.307600,1000,4.340000,0.012800
1478538763889,0.307500,0.307500,900,0.307600,1000,4.340000,0.012800
1478538765890,0.307500,0.307500,900,0.307600,1000,4.340000,0.012800
1478538768882,0.307500,0.307500,900,0.307600,1000,4.340000,0.012800
1478538770880,0.307500,0.307500,900,0.307600,1000,4.340000,0.012800
1478538773399,0.307500,0.307500,900,0.307600,1000,4.340000,0.012800
1478538775373,0.307500,0.307500,900,0.307600,1000,4.340000,0.012800
1478538777390,0.307500,0.307500,900,0.307600,1000,4.340000,0.012800
1478538780389,0.307500,0.307500,900,0.307600,1000,4.340000,0.012800
1478538782888,0.307500,0.307500,900,0.307600,1000,4.340000,0.012800
1478538785391,0.307500,0.307500,900,0.307600,1000,4.340000,0.012800
1478538787882,0.307500,0.307500,900,0.307600,1000,4.340000,0.012800
1478538789903,0.307500,0.307500,900,0.307600,1000,4.340000,0.012800
1478538792398,0.307600,0.307500,900,0.307600,1000,4.380000,0.012900
1478538794900,0.307600,0.307500,900,0.307600,1000,4.380000,0.012900
1478538797889,0.307600,0.307500,900,0.307600,1000,4.380000,0.012900
1478538799896,0.307600,0.307500,900,0.307600,1000,4.380000,0.012900
1478538802406,0.307600,0.307500,900,0.307600,1000,4.380000,0.012900
1478538805381,0.307600,0.307500,900,0.307600,1000,4.380000,0.012900
1478538808395,0.307600,0.307500,900,0.307600,1000,4.380000,0.012900
1478538810896,0.307600,0.307500,900,0.307600,1000,4.380000,0.012900
1478538812896,0.307600,0.307500,900,0.307600,1000,4.380000,0.012900
1478538816905,0.307600,0.307500,900,0.307600,1000,4.380000,0.012900
1478538818909,0.307600,0.307500,900,0.307600,1000,4.380000,0.012900
1478538821905,0.307600,0.307500,900,0.307600,1000,4.380000,0.012900
1478538824405,0.307600,0.307500,900,0.307600,1000,4.380000,0.012900
1478538826913,0.307600,0.307500,900,0.307600,1000,4.380000,0.012900
1478538829909,0.307600,0.307500,900,0.307600,1000,4.380000,0.012900
1478538831900,0.307600,0.307500,900,0.307600,1000,4.380000,0.012900
1478538833910,0.307600,0.307500,900,0.307600,1000,4.380000,0.012900
1478538837409,0.307600,0.307500,900,0.307600,1000,4.380000,0.012900
1478538839911,0.307600,0.307500,900,0.307600,1000,4.380000,0.012900
1478538842977,0.307600,0.307500,900,0.307600,1000,4.380000,0.012900
1478538845935,0.307600,0.307500,900,0.307600,1000,4.380000,0.012900
1478538848435,0.307600,0.307500,900,0.307600,1000,4.380000,0.012900
1478538851906,0.307600,0.307500,900,0.307600,1000,4.380000,0.012900
1478538854412,0.307600,0.307500,900,0.307600,1000,4.380000,0.012900
1478538856424,0.307600,0.307500,900,0.307600,1000,4.380000,0.012900
1478538859421,0.307600,0.307500,900,0.307600,1000,4.380000,0.012900
1478538862923,0.307600,0.307500,900,0.307600,1000,4.380000,0.012900
1478538865440,0.307600,0.307500,900,0.307600,1000,4.380000,0.012900
1478538867956,0.307600,0.307500,900,0.307600,1000,4.380000,0.012900
1478538870435,0.307600,0.307500,900,0.307600,1000,4.380000,0.012900
1478538873425,0.307600,0.307500,900,0.307600,1000,4.380000,0.012900
1478538875457,0.307600,0.307500,900,0.307600,1000,4.380000,0.012900
1478538877937,0.307600,0.307500,900,0.307600,1000,4.380000,0.012900
1478538880476,0.307600,0.307500,900,0.307600,1000,4.380000,0.012900
1478538882938,0.307600,0.307500,900,0.307600,1000,4.380000,0.012900
1478538885433,0.307600,0.307500,900,0.307600,1000,4.380000,0.012900
1478538887432,0.307600,0.307500,900,0.307600,1000,4.380000,0.012900
1478538889941,0.307600,0.307500,900,0.307600,1000,4.380000,0.012900
1478538891946,0.307600,0.307500,900,0.307600,1000,4.380000,0.012900
1478538893950,0.307600,0.307500,900,0.307600,1000,4.380000,0.012900
1478538896941,0.307600,0.307500,900,0.307600,1000,4.380000,0.012900
1478538898951,0.307600,0.307500,900,0.307600,1000,4.380000,0.012900
1478538901434,0.307600,0.307500,900,0.307600,1000,4.380000,0.012900
1478538902942,0.307600,0.307500,900,0.307600,1000,4.380000,0.012900
1478538907478,0.307600,0.307500,900,0.307600,1000,4.380000,0.012900
1478538909952,0.307600,0.307500,900,0.307600,1000,4.380000,0.012900
1478538911948,0.307600,0.307500,900,0.307600,1000,4.380000,0.012900
1478538914444,0.307600,0.307500,900,0.307600,1000,4.380000,0.012900
1478538916939,0.307600,0.307500,900,0.307600,1000,4.380000,0.012900
1478538919477,0.307600,0.307500,900,0.307600,1000,4.380000,0.012900
1478538919477,0.307600,0.307500,900,0.307600,1000,4.380000,0.012900
1478538922947,0.307600,0.307500,900,0.307600,1000,4.380000,0.012900
1478538926854,0.307600,0.307500,900,0.307600,1000,4.380000,0.012900
1478538929353,0.307600,0.307500,900,0.307600,1000,4.380000,0.012900
1478538931354,0.307600,0.307500,900,0.307600,1000,4.380000,0.012900
1478538933873,0.307600,0.307500,900,0.307600,1000,4.380000,0.012900
1478538936855,0.307600,0.307500,900,0.307600,1000,4.380000,0.012900
1478538939359,0.307600,0.307500,900,0.307600,1000,4.380000,0.012900
1478538941860,0.307600,0.307500,900,0.307600,1000,4.380000,0.012900
1478538944850,0.307600,0.307500,900,0.307600,1000,4.380000,0.012900
1478538946861,0.307600,0.307500,900,0.307600,1000,4.380000,0.012900
1478538949363,0.307600,0.307500,900,0.307600,1000,4.380000,0.012900
1478538951861,0.307600,0.307500,900,0.307600,1000,4.380000,0.012900
1478538954359,0.307600,0.307500,900,0.307600,1000,4.380000,0.012900
1478538956869,0.307600,0.307500,900,0.307600,1000,4.380000,0.012900
1478538959368,0.307600,0.307500,900,0.307600,1000,4.380000,0.012900
1478538961876,0.307600,0.307500,900,0.307600,1000,4.380000,0.012900
1478538963862,0.307600,0.307500,900,0.307600,1000,4.380000,0.012900
1478538965873,0.307600,0.307500,900,0.307600,1000,4.380000,0.012900
1478538968866,0.307600,0.307500,900,0.307600,1000,4.380000,0.012900
1478538970368,0.307600,0.307500,900,0.307600,1000,4.380000,0.012900
1478538973360,0.307600,0.307500,900,0.307600,1000,4.380000,0.012900
1478538976375,0.307600,0.307500,900,0.307600,1000,4.380000,0.012900
1478538978881,0.307600,0.307500,900,0.307600,1000,4.380000,0.012900
1478538981878,0.307600,0.307500,900,0.307600,1000,4.380000,0.012900
1478538983874,0.307600,0.307500,900,0.307600,1000,4.380000,0.012900
1478538986378,0.307600,0.307500,900,0.307600,1000,4.380000,0.012900
1478538992377,0.307600,0.307500,900,0.307600,1000,4.380000,0.012900
1478538994880,0.307600,0.307500,900,0.307600,1000,4.380000,0.012900
1478538997368,0.307600,0.307500,900,0.307600,1000,4.380000,0.012900
1478538999394,0.307600,0.307500,900,0.307600,1000,4.380000,0.012900
1478539001884,0.307600,0.307500,900,0.307600,1000,4.380000,0.012900
1478539003885,0.307600,0.307500,900,0.307600,1000,4.380000,0.012900
1478539006890,0.307600,0.307500,900,0.307600,1000,4.380000,0.012900
1478539009388,0.307600,0.307500,900,0.307600,1000,4.380000,0.012900
1478539011901,0.307600,0.307500,900,0.307600,1000,4.380000,0.012900
1478539013890,0.307600,0.307500,900,0.307600,1000,4.380000,0.012900
1478539016936,0.307600,0.307500,900,0.307600,1000,4.380000,0.012900
1478539018889,0.307600,0.307500,900,0.307600,1000,4.380000,0.012900
1478539021904,0.307600,0.307500,900,0.307600,1000,4.380000,0.012900
1478539025895,0.307600,0.307500,900,0.307600,1000,4.380000,0.012900
1478539028378,0.307600,0.307500,900,0.307600,1000,4.380000,0.012900
1478539031893,0.307600,0.307500,900,0.307600,1000,4.380000,0.012900
1478539034401,0.307600,0.307500,900,0.307600,1000,4.380000,0.012900
1478539036404,0.307600,0.307500,900,0.307600,1000,4.380000,0.012900
1478539038912,0.307600,0.307500,900,0.307600,1000,4.380000,0.012900
1478539040900,0.307600,0.307500,900,0.307600,1000,4.380000,0.012900
1478539043398,0.307600,0.307500,900,0.307600,1000,4.380000,0.012900
1478539045954,0.307600,0.307500,900,0.307600,1000,4.380000,0.012900
1478539048889,0.307600,0.307500,900,0.307600,1000,4.380000,0.012900
1478539051402,0.307600,0.307500,900,0.307600,1000,4.380000,0.012900
1478539054397,0.307600,0.307500,900,0.307600,1000,4.380000,0.012900
1478539057404,0.307600,0.307500,900,0.307600,1000,4.380000,0.012900
1478539059912,0.307600,0.307500,900,0.307600,900,4.380000,0.012900
1478539061895,0.307600,0.307500,900,0.307600,900,4.380000,0.012900
1478539064919,0.307600,0.307500,900,0.307600,900,4.380000,0.012900
1478539070417,0.307600,0.307500,900,0.307600,900,4.380000,0.012900
1478539073409,0.307600,0.307500,900,0.307600,900,4.380000,0.012900
1478539076412,0.307600,0.307500,900,0.307600,900,4.380000,0.012900
1478539078908,0.307600,0.307500,900,0.307600,900,4.380000,0.012900
1478539081451,0.307600,0.307500,900,0.307600,900,4.380000,0.012900
1478539083422,0.307600,0.307500,900,0.307600,900,4.380000,0.012900
1478539086427,0.307600,0.307500,900,0.307600,900,4.380000,0.012900
1478539088416,0.307600,0.307500,900,0.307600,900,4.380000,0.012900
1478539090913,0.308400,0.307500,1300,0.309300,100,4.650000,0.013700
1478539093429,0.308400,0.307500,1300,0.309300,100,4.650000,0.013700
1478539094915,0.308400,0.307500,1300,0.309300,100,4.650000,0.013700
1478539097920,0.308400,0.307500,1300,0.309300,100,4.650000,0.013700
1478539100919,0.308400,0.307500,1300,0.309300,100,4.650000,0.013700
1478539103415,0.308400,0.307500,1300,0.309300,100,4.650000,0.013700
1478539105421,0.308400,0.307500,1300,0.309300,100,4.650000,0.013700
1478539107912,0.308400,0.307500,1300,0.309300,100,4.650000,0.013700
1478539110429,0.308400,0.307500,1300,0.309300,100,4.650000,0.013700
1478539112928,0.308400,0.307500,1300,0.309300,100,4.650000,0.013700
1478539115425,0.308400,0.307500,1300,0.309300,100,4.650000,0.013700
1478539118428,0.308400,0.307500,1300,0.309300,100,4.650000,0.013700
1478539121934,0.308400,0.307500,1300,0.309300,100,4.650000,0.013700
1478539124448,0.308400,0.307500,1300,0.309300,100,4.650000,0.013700
1478539126454,0.308400,0.307500,1300,0.309300,100,4.650000,0.013700
1478539128933,0.308400,0.307500,1300,0.309300,100,4.650000,0.013700
1478539131436,0.307500,0.307500,900,0.309200,1100,4.340000,0.012800
1478539133432,0.307500,0.307500,900,0.309200,1100,4.340000,0.012800
1478539135932,0.307500,0.307500,900,0.309200,1100,4.340000,0.012800
1478539138444,0.307500,0.307500,900,0.309200,1100,4.340000,0.012800
1478539140940,0.307500,0.307500,900,0.309200,1100,4.340000,0.012800
1478539143442,0.307500,0.307500,900,0.309200,1100,4.340000,0.012800
1478539145947,0.307500,0.307500,900,0.309200,1100,4.340000,0.012800
1478539148448,0.307500,0.307500,900,0.309200,1100,4.340000,0.012800
1478539150495,0.307500,0.307500,900,0.309200,1100,4.340000,0.012800
1478539153464,0.307500,0.307500,900,0.309200,1100,4.340000,0.012800
1478539155986,0.307500,0.307500,900,0.309200,1100,4.340000,0.012800
1478539157455,0.307500,0.307500,900,0.309200,1100,4.340000,0.012800
1478539160953,0.307500,0.307500,900,0.309200,400,4.340000,0.012800
1478539162963,0.307500,0.307500,900,0.309200,400,4.340000,0.012800
1478539165440,0.307500,0.307500,900,0.309200,400,4.340000,0.012800
1478539167959,0.307500,0.307500,900,0.309200,400,4.340000,0.012800
1478539170410,0.307500,0.307500,900,0.309200,400,4.340000,0.012800
1478539173356,0.307500,0.307500,900,0.309200,400,4.340000,0.012800
1478539175353,0.307500,0.307500,900,0.309200,400,4.340000,0.012800
1478539177908,0.307500,0.307500,900,0.309200,400,4.340000,0.012800
1478539180354,0.307500,0.307500,900,0.309200,400,4.340000,0.012800
1478539182854,0.307500,0.307500,900,0.309200,400,4.340000,0.012800
1478539185850,0.307500,0.307500,900,0.309200,400,4.340000,0.012800
1478539188360,0.307500,0.307500,900,0.309200,400,4.340000,0.012800
1478539191364,0.307500,0.307500,900,0.309200,400,4.340000,0.012800
1478539193865,0.307500,0.307500,900,0.309200,400,4.340000,0.012800
1478539196866,0.307500,0.307500,900,0.309200,400,4.340000,0.012800
1478539199389,0.307500,0.307500,900,0.309200,400,4.340000,0.012800
1478539201874,0.307500,0.307500,900,0.309200,400,4.340000,0.012800
1478539204366,0.307500,0.307500,900,0.309200,400,4.340000,0.012800
1478539206366,0.307500,0.307500,900,0.309200,400,4.340000,0.012800
1478539209369,0.307500,0.307500,900,0.309200,400,4.340000,0.012800
1478539210859,0.307500,0.307500,900,0.309200,400,4.340000,0.012800
1478539214393,0.307500,0.307500,900,0.309200,400,4.340000,0.012800
1478539216879,0.307500,0.307500,900,0.309200,400,4.340000,0.012800
1478539218890,0.307500,0.307500,900,0.309200,400,4.340000,0.012800
1478539221371,0.307500,0.307500,900,0.309200,400,4.340000,0.012800
1478539223372,0.307500,0.307500,900,0.309200,400,4.340000,0.012800
1478539226413,0.307500,0.307500,900,0.309200,400,4.340000,0.012800
1478539230381,0.307500,0.307500,900,0.309200,400,4.340000,0.012800
1478539233385,0.307500,0.307500,900,0.309200,200,4.340000,0.012800
1478539235871,0.307500,0.307500,900,0.309200,200,4.340000,0.012800
1478539238383,0.307500,0.307500,900,0.309200,200,4.340000,0.012800
1478539240882,0.307500,0.307500,900,0.309200,200,4.340000,0.012800
1478539243452,0.307500,0.307500,900,0.309200,200,4.340000,0.012800
1478539245891,0.307500,0.307500,900,0.309200,200,4.340000,0.012800
1478539247890,0.307500,0.307500,900,0.309200,200,4.340000,0.012800
1478539250905,0.307500,0.307500,900,0.309200,200,4.340000,0.012800
1478539253388,0.307500,0.307500,900,0.309200,200,4.340000,0.012800
1478539255381,0.307500,0.307500,900,0.309200,200,4.340000,0.012800
1478539257887,0.307500,0.307500,900,0.309200,200,4.340000,0.012800
1478539260396,0.307500,0.307500,900,0.309200,200,4.340000,0.012800
1478539262391,0.307500,0.307500,900,0.309200,200,4.340000,0.012800
1478539264901,0.307500,0.307500,900,0.309200,200,4.340000,0.012800
1478539267406,0.307500,0.307500,900,0.309200,200,4.340000,0.012800
1478539269899,0.307500,0.307500,900,0.309200,200,4.340000,0.012800
1478539271427,0.307500,0.307500,900,0.309200,200,4.340000,0.012800
1478539274396,0.307500,0.307500,900,0.309200,200,4.340000,0.012800
1478539276900,0.307500,0.307500,900,0.309200,200,4.340000,0.012800
1478539279422,0.307500,0.307500,900,0.309200,200,4.340000,0.012800
1478539281898,0.307500,0.307500,900,0.309200,200,4.340000,0.012800
1478539284401,0.307500,0.307500,900,0.309200,200,4.340000,0.012800
1478539286404,0.307500,0.307500,900,0.309200,200,4.340000,0.012800
1478539288926,0.307500,0.307500,900,0.309200,200,4.340000,0.012800
1478539291904,0.307500,0.307500,900,0.309200,200,4.340000,0.012800
1478539293912,0.307500,0.307500,900,0.309200,200,4.340000,0.012800
1478539295903,0.307500,0.307500,900,0.309200,200,4.340000,0.012800
1478539298919,0.307500,0.307500,900,0.309200,200,4.340000,0.012800
1478539301460,0.307500,0.307500,900,0.309200,200,4.340000,0.012800
1478539304471,0.307500,0.307500,900,0.309200,200,4.340000,0.012800
1478539306916,0.307500,0.307500,900,0.309200,200,4.340000,0.012800
1478539309913,0.307500,0.307500,900,0.309200,200,4.340000,0.012800
1478539311912,0.307500,0.307500,900,0.309200,200,4.340000,0.012800
1478539314407,0.307500,0.307500,900,0.309200,200,4.340000,0.012800
1478539316923,0.307500,0.307500,900,0.309200,200,4.340000,0.012800
1478539327942,0.307500,0.307500,900,0.309200,200,4.340000,0.012800
1478539330406,0.307500,0.307500,900,0.309200,200,4.340000,0.012800
1478539332948,0.307500,0.307500,900,0.309200,200,4.340000,0.012800
1478539335421,0.307500,0.307500,900,0.309200,200,4.340000,0.012800
1478539337925,0.307500,0.307500,900,0.309200,200,4.340000,0.012800
1478539340434,0.307500,0.307500,900,0.309200,200,4.340000,0.012800
1478539342429,0.307500,0.307500,900,0.309200,200,4.340000,0.012800
1478539344928,0.307500,0.307500,900,0.309200,200,4.340000,0.012800
1478539347422,0.307500,0.307500,900,0.309200,200,4.340000,0.012800
1478539349423,0.307500,0.307500,900,0.309200,200,4.340000,0.012800
1478539351948,0.307500,0.307500,900,0.309200,200,4.340000,0.012800
1478539354932,0.307500,0.307500,900,0.309200,200,4.340000,0.012800
1478539357436,0.307500,0.307500,900,0.309200,200,4.340000,0.012800
1478539359435,0.307500,0.307500,900,0.309200,200,4.340000,0.012800
1478539361937,0.307500,0.307500,900,0.309200,200,4.340000,0.012800
1478539363942,0.307500,0.307500,900,0.309200,200,4.340000,0.012800
1478539366926,0.307500,0.307500,900,0.309200,200,4.340000,0.012800
1478539369441,0.308800,0.307500,900,0.309200,200,4.780000,0.014100
1478539370439,0.308800,0.307500,900,0.309200,200,4.780000,0.014100
1478539373939,0.308800,0.307500,900,0.309200,200,4.780000,0.014100
1478539375938,0.308800,0.307500,900,0.309200,200,4.780000,0.014100
1478539378451,0.308800,0.307500,900,0.309200,200,4.780000,0.014100
1478539381441,0.308800,0.307500,900,0.309200,200,4.780000,0.014100
1478539383941,0.308800,0.307500,900,0.309200,200,4.780000,0.014100
1478539386441,0.308800,0.307500,900,0.309200,200,4.780000,0.014100
1478539389444,0.308800,0.307500,900,0.309200,200,4.780000,0.014100
1478539391951,0.308800,0.307500,900,0.309200,200,4.780000,0.014100
1478539393969,0.308800,0.307500,900,0.309200,200,4.780000,0.014100
1478539396443,0.308800,0.307500,900,0.309200,200,4.780000,0.014100
1478539398940,0.308800,0.307500,900,0.309200,200,4.780000,0.014100
1478539401445,0.308800,0.307500,900,0.309200,200,4.780000,0.014100
1478539404446,0.308800,0.307500,900,0.309200,200,4.780000,0.014100
1478539406953,0.308800,0.307500,900,0.309200,200,4.780000,0.014100
1478539409450,0.308800,0.307500,900,0.309200,200,4.780000,0.014100
1478539412967,0.308800,0.307500,900,0.309200,200,4.780000,0.014100
1478539416456,0.308800,0.307500,900,0.309200,200,4.780000,0.014100
1478539418448,0.308800,0.307500,900,0.309200,200,4.780000,0.014100
1478539421363,0.308800,0.307500,900,0.309200,200,4.780000,0.014100
1478539423857,0.308800,0.307500,900,0.309200,200,4.780000,0.014100
1478539425870,0.308800,0.307500,900,0.309200,200,4.780000,0.014100
1478539428859,0.308800,0.307500,900,0.309200,200,4.780000,0.014100
1478539431356,0.308800,0.307500,900,0.309200,200,4.780000,0.014100
1478539434357,0.308800,0.307500,900,0.309200,200,4.780000,0.014100
1478539436865,0.308800,0.307500,900,0.309200,200,4.780000,0.014100
1478539439860,0.308800,0.307500,900,0.309200,200,4.780000,0.014100
1478539443356,0.308800,0.307500,900,0.309200,200,4.780000,0.014100
1478539445868,0.308800,0.307500,900,0.309200,200,4.780000,0.014100
1478539448363,0.308800,0.307500,900,0.309200,200,4.780000,0.014100
1478539450873,0.308800,0.307500,900,0.309200,200,4.780000,0.014100
1478539452873,0.308800,0.307500,900,0.309200,200,4.780000,0.014100
1478539455367,0.308800,0.307500,900,0.309200,200,4.780000,0.014100
1478539457865,0.308800,0.307500,900,0.309200,200,4.780000,0.014100
1478539460368,0.308800,0.307500,900,0.309200,200,4.780000,0.014100
1478539462868,0.308800,0.307500,900,0.309200,200,4.780000,0.014100
1478539464869,0.308800,0.307500,900,0.309200,200,4.780000,0.014100
1478539466915,0.308800,0.307500,900,0.309200,200,4.780000,0.014100
1478539470378,0.308800,0.307500,900,0.309200,200,4.780000,0.014100
1478539472871,0.308800,0.307500,900,0.309200,200,4.780000,0.014100
1478539475372,0.308800,0.307500,900,0.309200,200,4.780000,0.014100
1478539477880,0.308800,0.307500,900,0.309200,200,4.780000,0.014100
1478539480375,0.308800,0.307500,900,0.309200,200,4.780000,0.014100
1478539482401,0.308800,0.307500,900,0.309200,200,4.780000,0.014100
1478539485379,0.308800,0.307500,900,0.309200,200,4.780000,0.014100
1478539487885,0.308800,0.307500,900,0.309200,200,4.780000,0.014100
1478539489885,0.308800,0.307500,900,0.309200,200,4.780000,0.014100
1478539492381,0.308800,0.307500,900,0.309200,200,4.780000,0.014100
1478539494876,0.308800,0.307500,900,0.309200,200,4.780000,0.014100
1478539497442,0.308800,0.307500,900,0.309200,200,4.780000,0.014100
1478539500886,0.308800,0.307500,900,0.309200,200,4.780000,0.014100
1478539503383,0.308800,0.307500,900,0.309200,200,4.780000,0.014100
1478539505399,0.308800,0.307500,900,0.309200,200,4.780000,0.014100
1478539508885,0.308800,0.307500,900,0.309200,200,4.780000,0.014100
1478539511389,0.308800,0.307500,900,0.309200,200,4.780000,0.014100
1478539513914,0.308800,0.307500,900,0.309200,200,4.780000,0.014100
1478539516390,0.308800,0.307500,900,0.309200,200,4.780000,0.014100
1478539518900,0.308800,0.307500,900,0.309200,200,4.780000,0.014100
1478539520895,0.308800,0.307500,900,0.309200,200,4.780000,0.014100
1478539523898,0.308800,0.307500,900,0.309200,200,4.780000,0.014100
1478539524904,0.308800,0.307500,900,0.309200,200,4.780000,0.014100
1478539528903,0.308800,0.307500,900,0.309200,200,4.780000,0.014100
1478539530879,0.308800,0.307500,900,0.309200,200,4.780000,0.014100
1478539534887,0.308800,0.307500,900,0.309200,200,4.780000,0.014100
1478539537396,0.308800,0.307500,900,0.309200,200,4.780000,0.014100
1478539539397,0.308800,0.307500,900,0.309200,200,4.780000,0.014100
1478539541905,0.308800,0.307500,900,0.309200,200,4.780000,0.014100
1478539544412,0.308800,0.307500,900,0.309200,200,4.780000,0.014100
1478539546903,0.308800,0.307500,900,0.309200,200,4.780000,0.014100
1478539549401,0.308800,0.307500,900,0.309200,200,4.780000,0.014100
1478539551901,0.308800,0.307500,900,0.309200,200,4.780000,0.014100
1478539553928,0.308800,0.307500,900,0.309200,200,4.780000,0.014100
1478539556410,0.308800,0.307500,900,0.309200,200,4.780000,0.014100
1478539558914,0.308800,0.307500,900,0.309200,200,4.780000,0.014100
1478539561410,0.308800,0.307500,900,0.309200,200,4.780000,0.014100
1478539563910,0.308800,0.307500,900,0.309200,200,4.780000,0.014100
1478539566396,0.308800,0.307500,900,0.309200,200,4.780000,0.014100
1478539569909,0.308800,0.307500,900,0.309200,200,4.780000,0.014100
1478539572408,0.308800,0.307500,900,0.309200,200,4.780000,0.014100
1478539574920,0.308800,0.307500,900,0.309200,200,4.780000,0.014100
1478539576914,0.308800,0.307500,900,0.309200,200,4.780000,0.014100
1478539579423,0.308800,0.307500,900,0.309200,200,4.780000,0.014100
1478539581416,0.308800,0.307500,900,0.309200,200,4.780000,0.014100
1478539582426,0.308800,0.307500,900,0.309200,200,4.780000,0.014100
1478539586923,0.308800,0.307500,900,0.309200,200,4.780000,0.014100
1478539589428,0.308800,0.307500,900,0.309200,200,4.780000,0.014100
1478539591420,0.308800,0.307500,900,0.309200,200,4.780000,0.014100
1478539593924,0.308800,0.307500,900,0.309200,200,4.780000,0.014100
1478539596427,0.308800,0.307500,900,0.309200,200,4.780000,0.014100
1478539598931,0.308800,0.307500,900,0.309200,200,4.780000,0.014100
1478539601421,0.308800,0.307500,900,0.309200,200,4.780000,0.014100
1478539603929,0.308800,0.307500,900,0.309200,200,4.780000,0.014100
1478539606430,0.308800,0.307500,900,0.309200,200,4.780000,0.014100
1478539609429,0.308800,0.307500,900,0.309200,200,4.780000,0.014100
1478539610920,0.308800,0.307500,900,0.309200,200,4.780000,0.014100
1478539614449,0.308800,0.307500,900,0.309200,200,4.780000,0.014100
1478539616929,0.308800,0.307500,900,0.309200,200,4.780000,0.014100
1478539622439,0.308800,0.307500,900,0.309200,200,4.780000,0.014100
1478539623942,0.308800,0.307500,900,0.309200,200,4.780000,0.014100
1478539626437,0.308800,0.307500,900,0.309200,200,4.780000,0.014100
1478539628945,0.308800,0.307500,900,0.309200,200,4.780000,0.014100
1478539632436,0.308800,0.307500,900,0.309200,200,4.780000,0.014100
1478539634442,0.308800,0.307500,900,0.309200,200,4.780000,0.014100
1478539637446,0.308800,0.307500,900,0.309200,200,4.780000,0.014100
1478539640942,0.308800,0.307500,900,0.309200,200,4.780000,0.014100
1478539643429,0.308800,0.307500,900,0.309200,200,4.780000,0.014100
1478539645449,0.308800,0.307500,900,0.309200,200,4.780000,0.014100
1478539649442,0.308800,0.307500,900,0.309200,200,4.780000,0.014100
1478539651944,0.308800,0.307500,900,0.309200,200,4.780000,0.014100
1478539654439,0.308800,0.307500,900,0.309200,200,4.780000,0.014100
1478539657454,0.308800,0.307500,900,0.309200,200,4.780000,0.014100
1478539659940,0.308800,0.307500,900,0.309200,200,4.780000,0.014100
1478539661937,0.308800,0.307500,900,0.309200,200,4.780000,0.014100
1478539664435,0.308800,0.307500,900,0.309200,200,4.780000,0.014100
1478539666955,0.308800,0.307500,900,0.309200,200,4.780000,0.014100
1478539669930,0.308800,0.307500,900,0.309200,200,4.780000,0.014100
1478539671031,0.308800,0.307500,900,0.309200,200,4.780000,0.014100
1478539674353,0.308800,0.307500,900,0.309200,200,4.780000,0.014100
1478539676857,0.308800,0.307500,900,0.309200,200,4.780000,0.014100
1478539680399,0.308800,0.307500,900,0.309200,200,4.780000,0.014100
1478539682356,0.308800,0.307500,900,0.309200,200,4.780000,0.014100
1478539684855,0.308800,0.307500,900,0.309200,200,4.780000,0.014100
1478539687862,0.308800,0.307500,900,0.309200,200,4.780000,0.014100
1478539691859,0.308800,0.307500,900,0.309200,200,4.780000,0.014100
1478539693864,0.308800,0.307500,900,0.309200,200,4.780000,0.014100
1478539696360,0.308800,0.307500,900,0.309200,200,4.780000,0.014100
1478539698360,0.308800,0.307500,900,0.309200,200,4.780000,0.014100
1478539701884,0.308800,0.307500,900,0.309200,200,4.780000,0.014100
1478539704861,0.308800,0.307500,900,0.309200,200,4.780000,0.014100
1478539706874,0.308800,0.307500,900,0.309200,200,4.780000,0.014100
1478539708875,0.308800,0.307500,900,0.309200,200,4.780000,0.014100
1478539711367,0.308800,0.307500,900,0.309200,200,4.780000,0.014100
1478539713865,0.308800,0.307500,900,0.309200,200,4.780000,0.014100
1478539717910,0.308800,0.307500,900,0.309200,200,4.780000,0.014100
1478539720870,0.308800,0.307500,900,0.309200,200,4.780000,0.014100
1478539722859,0.308800,0.307500,900,0.309200,200,4.780000,0.014100
1478539726863,0.308800,0.307500,900,0.309200,200,4.780000,0.014100
1478539730896,0.308800,0.307500,900,0.309200,200,4.780000,0.014100
1478539733376,0.308800,0.307500,900,0.309200,200,4.780000,0.014100
1478539734878,0.308800,0.307500,900,0.309200,200,4.780000,0.014100
1478539737880,0.308800,0.307500,900,0.309200,200,4.780000,0.014100
1478539740379,0.308800,0.307500,900,0.309200,200,4.780000,0.014100
1478539742890,0.308800,0.307500,900,0.309200,200,4.780000,0.014100
1478539745386,0.308800,0.307500,900,0.309200,200,4.780000,0.014100
1478539747373,0.308800,0.307500,900,0.309200,200,4.780000,0.014100
1478539749887,0.308800,0.307500,900,0.309200,200,4.780000,0.014100
1478539751881,0.308800,0.307500,900,0.309200,200,4.780000,0.014100
1478539754391,0.308800,0.307500,900,0.309200,200,4.780000,0.014100
1478539757898,0.308800,0.307500,900,0.309200,200,4.780000,0.014100
1478539760921,0.308800,0.307500,900,0.309200,200,4.780000,0.014100
1478539762911,0.308800,0.307500,900,0.309200,200,4.780000,0.014100
1478539765403,0.308800,0.307500,900,0.309200,200,4.780000,0.014100
1478539767378,0.308800,0.307500,900,0.309200,200,4.780000,0.014100
1478539770387,0.308800,0.307500,900,0.309200,200,4.780000,0.014100
1478539773387,0.308800,0.307500,900,0.309200,200,4.780000,0.014100
1478539774914,0.308800,0.307500,900,0.309200,200,4.780000,0.014100
1478539778425,0.308800,0.307500,900,0.309200,200,4.780000,0.014100
1478539780448,0.308800,0.307500,900,0.309200,200,4.780000,0.014100
1478539782887,0.308800,0.307500,900,0.309200,200,4.780000,0.014100
1478539785394,0.308800,0.307500,900,0.309200,200,4.780000,0.014100
1478539787388,0.308800,0.307500,900,0.309200,200,4.780000,0.014100
1478539789945,0.308800,0.307500,900,0.309200,200,4.780000,0.014100
1478539791894,0.308800,0.307500,900,0.309200,200,4.780000,0.014100
1478539794399,0.308800,0.307500,900,0.309200,200,4.780000,0.014100
1478539795904,0.308800,0.307500,900,0.309200,200,4.780000,0.014100
1478539798903,0.308800,0.307500,900,0.309200,200,4.780000,0.014100
1478539800906,0.308800,0.307500,900,0.309200,200,4.780000,0.014100
1478539803407,0.308800,0.307500,900,0.309200,200,4.780000,0.014100
1478539808409,0.308800,0.307500,900,0.309200,200,4.780000,0.014100
1478539810406,0.308800,0.307500,900,0.309200,200,4.780000,0.014100
1478539812405,0.308800,0.307500,900,0.309200,200,4.780000,0.014100
1478539813956,0.308800,0.307500,900,0.309200,200,4.780000,0.014100
1478539817406,0.308800,0.307500,900,0.309200,200,4.780000,0.014100
1478539819392,0.308800,0.307500,900,0.309200,200,4.780000,0.014100
1478539823410,0.308350,0.307500,900,0.309200,200,4.630000,0.013650
1478539825412,0.308350,0.307500,900,0.309200,200,4.630000,0.013650
1478539827923,0.308400,0.307500,900,0.309300,100,4.650000,0.013700
1478539830402,0.308400,0.307500,900,0.309300,100,4.650000,0.013700
1478539832433,0.308400,0.307500,900,0.309300,100,4.650000,0.013700
1478539834431,0.308400,0.307500,900,0.309300,100,4.650000,0.013700
1478539837429,0.308400,0.307500,900,0.309300,100,4.650000,0.013700
1478539839426,0.308400,0.307500,900,0.309300,100,4.650000,0.013700
1478539842426,0.308400,0.307500,900,0.309300,100,4.650000,0.013700
1478539844424,0.308400,0.307500,900,0.309300,100,4.650000,0.013700
1478539846417,0.308400,0.307500,900,0.309300,100,4.650000,0.013700
1478539848435,0.308400,0.307500,900,0.309300,100,4.650000,0.013700
1478539850922,0.308400,0.307500,900,0.309300,100,4.650000,0.013700
1478539852425,0.308400,0.307500,900,0.309300,100,4.650000,0.013700
1478539855958,0.308400,0.307500,900,0.309300,100,4.650000,0.013700
1478539858924,0.308400,0.307500,900,0.309300,100,4.650000,0.013700
1478539860421,0.308400,0.307500,900,0.309300,100,4.650000,0.013700
1478539863431,0.308400,0.307500,900,0.309300,100,4.650000,0.013700
1478539865421,0.308400,0.307500,900,0.309200,1100,4.650000,0.013700
1478539868981,0.308400,0.307500,900,0.309200,1100,4.650000,0.013700
1478539871433,0.308400,0.307500,900,0.309200,1100,4.650000,0.013700
1478539872995,0.308400,0.307500,900,0.309200,1100,4.650000,0.013700
1478539875928,0.308400,0.307500,900,0.309200,1100,4.650000,0.013700
1478539877944,0.308400,0.307500,900,0.309200,800,4.650000,0.013700
1478539880442,0.308400,0.307500,900,0.309200,800,4.650000,0.013700
1478539882436,0.308400,0.307500,900,0.309200,800,4.650000,0.013700
1478539884439,0.308400,0.307500,900,0.309200,800,4.650000,0.013700
1478539886932,0.308400,0.307500,900,0.309200,800,4.650000,0.013700
1478539888939,0.308400,0.307500,900,0.309200,800,4.650000,0.013700
1478539891926,0.308400,0.307500,900,0.309200,800,4.650000,0.013700
1478539894007,0.308400,0.307500,900,0.309200,800,4.650000,0.013700
1478539895937,0.308400,0.307500,900,0.309200,800,4.650000,0.013700
1478539898449,0.308400,0.307500,900,0.309200,800,4.650000,0.013700
1478539901937,0.308400,0.307500,900,0.309200,800,4.650000,0.013700
1478539904464,0.308400,0.307500,900,0.309200,800,4.650000,0.013700
1478539906462,0.308400,0.307500,900,0.309200,800,4.650000,0.013700
1478539908945,0.308400,0.307500,900,0.309200,800,4.650000,0.013700
1478539911002,0.308400,0.307500,900,0.309200,800,4.650000,0.013700
1478539913437,0.308400,0.307500,900,0.309200,800,4.650000,0.013700
1478539915444,0.308400,0.307500,900,0.309200,800,4.650000,0.013700
1478539918450,0.308400,0.307500,900,0.309200,800,4.650000,0.013700
1478539920938,0.308400,0.307500,900,0.309200,800,4.650000,0.013700
1478539923446,0.308400,0.307500,900,0.309200,800,4.650000,0.013700
1478539925451,0.308400,0.307500,900,0.309200,800,4.650000,0.013700
1478539927962,0.308400,0.307500,900,0.309200,800,4.650000,0.013700
1478539930354,0.308400,0.307500,900,0.309200,800,4.650000,0.013700
1478539932356,0.308400,0.307500,900,0.309200,800,4.650000,0.013700
1478539934868,0.308400,0.307500,900,0.309200,800,4.650000,0.013700
1478539936354,0.308400,0.307500,900,0.309200,800,4.650000,0.013700
1478539939355,0.308400,0.307500,900,0.309200,800,4.650000,0.013700
1478539941903,0.308400,0.307500,900,0.309200,800,4.650000,0.013700
1478539944358,0.308400,0.307500,900,0.309200,800,4.650000,0.013700
1478539945857,0.308400,0.307500,900,0.309200,800,4.650000,0.013700
1478539948868,0.308400,0.307500,900,0.309200,800,4.650000,0.013700
1478539951372,0.308400,0.307500,900,0.309200,800,4.650000,0.013700
1478539954363,0.308400,0.307500,900,0.309200,800,4.650000,0.013700
1478539957860,0.308400,0.307500,900,0.309200,800,4.650000,0.013700
1478539959865,0.308400,0.307500,900,0.309200,800,4.650000,0.013700
1478539961863,0.308400,0.307500,900,0.309200,800,4.650000,0.013700
1478539964911,0.308400,0.307500,900,0.309200,800,4.650000,0.013700
1478539967410,0.308400,0.307500,900,0.309200,800,4.650000,0.013700
1478539969867,0.308400,0.307500,900,0.309200,800,4.650000,0.013700
1478539971865,0.308400,0.307500,900,0.309200,800,4.650000,0.013700
1478539973868,0.308400,0.307500,900,0.309200,800,4.650000,0.013700
1478539976368,0.308400,0.307500,900,0.309200,800,4.650000,0.013700
1478539978881,0.308400,0.307500,900,0.309200,800,4.650000,0.013700
1478539980870,0.308400,0.307500,900,0.309200,800,4.650000,0.013700
1478539983364,0.308400,0.307500,900,0.309200,800,4.650000,0.013700
1478539984865,0.308400,0.307500,900,0.309200,800,4.650000,0.013700
1478539987881,0.308400,0.307500,900,0.309200,800,4.650000,0.013700
1478539989873,0.308400,0.307500,900,0.309200,800,4.650000,0.013700
1478539991385,0.308400,0.307500,900,0.309200,800,4.650000,0.013700
1478539994371,0.308400,0.307500,900,0.309200,800,4.650000,0.013700
1478539996377,0.308400,0.307500,900,0.309200,800,4.650000,0.013700
1478539998875,0.308400,0.307500,900,0.309200,800,4.650000,0.013700
1478540001372,0.308400,0.307500,900,0.309200,800,4.650000,0.013700
1478540003375,0.308400,0.307500,900,0.309200,800,4.650000,0.013700
1478540005885,0.308400,0.307500,900,0.309200,800,4.650000,0.013700
1478540007898,0.308400,0.307500,900,0.309200,800,4.650000,0.013700
1478540010388,0.308400,0.307500,900,0.309200,800,4.650000,0.013700
1478540011881,0.308400,0.307500,900,0.309200,800,4.650000,0.013700
1478540014425,0.308400,0.307500,900,0.309200,800,4.650000,0.013700
1478540017384,0.308400,0.307500,900,0.309200,800,4.650000,0.013700
1478540019384,0.308400,0.307500,900,0.309200,800,4.650000,0.013700
1478540021409,0.308400,0.307500,900,0.309200,800,4.650000,0.013700
1478540023894,0.308400,0.307500,900,0.309200,800,4.650000,0.013700
1478540026385,0.308400,0.307500,900,0.309200,800,4.650000,0.013700
1478540028388,0.308400,0.307500,900,0.309200,800,4.650000,0.013700
1478540030898,0.308400,0.307500,900,0.309200,800,4.650000,0.013700
1478540032895,0.308400,0.307500,900,0.309200,800,4.650000,0.013700
1478540035380,0.308400,0.307500,900,0.309200,800,4.650000,0.013700
1478540037399,0.308400,0.307500,900,0.309200,800,4.650000,0.013700
1478540039890,0.308400,0.307500,900,0.309200,800,4.650000,0.013700
1478540041891,0.308400,0.307500,900,0.309200,800,4.650000,0.013700
1478540043893,0.308400,0.307500,900,0.309200,800,4.650000,0.013700
1478540046404,0.308400,0.307500,900,0.309200,800,4.650000,0.013700
1478540049404,0.308400,0.307500,900,0.309200,800,4.650000,0.013700
1478540051405,0.308400,0.307500,900,0.309200,800,4.650000,0.013700
1478540053909,0.308400,0.307500,900,0.309200,800,4.650000,0.013700
1478540056404,0.308400,0.307500,900,0.309200,800,4.650000,0.013700
1478540058400,0.308400,0.307500,900,0.309200,800,4.650000,0.013700
1478540060890,0.308400,0.307500,900,0.309200,800,4.650000,0.013700
1478540062908,0.308400,0.307500,900,0.309200,800,4.650000,0.013700
1478540064402,0.308400,0.307500,900,0.309200,800,4.650000,0.013700
1478540067428,0.308400,0.307500,900,0.309200,800,4.650000,0.013700
1478540069902,0.308400,0.307500,900,0.309200,800,4.650000,0.013700
1478540071898,0.308400,0.307500,900,0.309200,800,4.650000,0.013700
1478540074902,0.308400,0.307500,900,0.309200,800,4.650000,0.013700
1478540076894,0.308400,0.307500,900,0.309200,800,4.650000,0.013700
1478540079412,0.308400,0.307500,900,0.309200,800,4.650000,0.013700
1478540081402,0.308400,0.307500,900,0.309200,800,4.650000,0.013700
1478540083406,0.308400,0.307500,900,0.309200,800,4.650000,0.013700
1478540085920,0.308400,0.307500,900,0.309200,800,4.650000,0.013700
1478540088403,0.308400,0.307500,900,0.309200,800,4.650000,0.013700
1478540090422,0.308400,0.307500,900,0.309200,800,4.650000,0.013700
1478540092910,0.308400,0.307500,900,0.309200,800,4.650000,0.013700
1478540094410,0.308400,0.307500,900,0.309200,800,4.650000,0.013700
1478540097413,0.308400,0.307500,900,0.309200,800,4.650000,0.013700
1478540099415,0.308400,0.307500,900,0.309200,800,4.650000,0.013700
1478540102412,0.308400,0.307500,900,0.309200,800,4.650000,0.013700
1478540103961,0.308400,0.307500,900,0.309200,800,4.650000,0.013700
1478540107413,0.308400,0.307500,900,0.309200,800,4.650000,0.013700
1478540109930,0.308400,0.307500,900,0.309200,800,4.650000,0.013700
1478540111921,0.308400,0.307500,900,0.309200,800,4.650000,0.013700
1478540114402,0.308400,0.307500,900,0.309200,800,4.650000,0.013700
1478540116918,0.308400,0.307500,900,0.309200,800,4.650000,0.013700
1478540118923,0.308400,0.307500,900,0.309200,800,4.650000,0.013700
1478540121411,0.308400,0.307500,900,0.309200,800,4.650000,0.013700
1478540123410,0.308400,0.307500,900,0.309200,800,4.650000,0.013700
1478540125945,0.308400,0.307500,900,0.309200,800,4.650000,0.013700
1478540127925,0.308800,0.307500,900,0.309200,800,4.780000,0.014100
1478540130433,0.308800,0.307500,900,0.309200,800,4.780000,0.014100
1478540132941,0.308800,0.307500,900,0.309200,800,4.780000,0.014100
1478540134922,0.308800,0.307500,900,0.309200,800,4.780000,0.014100
1478540137413,0.308800,0.307500,900,0.309200,800,4.780000,0.014100
1478540139464,0.308800,0.307500,900,0.309200,800,4.780000,0.014100
1478540141931,0.308800,0.307500,900,0.309200,800,4.780000,0.014100
1478540143920,0.308800,0.307500,900,0.309200,800,4.780000,0.014100
1478540146433,0.308800,0.307500,900,0.309200,800,4.780000,0.014100
1478540148929,0.308800,0.307500,900,0.309200,800,4.780000,0.014100
1478540150937,0.308800,0.307500,900,0.309200,800,4.780000,0.014100
1478540153437,0.308800,0.307500,900,0.309200,800,4.780000,0.014100
1478540154424,0.308800,0.307500,900,0.309200,800,4.780000,0.014100
1478540157944,0.308800,0.307500,900,0.309200,800,4.780000,0.014100
1478540159940,0.308800,0.307500,900,0.309200,800,4.780000,0.014100
1478540161431,0.308800,0.307500,900,0.309200,800,4.780000,0.014100
1478540164437,0.308800,0.307500,900,0.309200,800,4.780000,0.014100
1478540166442,0.308800,0.307500,900,0.309200,800,4.780000,0.014100
1478540168949,0.308800,0.307500,900,0.309200,800,4.780000,0.014100
1478540170998,0.308800,0.307500,900,0.309200,800,4.780000,0.014100
1478540173947,0.308800,0.307500,900,0.309200,800,4.780000,0.014100
1478540175940,0.308800,0.307500,900,0.309200,800,4.780000,0.014100
1478540178443,0.308800,0.307500,900,0.309200,800,4.780000,0.014100
1478540180936,0.308800,0.307500,900,0.309200,800,4.780000,0.014100
1478540182942,0.308800,0.307500,900,0.309200,800,4.780000,0.014100
1478540185440,0.308800,0.307500,900,0.309200,800,4.780000,0.014100
1478540187351,0.308800,0.307500,900,0.309200,800,4.780000,0.014100
1478540189853,0.308800,0.307500,900,0.309200,800,4.780000,0.014100
1478540191846,0.308800,0.307500,900,0.309200,800,4.780000,0.014100
1478540194353,0.308800,0.307500,900,0.309200,800,4.780000,0.014100
1478540196851,0.308800,0.307500,900,0.309200,800,4.780000,0.014100
1478540197853,0.308800,0.307500,900,0.309200,800,4.780000,0.014100
1478540201353,0.308800,0.307500,900,0.309200,800,4.780000,0.014100
1478540203863,0.308800,0.307500,900,0.309200,800,4.780000,0.014100
1478540205859,0.308800,0.307500,900,0.309200,800,4.780000,0.014100
1478540207860,0.308800,0.307500,900,0.309200,800,4.780000,0.014100
1478540210369,0.308800,0.307500,900,0.309200,800,4.780000,0.014100
1478540212890,0.308800,0.307500,900,0.309200,800,4.780000,0.014100
1478540214884,0.308800,0.307500,900,0.309200,800,4.780000,0.014100
1478540217362,0.308800,0.307500,900,0.309200,800,4.780000,0.014100
1478540219362,0.308800,0.307500,900,0.309200,800,4.780000,0.014100
1478540221862,0.308800,0.307500,900,0.309200,800,4.780000,0.014100
1478540223869,0.308800,0.307500,900,0.309200,800,4.780000,0.014100
1478540226372,0.308800,0.307500,900,0.309200,800,4.780000,0.014100
1478540228397,0.307600,0.307500,900,0.309200,800,4.380000,0.012900
1478540230867,0.307600,0.307500,900,0.309200,800,4.380000,0.012900
1478540232875,0.307600,0.307500,900,0.309200,800,4.380000,0.012900
1478540234873,0.307600,0.307500,900,0.309200,800,4.380000,0.012900
1478540237366,0.307600,0.307500,900,0.309200,800,4.380000,0.012900
1478540239874,0.307600,0.307500,900,0.309200,800,4.380000,0.012900
1478540243875,0.307600,0.307500,900,0.309200,800,4.380000,0.012900
1478540246375,0.307600,0.307500,900,0.309200,800,4.380000,0.012900
1478540248869,0.307600,0.307500,900,0.309200,800,4.380000,0.012900
1478540248869,0.307600,0.307500,900,0.309200,800,4.380000,0.012900
1478540253368,0.307600,0.307500,900,0.309200,800,4.380000,0.012900
1478540254379,0.307600,0.307500,900,0.309200,800,4.380000,0.012900
1478540257893,0.307600,0.307500,900,0.309200,800,4.380000,0.012900
1478540259881,0.307600,0.307500,900,0.309200,800,4.380000,0.012900
1478540261882,0.307600,0.307500,900,0.309200,800,4.380000,0.012900
1478540264881,0.307600,0.307500,900,0.309200,800,4.380000,0.012900
1478540266877,0.307600,0.307500,900,0.309200,800,4.380000,0.012900
1478540268888,0.307600,0.307500,900,0.309200,800,4.380000,0.012900
1478540271382,0.307600,0.307500,900,0.309200,800,4.380000,0.012900
1478540273881,0.307600,0.307500,900,0.309200,800,4.380000,0.012900
1478540275880,0.307600,0.307500,900,0.309200,800,4.380000,0.012900
1478540278385,0.307600,0.307500,900,0.309200,800,4.380000,0.012900
1478540279929,0.307600,0.307500,900,0.309200,800,4.380000,0.012900
1478540282912,0.307600,0.307500,900,0.309200,800,4.380000,0.012900
1478540284384,0.307600,0.307500,900,0.309200,800,4.380000,0.012900
1478540287389,0.307600,0.307500,900,0.309200,800,4.380000,0.012900
1478540289388,0.307600,0.307500,900,0.309200,800,4.380000,0.012900
1478540289900,0.307600,0.307500,900,0.309200,800,4.380000,0.012900
1478540293901,0.307600,0.307500,900,0.309200,800,4.380000,0.012900
1478540295881,0.307600,0.307500,900,0.309200,800,4.380000,0.012900
1478540298418,0.307600,0.307500,900,0.309200,800,4.380000,0.012900
1478540300903,0.307600,0.307500,900,0.309200,800,4.380000,0.012900
1478540302892,0.307600,0.307500,900,0.309200,800,4.380000,0.012900
1478540305388,0.307600,0.307500,900,0.309200,800,4.380000,0.012900
1478540307396,0.307600,0.307500,900,0.309200,800,4.380000,0.012900
1478540309897,0.307600,0.307500,900,0.309200,800,4.380000,0.012900
1478540312397,0.307600,0.307500,900,0.309200,800,4.380000,0.012900
1478540313398,0.307600,0.307500,900,0.309200,800,4.380000,0.012900
1478540316890,0.307600,0.307500,900,0.309200,800,4.380000,0.012900
1478540318894,0.307600,0.307500,900,0.309200,800,4.380000,0.012900
1478540321406,0.307600,0.307500,900,0.309200,800,4.380000,0.012900
1478540323395,0.307600,0.307500,900,0.309200,800,4.380000,0.012900
1478540325893,0.307600,0.307500,900,0.309200,800,4.380000,0.012900
1478540328409,0.307600,0.307500,900,0.309200,800,4.380000,0.012900
1478540329909,0.307600,0.307500,900,0.309200,800,4.380000,0.012900
1478540332898,0.307600,0.307500,900,0.309200,800,4.380000,0.012900
1478540334406,0.307600,0.307500,900,0.309200,800,4.380000,0.012900
1478540337401,0.307600,0.307500,900,0.309200,800,4.380000,0.012900
1478540338916,0.307600,0.307500,900,0.309200,800,4.380000,0.012900
1478540340423,0.307600,0.307500,900,0.309200,800,4.380000,0.012900
1478540343926,0.307600,0.307500,900,0.309200,800,4.380000,0.012900
1478540346407,0.307600,0.307500,900,0.309200,800,4.380000,0.012900
1478540347976,0.307600,0.307500,900,0.309200,800,4.380000,0.012900
1478540350916,0.307600,0.307500,900,0.309200,800,4.380000,0.012900
1478540352415,0.307600,0.307500,900,0.309200,800,4.380000,0.012900
1478540355385,0.307600,0.307500,900,0.309200,800,4.380000,0.012900
1478540357427,0.307600,0.307500,900,0.309200,800,4.380000,0.012900
1478540359921,0.307600,0.307500,900,0.309200,800,4.380000,0.012900
1478540362417,0.307600,0.307500,900,0.309200,800,4.380000,0.012900
1478540363408,0.307600,0.307500,900,0.309200,800,4.380000,0.012900
1478540366918,0.307600,0.307500,900,0.309200,800,4.380000,0.012900
1478540368934,0.307600,0.307500,900,0.309200,800,4.380000,0.012900
1478540371443,0.307600,0.307500,900,0.309200,800,4.380000,0.012900
1478540372986,0.307600,0.307500,900,0.309200,800,4.380000,0.012900
1478540375922,0.307600,0.307500,900,0.309200,800,4.380000,0.012900
1478540377923,0.307600,0.307500,900,0.309200,800,4.380000,0.012900
1478540379919,0.307600,0.307500,900,0.309200,800,4.380000,0.012900
1478540382436,0.307600,0.307500,900,0.309200,800,4.380000,0.012900
1478540384928,0.307600,0.307500,900,0.309200,800,4.380000,0.012900
1478540386923,0.307600,0.307500,900,0.309200,800,4.380000,0.012900
1478540389430,0.307600,0.307500,900,0.309200,400,4.380000,0.012900
1478540389918,0.307600,0.307500,900,0.309200,400,4.380000,0.012900
1478540393920,0.307600,0.307500,900,0.309200,400,4.380000,0.012900
1478540395438,0.307600,0.307500,900,0.309200,400,4.380000,0.012900
1478540397977,0.307600,0.307500,900,0.309200,400,4.380000,0.012900
1478540400923,0.307600,0.307500,900,0.309200,400,4.380000,0.012900
1478540402938,0.307600,0.307500,900,0.309200,400,4.380000,0.012900
1478540404933,0.307600,0.307500,900,0.309200,400,4.380000,0.012900
1478540407430,0.307600,0.307500,900,0.309200,400,4.380000,0.012900
1478540408919,0.307600,0.307500,900,0.309200,400,4.380000,0.012900
1478540411441,0.307600,0.307500,900,0.309200,400,4.380000,0.012900
1478540413955,0.309100,0.307500,900,0.309200,400,4.890000,0.014400
1478540416424,0.309100,0.307500,900,0.309200,400,4.890000,0.014400
1478540418491,0.309100,0.307500,900,0.309200,400,4.890000,0.014400
1478540420433,0.309100,0.307500,900,0.309200,400,4.890000,0.014400
1478540422936,0.309100,0.307500,900,0.309200,400,4.890000,0.014400
1478540425435,0.309100,0.307500,900,0.309200,400,4.890000,0.014400
1478540427942,0.309100,0.307500,900,0.309200,400,4.890000,0.014400
1478540429937,0.309100,0.307500,900,0.309200,400,4.890000,0.014400
1478540432935,0.309100,0.307500,900,0.309200,400,4.890000,0.014400
1478540435451,0.309100,0.307500,900,0.309200,400,4.890000,0.014400
1478540437955,0.309100,0.307500,900,0.309200,400,4.890000,0.014400
1478540439948,0.309100,0.307500,900,0.309200,400,4.890000,0.014400
1478540440945,0.309100,0.307500,900,0.309200,400,4.890000,0.014400
1478540444353,0.309100,0.307500,900,0.309200,400,4.890000,0.014400
1478540446355,0.309100,0.307500,900,0.309200,400,4.890000,0.014400
1478540448855,0.309100,0.307500,900,0.309200,400,4.890000,0.014400
1478540449850,0.309100,0.307500,900,0.309200,400,4.890000,0.014400
1478540453354,0.309100,0.307500,900,0.309200,400,4.890000,0.014400
1478540455398,0.309100,0.307500,900,0.309200,400,4.890000,0.014400
1478540458352,0.309100,0.307500,900,0.309200,400,4.890000,0.014400
1478540460857,0.309100,0.307500,900,0.309200,400,4.890000,0.014400
1478540462356,0.309100,0.307500,900,0.309200,400,4.890000,0.014400
1478540466862,0.309100,0.307400,100,0.309200,400,4.890000,0.014400
1478540469363,0.309100,0.307400,100,0.309200,400,4.890000,0.014400
1478540471367,0.309100,0.307400,100,0.309200,400,4.890000,0.014400
1478540472857,0.309100,0.307400,100,0.309200,400,4.890000,0.014400
1478540475874,0.309100,0.307400,100,0.309200,400,4.890000,0.014400
1478540477885,0.309100,0.307400,100,0.309200,400,4.890000,0.014400
1478540480366,0.307000,0.305400,200,0.307000,10200,4.170000,0.012300
1478540482368,0.307000,0.305400,200,0.307000,10200,4.170000,0.012300
1478540484869,0.307000,0.305400,200,0.306900,700,4.170000,0.012300
1478540487367,0.307000,0.305400,200,0.306900,700,4.170000,0.012300
1478540489371,0.307000,0.305400,200,0.306900,700,4.170000,0.012300
1478540491873,0.307000,0.305400,200,0.306900,700,4.170000,0.012300
1478540493873,0.307000,0.305400,200,0.306900,200,4.170000,0.012300
1478540495873,0.307000,0.305400,200,0.306900,200,4.170000,0.012300
1478540497876,0.307000,0.305400,200,0.307000,10100,4.170000,0.012300
1478540500359,0.307000,0.305400,200,0.307000,10100,4.170000,0.012300
1478540502377,0.305000,0.302000,5000,0.305000,8300,3.500000,0.010300
1478540504884,0.305000,0.302000,5000,0.305000,8300,3.500000,0.010300
1478540506879,0.305000,0.302000,5000,0.305000,8300,3.500000,0.010300
1478540509386,0.305000,0.302000,5000,0.305000,8300,3.500000,0.010300
1478540510880,0.305000,0.302000,5000,0.305000,8300,3.500000,0.010300
1478540513377,0.305000,0.302000,5000,0.305000,8300,3.500000,0.010300
1478540515872,0.305000,0.302000,5000,0.305000,8300,3.500000,0.010300
1478540517382,0.305000,0.302000,5000,0.305000,8300,3.500000,0.010300
1478540520376,0.305000,0.302000,5000,0.305000,8300,3.500000,0.010300
1478540522391,0.305000,0.302000,5000,0.305000,8300,3.500000,0.010300
1478540525384,0.305000,0.302000,5000,0.305000,8300,3.500000,0.010300
1478540527385,0.305000,0.302000,5000,0.305000,8300,3.500000,0.010300
1478540529887,0.305000,0.302000,5000,0.305000,8300,3.500000,0.010300
1478540531911,0.305000,0.302000,5000,0.305000,8300,3.500000,0.010300
1478540534390,0.305000,0.302000,5000,0.305000,8300,3.500000,0.010300
1478540536389,0.305000,0.302000,5000,0.305000,8300,3.500000,0.010300
1478540538878,0.305000,0.302000,5000,0.305000,8300,3.500000,0.010300
1478540540879,0.305000,0.302000,5000,0.305000,8300,3.500000,0.010300
1478540543399,0.305000,0.302000,5000,0.305000,8300,3.500000,0.010300
1478540545392,0.305000,0.302000,5000,0.305000,8300,3.500000,0.010300
1478540547910,0.305000,0.302000,5000,0.305000,8200,3.500000,0.010300
1478540549897,0.305000,0.302000,5000,0.304900,1100,3.500000,0.010300
1478540552900,0.305000,0.302000,5000,0.304900,1100,3.500000,0.010300
1478540554400,0.305000,0.302000,5000,0.304900,1100,3.500000,0.010300
1478540556895,0.305000,0.302000,5000,0.305000,8200,3.500000,0.010300
1478540558937,0.305000,0.302000,5000,0.305000,8200,3.500000,0.010300
1478540563394,0.305000,0.302000,5000,0.305000,8200,3.500000,0.010300
1478540565908,0.305000,0.302000,5000,0.304900,1100,3.500000,0.010300
1478540568901,0.305000,0.302000,5000,0.304900,1100,3.500000,0.010300
1478540570406,0.305000,0.302000,5000,0.304900,1100,3.500000,0.010300
1478540572907,0.305000,0.302000,5000,0.305000,8200,3.500000,0.010300
1478540575402,0.305000,0.302000,5000,0.304900,1100,3.500000,0.010300
1478540577425,0.305000,0.302000,5000,0.304900,1100,3.500000,0.010300
1478540579906,0.305000,0.302000,5000,0.304900,1100,3.500000,0.010300
1478540582415,0.305000,0.302000,5000,0.304900,1100,3.500000,0.010300
1478540584416,0.305000,0.302000,5000,0.304900,1100,3.500000,0.010300
1478540586413,0.305000,0.302000,5000,0.304900,1100,3.500000,0.010300
1478540588421,0.305000,0.302000,5000,0.304900,1100,3.500000,0.010300
1478540590938,0.305000,0.302000,5000,0.304900,1100,3.500000,0.010300
1478540593014,0.305000,0.302000,5000,0.305000,8200,3.500000,0.010300
1478540595911,0.305000,0.302000,5000,0.304900,1100,3.500000,0.010300
1478540597935,0.305000,0.302000,5000,0.304900,1100,3.500000,0.010300
1478540600428,0.305000,0.302000,5000,0.304900,1100,3.500000,0.010300
1478540602409,0.305000,0.302000,5000,0.304900,1100,3.500000,0.010300
1478540604421,0.305000,0.302000,5000,0.304900,1100,3.500000,0.010300
1478540605990,0.305000,0.302000,5000,0.305000,8200,3.500000,0.010300
1478540611420,0.305000,0.302000,5000,0.304900,1100,3.500000,0.010300
1478540613922,0.305000,0.302000,5000,0.304900,1100,3.500000,0.010300
1478540616429,0.305000,0.302000,5000,0.304900,1100,3.500000,0.010300
1478540618976,0.305000,0.302000,5000,0.305000,8200,3.500000,0.010300
1478540620937,0.305000,0.302000,5000,0.305000,8200,3.500000,0.010300
1478540622409,0.305000,0.302000,5000,0.305000,8200,3.500000,0.010300
1478540625926,0.305000,0.302000,5000,0.304900,1100,3.500000,0.010300
1478540627928,0.305000,0.302000,5000,0.304900,1100,3.500000,0.010300
1478540630417,0.305000,0.302000,5000,0.304900,1100,3.500000,0.010300
1478540632933,0.305000,0.302000,5000,0.304900,1100,3.500000,0.010300
1478540635432,0.305000,0.302000,5000,0.304900,1100,3.500000,0.010300
1478540637931,0.305000,0.302000,5000,0.304900,1100,3.500000,0.010300
1478540639928,0.305000,0.302000,5000,0.304900,1100,3.500000,0.010300
1478540642424,0.305000,0.302000,5000,0.304900,1100,3.500000,0.010300
1478540643909,0.305000,0.302000,5000,0.304900,900,3.500000,0.010300
1478540646446,0.305000,0.302000,5000,0.305000,8200,3.500000,0.010300
1478540648972,0.305000,0.302000,5000,0.304900,1100,3.500000,0.010300
1478540651412,0.305000,0.302000,5000,0.304900,1100,3.500000,0.010300
1478540653496,0.305000,0.302000,5000,0.304900,1100,3.500000,0.010300
1478540655927,0.305000,0.302000,5000,0.304900,1100,3.500000,0.010300
1478540657935,0.305000,0.302000,5000,0.305000,8200,3.500000,0.010300
1478540660939,0.305000,0.302000,5000,0.304900,1100,3.500000,0.010300
1478540663438,0.305000,0.302000,5000,0.304900,1100,3.500000,0.010300
1478540665432,0.305000,0.302000,5000,0.304900,1100,3.500000,0.010300
1478540667968,0.305000,0.302000,5000,0.305000,8200,3.500000,0.010300
1478540670440,0.305000,0.302000,5000,0.304900,1100,3.500000,0.010300
1478540672438,0.305000,0.302000,5000,0.304900,1100,3.500000,0.010300
1478540675004,0.305000,0.302000,5000,0.304900,1100,3.500000,0.010300
1478540676931,0.305000,0.302000,5000,0.304900,1100,3.500000,0.010300
1478540679443,0.305000,0.302000,5000,0.304900,1100,3.500000,0.010300
1478540681929,0.305000,0.302000,5000,0.304900,1100,3.500000,0.010300
1478540684456,0.305000,0.302000,5000,0.305000,8200,3.500000,0.010300
1478540686435,0.305000,0.302000,5000,0.305000,8200,3.500000,0.010300
1478540687445,0.305000,0.302000,5000,0.304900,700,3.500000,0.010300
1478540690439,0.305000,0.302000,5000,0.304900,700,3.500000,0.010300
1478540693439,0.305000,0.302000,5000,0.304900,700,3.500000,0.010300
1478540695476,0.305000,0.302000,5000,0.304900,700,3.500000,0.010300
1478540696958,0.305000,0.302000,5000,0.304900,700,3.500000,0.010300
1478540699352,0.305000,0.302000,5000,0.304900,700,3.500000,0.010300
1478540702354,0.305000,0.302000,5000,0.304900,700,3.500000,0.010300
1478540704356,0.305000,0.302000,5000,0.304900,700,3.500000,0.010300
1478540706355,0.305000,0.302000,5000,0.304900,700,3.500000,0.010300
1478540708870,0.305000,0.302000,5000,0.304900,700,3.500000,0.010300
1478540711357,0.305000,0.302000,5000,0.304900,700,3.500000,0.010300
1478540713858,0.305000,0.302000,5000,0.304900,700,3.500000,0.010300
1478540715866,0.305000,0.302000,5000,0.304900,700,3.500000,0.010300
1478540717864,0.305000,0.302000,5000,0.304900,700,3.500000,0.010300
1478540719860,0.305000,0.302000,5000,0.304900,700,3.500000,0.010300
1478540722869,0.305000,0.302000,5000,0.304900,700,3.500000,0.010300
1478540724865,0.305000,0.302000,5000,0.304900,700,3.500000,0.010300
1478540726868,0.305000,0.302000,5000,0.304900,700,3.500000,0.010300
1478540729364,0.305000,0.302000,5000,0.304900,700,3.500000,0.010300
1478540731872,0.305000,0.302000,5000,0.304900,700,3.500000,0.010300
1478540734374,0.305000,0.302000,5000,0.304900,700,3.500000,0.010300
1478540736915,0.305000,0.302000,5000,0.304900,700,3.500000,0.010300
1478540738366,0.305000,0.302000,5000,0.304300,100,3.500000,0.010300
1478540739875,0.304900,0.302000,5000,0.304900,700,3.460000,0.010200
1478540742882,0.304900,0.302000,5000,0.304900,700,3.460000,0.010200
1478540745869,0.304900,0.302000,5000,0.304900,700,3.460000,0.010200
1478540748374,0.304900,0.302000,5000,0.302200,100,3.460000,0.010200
1478540750374,0.302200,0.302000,5000,0.304900,900,2.540000,0.007500
1478540752382,0.302200,0.302000,5000,0.304900,900,2.540000,0.007500
1478540757886,0.302200,0.302000,5000,0.302200,100,2.540000,0.007500
1478540759875,0.302100,0.302000,5000,0.302100,600,2.510000,0.007400
1478540762923,0.302100,0.302000,5000,0.302100,600,2.510000,0.007400
1478540764884,0.302100,0.302000,5000,0.302100,600,2.510000,0.007400
1478540766383,0.302100,0.302000,5000,0.302100,600,2.510000,0.007400
1478540769386,0.302100,0.302000,5000,0.305000,8200,2.510000,0.007400
1478540770901,0.302100,0.302000,5000,0.305000,8200,2.510000,0.007400
1478540773882,0.302100,0.302000,5000,0.305000,8200,2.510000,0.007400
1478540776387,0.302100,0.302000,5000,0.305000,8200,2.510000,0.007400
1478540778391,0.302100,0.302000,5000,0.304900,600,2.510000,0.007400
1478540780393,0.302100,0.302000,5000,0.304900,600,2.510000,0.007400
1478540782894,0.302100,0.302000,5000,0.304900,600,2.510000,0.007400
1478540784886,0.302100,0.302000,5000,0.304900,600,2.510000,0.007400
1478540786890,0.302100,0.302000,5000,0.304900,600,2.510000,0.007400
1478540789385,0.302100,0.302000,5000,0.304900,600,2.510000,0.007400
1478540791898,0.302100,0.302000,5000,0.304900,600,2.510000,0.007400
1478540794396,0.302100,0.302000,5000,0.304900,600,2.510000,0.007400
1478540796402,0.302100,0.302000,5000,0.304900,600,2.510000,0.007400
1478540798903,0.302100,0.302000,5000,0.304900,600,2.510000,0.007400
1478540800426,0.302100,0.302000,5000,0.304900,600,2.510000,0.007400
1478540803392,0.302100,0.302000,5000,0.304900,600,2.510000,0.007400
1478540805399,0.302100,0.302000,5000,0.305000,8200,2.510000,0.007400
1478540807918,0.302100,0.302000,5000,0.304900,600,2.510000,0.007400
1478540809897,0.302100,0.302000,5000,0.304900,600,2.510000,0.007400
1478540811902,0.302100,0.302000,5000,0.304900,600,2.510000,0.007400
1478540814401,0.302100,0.302000,5000,0.304900,600,2.510000,0.007400
1478540816400,0.302100,0.302000,5000,0.304900,600,2.510000,0.007400
1478540818899,0.302100,0.302000,5000,0.304900,600,2.510000,0.007400
1478540821953,0.302100,0.302000,5000,0.304900,200,2.510000,0.007400
1478540823397,0.302100,0.302000,5000,0.304900,200,2.510000,0.007400
1478540826495,0.302100,0.302000,5000,0.304900,200,2.510000,0.007400
1478540828404,0.302100,0.302000,5000,0.304900,200,2.510000,0.007400
1478540830898,0.302100,0.302000,5000,0.304900,200,2.510000,0.007400
1478540832913,0.302100,0.302000,5000,0.304900,200,2.510000,0.007400
1478540834397,0.302100,0.302000,5000,0.304900,200,2.510000,0.007400
1478540836409,0.302100,0.302000,5000,0.304900,200,2.510000,0.007400
1478540839922,0.302100,0.302000,5000,0.304900,200,2.510000,0.007400
1478540841896,0.302100,0.302000,5000,0.304900,200,2.510000,0.007400
1478540844420,0.302100,0.302000,5000,0.304900,200,2.510000,0.007400
1478540846917,0.302100,0.302000,5000,0.304900,200,2.510000,0.007400
1478540848911,0.302100,0.302000,5000,0.304900,200,2.510000,0.007400
1478540851913,0.302100,0.302000,5000,0.304900,200,2.510000,0.007400
1478540853900,0.302100,0.302000,5000,0.304900,200,2.510000,0.007400
1478540855921,0.302100,0.302000,5000,0.304900,200,2.510000,0.007400
1478540858917,0.302100,0.302000,5000,0.304900,200,2.510000,0.007400
1478540861931,0.302100,0.302000,5000,0.304900,200,2.510000,0.007400
1478540863919,0.302100,0.302000,5000,0.304900,200,2.510000,0.007400
1478540865907,0.302100,0.302000,5000,0.304900,200,2.510000,0.007400
1478540868418,0.302100,0.302000,5000,0.304900,200,2.510000,0.007400
1478540870929,0.302100,0.302000,5000,0.304900,200,2.510000,0.007400
1478540872930,0.302100,0.302000,5000,0.304900,200,2.510000,0.007400
1478540875423,0.302100,0.302000,5000,0.304900,200,2.510000,0.007400
1478540877423,0.302100,0.302000,5000,0.304900,200,2.510000,0.007400
1478540878926,0.302100,0.302000,5000,0.304900,200,2.510000,0.007400
1478540882428,0.302100,0.302000,5000,0.304900,200,2.510000,0.007400
1478540884401,0.302100,0.302000,5000,0.304900,200,2.510000,0.007400
1478540886925,0.302100,0.302000,5000,0.304900,200,2.510000,0.007400
1478540889416,0.302100,0.302000,5000,0.304900,200,2.510000,0.007400
1478540892931,0.302100,0.302000,5000,0.304900,200,2.510000,0.007400
1478540894926,0.302100,0.302000,5000,0.304900,200,2.510000,0.007400
1478540897425,0.302100,0.302000,5000,0.304900,200,2.510000,0.007400
1478540899430,0.302100,0.302000,5000,0.304900,200,2.510000,0.007400
1478540901434,0.302100,0.302000,5000,0.304900,200,2.510000,0.007400
1478540903967,0.302100,0.302000,5000,0.304900,200,2.510000,0.007400
1478540906421,0.302100,0.302000,5000,0.304900,200,2.510000,0.007400
1478540907432,0.302100,0.302000,5000,0.304900,200,2.510000,0.007400
1478540910436,0.302100,0.302000,5000,0.304900,200,2.510000,0.007400
1478540912932,0.302100,0.302000,5000,0.304900,200,2.510000,0.007400
1478540914939,0.302100,0.302000,5000,0.304900,200,2.510000,0.007400
1478540916945,0.302100,0.302000,5000,0.304900,200,2.510000,0.007400
1478540919472,0.302100,0.302000,5000,0.304900,200,2.510000,0.007400
1478540921436,0.302100,0.302000,5000,0.304900,200,2.510000,0.007400
1478540923943,0.302100,0.302000,5000,0.304900,200,2.510000,0.007400
1478540924438,0.302100,0.302000,5000,0.304900,200,2.510000,0.007400
1478540927950,0.302100,0.302000,5000,0.304900,200,2.510000,0.007400
1478540930450,0.302100,0.302000,5000,0.304900,200,2.510000,0.007400
1478540932462,0.302100,0.302000,5000,0.304900,200,2.510000,0.007400
1478540934448,0.302100,0.302000,5000,0.304900,200,2.510000,0.007400
1478540936950,0.302100,0.302000,5000,0.304900,200,2.510000,0.007400
1478540938453,0.302100,0.302000,5000,0.304900,200,2.510000,0.007400
1478540941942,0.302100,0.302000,5000,0.304900,200,2.510000,0.007400
1478540943965,0.302100,0.302000,5000,0.304900,200,2.510000,0.007400
1478540945487,0.302100,0.302000,5000,0.304900,200,2.510000,0.007400
1478540949967,0.302100,0.302000,5000,0.304900,200,2.510000,0.007400
1478540952456,0.302100,0.302000,5000,0.304900,200,2.510000,0.007400
1478540954453,0.302100,0.302000,5000,0.304900,200,2.510000,0.007400
1478540956468,0.302100,0.302000,5000,0.304900,200,2.510000,0.007400
1478540959353,0.302100,0.302000,5000,0.304900,200,2.510000,0.007400
1478540961372,0.302100,0.302000,5000,0.304900,200,2.510000,0.007400
1478540963360,0.302100,0.302000,5000,0.304900,200,2.510000,0.007400
1478540965354,0.302100,0.302000,5000,0.304900,200,2.510000,0.007400
1478540967852,0.302100,0.302000,5000,0.304900,200,2.510000,0.007400
1478540970356,0.302100,0.302000,5000,0.304900,200,2.510000,0.007400
1478540972356,0.302100,0.302000,5000,0.304900,200,2.510000,0.007400
1478540973858,0.302100,0.302000,5000,0.304900,200,2.510000,0.007400
1478540976858,0.302100,0.302000,5000,0.305000,8200,2.510000,0.007400
1478540979362,0.302100,0.302100,2000,0.305000,8200,2.510000,0.007400
1478540979866,0.302100,0.302100,2000,0.305000,8200,2.510000,0.007400
1478540983361,0.302100,0.302100,2000,0.305000,8200,2.510000,0.007400
1478540986361,0.302100,0.302100,2000,0.305000,8200,2.510000,0.007400
1478540987861,0.302100,0.302100,2000,0.305000,8200,2.510000,0.007400
1478540990885,0.302100,0.302100,2000,0.305000,8200,2.510000,0.007400
1478540993366,0.302100,0.302100,2000,0.305000,8200,2.510000,0.007400
1478540995370,0.302100,0.302100,2000,0.305000,8200,2.510000,0.007400
1478540996877,0.302100,0.302100,2000,0.305000,8200,2.510000,0.007400
1478540999866,0.302100,0.302100,2000,0.305000,8200,2.510000,0.007400
1478541000869,0.302100,0.302100,2000,0.305000,8200,2.510000,0.007400
1478541003859,0.302100,0.302100,2000,0.305000,8200,2.510000,0.007400
1478541006358,0.302100,0.302100,2000,0.305000,8200,2.510000,0.007400
1478541008871,0.302100,0.302100,2000,0.305000,8200,2.510000,0.007400
1478541010879,0.302100,0.302100,2000,0.305000,8200,2.510000,0.007400
1478541013371,0.305000,0.302100,2000,0.305000,8200,3.500000,0.010300
1478541014869,0.305000,0.302100,2000,0.305000,8200,3.500000,0.010300
1478541017887,0.305000,0.302100,2000,0.305000,8200,3.500000,0.010300
1478541019899,0.305000,0.302100,2000,0.305000,8200,3.500000,0.010300
1478541022373,0.305000,0.302100,2000,0.305000,8200,3.500000,0.010300
1478541024881,0.305000,0.302100,2000,0.305000,8200,3.500000,0.010300
1478541026932,0.305000,0.302100,2000,0.305000,8200,3.500000,0.010300
1478541029378,0.305000,0.302100,2000,0.305000,8200,3.500000,0.010300
1478541030882,0.305000,0.302100,2000,0.305000,8200,3.500000,0.010300
1478541032381,0.305000,0.302100,2000,0.305000,8200,3.500000,0.010300
1478541034927,0.305000,0.302100,2000,0.305000,8200,3.500000,0.010300
1478541038378,0.305000,0.302100,2000,0.305000,8200,3.500000,0.010300
1478541040384,0.305000,0.302100,2000,0.305000,8200,3.500000,0.010300
1478541042880,0.305000,0.302100,2000,0.305000,8200,3.500000,0.010300
1478541045389,0.305000,0.302100,2000,0.305000,8200,3.500000,0.010300
1478541046896,0.305000,0.302100,2000,0.305000,8200,3.500000,0.010300
1478541049896,0.305000,0.302100,2000,0.305000,8200,3.500000,0.010300
1478541051887,0.305000,0.302100,2000,0.305000,8200,3.500000,0.010300
1478541054386,0.305000,0.302100,2000,0.305000,8200,3.500000,0.010300
1478541057886,0.305000,0.302100,2000,0.305000,8200,3.500000,0.010300
1478541059894,0.305000,0.302100,2000,0.305000,8200,3.500000,0.010300
1478541062404,0.305000,0.302100,2000,0.305000,8200,3.500000,0.010300
1478541064405,0.305000,0.302100,2000,0.305000,8200,3.500000,0.010300
1478541066388,0.305000,0.302100,2000,0.305000,8200,3.500000,0.010300
1478541068900,0.305000,0.302100,2000,0.305000,8200,3.500000,0.010300
1478541070907,0.305000,0.302100,2000,0.305000,8200,3.500000,0.010300
1478541072911,0.305000,0.302100,2000,0.305000,8200,3.500000,0.010300
1478541075413,0.305000,0.302100,2000,0.305000,8200,3.500000,0.010300
1478541077884,0.305000,0.302100,2000,0.305000,8200,3.500000,0.010300
1478541079437,0.305000,0.302100,2000,0.305000,8200,3.500000,0.010300
1478541082400,0.305000,0.302100,2000,0.305000,8200,3.500000,0.010300
1478541084906,0.305000,0.302100,2000,0.305000,8200,3.500000,0.010300
1478541086903,0.305000,0.302100,2000,0.305000,8200,3.500000,0.010300
1478541088891,0.305000,0.302100,2000,0.305000,8200,3.500000,0.010300
1478541090908,0.305000,0.302100,2000,0.305000,8200,3.500000,0.010300
1478541093410,0.305000,0.302100,2000,0.305000,8200,3.500000,0.010300
1478541095945,0.305000,0.302100,2000,0.305000,8200,3.500000,0.010300
1478541097911,0.305000,0.302100,2000,0.305000,8200,3.500000,0.010300
1478541100408,0.305000,0.302100,2000,0.305000,8200,3.500000,0.010300
1478541102410,0.305000,0.302100,2000,0.305000,8200,3.500000,0.010300
1478541104916,0.305000,0.302100,2000,0.305000,8200,3.500000,0.010300
1478541106913,0.305000,0.302100,2000,0.305000,8200,3.500000,0.010300
1478541109943,0.305000,0.302100,2000,0.305000,8200,3.500000,0.010300
1478541111907,0.305000,0.302100,2000,0.305000,8200,3.500000,0.010300
1478541113915,0.305000,0.302100,2000,0.305000,8200,3.500000,0.010300
1478541116923,0.305000,0.302100,2000,0.305000,8200,3.500000,0.010300
1478541118928,0.305000,0.302100,2000,0.305000,8200,3.500000,0.010300
1478541121446,0.305000,0.302100,2000,0.305000,8200,3.500000,0.010300
1478541123419,0.305000,0.302100,2000,0.305000,8200,3.500000,0.010300
1478541125420,0.305000,0.302100,2000,0.305000,8200,3.500000,0.010300
1478541126917,0.305000,0.302100,2000,0.305000,8200,3.500000,0.010300
1478541129910,0.305000,0.302100,2000,0.305000,8200,3.500000,0.010300
1478541132421,0.305000,0.302100,2000,0.305000,8200,3.500000,0.010300
1478541134923,0.305000,0.302100,2000,0.305000,8200,3.500000,0.010300
1478541136930,0.305000,0.302100,2000,0.305000,8200,3.500000,0.010300
1478541138927,0.305000,0.302100,2000,0.305000,8200,3.500000,0.010300
1478541141922,0.305000,0.302100,2000,0.305000,8200,3.500000,0.010300
1478541144428,0.305000,0.302100,2000,0.305000,8200,3.500000,0.010300
1478541146426,0.305000,0.302100,2000,0.305000,8200,3.500000,0.010300
1478541148919,0.305000,0.302100,2000,0.305000,8200,3.500000,0.010300
1478541151450,0.305000,0.302100,2000,0.305000,8200,3.500000,0.010300
1478541153931,0.305000,0.302100,2000,0.305000,8200,3.500000,0.010300
1478541155932,0.305000,0.302100,2000,0.305000,8200,3.500000,0.010300
1478541158433,0.305000,0.302100,2000,0.305000,8200,3.500000,0.010300
1478541160436,0.305000,0.302100,2000,0.305000,8200,3.500000,0.010300
1478541162937,0.305000,0.302100,2100,0.305000,8200,3.500000,0.010300
1478541164924,0.305000,0.302100,2100,0.305000,8200,3.500000,0.010300
1478541167445,0.305000,0.302100,2100,0.305000,8200,3.500000,0.010300
1478541168937,0.305000,0.302100,2100,0.305000,8200,3.500000,0.010300
1478541171938,0.305000,0.302100,2100,0.305000,8200,3.500000,0.010300
1478541173926,0.305000,0.302100,2100,0.305000,8200,3.500000,0.010300
1478541176438,0.305000,0.302100,2100,0.305000,8200,3.500000,0.010300
1478541178453,0.305000,0.302100,2100,0.305000,8200,3.500000,0.010300
1478541180961,0.305000,0.302100,2100,0.305000,8200,3.500000,0.010300
1478541182947,0.305000,0.302100,2100,0.305000,8200,3.500000,0.010300
1478541185444,0.305000,0.302100,2100,0.305000,8200,3.500000,0.010300
1478541187942,0.305000,0.302100,2100,0.305000,8200,3.500000,0.010300
1478541189432,0.305000,0.302100,2100,0.305000,8200,3.500000,0.010300
1478541192456,0.305000,0.302100,2100,0.305000,8200,3.500000,0.010300
1478541194469,0.305000,0.302100,2100,0.305000,8200,3.500000,0.010300
1478541196944,0.305000,0.302100,2100,0.305000,8200,3.500000,0.010300
1478541198951,0.305000,0.302100,2100,0.305000,8200,3.500000,0.010300
1478541200439,0.305000,0.302100,2100,0.305000,8200,3.500000,0.010300
1478541203950,0.305000,0.302100,2100,0.305000,8200,3.500000,0.010300
1478541205939,0.305000,0.302100,2100,0.305000,8200,3.500000,0.010300
1478541207941,0.304900,0.302100,2100,0.305000,8200,3.460000,0.010200
1478541210466,0.304900,0.302100,2100,0.305000,8200,3.460000,0.010200
1478541212458,0.304900,0.302100,2100,0.305000,8200,3.460000,0.010200
1478541214444,0.304900,0.302100,2100,0.305000,8200,3.460000,0.010200
1478541217352,0.304900,0.302100,2100,0.305000,8200,3.460000,0.010200
1478541218858,0.304900,0.302100,2100,0.305000,8200,3.460000,0.010200
1478541221358,0.304900,0.302100,2100,0.305000,8200,3.460000,0.010200
1478541223355,0.304900,0.302100,2100,0.305000,8200,3.460000,0.010200
1478541225855,0.304900,0.302100,2100,0.305000,8200,3.460000,0.010200
1478541228354,0.304900,0.302100,2100,0.305000,8200,3.460000,0.010200
1478541230857,0.304900,0.302100,2100,0.305000,8200,3.460000,0.010200
1478541232361,0.304900,0.302100,2100,0.305000,8200,3.460000,0.010200
1478541234857,0.304900,0.302100,2100,0.305000,8200,3.460000,0.010200
1478541237853,0.304900,0.302100,2100,0.305000,8200,3.460000,0.010200
1478541240361,0.304900,0.302100,2100,0.305000,8200,3.460000,0.010200
1478541241863,0.304900,0.302100,2100,0.305000,8200,3.460000,0.010200
1478541244363,0.304900,0.302100,2100,0.305000,8200,3.460000,0.010200
1478541246865,0.304900,0.302100,2100,0.305000,8200,3.460000,0.010200
1478541248866,0.304900,0.302100,2100,0.305000,8200,3.460000,0.010200
1478541250866,0.304900,0.302100,2100,0.305000,8200,3.460000,0.010200
1478541253374,0.304900,0.302100,2100,0.305000,8200,3.460000,0.010200
1478541255870,0.304900,0.302100,2100,0.305000,8200,3.460000,0.010200
1478541257865,0.305000,0.302100,2100,0.305000,8000,3.500000,0.010300
1478541259858,0.305000,0.302100,2100,0.305000,8000,3.500000,0.010300
1478541262369,0.305000,0.302100,2100,0.305000,8000,3.500000,0.010300
1478541264377,0.305000,0.302100,2100,0.305000,8000,3.500000,0.010300
1478541265898,0.305000,0.302100,2100,0.305000,8000,3.500000,0.010300
1478541267396,0.305000,0.302100,2100,0.305000,8000,3.500000,0.010300
1478541272364,0.305000,0.302100,2100,0.305000,8000,3.500000,0.010300
1478541274366,0.305000,0.302100,2100,0.305000,8000,3.500000,0.010300
1478541276871,0.305000,0.302100,2100,0.305000,3300,3.500000,0.010300
1478541279379,0.305000,0.302100,2100,0.305000,3300,3.500000,0.010300
1478541281390,0.305000,0.302100,2100,0.305000,3300,3.500000,0.010300
1478541283881,0.305000,0.302100,2100,0.305000,3300,3.500000,0.010300
1478541285880,0.305000,0.302100,2100,0.305000,3300,3.500000,0.010300
1478541287885,0.305000,0.302100,2100,0.305000,3300,3.500000,0.010300
1478541290382,0.305000,0.302100,2100,0.305000,3300,3.500000,0.010300
1478541291886,0.305000,0.302100,2100,0.305000,3300,3.500000,0.010300
1478541294388,0.305000,0.302100,2100,0.305000,3300,3.500000,0.010300
1478541296881,0.305000,0.302800,2600,0.305000,3300,3.500000,0.010300
1478541299428,0.305000,0.302800,2600,0.305000,3300,3.500000,0.010300
1478541302398,0.305000,0.302800,2600,0.305000,3300,3.500000,0.010300
1478541303886,0.305000,0.302800,2600,0.305000,3300,3.500000,0.010300
1478541306389,0.305000,0.302800,2600,0.305000,3300,3.500000,0.010300
1478541306389,0.305000,0.302800,2600,0.305000,3300,3.500000,0.010300
1478541311400,0.305000,0.304200,3700,0.305000,3100,3.500000,0.010300
1478541312900,0.305700,0.304200,3700,0.307200,400,3.730000,0.011000
1478541315893,0.305700,0.304200,3700,0.307200,400,3.730000,0.011000
1478541318410,0.305700,0.304200,3700,0.307200,400,3.730000,0.011000
1478541320399,0.305700,0.304200,3700,0.307200,400,3.730000,0.011000
1478541322409,0.305700,0.304200,3700,0.307200,400,3.730000,0.011000
1478541324890,0.305700,0.304200,3700,0.307200,400,3.730000,0.011000
1478541326898,0.305700,0.304200,3700,0.307200,400,3.730000,0.011000
1478541329404,0.305700,0.304200,3700,0.307200,400,3.730000,0.011000
1478541331402,0.305700,0.305100,4000,0.307200,400,3.730000,0.011000
1478541334406,0.305700,0.305100,4000,0.307200,400,3.730000,0.011000
1478541336432,0.305700,0.305100,4000,0.307200,400,3.730000,0.011000
1478541338900,0.307200,0.305100,100,0.307200,400,4.240000,0.012500
1478541340904,0.307200,0.305200,3100,0.307200,400,4.240000,0.012500
1478541343411,0.307200,0.305200,3100,0.307200,400,4.240000,0.012500
1478541345409,0.307200,0.305200,3100,0.307200,400,4.240000,0.012500
1478541347916,0.307200,0.305200,2000,0.307200,400,4.240000,0.012500
1478541349923,0.307200,0.305200,2000,0.307200,400,4.240000,0.012500
1478541351924,0.307200,0.305200,2000,0.307200,400,4.240000,0.012500
1478541354399,0.307200,0.305200,2000,0.307200,400,4.240000,0.012500
1478541356411,0.307200,0.305200,1300,0.307200,400,4.240000,0.012500
1478541358915,0.307200,0.305200,1100,0.307200,400,4.240000,0.012500
1478541361406,0.307200,0.305200,1200,0.307200,400,4.240000,0.012500
1478541363416,0.307200,0.305300,3400,0.307200,400,4.240000,0.012500
1478541365441,0.307200,0.305300,3400,0.307200,400,4.240000,0.012500
1478541368417,0.307200,0.305300,3400,0.307200,400,4.240000,0.012500
1478541370920,0.307200,0.305300,3400,0.307200,400,4.240000,0.012500
1478541372977,0.307200,0.305300,3400,0.307200,400,4.240000,0.012500
1478541375421,0.307200,0.305300,3400,0.307200,400,4.240000,0.012500
1478541377938,0.307200,0.305300,3400,0.307200,400,4.240000,0.012500
1478541379418,0.307200,0.305300,3400,0.307200,400,4.240000,0.012500
1478541381966,0.307200,0.305300,3400,0.307200,400,4.240000,0.012500
1478541384427,0.307200,0.305300,3400,0.307200,400,4.240000,0.012500
1478541385924,0.307200,0.305300,3400,0.307200,400,4.240000,0.012500
1478541388939,0.307200,0.305300,3400,0.307200,400,4.240000,0.012500
1478541390932,0.307200,0.305300,3400,0.307200,400,4.240000,0.012500
1478541393431,0.307200,0.305300,3400,0.307200,400,4.240000,0.012500
1478541395420,0.307200,0.305300,3400,0.307200,400,4.240000,0.012500
1478541398439,0.307200,0.305300,3400,0.307200,400,4.240000,0.012500
1478541403440,0.307200,0.305300,3400,0.307200,400,4.240000,0.012500
1478541405443,0.307200,0.305300,3400,0.307200,400,4.240000,0.012500
1478541407428,0.307200,0.305300,3400,0.307200,400,4.240000,0.012500
1478541409965,0.307200,0.305300,3400,0.307200,400,4.240000,0.012500
1478541411933,0.307200,0.305300,3400,0.307200,400,4.240000,0.012500
1478541414433,0.307200,0.305300,3400,0.307200,400,4.240000,0.012500
1478541416940,0.307200,0.305300,3400,0.307200,400,4.240000,0.012500
1478541418951,0.307200,0.305300,3400,0.307200,400,4.240000,0.012500
1478541421952,0.307200,0.305300,600,0.307200,400,4.240000,0.012500
1478541425940,0.307200,0.305300,300,0.307200,400,4.240000,0.012500
1478541427956,0.307200,0.305300,300,0.307200,400,4.240000,0.012500
1478541431506,0.307200,0.305400,3400,0.307200,400,4.240000,0.012500
1478541433945,0.307200,0.305400,3500,0.307200,400,4.240000,0.012500
1478541436459,0.307200,0.305400,3500,0.307200,400,4.240000,0.012500
1478541437954,0.307200,0.305400,3500,0.307200,400,4.240000,0.012500
1478541440471,0.307200,0.305400,3500,0.307200,400,4.240000,0.012500
1478541441437,0.307200,0.305400,3500,0.307200,400,4.240000,0.012500
1478541445443,0.307200,0.305400,3500,0.307200,400,4.240000,0.012500
1478541447512,0.307200,0.305400,3500,0.307200,400,4.240000,0.012500
1478541449945,0.307200,0.305400,100,0.307200,400,4.240000,0.012500
1478541451958,0.307200,0.305500,3400,0.307200,400,4.240000,0.012500
1478541453951,0.307200,0.305500,3400,0.307200,400,4.240000,0.012500
1478541456450,0.307200,0.305500,3400,0.307200,400,4.240000,0.012500
1478541458952,0.307200,0.305500,3400,0.307200,400,4.240000,0.012500
1478541460950,0.307200,0.305500,3400,0.307200,400,4.240000,0.012500
1478541463701,0.307200,0.305500,1000,0.307200,400,4.240000,0.012500
1478541464857,0.307200,0.305500,200,0.307200,400,4.240000,0.012500
1478541467856,0.307200,0.305600,3400,0.307200,400,4.240000,0.012500
1478541470355,0.307200,0.305600,3400,0.307200,400,4.240000,0.012500
1478541472350,0.307200,0.305600,3400,0.307200,400,4.240000,0.012500
1478541474862,0.307200,0.305600,3400,0.307200,400,4.240000,0.012500
1478541476863,0.307200,0.305600,200,0.307200,400,4.240000,0.012500
1478541479403,0.307200,0.305600,200,0.307200,400,4.240000,0.012500
1478541481862,0.307200,0.305600,200,0.307200,400,4.240000,0.012500
1478541483861,0.307200,0.305700,3400,0.307200,400,4.240000,0.012500
1478541485868,0.307200,0.305700,3400,0.307200,400,4.240000,0.012500
1478541487867,0.307200,0.305700,3400,0.307200,400,4.240000,0.012500
1478541490367,0.307200,0.305700,3400,0.307200,400,4.240000,0.012500
1478541492867,0.307200,0.305700,3400,0.307200,400,4.240000,0.012500
1478541494867,0.307200,0.305700,3400,0.307200,400,4.240000,0.012500
1478541497867,0.307200,0.305700,600,0.307200,400,4.240000,0.012500
1478541499880,0.307200,0.305700,200,0.307200,400,4.240000,0.012500
1478541501364,0.307200,0.305700,200,0.307200,400,4.240000,0.012500
1478541504365,0.306600,0.305800,3400,0.307200,400,4.040000,0.011900
1478541506370,0.306600,0.305800,3400,0.307200,400,4.040000,0.011900
1478541508874,0.306600,0.305800,3400,0.307200,400,4.040000,0.011900
1478541510872,0.306600,0.305800,3400,0.307200,400,4.040000,0.011900
1478541513395,0.306600,0.305800,3400,0.307200,400,4.040000,0.011900
1478541516379,0.306600,0.305800,200,0.307200,400,4.040000,0.011900
1478541518878,0.306600,0.305800,200,0.307200,400,4.040000,0.011900
1478541521373,0.306600,0.305800,200,0.307200,400,4.040000,0.011900
1478541523385,0.306600,0.305800,200,0.307200,400,4.040000,0.011900
1478541525893,0.306600,0.305800,200,0.307200,400,4.040000,0.011900
1478541527891,0.306600,0.305800,200,0.307200,400,4.040000,0.011900
1478541529887,0.306600,0.305800,200,0.307200,400,4.040000,0.011900
1478541531925,0.306900,0.305900,3500,0.307200,400,4.140000,0.012200
1478541533900,0.306900,0.305900,3500,0.307200,400,4.140000,0.012200
1478541536888,0.306900,0.305900,3500,0.307200,400,4.140000,0.012200
1478541539396,0.306900,0.305900,200,0.307200,400,4.140000,0.012200
1478541541375,0.306900,0.306000,3400,0.307200,400,4.140000,0.012200
1478541544443,0.306900,0.306000,3400,0.307200,400,4.140000,0.012200
1478541546389,0.306900,0.306000,3400,0.307200,400,4.140000,0.012200
1478541548893,0.306900,0.306000,3400,0.307200,400,4.140000,0.012200
1478541550890,0.306900,0.306100,3400,0.307200,400,4.140000,0.012200
1478541553390,0.306900,0.306100,3400,0.307200,400,4.140000,0.012200
1478541555389,0.306900,0.306100,3400,0.307200,400,4.140000,0.012200
1478541556914,0.306900,0.306100,3400,0.307200,400,4.140000,0.012200
1478541559408,0.306900,0.306100,200,0.307200,400,4.140000,0.012200
1478541561902,0.306900,0.306200,3400,0.307200,400,4.140000,0.012200
1478541564393,0.306900,0.306200,3400,0.307200,400,4.140000,0.012200
1478541566393,0.306900,0.306200,3400,0.307200,400,4.140000,0.012200
1478541568452,0.306900,0.306200,3400,0.307200,400,4.140000,0.012200
1478541570895,0.306900,0.306200,3400,0.307200,400,4.140000,0.012200
1478541572921,0.306900,0.306200,3500,0.307200,400,4.140000,0.012200
1478541575904,0.306900,0.306200,3500,0.307200,400,4.140000,0.012200
1478541578405,0.306900,0.306200,3500,0.307200,400,4.140000,0.012200
1478541580409,0.306900,0.306200,3500,0.307200,400,4.140000,0.012200
1478541582903,0.307200,0.306300,2600,0.307200,300,4.240000,0.012500
1478541584905,0.307200,0.306300,2600,0.307200,300,4.240000,0.012500
1478541586914,0.307200,0.306300,2600,0.307200,300,4.240000,0.012500
1478541589414,0.307200,0.306300,2600,0.307200,300,4.240000,0.012500
1478541591910,0.307200,0.306300,2600,0.307200,300,4.240000,0.012500
1478541593916,0.307200,0.306300,2600,0.307200,300,4.240000,0.012500
1478541596416,0.307200,0.306300,2600,0.307200,300,4.240000,0.012500
1478541598442,0.307200,0.306300,2600,0.307200,300,4.240000,0.012500
1478541599434,0.307200,0.306300,2600,0.307200,300,4.240000,0.012500
1478541603415,0.307200,0.306400,2500,0.307200,300,4.240000,0.012500
1478541604964,0.307200,0.306400,2500,0.307200,300,4.240000,0.012500
1478541607924,0.307200,0.306400,2500,0.307200,300,4.240000,0.012500
1478541609921,0.307200,0.306400,2500,0.307200,300,4.240000,0.012500
1478541612431,0.307200,0.306400,200,0.307200,300,4.240000,0.012500
1478541613927,0.307200,0.306400,200,0.307200,300,4.240000,0.012500
1478541616425,0.307200,0.306400,200,0.307200,300,4.240000,0.012500
1478541619408,0.307200,0.306400,200,0.307200,300,4.240000,0.012500
1478541621431,0.307200,0.306400,200,0.307200,300,4.240000,0.012500
1478541623918,0.307200,0.306500,2500,0.307200,300,4.240000,0.012500
1478541626439,0.307200,0.306500,2500,0.307200,300,4.240000,0.012500
1478541628435,0.306900,0.306500,2500,0.307200,300,4.140000,0.012200
1478541630419,0.306900,0.306500,200,0.307200,300,4.140000,0.012200
1478541632432,0.306900,0.306500,200,0.307200,300,4.140000,0.012200
1478541635433,0.306900,0.306500,200,0.307200,300,4.140000,0.012200
1478541637430,0.306900,0.306500,200,0.307200,300,4.140000,0.012200
1478541639935,0.306900,0.306600,2600,0.307200,300,4.140000,0.012200
1478541641436,0.306900,0.306600,2600,0.307200,300,4.140000,0.012200
1478541643428,0.306900,0.306600,2600,0.307200,300,4.140000,0.012200
1478541646444,0.306900,0.306600,2600,0.307200,300,4.140000,0.012200
1478541648466,0.306900,0.306600,200,0.307200,300,4.140000,0.012200
1478541650947,0.306900,0.306700,2600,0.307200,300,4.140000,0.012200
1478541653495,0.306900,0.306700,2600,0.307200,300,4.140000,0.012200
1478541655943,0.306900,0.306700,2600,0.307200,300,4.140000,0.012200
1478541657945,0.306900,0.306700,200,0.307200,300,4.140000,0.012200
1478541659951,0.306900,0.306800,2500,0.307200,300,4.140000,0.012200
1478541662459,0.306900,0.306800,2500,0.307200,300,4.140000,0.012200
1478541664952,0.307000,0.306800,2500,0.307200,300,4.170000,0.012300
1478541667001,0.307000,0.306800,2500,0.307200,300,4.170000,0.012300
1478541669440,0.307000,0.306800,2500,0.307200,300,4.170000,0.012300
1478541671450,0.307000,0.306800,2500,0.307200,300,4.170000,0.012300
1478541673949,0.307000,0.306800,2500,0.307200,300,4.170000,0.012300
1478541675956,0.307000,0.306800,2500,0.307200,300,4.170000,0.012300
1478541678475,0.307000,0.306800,2500,0.307200,300,4.170000,0.012300
1478541680477,0.307000,0.306800,2500,0.307200,300,4.170000,0.012300
1478541682454,0.307000,0.306800,2500,0.307200,300,4.170000,0.012300
1478541684960,0.307000,0.306800,2500,0.307200,300,4.170000,0.012300
1478541687963,0.307000,0.306800,2500,0.307200,300,4.170000,0.012300
1478541690442,0.307000,0.306800,2500,0.307200,300,4.170000,0.012300
1478541693059,0.307000,0.306800,2500,0.307200,300,4.170000,0.012300
1478541695482,0.307000,0.306800,2500,0.307200,300,4.170000,0.012300
1478541697454,0.307000,0.306800,2500,0.307200,300,4.170000,0.012300
1478541699963,0.307000,0.306800,2500,0.307200,300,4.170000,0.012300
1478541701961,0.307000,0.306800,2500,0.307200,300,4.170000,0.012300
1478541704520,0.307000,0.306800,2500,0.307200,300,4.170000,0.012300
1478541706869,0.307000,0.306800,2500,0.307200,300,4.170000,0.012300
1478541708852,0.307000,0.306800,2500,0.307200,300,4.170000,0.012300
1478541711359,0.307000,0.306800,2500,0.307200,300,4.170000,0.012300
1478541713355,0.307000,0.306800,2500,0.307200,300,4.170000,0.012300
1478541715856,0.307000,0.306800,2500,0.307200,300,4.170000,0.012300
1478541717858,0.307000,0.306800,2500,0.307200,300,4.170000,0.012300
1478541720362,0.307000,0.306800,2500,0.307200,300,4.170000,0.012300
1478541722362,0.307000,0.306800,2500,0.307200,300,4.170000,0.012300
1478541724862,0.307000,0.306800,2500,0.307200,300,4.170000,0.012300
1478541726857,0.307000,0.306800,2500,0.307200,300,4.170000,0.012300
1478541729363,0.307000,0.306800,2500,0.307200,300,4.170000,0.012300
1478541731367,0.307000,0.306800,2500,0.307200,300,4.170000,0.012300
1478541733875,0.307000,0.306800,2500,0.307200,300,4.170000,0.012300
1478541736380,0.307000,0.306800,2500,0.307200,300,4.170000,0.012300
1478541738387,0.307000,0.306800,2500,0.307200,300,4.170000,0.012300
1478541740369,0.307000,0.306800,2500,0.307200,300,4.170000,0.012300
1478541742873,0.307200,0.306800,2500,0.307200,100,4.240000,0.012500
1478541745410,0.307200,0.306800,2500,0.307200,100,4.240000,0.012500
1478541747369,0.307200,0.306800,2500,0.307200,100,4.240000,0.012500
1478541749861,0.307200,0.306800,2500,0.307200,100,4.240000,0.012500
1478541751371,0.307200,0.306800,2500,0.307200,100,4.240000,0.012500
1478541754371,0.307200,0.306800,2500,0.307200,100,4.240000,0.012500
1478541756376,0.307200,0.306800,2500,0.307200,100,4.240000,0.012500
1478541758874,0.307200,0.306800,2500,0.307200,100,4.240000,0.012500
1478541760872,0.307200,0.306800,2500,0.307200,100,4.240000,0.012500
1478541763376,0.307200,0.306800,2500,0.307200,100,4.240000,0.012500
1478541765400,0.307200,0.306800,2500,0.307200,100,4.240000,0.012500
1478541767402,0.307200,0.306800,2500,0.307200,100,4.240000,0.012500
1478541769870,0.307200,0.306800,2500,0.307200,100,4.240000,0.012500
1478541772380,0.307200,0.306800,2500,0.307200,100,4.240000,0.012500
1478541774425,0.307200,0.306800,2500,0.307200,100,4.240000,0.012500
1478541776885,0.307200,0.306800,2500,0.307200,100,4.240000,0.012500
1478541778400,0.307200,0.306800,2500,0.307200,100,4.240000,0.012500
1478541780897,0.307200,0.306800,2500,0.307200,100,4.240000,0.012500
1478541783875,0.307200,0.306800,2500,0.307200,100,4.240000,0.012500
1478541784885,0.307200,0.306800,2500,0.307200,100,4.240000,0.012500
1478541787882,0.307200,0.306800,2500,0.307200,100,4.240000,0.012500
1478541789879,0.307200,0.306800,2500,0.307200,100,4.240000,0.012500
1478541791879,0.307200,0.306800,2500,0.307200,100,4.240000,0.012500
1478541794935,0.307200,0.306800,2500,0.307200,100,4.240000,0.012500
1478541797405,0.307200,0.306800,2500,0.307200,100,4.240000,0.012500
1478541799893,0.307200,0.306800,2500,0.307200,100,4.240000,0.012500
1478541801886,0.307200,0.306800,2500,0.307200,100,4.240000,0.012500
1478541803889,0.307200,0.306800,2500,0.307200,100,4.240000,0.012500
1478541806384,0.307200,0.306800,2500,0.307200,100,4.240000,0.012500
1478541808437,0.307200,0.306800,2500,0.307200,100,4.240000,0.012500
1478541809384,0.307200,0.306800,2500,0.307200,100,4.240000,0.012500
1478541812885,0.307200,0.306800,2500,0.307200,100,4.240000,0.012500
1478541815391,0.307200,0.306800,2500,0.307200,100,4.240000,0.012500
1478541817401,0.307200,0.306800,2500,0.307200,100,4.240000,0.012500
1478541819390,0.307200,0.306800,2500,0.307200,100,4.240000,0.012500
1478541821898,0.307200,0.306800,2500,0.307200,100,4.240000,0.012500
1478541824406,0.307200,0.306800,2500,0.307200,100,4.240000,0.012500
1478541826900,0.307200,0.306800,2500,0.307200,100,4.240000,0.012500
1478541829402,0.307200,0.306800,2500,0.307200,100,4.240000,0.012500
1478541831407,0.307200,0.306800,2500,0.307200,100,4.240000,0.012500
1478541833407,0.307200,0.306800,2500,0.307200,100,4.240000,0.012500
1478541835904,0.307200,0.306800,2500,0.307200,100,4.240000,0.012500
1478541837901,0.307200,0.306800,2500,0.307200,100,4.240000,0.012500
1478541839901,0.307200,0.306800,2500,0.307200,100,4.240000,0.012500
1478541842405,0.307200,0.306800,2500,0.307200,100,4.240000,0.012500
1478541844404,0.307200,0.306800,2500,0.307200,100,4.240000,0.012500
1478541846400,0.307200,0.306800,2500,0.307200,100,4.240000,0.012500
1478541848908,0.307200,0.306800,2500,0.307200,100,4.240000,0.012500
1478541851420,0.307200,0.306800,2500,0.307200,100,4.240000,0.012500
1478541853897,0.307200,0.306800,2500,0.307200,100,4.240000,0.012500
1478541855912,0.307200,0.306800,2500,0.307200,100,4.240000,0.012500
1478541857914,0.307200,0.306800,2500,0.307200,100,4.240000,0.012500
1478541860465,0.307200,0.306800,2500,0.307200,100,4.240000,0.012500
1478541861908,0.307200,0.306800,2500,0.307200,400,4.240000,0.012500
1478541864914,0.307200,0.306800,2500,0.307200,400,4.240000,0.012500
1478541866925,0.307200,0.306800,2500,0.307200,400,4.240000,0.012500
1478541869426,0.307200,0.306800,2500,0.307200,400,4.240000,0.012500
1478541871418,0.307200,0.306800,2500,0.307200,400,4.240000,0.012500
1478541872918,0.307200,0.306800,2500,0.307200,400,4.240000,0.012500
1478541876908,0.307200,0.306800,2500,0.307200,400,4.240000,0.012500
1478541879406,0.307200,0.306800,2500,0.307200,400,4.240000,0.012500
1478541881419,0.307200,0.306800,2500,0.307200,400,4.240000,0.012500
1478541883918,0.307200,0.306800,2500,0.307200,400,4.240000,0.012500
1478541885926,0.307200,0.306800,2500,0.307200,400,4.240000,0.012500
1478541888415,0.307200,0.306800,2500,0.307200,400,4.240000,0.012500
1478541889430,0.307200,0.306800,2500,0.307200,400,4.240000,0.012500
1478541892932,0.307200,0.306800,2500,0.307200,400,4.240000,0.012500
1478541894910,0.307200,0.306800,2500,0.307200,400,4.240000,0.012500
1478541896929,0.307200,0.306800,2500,0.307200,400,4.240000,0.012500
1478541898458,0.307200,0.306800,2500,0.307200,400,4.240000,0.012500
1478541901938,0.307200,0.306800,2500,0.307200,400,4.240000,0.012500
1478541904430,0.307200,0.306800,2500,0.307200,400,4.240000,0.012500
1478541906421,0.307200,0.306800,2500,0.307200,400,4.240000,0.012500
1478541908939,0.307200,0.306800,2500,0.307200,400,4.240000,0.012500
1478541911452,0.307200,0.306800,2500,0.307200,400,4.240000,0.012500
1478541915930,0.307200,0.306800,2500,0.307200,400,4.240000,0.012500
1478541918435,0.307200,0.306800,2500,0.307200,300,4.240000,0.012500
1478541919933,0.307200,0.306800,2500,0.307200,300,4.240000,0.012500
1478541922944,0.307200,0.306800,2500,0.307200,300,4.240000,0.012500
1478541925442,0.307200,0.306800,2500,0.307200,300,4.240000,0.012500
1478541926936,0.307200,0.306800,2500,0.307200,300,4.240000,0.012500
1478541929938,0.307200,0.306800,2500,0.307200,300,4.240000,0.012500
1478541931424,0.307200,0.306800,2500,0.307200,300,4.240000,0.012500
1478541933938,0.307200,0.306800,2500,0.307200,300,4.240000,0.012500
1478541936447,0.307200,0.306800,2500,0.307200,300,4.240000,0.012500
1478541938942,0.307200,0.306800,2500,0.307200,300,4.240000,0.012500
1478541941022,0.307200,0.306800,2500,0.307200,300,4.240000,0.012500
1478541943454,0.307200,0.306800,2500,0.307200,300,4.240000,0.012500
1478541945449,0.307200,0.306800,2500,0.307200,300,4.240000,0.012500
1478541947952,0.307200,0.306800,2500,0.307200,300,4.240000,0.012500
1478541950438,0.307200,0.306800,2500,0.307200,300,4.240000,0.012500
1478541952464,0.307200,0.306800,2500,0.307200,300,4.240000,0.012500
1478541954956,0.307200,0.306800,2500,0.307200,300,4.240000,0.012500
1478541956947,0.307200,0.306800,2500,0.307200,300,4.240000,0.012500
1478541959432,0.307200,0.306800,2500,0.307200,300,4.240000,0.012500
1478541961451,0.307200,0.306800,2500,0.307200,300,4.240000,0.012500
1478541963854,0.307200,0.306800,2500,0.307200,300,4.240000,0.012500
1478541966357,0.307200,0.306800,2500,0.307200,300,4.240000,0.012500
1478541967853,0.307200,0.306800,2500,0.307200,300,4.240000,0.012500
1478541970854,0.307200,0.306800,2500,0.307200,300,4.240000,0.012500
1478541972858,0.307200,0.306800,2500,0.307200,300,4.240000,0.012500
1478541975357,0.307200,0.306800,2500,0.307200,300,4.240000,0.012500
1478541981358,0.307200,0.306800,2500,0.307200,300,4.240000,0.012500
1478541984358,0.307200,0.306800,2500,0.307200,300,4.240000,0.012500
1478541986374,0.307200,0.306800,2500,0.307200,300,4.240000,0.012500
1478541988865,0.307200,0.306800,2500,0.307200,300,4.240000,0.012500
1478541990865,0.307200,0.306800,2500,0.307200,300,4.240000,0.012500
1478541993371,0.307100,0.306800,2500,0.307200,100,4.210000,0.012400
1478541995866,0.307100,0.306800,2500,0.307200,100,4.210000,0.012400
1478541997870,0.307100,0.306800,2500,0.307200,100,4.210000,0.012400
1478541999895,0.307100,0.306800,2500,0.307200,100,4.210000,0.012400
1478542001865,0.307100,0.306800,2500,0.307200,100,4.210000,0.012400
1478542002869,0.307100,0.306800,2500,0.307200,100,4.210000,0.012400
1478542006869,0.307100,0.306800,2500,0.307200,100,4.210000,0.012400
1478542009872,0.307100,0.306800,2500,0.307200,100,4.210000,0.012400
1478542010880,0.307100,0.306800,2500,0.307200,100,4.210000,0.012400
1478542014372,0.307100,0.306800,2500,0.307200,100,4.210000,0.012400
1478542015890,0.307100,0.306800,2500,0.307200,100,4.210000,0.012400
1478542019372,0.307100,0.306800,2500,0.307200,100,4.210000,0.012400
1478542021427,0.307100,0.306800,2500,0.307200,100,4.210000,0.012400
1478542023378,0.307100,0.306800,2500,0.307200,100,4.210000,0.012400
1478542025886,0.307100,0.306800,2500,0.307200,100,4.210000,0.012400
1478542028391,0.307100,0.306800,2500,0.307200,100,4.210000,0.012400
1478542029880,0.307100,0.306800,2500,0.307200,100,4.210000,0.012400
1478542032377,0.307100,0.306800,2500,0.307200,100,4.210000,0.012400
1478542034884,0.307100,0.306800,2500,0.307200,100,4.210000,0.012400
1478542035874,0.307100,0.306800,2500,0.307200,100,4.210000,0.012400
1478542038888,0.307100,0.306800,2500,0.307200,100,4.210000,0.012400
1478542041884,0.307100,0.306800,2500,0.307200,100,4.210000,0.012400
1478542044381,0.307100,0.306800,2500,0.307200,100,4.210000,0.012400
1478542045904,0.307100,0.306800,2500,0.307200,100,4.210000,0.012400
1478542048382,0.307100,0.306800,2500,0.307200,100,4.210000,0.012400
1478542050888,0.307100,0.306800,2500,0.307200,100,4.210000,0.012400
1478542051901,0.307100,0.306800,2500,0.307200,100,4.210000,0.012400
1478542054383,0.307100,0.306800,2500,0.307200,100,4.210000,0.012400
1478542057908,0.307100,0.306800,2500,0.307200,100,4.210000,0.012400
1478542059385,0.307100,0.306800,2500,0.307200,100,4.210000,0.012400
1478542062394,0.307100,0.306800,2500,0.307200,100,4.210000,0.012400
1478542063392,0.307100,0.306800,2500,0.307200,100,4.210000,0.012400
1478542066893,0.307100,0.306800,2500,0.307200,100,4.210000,0.012400
1478542069394,0.307100,0.306800,2500,0.307200,100,4.210000,0.012400
1478542071401,0.307100,0.306800,2500,0.307200,100,4.210000,0.012400
1478542073415,0.307100,0.306800,2500,0.307200,100,4.210000,0.012400
1478542076393,0.307100,0.306800,2500,0.307200,100,4.210000,0.012400
1478542078901,0.307100,0.306800,2500,0.307200,100,4.210000,0.012400
1478542080896,0.307100,0.306800,2500,0.307200,100,4.210000,0.012400
1478542082899,0.307100,0.306800,2500,0.307200,100,4.210000,0.012400
1478542084896,0.307100,0.306800,2500,0.307200,100,4.210000,0.012400
1478542087425,0.307200,0.306800,2500,0.307200,400,4.240000,0.012500
1478542089413,0.307200,0.306800,2500,0.307200,400,4.240000,0.012500
1478542091897,0.307200,0.306800,2500,0.307200,400,4.240000,0.012500
1478542092906,0.307200,0.306800,2500,0.307200,400,4.240000,0.012500
1478542095909,0.307200,0.306800,2500,0.307200,400,4.240000,0.012500
1478542098401,0.307200,0.306800,2500,0.307200,400,4.240000,0.012500
1478542100409,0.307200,0.306800,2500,0.307200,400,4.240000,0.012500
1478542103005,0.307200,0.306800,2500,0.307200,400,4.240000,0.012500
1478542104982,0.307200,0.306800,2500,0.307200,400,4.240000,0.012500
1478542107396,0.307200,0.306800,2500,0.307200,400,4.240000,0.012500
1478542109411,0.307200,0.306800,2500,0.307200,400,4.240000,0.012500
1478542111908,0.307200,0.306800,2500,0.307200,400,4.240000,0.012500
1478542113905,0.307200,0.306800,2500,0.307200,400,4.240000,0.012500
1478542115907,0.307200,0.306800,2500,0.307200,400,4.240000,0.012500
1478542117403,0.307200,0.306800,2500,0.307200,400,4.240000,0.012500
1478542120919,0.307200,0.306800,2500,0.307200,400,4.240000,0.012500
1478542122925,0.307200,0.306800,2500,0.307200,400,4.240000,0.012500
1478542124920,0.307200,0.306800,2500,0.307200,400,4.240000,0.012500
1478542127423,0.307200,0.306800,2500,0.307200,400,4.240000,0.012500
1478542129915,0.307200,0.306800,2500,0.307200,400,4.240000,0.012500
1478542131944,0.307200,0.306800,2500,0.307200,400,4.240000,0.012500
1478542133907,0.307200,0.306800,2500,0.307200,400,4.240000,0.012500
1478542136925,0.307200,0.306800,2500,0.307200,400,4.240000,0.012500
1478542138925,0.307200,0.306800,2500,0.307200,400,4.240000,0.012500
1478542140919,0.307200,0.306800,2500,0.307200,400,4.240000,0.012500
1478542143420,0.307200,0.306800,2500,0.307200,400,4.240000,0.012500
1478542145429,0.307000,0.306800,2500,0.307200,400,4.170000,0.012300
1478542146917,0.307000,0.306800,2500,0.307200,400,4.170000,0.012300
1478542149943,0.307000,0.306800,2500,0.307200,400,4.170000,0.012300
1478542152411,0.307000,0.306800,2500,0.307200,400,4.170000,0.012300
1478542154476,0.307000,0.306800,2500,0.307200,400,4.170000,0.012300
1478542156916,0.307000,0.306800,2500,0.307200,400,4.170000,0.012300
1478542158928,0.307000,0.306800,2500,0.307200,400,4.170000,0.012300
1478542161433,0.307000,0.306800,2500,0.307200,400,4.170000,0.012300
1478542163009,0.307000,0.306800,2500,0.307200,400,4.170000,0.012300
1478542165431,0.307000,0.306800,2500,0.307200,400,4.170000,0.012300
1478542168430,0.307000,0.306800,2500,0.307200,400,4.170000,0.012300
1478542170936,0.307000,0.306800,2500,0.307200,400,4.170000,0.012300
1478542173432,0.307000,0.306800,2500,0.307200,400,4.170000,0.012300
1478542175449,0.307000,0.306800,2500,0.307200,400,4.170000,0.012300
1478542177967,0.307000,0.306800,2500,0.307200,400,4.170000,0.012300
1478542179945,0.307000,0.306800,2500,0.307200,400,4.170000,0.012300
1478542181934,0.307000,0.306800,2500,0.307200,400,4.170000,0.012300
1478542184442,0.307000,0.306800,2500,0.307200,400,4.170000,0.012300
1478542186440,0.307000,0.306800,2500,0.307200,400,4.170000,0.012300
1478542188442,0.307000,0.306800,2500,0.307200,400,4.170000,0.012300
1478542191485,0.307000,0.306800,2500,0.307200,400,4.170000,0.012300
1478542194441,0.307000,0.306800,2500,0.307200,400,4.170000,0.012300
1478542196438,0.307000,0.306800,2500,0.307200,400,4.170000,0.012300
1478542198440,0.307000,0.306800,2500,0.307200,400,4.170000,0.012300
1478542200949,0.307000,0.306800,2500,0.307200,400,4.170000,0.012300
1478542203003,0.307000,0.306800,2500,0.307200,400,4.170000,0.012300
1478542204951,0.307000,0.306800,2500,0.307200,400,4.170000,0.012300
1478542207950,0.307000,0.306800,2500,0.307200,400,4.170000,0.012300
1478542210003,0.307000,0.306800,2500,0.307200,400,4.170000,0.012300
1478542211954,0.307000,0.306800,2500,0.307200,400,4.170000,0.012300
1478542214451,0.307000,0.306800,2500,0.307200,400,4.170000,0.012300
1478542216852,0.307000,0.306800,2500,0.307200,400,4.170000,0.012300
1478542218866,0.307000,0.306800,2500,0.307200,400,4.170000,0.012300
1478542220345,0.307000,0.306800,2500,0.307200,400,4.170000,0.012300
1478542221855,0.307000,0.306800,2500,0.307200,400,4.170000,0.012300
1478542225363,0.307000,0.306800,2500,0.307200,400,4.170000,0.012300
1478542226857,0.307000,0.306800,2500,0.307200,400,4.170000,0.012300
1478542229858,0.307000,0.306800,2500,0.307200,400,4.170000,0.012300
1478542231863,0.307000,0.306800,2500,0.307200,400,4.170000,0.012300
1478542234372,0.307000,0.306800,2500,0.307200,400,4.170000,0.012300
1478542235864,0.307000,0.306800,2500,0.307200,400,4.170000,0.012300
1478542238363,0.307000,0.306800,2500,0.307200,400,4.170000,0.012300
1478542240360,0.307000,0.306800,2500,0.307200,400,4.170000,0.012300
1478542243367,0.307000,0.306800,2500,0.307200,400,4.170000,0.012300
1478542245864,0.307000,0.306800,2500,0.307200,400,4.170000,0.012300
1478542247878,0.307000,0.306800,2500,0.307200,400,4.170000,0.012300
1478542250401,0.307000,0.306800,2500,0.307200,400,4.170000,0.012300
1478542252366,0.307000,0.306800,2500,0.307200,400,4.170000,0.012300
1478542254368,0.307000,0.306800,2500,0.307200,400,4.170000,0.012300
1478542255856,0.307000,0.306800,2500,0.307200,400,4.170000,0.012300
1478542259870,0.307000,0.306800,2500,0.307200,400,4.170000,0.012300
1478542261889,0.307000,0.306800,2500,0.307200,400,4.170000,0.012300
1478542263380,0.307000,0.306800,2500,0.307200,400,4.170000,0.012300
1478542266374,0.307000,0.306800,2500,0.307200,400,4.170000,0.012300
1478542268371,0.307000,0.306800,2500,0.307200,400,4.170000,0.012300
1478542270876,0.307000,0.306800,2500,0.307200,400,4.170000,0.012300
1478542272882,0.307000,0.306800,2500,0.307200,400,4.170000,0.012300
1478542274877,0.307000,0.306800,2500,0.307200,400,4.170000,0.012300
1478542277391,0.307000,0.306800,2500,0.307200,400,4.170000,0.012300
1478542279405,0.307000,0.306800,2500,0.307200,400,4.170000,0.012300
1478542281874,0.307000,0.306800,2500,0.307200,400,4.170000,0.012300
1478542283416,0.307000,0.306800,2500,0.307200,400,4.170000,0.012300
1478542286381,0.307000,0.306800,2500,0.307200,400,4.170000,0.012300
1478542288382,0.307000,0.306800,2500,0.307200,400,4.170000,0.012300
1478542290883,0.307000,0.306800,2500,0.307200,400,4.170000,0.012300
1478542292389,0.307000,0.306800,2500,0.307200,400,4.170000,0.012300
1478542293401,0.307000,0.306800,2500,0.307200,400,4.170000,0.012300
1478542296877,0.307000,0.306800,2500,0.307200,400,4.170000,0.012300
1478542301893,0.307000,0.306800,2500,0.307200,400,4.170000,0.012300
1478542303893,0.307000,0.306800,2500,0.307200,400,4.170000,0.012300
1478542305902,0.307000,0.306800,2500,0.307200,400,4.170000,0.012300
1478542307912,0.307000,0.306800,2500,0.307200,400,4.170000,0.012300
1478542310888,0.307000,0.306800,2500,0.307200,400,4.170000,0.012300
1478542312387,0.307000,0.306800,2500,0.307200,400,4.170000,0.012300
1478542314896,0.307000,0.306800,2500,0.307200,400,4.170000,0.012300
1478542317390,0.307000,0.306800,2500,0.307200,400,4.170000,0.012300
1478542319397,0.307000,0.306800,2500,0.307200,400,4.170000,0.012300
1478542322939,0.307000,0.306800,2500,0.307200,400,4.170000,0.012300
1478542325384,0.307000,0.306800,2500,0.307200,400,4.170000,0.012300
1478542327393,0.307000,0.306800,2500,0.307200,400,4.170000,0.012300
1478542329389,0.307000,0.306800,2500,0.307200,400,4.170000,0.012300
1478542331900,0.307000,0.306800,2500,0.307200,400,4.170000,0.012300
1478542333898,0.307000,0.306800,2500,0.307200,400,4.170000,0.012300
1478542335925,0.307200,0.306800,2500,0.307200,300,4.240000,0.012500
1478542338411,0.307200,0.306800,2500,0.307200,300,4.240000,0.012500
1478542340894,0.307200,0.306800,2500,0.307200,300,4.240000,0.012500
1478542341405,0.307200,0.306800,2500,0.307200,300,4.240000,0.012500
1478542345396,0.307200,0.306800,2500,0.307200,300,4.240000,0.012500
1478542347902,0.307200,0.306800,2500,0.307200,300,4.240000,0.012500
1478542350436,0.307200,0.306800,2500,0.307200,300,4.240000,0.012500
1478542351896,0.307200,0.306800,2500,0.307200,300,4.240000,0.012500
1478542354902,0.307200,0.306800,2500,0.307200,300,4.240000,0.012500
1478542356910,0.307200,0.306800,2500,0.307200,300,4.240000,0.012500
1478542358891,0.307200,0.306800,2500,0.307200,300,4.240000,0.012500
1478542361400,0.307200,0.306800,2500,0.307200,300,4.240000,0.012500
1478542365413,0.307200,0.306800,2500,0.307200,300,4.240000,0.012500
1478542367403,0.307200,0.306800,2500,0.307200,300,4.240000,0.012500
1478542369407,0.307200,0.306800,2500,0.307200,300,4.240000,0.012500
1478542372417,0.307200,0.306800,2500,0.307200,300,4.240000,0.012500
1478542374906,0.307200,0.306800,2500,0.307200,300,4.240000,0.012500
1478542375903,0.307200,0.306800,2500,0.307200,300,4.240000,0.012500
1478542378936,0.307200,0.306800,2500,0.307200,300,4.240000,0.012500
1478542380913,0.307200,0.306800,2500,0.307200,300,4.240000,0.012500
1478542383411,0.307200,0.306800,2500,0.307200,300,4.240000,0.012500
1478542385909,0.307200,0.306800,2500,0.307200,300,4.240000,0.012500
1478542387973,0.307200,0.306800,2500,0.307200,300,4.240000,0.012500
1478542390407,0.307200,0.306800,2500,0.307200,300,4.240000,0.012500
1478542392909,0.307200,0.306800,2500,0.307200,300,4.240000,0.012500
1478542393449,0.307200,0.306800,2500,0.307200,300,4.240000,0.012500
1478542397411,0.307200,0.306800,2500,0.307200,300,4.240000,0.012500
1478542400417,0.307200,0.306800,2500,0.307200,300,4.240000,0.012500
1478542402919,0.307200,0.306800,2500,0.307200,300,4.240000,0.012500
1478542405424,0.307200,0.306800,2500,0.307200,300,4.240000,0.012500
1478542407421,0.307200,0.306800,2500,0.307200,300,4.240000,0.012500
1478542408911,0.307200,0.306800,2500,0.307200,300,4.240000,0.012500
1478542410423,0.307200,0.306800,2500,0.307200,300,4.240000,0.012500
1478542413419,0.307200,0.306800,2500,0.307200,300,4.240000,0.012500
1478542416419,0.307200,0.306800,2500,0.307200,300,4.240000,0.012500
1478542418924,0.307200,0.306800,2500,0.307200,300,4.240000,0.012500
1478542420933,0.307200,0.306800,2500,0.307200,300,4.240000,0.012500
1478542423440,0.307200,0.306800,2500,0.307200,300,4.240000,0.012500
1478542425435,0.307200,0.306800,2500,0.307200,300,4.240000,0.012500
1478542426916,0.307200,0.306800,2500,0.307200,300,4.240000,0.012500
1478542432936,0.307200,0.306800,2500,0.307200,300,4.240000,0.012500
1478542435434,0.307200,0.306800,2500,0.307200,300,4.240000,0.012500
1478542437448,0.307100,0.306800,2500,0.307200,200,4.210000,0.012400
1478542439460,0.307100,0.306800,2500,0.307200,200,4.210000,0.012400
1478542441941,0.307100,0.306800,2500,0.307200,200,4.210000,0.012400
1478542443432,0.307100,0.306800,2500,0.307200,200,4.210000,0.012400
1478542445927,0.307100,0.306800,2500,0.307200,200,4.210000,0.012400
1478542448444,0.307100,0.306800,2500,0.307200,200,4.210000,0.012400
1478542450554,0.307100,0.306800,2500,0.307200,200,4.210000,0.012400
1478542450968,0.307100,0.306800,2500,0.307200,200,4.210000,0.012400
1478542454943,0.307100,0.306800,2500,0.307200,200,4.210000,0.012400
1478542456936,0.307100,0.306800,2500,0.307200,200,4.210000,0.012400
1478542459436,0.307100,0.306800,2500,0.307200,200,4.210000,0.012400
1478542461450,0.307100,0.306800,2500,0.307200,200,4.210000,0.012400
1478542463947,0.307100,0.306800,2500,0.307200,200,4.210000,0.012400
1478542465441,0.307100,0.306800,2500,0.307200,200,4.210000,0.012400
1478542468448,0.307100,0.306800,2500,0.307200,200,4.210000,0.012400
1478542470425,0.307100,0.306800,2500,0.307200,200,4.210000,0.012400
1478542471946,0.307100,0.306800,2500,0.307200,200,4.210000,0.012400
1478542473851,0.307100,0.306800,2500,0.307200,200,4.210000,0.012400
1478542477354,0.307100,0.306800,2500,0.307200,200,4.210000,0.012400
1478542478852,0.307100,0.306800,2500,0.307200,200,4.210000,0.012400
1478542480853,0.307100,0.306800,2500,0.307200,200,4.210000,0.012400
1478542483849,0.307100,0.306800,2500,0.307200,200,4.210000,0.012400
1478542485857,0.307100,0.306800,2500,0.307200,200,4.210000,0.012400
1478542487853,0.307100,0.306800,2500,0.307200,200,4.210000,0.012400
1478542490856,0.307100,0.306800,2500,0.307200,200,4.210000,0.012400
1478542493858,0.306800,0.306800,300,0.307200,200,4.110000,0.012100
1478542496867,0.306800,0.306800,100,0.307200,200,4.110000,0.012100
1478542498864,0.306800,0.306800,100,0.307100,500,4.110000,0.012100
1478542499861,0.306800,0.306800,100,0.307100,500,4.110000,0.012100
1478542503867,0.306800,0.306800,100,0.307100,500,4.110000,0.012100
1478542505861,0.306800,0.306800,100,0.307100,500,4.110000,0.012100
1478542508362,0.306800,0.306800,100,0.307100,500,4.110000,0.012100
1478542509373,0.306800,0.306800,100,0.307100,500,4.110000,0.012100
1478542512870,0.306800,0.306800,100,0.307100,500,4.110000,0.012100
1478542514858,0.306800,0.306800,100,0.307100,500,4.110000,0.012100
1478542516367,0.306800,0.306800,100,0.307100,500,4.110000,0.012100
1478542519368,0.306800,0.306800,100,0.307100,500,4.110000,0.012100
1478542521867,0.306800,0.306800,100,0.307100,500,4.110000,0.012100
1478542523378,0.306800,0.306800,100,0.307100,500,4.110000,0.012100
1478542525891,0.306800,0.306800,100,0.307100,500,4.110000,0.012100
1478542528868,0.306800,0.306800,100,0.307100,500,4.110000,0.012100
1478542530880,0.306800,0.306800,100,0.307100,500,4.110000,0.012100
1478542532883,0.306800,0.306800,100,0.307100,500,4.110000,0.012100
1478542534375,0.306800,0.306800,100,0.307100,500,4.110000,0.012100
1478542536869,0.306800,0.306800,100,0.307100,500,4.110000,0.012100
1478542539896,0.306800,0.306800,100,0.307100,500,4.110000,0.012100
1478542542373,0.306800,0.306800,100,0.307100,500,4.110000,0.012100
1478542544376,0.306800,0.306800,100,0.307100,500,4.110000,0.012100
1478542546884,0.306800,0.306800,100,0.307100,500,4.110000,0.012100
1478542548886,0.306800,0.306800,100,0.307100,500,4.110000,0.012100
1478542550883,0.306800,0.306800,100,0.307100,500,4.110000,0.012100
1478542553389,0.306800,0.306800,100,0.307100,500,4.110000,0.012100
1478542554864,0.306800,0.306800,100,0.307100,500,4.110000,0.012100
1478542561892,0.306800,0.306800,100,0.307100,500,4.110000,0.012100
1478542564899,0.306800,0.306800,100,0.307100,500,4.110000,0.012100
1478542566923,0.306800,0.306800,100,0.307100,500,4.110000,0.012100
1478542569907,0.306800,0.306800,100,0.307100,500,4.110000,0.012100
1478542571388,0.306800,0.306800,100,0.307100,500,4.110000,0.012100
1478542574386,0.306800,0.306800,100,0.307100,500,4.110000,0.012100
1478542576397,0.306800,0.306800,100,0.307100,500,4.110000,0.012100
1478542578882,0.306800,0.306800,100,0.307100,500,4.110000,0.012100
1478542580903,0.306800,0.306800,100,0.307100,500,4.110000,0.012100
1478542582932,0.306800,0.306800,100,0.307100,500,4.110000,0.012100
1478542585390,0.306800,0.306800,100,0.307100,500,4.110000,0.012100
1478542587393,0.306800,0.306800,100,0.307100,500,4.110000,0.012100
1478542590400,0.306800,0.306800,100,0.307100,500,4.110000,0.012100
1478542592901,0.306800,0.306800,100,0.307100,500,4.110000,0.012100
1478542594392,0.306800,0.306800,100,0.307100,500,4.110000,0.012100
1478542597906,0.306800,0.306800,100,0.307100,500,4.110000,0.012100
1478542598409,0.306800,0.306800,100,0.307100,500,4.110000,0.012100
1478542601911,0.306800,0.306800,100,0.307100,500,4.110000,0.012100
1478542604403,0.306800,0.306800,100,0.307100,500,4.110000,0.012100
1478542605901,0.306800,0.306800,100,0.307100,500,4.110000,0.012100
1478542607912,0.306800,0.306800,100,0.307100,500,4.110000,0.012100
1478542611399,0.306800,0.306800,100,0.307100,500,4.110000,0.012100
1478542613397,0.306800,0.306800,100,0.307100,500,4.110000,0.012100
1478542615905,0.306800,0.306800,100,0.307100,500,4.110000,0.012100
1478542617918,0.306800,0.306800,100,0.307100,500,4.110000,0.012100
1478542619905,0.306800,0.306800,100,0.307100,500,4.110000,0.012100
1478542621956,0.306800,0.306800,100,0.307100,500,4.110000,0.012100
1478542624933,0.306800,0.306800,100,0.307100,500,4.110000,0.012100
1478542626954,0.306800,0.306800,100,0.307100,500,4.110000,0.012100
1478542628918,0.306800,0.306800,100,0.307100,500,4.110000,0.012100
1478542631416,0.306800,0.306800,100,0.307100,500,4.110000,0.012100
1478542633411,0.306800,0.306800,100,0.307100,500,4.110000,0.012100
1478542635399,0.306800,0.306800,100,0.307100,500,4.110000,0.012100
1478542637977,0.306800,0.306800,100,0.307100,500,4.110000,0.012100
1478542637977,0.306800,0.306800,100,0.307100,500,4.110000,0.012100
1478542641966,0.306800,0.306800,100,0.307100,500,4.110000,0.012100
1478542643917,0.306800,0.306800,100,0.307100,500,4.110000,0.012100
1478542646414,0.306800,0.306800,100,0.307100,500,4.110000,0.012100
1478542649423,0.306800,0.306800,100,0.307100,500,4.110000,0.012100
1478542651410,0.306800,0.306800,100,0.307100,500,4.110000,0.012100
1478542653417,0.306800,0.306800,100,0.307100,500,4.110000,0.012100
1478542655928,0.306800,0.306800,100,0.307100,500,4.110000,0.012100
1478542657909,0.306800,0.306800,100,0.307100,500,4.110000,0.012100
1478542660429,0.306800,0.306800,100,0.307100,500,4.110000,0.012100
1478542662918,0.306800,0.306800,100,0.307100,500,4.110000,0.012100
1478542663917,0.306800,0.306800,100,0.307100,500,4.110000,0.012100
1478542667437,0.306800,0.306800,100,0.307100,500,4.110000,0.012100
1478542669420,0.306800,0.306800,100,0.307100,500,4.110000,0.012100
1478542670947,0.306800,0.306800,100,0.307100,500,4.110000,0.012100
1478542673431,0.306800,0.306800,100,0.307100,500,4.110000,0.012100
1478542676431,0.306800,0.306800,100,0.307100,500,4.110000,0.012100
1478542677429,0.306800,0.306800,100,0.307100,500,4.110000,0.012100
1478542680935,0.306800,0.306800,100,0.307100,500,4.110000,0.012100
1478542682464,0.306800,0.306800,100,0.307100,500,4.110000,0.012100
1478542684960,0.306800,0.306800,100,0.307100,500,4.110000,0.012100
1478542687415,0.306800,0.306800,100,0.307100,500,4.110000,0.012100
1478542689936,0.306800,0.306800,100,0.307100,500,4.110000,0.012100
1478542691934,0.306800,0.306800,100,0.307100,500,4.110000,0.012100
1478542694430,0.306800,0.306800,100,0.307100,500,4.110000,0.012100
1478542696437,0.306800,0.306800,100,0.307100,500,4.110000,0.012100
1478542698514,0.306800,0.306800,100,0.307100,500,4.110000,0.012100
1478542700943,0.306800,0.306800,100,0.307100,500,4.110000,0.012100
1478542702938,0.306800,0.306800,100,0.307100,500,4.110000,0.012100
1478542705450,0.306800,0.306800,100,0.307100,500,4.110000,0.012100
1478542707940,0.306800,0.306800,100,0.307100,500,4.110000,0.012100
1478542709943,0.306800,0.306800,100,0.307100,500,4.110000,0.012100
1478542711938,0.306800,0.306800,100,0.307100,500,4.110000,0.012100
1478542714472,0.306800,0.306800,100,0.307100,500,4.110000,0.012100
1478542716440,0.306800,0.306800,100,0.307100,500,4.110000,0.012100
1478542717445,0.306800,0.306800,100,0.307100,500,4.110000,0.012100
1478542720446,0.306800,0.306800,100,0.307100,500,4.110000,0.012100
1478542723855,0.306800,0.306800,100,0.307100,500,4.110000,0.012100
1478542725868,0.306800,0.306800,100,0.307100,500,4.110000,0.012100
1478542727356,0.306800,0.306800,100,0.307100,500,4.110000,0.012100
1478542730354,0.306800,0.306800,100,0.307100,500,4.110000,0.012100
1478542731358,0.306800,0.306800,100,0.307100,500,4.110000,0.012100
1478542734857,0.306800,0.306800,100,0.307100,500,4.110000,0.012100
1478542737905,0.306800,0.306800,100,0.307100,500,4.110000,0.012100
1478542739867,0.306800,0.306800,100,0.307100,500,4.110000,0.012100
1478542742387,0.306800,0.306800,100,0.307100,500,4.110000,0.012100
1478542744862,0.306800,0.306800,100,0.307100,500,4.110000,0.012100
1478542747860,0.306800,0.306800,100,0.307100,500,4.110000,0.012100
1478542751364,0.306800,0.306800,100,0.307100,500,4.110000,0.012100
1478542753871,0.306800,0.306800,100,0.307100,500,4.110000,0.012100
1478542756381,0.306800,0.306800,100,0.307100,500,4.110000,0.012100
1478542758415,0.306800,0.306800,100,0.307100,500,4.110000,0.012100
1478542759871,0.306800,0.306800,100,0.307100,500,4.110000,0.012100
1478542762867,0.306800,0.306800,100,0.307100,500,4.110000,0.012100
1478542765358,0.306800,0.306800,100,0.307100,500,4.110000,0.012100
1478542767878,0.306800,0.306800,100,0.307100,500,4.110000,0.012100
1478542769873,0.306800,0.306800,100,0.307100,500,4.110000,0.012100
1478542771401,0.306800,0.306800,100,0.307100,500,4.110000,0.012100
1478542774873,0.306800,0.306800,100,0.307100,500,4.110000,0.012100
1478542776372,0.306800,0.306800,100,0.307100,500,4.110000,0.012100
1478542779365,0.306800,0.306800,100,0.307100,500,4.110000,0.012100
1478542781375,0.306800,0.306800,100,0.307100,500,4.110000,0.012100
1478542783881,0.306800,0.306800,100,0.307100,500,4.110000,0.012100
1478542786885,0.306800,0.306800,100,0.307100,500,4.110000,0.012100
1478542788875,0.306800,0.306800,100,0.307100,500,4.110000,0.012100
1478542790381,0.306800,0.306800,100,0.307100,500,4.110000,0.012100
1478542792869,0.306800,0.306800,100,0.307100,500,4.110000,0.012100
1478542795889,0.306800,0.306800,100,0.307100,500,4.110000,0.012100
1478542797893,0.306800,0.306800,100,0.307100,500,4.110000,0.012100
1478542799883,0.306800,0.306800,100,0.307100,500,4.110000,0.012100
1478542802376,0.306800,0.306800,100,0.307100,500,4.110000,0.012100
1478542804878,0.306800,0.306800,100,0.307100,500,4.110000,0.012100
1478542806938,0.306800,0.306800,100,0.307100,500,4.110000,0.012100
1478542809388,0.306800,0.306800,100,0.307100,500,4.110000,0.012100
1478542810469,0.306800,0.306800,100,0.307100,500,4.110000,0.012100
1478542812413,0.306800,0.306800,100,0.307100,500,4.110000,0.012100
1478542815891,0.306800,0.306800,100,0.307100,500,4.110000,0.012100
1478542818393,0.306800,0.306800,100,0.307100,500,4.110000,0.012100
1478542820396,0.306800,0.306800,100,0.307100,500,4.110000,0.012100
1478542822903,0.306800,0.306800,100,0.307100,500,4.110000,0.012100
1478542824919,0.306800,0.306800,100,0.307100,500,4.110000,0.012100
1478542827395,0.306800,0.306800,100,0.307100,500,4.110000,0.012100
1478542829393,0.306800,0.306800,100,0.307100,500,4.110000,0.012100
1478542831897,0.306800,0.306800,100,0.307100,500,4.110000,0.012100
1478542833941,0.306800,0.306800,100,0.307100,500,4.110000,0.012100
1478542835890,0.306800,0.306800,100,0.307100,500,4.110000,0.012100
1478542837952,0.306800,0.306800,100,0.307100,500,4.110000,0.012100
1478542839924,0.306800,0.306800,100,0.307100,500,4.110000,0.012100
1478542842928,0.306800,0.306800,100,0.307100,500,4.110000,0.012100
1478542844404,0.306800,0.306800,100,0.307100,500,4.110000,0.012100
1478542847401,0.306800,0.306800,100,0.307100,500,4.110000,0.012100
1478542849407,0.306800,0.306800,100,0.307100,500,4.110000,0.012100
1478542851913,0.306800,0.306800,100,0.307100,500,4.110000,0.012100
1478542852915,0.306800,0.306800,100,0.307100,500,4.110000,0.012100
1478542855955,0.306800,0.306800,100,0.307100,500,4.110000,0.012100
1478542858404,0.306800,0.306800,100,0.307100,500,4.110000,0.012100
1478542860407,0.306800,0.306800,100,0.307100,500,4.110000,0.012100
1478542862906,0.306800,0.306800,100,0.307100,500,4.110000,0.012100
1478542864914,0.306800,0.306800,100,0.307100,500,4.110000,0.012100
1478542867397,0.306800,0.306800,100,0.307100,500,4.110000,0.012100
1478542869434,0.306800,0.306800,100,0.307100,500,4.110000,0.012100
1478542870959,0.306800,0.306800,100,0.307100,500,4.110000,0.012100
1478542874425,0.306800,0.306800,100,0.307100,500,4.110000,0.012100
1478542876411,0.306800,0.306800,100,0.307100,500,4.110000,0.012100
1478542878921,0.306800,0.306800,100,0.307100,500,4.110000,0.012100
1478542881922,0.306800,0.306800,100,0.307100,500,4.110000,0.012100
1478542883909,0.306800,0.306800,100,0.307100,500,4.110000,0.012100
1478542885919,0.306800,0.306800,100,0.307100,500,4.110000,0.012100
1478542888417,0.306800,0.306800,100,0.307100,500,4.110000,0.012100
1478542890917,0.306800,0.306800,100,0.307100,500,4.110000,0.012100
1478542892921,0.307000,0.306800,100,0.307100,500,4.170000,0.012300
1478542894924,0.307000,0.306800,100,0.307100,500,4.170000,0.012300
1478542897489,0.307000,0.306800,100,0.307100,500,4.170000,0.012300
1478542899461,0.307000,0.306800,100,0.307100,500,4.170000,0.012300
1478542901927,0.307000,0.306800,100,0.307100,500,4.170000,0.012300
1478542904426,0.307000,0.306800,100,0.307100,500,4.170000,0.012300
1478542906434,0.307000,0.306800,100,0.307100,500,4.170000,0.012300
1478542908423,0.307000,0.306800,100,0.307100,500,4.170000,0.012300
1478542910440,0.307000,0.306800,100,0.307100,500,4.170000,0.012300
1478542911433,0.307000,0.306800,100,0.307100,500,4.170000,0.012300
1478542915461,0.307000,0.306800,100,0.307100,500,4.170000,0.012300
1478542917944,0.307000,0.306800,100,0.307100,500,4.170000,0.012300
1478542919938,0.307000,0.306800,100,0.307100,500,4.170000,0.012300
1478542922441,0.307000,0.306800,100,0.307100,500,4.170000,0.012300
1478542924944,0.307000,0.306800,100,0.307100,500,4.170000,0.012300
1478542927482,0.307000,0.306800,100,0.307100,500,4.170000,0.012300
1478542929442,0.307000,0.306800,100,0.307100,500,4.170000,0.012300
1478542931444,0.307000,0.306800,100,0.307100,500,4.170000,0.012300
1478542933945,0.307000,0.306800,100,0.307100,500,4.170000,0.012300
1478542935950,0.307000,0.306800,100,0.307100,500,4.170000,0.012300
1478542937445,0.307000,0.306800,100,0.307100,500,4.170000,0.012300
1478542940448,0.307000,0.306800,100,0.307100,500,4.170000,0.012300
1478542941988,0.307000,0.306800,100,0.307100,500,4.170000,0.012300
1478542945447,0.307000,0.306800,100,0.307100,500,4.170000,0.012300
1478542948436,0.307000,0.306800,100,0.307100,500,4.170000,0.012300
1478542951439,0.307000,0.306800,100,0.307100,500,4.170000,0.012300
1478542953947,0.307000,0.306800,100,0.307100,500,4.170000,0.012300
1478542955942,0.307000,0.306800,100,0.307100,500,4.170000,0.012300
1478542958445,0.307000,0.306800,100,0.307100,500,4.170000,0.012300
1478542960959,0.307000,0.306800,100,0.307100,500,4.170000,0.012300
1478542963454,0.307000,0.306800,100,0.307100,500,4.170000,0.012300
1478542965939,0.307000,0.306800,100,0.307100,500,4.170000,0.012300
1478542968353,0.307000,0.306800,100,0.307100,500,4.170000,0.012300
1478542970359,0.307000,0.306800,100,0.307100,500,4.170000,0.012300
1478542971857,0.307000,0.306800,100,0.307100,500,4.170000,0.012300
1478542974362,0.307000,0.306800,100,0.307100,500,4.170000,0.012300
1478542976855,0.307000,0.306800,100,0.307100,500,4.170000,0.012300
1478542979354,0.307000,0.306800,100,0.307100,500,4.170000,0.012300
1478542981353,0.307000,0.306800,100,0.307100,500,4.170000,0.012300
1478542983357,0.307000,0.306800,100,0.307100,500,4.170000,0.012300
1478542985860,0.307000,0.306800,100,0.307100,500,4.170000,0.012300
1478542988354,0.307000,0.306800,100,0.307100,500,4.170000,0.012300
1478542990363,0.307000,0.306800,100,0.307100,500,4.170000,0.012300
1478542992860,0.307000,0.306800,100,0.307100,500,4.170000,0.012300
1478542995368,0.307000,0.306800,100,0.307100,500,4.170000,0.012300
1478542997362,0.307000,0.306800,100,0.307100,500,4.170000,0.012300
1478542999873,0.307000,0.306800,100,0.307100,500,4.170000,0.012300
1478543000866,0.307000,0.306800,100,0.307100,500,4.170000,0.012300
1478543003869,0.307000,0.306800,100,0.307100,500,4.170000,0.012300
1478543006407,0.307000,0.306800,100,0.307100,500,4.170000,0.012300
1478543008863,0.307000,0.306800,100,0.307100,500,4.170000,0.012300
1478543011363,0.307000,0.306800,100,0.307100,500,4.170000,0.012300
1478543013394,0.307000,0.306800,100,0.307100,500,4.170000,0.012300
1478543015369,0.307000,0.306800,100,0.307100,500,4.170000,0.012300
1478543017876,0.307000,0.306800,100,0.307100,500,4.170000,0.012300
1478543019869,0.307000,0.306800,100,0.307100,500,4.170000,0.012300
1478543021862,0.307000,0.306800,100,0.307100,500,4.170000,0.012300
1478543024870,0.307000,0.306800,100,0.307100,500,4.170000,0.012300
1478543023878,0.307000,0.306800,100,0.307100,500,4.170000,0.012300
1478543029372,0.307000,0.306800,100,0.307100,500,4.170000,0.012300
1478543034880,0.307000,0.306800,100,0.307100,500,4.170000,0.012300
1478543037380,0.307000,0.306800,100,0.307100,500,4.170000,0.012300
1478543039876,0.307000,0.306800,100,0.307100,500,4.170000,0.012300
1478543042909,0.307000,0.306800,100,0.307100,500,4.170000,0.012300
1478543045444,0.307000,0.306800,100,0.307100,500,4.170000,0.012300
1478543047404,0.307000,0.306800,100,0.307100,500,4.170000,0.012300
1478543049880,0.307000,0.306800,100,0.307100,500,4.170000,0.012300
1478543051380,0.307000,0.306800,100,0.307100,500,4.170000,0.012300
1478543053932,0.307000,0.306800,100,0.307100,500,4.170000,0.012300
1478543056372,0.307000,0.306800,100,0.307100,500,4.170000,0.012300
1478543058889,0.307000,0.306800,100,0.307100,500,4.170000,0.012300
1478543061431,0.307000,0.306800,100,0.307100,500,4.170000,0.012300
1478543063387,0.307000,0.306800,100,0.307100,500,4.170000,0.012300
1478543064378,0.307000,0.306800,100,0.307100,500,4.170000,0.012300
1478543067883,0.307000,0.306800,100,0.307100,500,4.170000,0.012300
1478543069891,0.307000,0.306800,100,0.307100,500,4.170000,0.012300
1478543072387,0.307000,0.306800,100,0.307100,500,4.170000,0.012300
1478543073892,0.307000,0.306800,100,0.307100,500,4.170000,0.012300
1478543076884,0.307000,0.306800,100,0.307100,500,4.170000,0.012300
1478543078896,0.307000,0.306800,100,0.307100,500,4.170000,0.012300
1478543081895,0.307000,0.306800,100,0.307100,500,4.170000,0.012300
1478543083892,0.307000,0.306800,100,0.307100,500,4.170000,0.012300
1478543085889,0.307000,0.306800,100,0.307100,500,4.170000,0.012300
1478543088398,0.307000,0.306800,100,0.307100,500,4.170000,0.012300
1478543090430,0.307000,0.306800,100,0.307100,500,4.170000,0.012300
1478543093398,0.307000,0.306800,100,0.307100,500,4.170000,0.012300
1478543095400,0.307000,0.306800,100,0.307100,500,4.170000,0.012300
1478543097452,0.307000,0.306800,100,0.307100,500,4.170000,0.012300
1478543099894,0.307000,0.306800,100,0.307100,500,4.170000,0.012300
1478543102404,0.307000,0.306800,100,0.307100,500,4.170000,0.012300
1478543104421,0.307000,0.306800,100,0.307100,500,4.170000,0.012300
1478543109403,0.307000,0.306800,100,0.307100,500,4.170000,0.012300
1478543111401,0.307000,0.306800,100,0.307100,500,4.170000,0.012300
1478543113898,0.307000,0.306800,100,0.307100,500,4.170000,0.012300
1478543115892,0.307000,0.306800,100,0.307100,500,4.170000,0.012300
1478543117904,0.307000,0.306800,100,0.307100,500,4.170000,0.012300
1478543120415,0.307000,0.306800,100,0.307100,500,4.170000,0.012300
1478543121900,0.307000,0.306800,100,0.307100,500,4.170000,0.012300
1478543124907,0.307000,0.306800,100,0.307100,500,4.170000,0.012300
1478543126907,0.307000,0.306800,100,0.307100,500,4.170000,0.012300
1478543129917,0.307000,0.306800,100,0.307100,500,4.170000,0.012300
1478543131909,0.307000,0.306800,100,0.307100,500,4.170000,0.012300
1478543133907,0.307000,0.306800,100,0.307100,500,4.170000,0.012300
1478543136402,0.307000,0.306800,100,0.307100,500,4.170000,0.012300
1478543138906,0.307000,0.306800,100,0.307100,500,4.170000,0.012300
1478543140418,0.307000,0.306800,100,0.307100,500,4.170000,0.012300
1478543143912,0.307000,0.306800,100,0.307100,500,4.170000,0.012300
1478543146422,0.307000,0.306800,100,0.307100,500,4.170000,0.012300
1478543147944,0.307000,0.306800,100,0.307100,500,4.170000,0.012300
1478543151409,0.307000,0.306800,100,0.307100,500,4.170000,0.012300
1478543153924,0.307000,0.306800,100,0.307100,500,4.170000,0.012300
1478543155916,0.307000,0.306800,100,0.307100,500,4.170000,0.012300
1478543157906,0.307000,0.306800,100,0.307100,500,4.170000,0.012300
1478543159941,0.307000,0.306800,100,0.307100,500,4.170000,0.012300
1478543162439,0.307000,0.306800,100,0.307100,500,4.170000,0.012300
1478543165407,0.307000,0.306800,100,0.307100,500,4.170000,0.012300
1478543167420,0.307200,0.306800,100,0.307200,100,4.240000,0.012500
1478543170413,0.307200,0.306800,100,0.307200,100,4.240000,0.012500
1478543172928,0.307200,0.306800,100,0.307200,100,4.240000,0.012500
1478543173902,0.307200,0.306800,100,0.307200,100,4.240000,0.012500
1478543176934,0.307200,0.306800,100,0.307200,100,4.240000,0.012500
1478543179431,0.307200,0.306800,100,0.307200,100,4.240000,0.012500
1478543181927,0.307200,0.306800,100,0.307200,100,4.240000,0.012500
1478543184426,0.307200,0.306800,100,0.307200,100,4.240000,0.012500
1478543186434,0.307200,0.306800,100,0.307200,100,4.240000,0.012500
1478543188932,0.307200,0.306800,100,0.307200,100,4.240000,0.012500
1478543191016,0.307200,0.306800,100,0.307200,100,4.240000,0.012500
1478543193442,0.307200,0.306800,100,0.307200,100,4.240000,0.012500
1478543195482,0.307200,0.306800,100,0.307200,100,4.240000,0.012500
1478543197944,0.307200,0.306800,100,0.307200,100,4.240000,0.012500
1478543199927,0.307200,0.306800,100,0.307200,100,4.240000,0.012500
1478543202437,0.307200,0.306800,100,0.307200,100,4.240000,0.012500
1478543208003,0.307200,0.306800,100,0.307100,600,4.240000,0.012500
1478543210436,0.307200,0.306800,100,0.307100,600,4.240000,0.012500
1478543211944,0.307200,0.306800,100,0.307100,600,4.240000,0.012500
1478543214443,0.307200,0.306800,100,0.307100,600,4.240000,0.012500
1478543216935,0.307200,0.306800,100,0.307100,600,4.240000,0.012500
1478543218451,0.307200,0.306800,100,0.307100,600,4.240000,0.012500
1478543221460,0.307200,0.306800,100,0.307100,600,4.240000,0.012500
1478543222946,0.307200,0.306800,100,0.307100,600,4.240000,0.012500
1478543225948,0.307200,0.306800,100,0.307100,600,4.240000,0.012500
1478543227953,0.307200,0.306800,100,0.307100,600,4.240000,0.012500
1478543229946,0.307200,0.306800,100,0.307100,600,4.240000,0.012500
1478543232352,0.307200,0.306800,100,0.307100,600,4.240000,0.012500
1478543234883,0.307200,0.306800,100,0.307100,600,4.240000,0.012500
1478543237352,0.307200,0.306800,100,0.307100,600,4.240000,0.012500
1478543239353,0.307200,0.306800,100,0.307100,600,4.240000,0.012500
1478543241864,0.307200,0.306800,100,0.307100,600,4.240000,0.012500
1478543243855,0.307200,0.306800,100,0.307100,600,4.240000,0.012500
1478543245854,0.307200,0.306800,100,0.307100,600,4.240000,0.012500
1478543247867,0.307200,0.306800,100,0.307100,600,4.240000,0.012500
1478543250854,0.307200,0.306800,100,0.307100,600,4.240000,0.012500
1478543252859,0.307200,0.306800,100,0.307100,600,4.240000,0.012500
1478543255358,0.307200,0.306800,100,0.307100,600,4.240000,0.012500
1478543257858,0.307200,0.306800,100,0.307100,600,4.240000,0.012500
1478543258861,0.307200,0.306800,100,0.307100,600,4.240000,0.012500
1478543261897,0.307200,0.306800,100,0.307100,600,4.240000,0.012500
1478543264866,0.307200,0.306800,100,0.307100,600,4.240000,0.012500
1478543267364,0.307200,0.306800,100,0.307100,600,4.240000,0.012500
1478543269356,0.307200,0.306800,100,0.307100,600,4.240000,0.012500
1478543271866,0.307200,0.306800,100,0.307100,600,4.240000,0.012500
1478543274377,0.307200,0.306800,100,0.307100,600,4.240000,0.012500
1478543274867,0.307200,0.306800,100,0.307100,600,4.240000,0.012500
1478543278872,0.307200,0.306800,100,0.307100,600,4.240000,0.012500
1478543280869,0.307200,0.306800,100,0.307100,600,4.240000,0.012500
1478543283378,0.307200,0.306800,100,0.307100,600,4.240000,0.012500
1478543285372,0.307200,0.306800,100,0.307100,600,4.240000,0.012500
1478543287878,0.307200,0.306800,100,0.307100,600,4.240000,0.012500
1478543289378,0.307200,0.306800,100,0.307100,600,4.240000,0.012500
1478543291888,0.307200,0.306800,100,0.307100,600,4.240000,0.012500
1478543293892,0.307200,0.306800,100,0.307100,600,4.240000,0.012500
1478543295873,0.307200,0.306800,100,0.307100,600,4.240000,0.012500
1478543299381,0.307200,0.306800,100,0.307100,600,4.240000,0.012500
1478543301377,0.307200,0.306800,100,0.307100,600,4.240000,0.012500
1478543303876,0.307200,0.306800,100,0.307100,600,4.240000,0.012500
1478543305879,0.307200,0.306800,100,0.307100,600,4.240000,0.012500
1478543307886,0.301100,0.301100,300,0.307100,800,2.170000,0.006400
1478543310377,0.301100,0.301100,300,0.307100,800,2.170000,0.006400
1478543311873,0.301100,0.301100,300,0.307100,800,2.170000,0.006400
1478543314883,0.301100,0.301100,300,0.307100,800,2.170000,0.006400
1478543316888,0.301100,0.301100,300,0.307100,800,2.170000,0.006400
1478543318883,0.301100,0.301100,300,0.307100,800,2.170000,0.006400
1478543321385,0.301100,0.301100,300,0.307100,800,2.170000,0.006400
1478543323898,0.301100,0.301100,300,0.307100,800,2.170000,0.006400
1478543325891,0.301100,0.301100,300,0.307100,800,2.170000,0.006400
1478543327387,0.301100,0.301100,300,0.307100,800,2.170000,0.006400
1478543329897,0.301100,0.301100,300,0.307100,800,2.170000,0.006400
1478543332388,0.301100,0.301100,300,0.307100,800,2.170000,0.006400
1478543333938,0.301100,0.301100,300,0.307100,800,2.170000,0.006400
1478543336919,0.301100,0.301100,300,0.307100,800,2.170000,0.006400
1478543337922,0.301100,0.301100,300,0.307100,800,2.170000,0.006400
1478543341382,0.301100,0.301100,300,0.307100,800,2.170000,0.006400
1478543343394,0.301100,0.301100,300,0.307100,800,2.170000,0.006400
1478543345388,0.301100,0.301100,300,0.307100,800,2.170000,0.006400
1478543347900,0.301100,0.301100,300,0.307100,800,2.170000,0.006400
1478543349890,0.301100,0.301100,300,0.307100,800,2.170000,0.006400
1478543352904,0.301100,0.301100,300,0.307100,800,2.170000,0.006400
1478543354895,0.301100,0.301100,300,0.307100,800,2.170000,0.006400
1478543356898,0.301100,0.301100,300,0.307100,800,2.170000,0.006400
1478543358907,0.301100,0.301100,300,0.307100,800,2.170000,0.006400
1478543361894,0.301100,0.301100,300,0.307100,800,2.170000,0.006400
1478543363888,0.301100,0.301100,300,0.307100,800,2.170000,0.006400
1478543366909,0.301100,0.301100,300,0.307100,800,2.170000,0.006400
1478543367896,0.301100,0.301100,300,0.307100,800,2.170000,0.006400
1478543371399,0.301100,0.301100,300,0.307100,800,2.170000,0.006400
1478543372900,0.301100,0.301100,300,0.307100,800,2.170000,0.006400
1478543375399,0.301100,0.301100,300,0.307100,800,2.170000,0.006400
1478543377933,0.301100,0.301100,300,0.307100,800,2.170000,0.006400
1478543379897,0.301100,0.301100,300,0.307100,800,2.170000,0.006400
1478543382402,0.301100,0.301100,300,0.307100,800,2.170000,0.006400
1478543384400,0.301100,0.301100,300,0.307100,800,2.170000,0.006400
1478543386893,0.301100,0.301100,300,0.307100,800,2.170000,0.006400
1478543388402,0.301100,0.301100,300,0.307100,800,2.170000,0.006400
1478543391403,0.301100,0.301100,300,0.307100,800,2.170000,0.006400
1478543393445,0.301100,0.301100,300,0.307100,800,2.170000,0.006400
1478543396415,0.301100,0.301100,300,0.307100,800,2.170000,0.006400
1478543398922,0.301100,0.301100,300,0.307100,800,2.170000,0.006400
1478543400896,0.301100,0.301100,300,0.307100,800,2.170000,0.006400
1478543403396,0.301100,0.301100,300,0.307100,800,2.170000,0.006400
1478543404423,0.301200,0.301100,300,0.307100,800,2.210000,0.006500
1478543407412,0.301200,0.301100,300,0.307100,800,2.210000,0.006500
1478543409919,0.301200,0.301100,300,0.307100,800,2.210000,0.006500
1478543411918,0.301200,0.301100,300,0.307100,800,2.210000,0.006500
1478543414409,0.301200,0.301100,300,0.307100,800,2.210000,0.006500
1478543416915,0.301200,0.301100,300,0.307100,800,2.210000,0.006500
1478543417914,0.301200,0.301100,300,0.307100,800,2.210000,0.006500
1478543420969,0.301200,0.301100,300,0.307100,800,2.210000,0.006500
1478543422936,0.301200,0.301100,300,0.307100,800,2.210000,0.006500
1478543425423,0.301200,0.301100,300,0.307100,800,2.210000,0.006500
1478543428416,0.301200,0.301100,300,0.307100,800,2.210000,0.006500
1478543430918,0.306000,0.301100,300,0.307200,300,3.830000,0.011300
1478543432926,0.306000,0.301100,300,0.307200,300,3.830000,0.011300
1478543435417,0.306000,0.301100,300,0.307200,300,3.830000,0.011300
1478543437451,0.306000,0.301100,300,0.307200,300,3.830000,0.011300
1478543439965,0.306000,0.301400,300,0.307200,300,3.830000,0.011300
1478543441433,0.306000,0.301400,300,0.307200,300,3.830000,0.011300
1478543443911,0.306000,0.301400,300,0.307200,300,3.830000,0.011300
1478543445936,0.306000,0.301400,300,0.307200,300,3.830000,0.011300
1478543448435,0.306000,0.301400,300,0.307200,300,3.830000,0.011300
1478543450974,0.306000,0.301400,300,0.307200,300,3.830000,0.011300
1478543453427,0.306000,0.301400,300,0.307200,300,3.830000,0.011300
1478543455433,0.306000,0.301400,300,0.307200,300,3.830000,0.011300
1478543457423,0.306000,0.301400,300,0.307200,300,3.830000,0.011300
1478543458916,0.306000,0.301400,300,0.307200,300,3.830000,0.011300
1478543462425,0.306000,0.301400,300,0.307200,300,3.830000,0.011300
1478543464939,0.306000,0.301400,300,0.307200,300,3.830000,0.011300
1478543466945,0.306000,0.301400,300,0.307200,300,3.830000,0.011300
1478543469445,0.306000,0.301400,300,0.307200,300,3.830000,0.011300
1478543470985,0.306000,0.301400,300,0.307200,300,3.830000,0.011300
1478543474437,0.306000,0.301400,300,0.307200,300,3.830000,0.011300
1478543476430,0.306000,0.301400,300,0.307200,300,3.830000,0.011300
1478543478415,0.306000,0.301400,300,0.307200,300,3.830000,0.011300
1478543480935,0.306000,0.301400,300,0.307200,300,3.830000,0.011300
1478543483020,0.306000,0.301400,300,0.307200,300,3.830000,0.011300
1478543484947,0.306000,0.301400,300,0.307200,300,3.830000,0.011300
1478543487915,0.306000,0.301400,300,0.307200,300,3.830000,0.011300
1478543489940,0.306000,0.301400,300,0.307200,300,3.830000,0.011300
1478543491934,0.306000,0.301400,300,0.307200,300,3.830000,0.011300
1478543494453,0.306000,0.301400,300,0.307200,300,3.830000,0.011300
1478543497370,0.306000,0.301400,300,0.307200,300,3.830000,0.011300
1478543498854,0.306000,0.301400,300,0.307200,300,3.830000,0.011300
1478543499849,0.306000,0.301400,300,0.307200,300,3.830000,0.011300
1478543504351,0.306000,0.301400,300,0.307200,300,3.830000,0.011300
1478543505854,0.306000,0.301400,300,0.307200,300,3.830000,0.011300
1478543507852,0.306000,0.301400,300,0.307200,300,3.830000,0.011300
1478543510354,0.306000,0.301400,300,0.307200,300,3.830000,0.011300
1478543513869,0.306000,0.301400,300,0.307200,300,3.830000,0.011300
1478543516364,0.306000,0.301400,300,0.307200,300,3.830000,0.011300
1478543518356,0.306000,0.301400,300,0.307200,300,3.830000,0.011300
1478543520359,0.306000,0.301400,300,0.307200,300,3.830000,0.011300
1478543522862,0.306000,0.301400,300,0.307200,300,3.830000,0.011300
1478543527369,0.306000,0.301400,300,0.307200,300,3.830000,0.011300
1478543529869,0.306000,0.301400,300,0.307200,300,3.830000,0.011300
1478543532364,0.306000,0.301400,300,0.307200,300,3.830000,0.011300
1478543534367,0.306000,0.301400,300,0.307200,300,3.830000,0.011300
1478543536872,0.306000,0.301400,300,0.307200,300,3.830000,0.011300
1478543539366,0.306000,0.301400,300,0.307200,300,3.830000,0.011300
1478543541881,0.306000,0.301400,300,0.307200,300,3.830000,0.011300
1478543543364,0.306000,0.301400,300,0.307200,300,3.830000,0.011300
1478543546370,0.306000,0.301400,300,0.307200,300,3.830000,0.011300
1478543548870,0.306000,0.301400,300,0.307200,300,3.830000,0.011300
1478543550878,0.306000,0.301400,300,0.307200,300,3.830000,0.011300
1478543552875,0.306000,0.301400,300,0.307200,300,3.830000,0.011300
1478543554874,0.306000,0.301400,300,0.307200,300,3.830000,0.011300
1478543559396,0.306000,0.301400,300,0.307200,300,3.830000,0.011300
1478543561375,0.306000,0.301400,300,0.307200,300,3.830000,0.011300
1478543563868,0.306000,0.301400,300,0.307200,300,3.830000,0.011300
1478543565882,0.306000,0.301400,300,0.307200,300,3.830000,0.011300
1478543568885,0.306000,0.301400,300,0.307200,300,3.830000,0.011300
1478543570879,0.306000,0.301400,300,0.307200,300,3.830000,0.011300
1478543573401,0.306000,0.301400,300,0.307200,300,3.830000,0.011300
1478543575885,0.306000,0.301400,300,0.307200,300,3.830000,0.011300
1478543577380,0.306000,0.301400,300,0.307200,300,3.830000,0.011300
1478543580379,0.306000,0.301400,300,0.307200,300,3.830000,0.011300
1478543582380,0.306000,0.301400,300,0.307200,300,3.830000,0.011300
1478543584913,0.306000,0.301400,300,0.307200,300,3.830000,0.011300
1478543586380,0.306000,0.301400,300,0.307200,300,3.830000,0.011300
1478543589392,0.306000,0.301400,300,0.307200,300,3.830000,0.011300
1478543591390,0.306000,0.301400,300,0.307200,300,3.830000,0.011300
1478543593385,0.306000,0.301400,300,0.307200,300,3.830000,0.011300
1478543595895,0.306000,0.301400,300,0.307200,300,3.830000,0.011300
1478543597888,0.306000,0.301400,300,0.307200,300,3.830000,0.011300
1478543600407,0.306000,0.301400,300,0.307200,300,3.830000,0.011300
1478543601894,0.306000,0.301400,300,0.307200,300,3.830000,0.011300
1478543604936,0.306000,0.301400,300,0.307200,300,3.830000,0.011300
1478543606889,0.306000,0.301400,300,0.307200,300,3.830000,0.011300
1478543608896,0.306000,0.301400,300,0.307200,300,3.830000,0.011300
1478543611393,0.306000,0.301400,300,0.307200,300,3.830000,0.011300
1478543613887,0.306000,0.301400,300,0.307200,300,3.830000,0.011300
1478543614932,0.306000,0.301400,300,0.307200,300,3.830000,0.011300
1478543617956,0.306000,0.301400,300,0.307200,300,3.830000,0.011300
1478543620398,0.306000,0.301400,300,0.307200,300,3.830000,0.011300
1478543623900,0.306000,0.301400,300,0.307200,300,3.830000,0.011300
1478543625895,0.306000,0.301400,300,0.307200,300,3.830000,0.011300
1478543626893,0.306000,0.301400,300,0.307200,300,3.830000,0.011300
1478543630902,0.306000,0.301400,300,0.307200,300,3.830000,0.011300
1478543633400,0.306000,0.301400,300,0.307200,300,3.830000,0.011300
1478543635404,0.306000,0.301400,300,0.307200,300,3.830000,0.011300
1478543637894,0.306000,0.301400,300,0.307200,300,3.830000,0.011300
1478543639906,0.306000,0.301400,300,0.307200,300,3.830000,0.011300
1478543641425,0.306000,0.301400,300,0.307200,300,3.830000,0.011300
1478543644425,0.306000,0.301400,300,0.307200,300,3.830000,0.011300
1478543646397,0.306000,0.301400,300,0.307200,300,3.830000,0.011300
1478543649914,0.306000,0.301400,300,0.307200,300,3.830000,0.011300
1478543652413,0.306000,0.301400,300,0.307200,300,3.830000,0.011300
1478543654409,0.306000,0.301400,300,0.307200,300,3.830000,0.011300
1478543656921,0.306000,0.301400,300,0.307200,300,3.830000,0.011300
1478543658457,0.306000,0.301400,300,0.307200,300,3.830000,0.011300
1478543661410,0.306000,0.301400,300,0.307200,300,3.830000,0.011300
1478543663405,0.306000,0.301400,300,0.307200,300,3.830000,0.011300
1478543664919,0.306000,0.301400,300,0.307200,300,3.830000,0.011300
1478543667929,0.306000,0.301400,300,0.307200,300,3.830000,0.011300
1478543669909,0.306000,0.301400,300,0.307200,300,3.830000,0.011300
1478543672512,0.306000,0.301400,300,0.307200,300,3.830000,0.011300
1478543674929,0.306000,0.301400,300,0.307200,300,3.830000,0.011300
1478543677420,0.306000,0.301400,300,0.307200,300,3.830000,0.011300
1478543679421,0.306000,0.301400,300,0.307200,300,3.830000,0.011300
1478543681423,0.306000,0.301400,300,0.307200,300,3.830000,0.011300
1478543682927,0.306000,0.301400,300,0.307200,300,3.830000,0.011300
1478543686438,0.306000,0.301400,300,0.307200,300,3.830000,0.011300
1478543689427,0.306000,0.301400,300,0.307200,300,3.830000,0.011300
1478543691923,0.306000,0.301400,300,0.307200,300,3.830000,0.011300
1478543693898,0.306000,0.301400,300,0.307200,300,3.830000,0.011300
1478543695921,0.306000,0.301400,300,0.307200,300,3.830000,0.011300
1478543697926,0.306000,0.301400,300,0.307200,300,3.830000,0.011300
1478543699927,0.306000,0.301400,300,0.307200,300,3.830000,0.011300
1478543702442,0.306000,0.301400,300,0.307200,300,3.830000,0.011300
1478543704423,0.306000,0.301400,300,0.307200,300,3.830000,0.011300
1478543706925,0.306000,0.301400,300,0.307200,300,3.830000,0.011300
1478543709424,0.306000,0.301400,300,0.307200,300,3.830000,0.011300
1478543711429,0.306000,0.301400,300,0.307200,300,3.830000,0.011300
1478543713927,0.306000,0.301400,300,0.307200,300,3.830000,0.011300
1478543715937,0.306000,0.301400,300,0.307200,300,3.830000,0.011300
1478543717933,0.306000,0.301400,300,0.307200,300,3.830000,0.011300
1478543720928,0.306000,0.301400,300,0.307200,300,3.830000,0.011300
1478543723438,0.306000,0.301500,1000,0.307200,300,3.830000,0.011300
1478543724936,0.306000,0.301500,1000,0.307200,300,3.830000,0.011300
1478543727941,0.306000,0.301500,1000,0.307200,300,3.830000,0.011300
1478543729959,0.306000,0.301500,1000,0.307200,300,3.830000,0.011300
1478543731973,0.306000,0.301500,1000,0.307200,300,3.830000,0.011300
1478543734428,0.306000,0.301500,1000,0.307200,300,3.830000,0.011300
1478543736433,0.306000,0.301500,1000,0.307200,300,3.830000,0.011300
1478543738935,0.306000,0.301500,1000,0.307200,300,3.830000,0.011300
1478543741429,0.306000,0.301500,1000,0.307200,300,3.830000,0.011300
1478543742942,0.306000,0.301500,1000,0.307200,300,3.830000,0.011300
1478543744950,0.306000,0.301500,1000,0.307200,300,3.830000,0.011300
1478543747946,0.306000,0.301500,1000,0.307200,300,3.830000,0.011300
1478543751433,0.306000,0.301500,1000,0.307200,300,3.830000,0.011300
1478543753437,0.306000,0.301500,1000,0.307200,300,3.830000,0.011300
1478543755945,0.306000,0.301500,1000,0.307200,300,3.830000,0.011300
1478543757945,0.306000,0.301500,1000,0.307200,300,3.830000,0.011300
1478543757945,0.306000,0.301500,1000,0.307200,300,3.830000,0.011300
1478543762852,0.306000,0.301500,1000,0.307200,300,3.830000,0.011300
1478543764853,0.306000,0.301500,1000,0.307200,300,3.830000,0.011300
1478543767352,0.306000,0.301500,1000,0.307200,300,3.830000,0.011300
1478543768358,0.306000,0.301500,1000,0.307200,300,3.830000,0.011300
1478543771395,0.306000,0.301500,1000,0.307200,300,3.830000,0.011300
1478543773853,0.306000,0.301500,1000,0.307200,300,3.830000,0.011300
1478543775856,0.306000,0.301500,1000,0.307200,300,3.830000,0.011300
1478543776867,0.306000,0.301500,1000,0.307200,300,3.830000,0.011300
1478543780357,0.306000,0.301500,1000,0.307200,300,3.830000,0.011300
1478543780857,0.306000,0.301500,1000,0.307200,300,3.830000,0.011300
1478543784865,0.306000,0.301500,1000,0.307200,300,3.830000,0.011300
1478543786862,0.306000,0.301500,1000,0.307200,300,3.830000,0.011300
1478543788864,0.306000,0.301500,1000,0.307200,300,3.830000,0.011300
1478543791372,0.306000,0.301500,1000,0.307200,300,3.830000,0.011300
1478543793364,0.306000,0.301500,1000,0.307200,300,3.830000,0.011300
1478543795858,0.306000,0.301500,1000,0.307200,300,3.830000,0.011300
1478543797865,0.306000,0.301500,1000,0.307200,300,3.830000,0.011300
1478543799865,0.306000,0.301500,1000,0.307200,300,3.830000,0.011300
1478543802368,0.306000,0.301500,1000,0.307200,300,3.830000,0.011300
1478543804370,0.306000,0.301500,1000,0.307200,300,3.830000,0.011300
1478543804895,0.306000,0.301500,1000,0.307200,300,3.830000,0.011300
1478543808911,0.306000,0.301500,1000,0.307200,300,3.830000,0.011300
1478543811366,0.306000,0.301500,1000,0.307200,300,3.830000,0.011300
1478543813367,0.306000,0.301500,1000,0.307200,300,3.830000,0.011300
1478543815870,0.306000,0.301500,1000,0.307200,300,3.830000,0.011300
1478543818366,0.306000,0.301500,1000,0.307200,300,3.830000,0.011300
1478543820379,0.306000,0.301500,1000,0.307200,300,3.830000,0.011300
1478543822892,0.306000,0.301500,1000,0.307200,300,3.830000,0.011300
1478543824878,0.306000,0.301500,1000,0.307200,300,3.830000,0.011300
1478543826878,0.306000,0.301500,1000,0.307200,300,3.830000,0.011300
1478543829376,0.306000,0.301500,1000,0.307200,300,3.830000,0.011300
1478543831377,0.306000,0.301500,1000,0.307200,300,3.830000,0.011300
1478543833390,0.306000,0.301500,1000,0.307200,300,3.830000,0.011300
1478543835887,0.306000,0.301500,1000,0.307200,300,3.830000,0.011300
1478543837891,0.306000,0.301500,1000,0.307200,300,3.830000,0.011300
1478543840376,0.306000,0.301500,1000,0.307200,300,3.830000,0.011300
1478543842382,0.306000,0.301500,1000,0.307200,300,3.830000,0.011300
1478543844877,0.306000,0.301500,1000,0.307200,300,3.830000,0.011300
1478543847383,0.306000,0.301500,1000,0.307200,300,3.830000,0.011300
1478543849379,0.306000,0.301500,1000,0.307200,300,3.830000,0.011300
1478543850885,0.306000,0.301500,1000,0.307200,300,3.830000,0.011300
1478543853885,0.306000,0.301500,1000,0.307200,300,3.830000,0.011300
1478543855375,0.306000,0.301500,1000,0.307200,300,3.830000,0.011300
1478543858382,0.306000,0.301500,1000,0.307200,300,3.830000,0.011300
1478543860391,0.306000,0.301500,1000,0.307200,300,3.830000,0.011300
1478543862925,0.306000,0.301500,1000,0.307200,300,3.830000,0.011300
1478543865902,0.306000,0.301500,1000,0.307200,300,3.830000,0.011300
1478543868389,0.306000,0.301500,1000,0.307200,300,3.830000,0.011300
1478543870391,0.306000,0.301500,1000,0.307200,300,3.830000,0.011300
1478543872386,0.306000,0.301500,1000,0.307200,300,3.830000,0.011300
1478543875391,0.306000,0.301500,1000,0.307200,300,3.830000,0.011300
1478543877416,0.306000,0.301500,1000,0.307200,300,3.830000,0.011300
1478543879916,0.306000,0.301500,1000,0.307200,300,3.830000,0.011300
1478543881900,0.306000,0.301500,1000,0.307200,300,3.830000,0.011300
1478543884393,0.306000,0.301500,1000,0.307200,300,3.830000,0.011300
1478543885904,0.306000,0.301500,1000,0.307200,300,3.830000,0.011300
1478543888394,0.306000,0.301500,1000,0.307200,300,3.830000,0.011300
1478543890942,0.306000,0.301500,1000,0.307200,300,3.830000,0.011300
1478543892397,0.306000,0.301500,1000,0.307200,300,3.830000,0.011300
1478543894906,0.306000,0.301500,1000,0.307200,300,3.830000,0.011300
1478543896895,0.306000,0.301500,1000,0.307200,300,3.830000,0.011300
1478543899900,0.306000,0.301500,1000,0.307200,300,3.830000,0.011300
1478543901900,0.306000,0.301500,1000,0.307200,300,3.830000,0.011300
1478543903894,0.306000,0.301500,1000,0.307200,300,3.830000,0.011300
1478543906401,0.306000,0.301500,1000,0.307200,300,3.830000,0.011300
1478543908915,0.306000,0.301500,1000,0.307200,300,3.830000,0.011300
1478543911400,0.306000,0.301500,1000,0.307200,300,3.830000,0.011300
1478543913896,0.307200,0.301500,1000,0.307200,200,4.240000,0.012500
1478543916415,0.307200,0.301500,1000,0.307200,200,4.240000,0.012500
1478543918397,0.307200,0.301500,1000,0.307200,200,4.240000,0.012500
1478543919906,0.307200,0.301500,1000,0.307200,200,4.240000,0.012500
1478543922916,0.307200,0.301500,1000,0.307200,200,4.240000,0.012500
1478543923897,0.307200,0.301500,1000,0.307200,200,4.240000,0.012500
1478543927409,0.307200,0.301500,1000,0.307200,200,4.240000,0.012500
1478543928907,0.307200,0.301500,1000,0.307200,200,4.240000,0.012500
1478543931920,0.307200,0.301500,1000,0.307200,200,4.240000,0.012500
1478543933917,0.307200,0.301500,1000,0.307200,200,4.240000,0.012500
1478543936413,0.307200,0.301500,1000,0.307200,200,4.240000,0.012500
1478543938443,0.307200,0.301500,1000,0.307200,200,4.240000,0.012500
1478543941904,0.307200,0.301500,1000,0.307200,200,4.240000,0.012500
1478543943920,0.307200,0.301500,1000,0.307200,200,4.240000,0.012500
1478543946403,0.307200,0.301500,1000,0.307200,200,4.240000,0.012500
1478543948415,0.307200,0.301500,1000,0.307200,200,4.240000,0.012500
1478543950888,0.307200,0.301500,1000,0.307200,200,4.240000,0.012500
1478543951409,0.307200,0.301500,1000,0.307200,200,4.240000,0.012500
1478543955424,0.307200,0.301500,1000,0.307200,200,4.240000,0.012500
1478543957409,0.307200,0.301500,1000,0.307200,200,4.240000,0.012500
1478543958912,0.307200,0.301500,1000,0.307200,200,4.240000,0.012500
1478543961419,0.307200,0.301500,1000,0.307200,200,4.240000,0.012500
1478543964426,0.307200,0.301500,1000,0.307200,200,4.240000,0.012500
1478543965941,0.307200,0.301500,1000,0.307200,200,4.240000,0.012500
1478543968434,0.307200,0.301500,1000,0.307200,200,4.240000,0.012500
1478543970910,0.307200,0.301500,1000,0.307200,200,4.240000,0.012500
1478543972934,0.307200,0.301500,1000,0.307200,200,4.240000,0.012500
1478543975425,0.307200,0.301500,1000,0.307200,200,4.240000,0.012500
1478543977930,0.307200,0.301500,1000,0.307200,200,4.240000,0.012500
1478543979919,0.307200,0.301500,1000,0.307200,200,4.240000,0.012500
1478543982478,0.307200,0.301500,1000,0.307200,200,4.240000,0.012500
1478543984431,0.307200,0.301500,1000,0.307200,200,4.240000,0.012500
1478543986930,0.307200,0.301500,1000,0.307200,200,4.240000,0.012500
1478543989429,0.307200,0.301500,1000,0.307200,200,4.240000,0.012500
1478543991923,0.307200,0.301500,1000,0.307200,200,4.240000,0.012500
1478543993429,0.307200,0.301500,1000,0.307200,200,4.240000,0.012500
1478543996435,0.307200,0.301500,1000,0.307200,200,4.240000,0.012500
1478543997944,0.307200,0.301500,1000,0.307200,200,4.240000,0.012500
1478543999910,0.307200,0.301500,1000,0.307200,200,4.240000,0.012500
1478544002947,0.307200,0.301500,1000,0.307200,200,4.240000,0.012500
1478544005430,0.307200,0.301500,1000,0.307200,200,4.240000,0.012500
1478544007946,0.307200,0.301500,1000,0.307200,200,4.240000,0.012500
1478544009909,0.307200,0.301500,1000,0.307200,200,4.240000,0.012500
1478544012465,0.307200,0.301500,1000,0.307200,200,4.240000,0.012500
1478544013925,0.307200,0.301500,1000,0.307200,200,4.240000,0.012500
1478544016426,0.307200,0.301500,1000,0.307200,200,4.240000,0.012500
1478544018925,0.307200,0.301500,1000,0.307200,200,4.240000,0.012500
1478544020447,0.307200,0.301500,1000,0.307200,200,4.240000,0.012500
1478544022944,0.307200,0.301500,1000,0.307200,200,4.240000,0.012500
1478544023944,0.307200,0.301500,1000,0.307200,200,4.240000,0.012500
1478544027854,0.307200,0.301500,1000,0.307200,200,4.240000,0.012500
1478544029854,0.307200,0.301500,1000,0.307200,200,4.240000,0.012500
1478544031859,0.307200,0.301500,1000,0.307200,200,4.240000,0.012500
1478544034353,0.307200,0.301500,1000,0.307200,200,4.240000,0.012500
1478544036351,0.307200,0.301500,1000,0.307200,200,4.240000,0.012500
1478544038852,0.307200,0.301500,1000,0.307200,200,4.240000,0.012500
1478544040859,0.307200,0.301500,1000,0.307200,200,4.240000,0.012500
1478544043355,0.307200,0.301500,1000,0.307200,200,4.240000,0.012500
1478544045856,0.307200,0.301500,1000,0.307200,200,4.240000,0.012500
1478544047857,0.307200,0.301500,1000,0.307200,200,4.240000,0.012500
1478544050348,0.307200,0.301500,1000,0.307200,200,4.240000,0.012500
1478544053359,0.307200,0.301500,1000,0.307200,200,4.240000,0.012500
1478544055358,0.307200,0.301500,1000,0.307200,200,4.240000,0.012500
1478544057859,0.307200,0.301500,1000,0.307200,200,4.240000,0.012500
1478544060362,0.307200,0.301500,1000,0.307200,200,4.240000,0.012500
1478544062361,0.307200,0.301500,1000,0.307200,200,4.240000,0.012500
1478544064360,0.307200,0.301500,1000,0.307200,200,4.240000,0.012500
1478544066868,0.307200,0.301500,1000,0.307200,200,4.240000,0.012500
1478544069370,0.307200,0.301500,1000,0.307200,200,4.240000,0.012500
1478544071402,0.307200,0.301500,1000,0.307200,200,4.240000,0.012500
1478544073867,0.307200,0.301500,1000,0.307200,200,4.240000,0.012500
1478544075870,0.307200,0.301500,1000,0.307200,200,4.240000,0.012500
1478544078370,0.307200,0.301500,1000,0.307200,100,4.240000,0.012500
1478544080368,0.307200,0.301500,1000,0.307200,100,4.240000,0.012500
1478544082869,0.307200,0.301500,1000,0.307200,100,4.240000,0.012500
1478544084878,0.307200,0.301500,1000,0.307200,100,4.240000,0.012500
1478544087367,0.307200,0.301500,1000,0.307200,100,4.240000,0.012500
1478544089362,0.307200,0.301500,1000,0.307200,100,4.240000,0.012500
1478544091862,0.307200,0.301500,1000,0.307200,100,4.240000,0.012500
1478544093871,0.307200,0.301500,1000,0.307200,100,4.240000,0.012500
1478544094877,0.307200,0.301500,1000,0.307200,100,4.240000,0.012500
1478544098420,0.307200,0.301500,1000,0.307200,100,4.240000,0.012500
1478544100366,0.307200,0.301500,1000,0.307200,100,4.240000,0.012500
1478544102880,0.307200,0.301500,1000,0.307200,100,4.240000,0.012500
1478544104874,0.307200,0.301500,1000,0.307200,100,4.240000,0.012500
1478544106879,0.307200,0.301500,1000,0.307200,100,4.240000,0.012500
1478544109378,0.307200,0.301500,1000,0.307200,100,4.240000,0.012500
1478544111381,0.307200,0.301500,1000,0.307200,100,4.240000,0.012500
1478544113870,0.307200,0.301500,1000,0.307200,100,4.240000,0.012500
1478544116374,0.307200,0.301500,1000,0.307200,100,4.240000,0.012500
1478544118889,0.307200,0.301500,1000,0.307200,100,4.240000,0.012500
1478544120877,0.307200,0.301500,1000,0.307200,100,4.240000,0.012500
1478544123388,0.307200,0.301500,1000,0.307200,100,4.240000,0.012500
1478544124892,0.307200,0.301500,1000,0.307200,100,4.240000,0.012500
1478544127880,0.307200,0.301500,1000,0.307200,100,4.240000,0.012500
1478544130394,0.307200,0.307000,200,0.307200,100,4.240000,0.012500
1478544132387,0.307200,0.307100,500,0.307200,100,4.240000,0.012500
1478544134897,0.307200,0.307100,500,0.307200,100,4.240000,0.012500
1478544137389,0.307200,0.307100,500,0.307200,100,4.240000,0.012500
1478544139899,0.307200,0.307100,500,0.307200,100,4.240000,0.012500
1478544141898,0.307200,0.307100,500,0.307200,100,4.240000,0.012500
1478544144388,0.307200,0.307100,500,0.307200,100,4.240000,0.012500
1478544146393,0.307200,0.307100,500,0.307200,100,4.240000,0.012500
1478544148398,0.307200,0.307100,500,0.307200,100,4.240000,0.012500
1478544150389,0.307200,0.307100,500,0.307200,100,4.240000,0.012500
1478544152907,0.307200,0.307100,500,0.307200,100,4.240000,0.012500
1478544154401,0.307200,0.307100,500,0.308400,400,4.240000,0.012500
1478544157404,0.307200,0.307100,500,0.308400,400,4.240000,0.012500
1478544158897,0.307200,0.307100,500,0.308400,400,4.240000,0.012500
1478544161892,0.307200,0.307100,300,0.308400,400,4.240000,0.012500
1478544163942,0.307200,0.307100,200,0.308400,400,4.240000,0.012500
1478544166401,0.307200,0.307100,200,0.308400,400,4.240000,0.012500
1478544168401,0.307200,0.307200,600,0.308400,400,4.240000,0.012500
1478544170417,0.307200,0.307200,600,0.308400,400,4.240000,0.012500
1478544172908,0.307200,0.307200,600,0.308400,400,4.240000,0.012500
1478544175414,0.307200,0.307200,600,0.308400,400,4.240000,0.012500
1478544177403,0.307200,0.307200,100,0.308400,400,4.240000,0.012500
1478544179956,0.307200,0.307300,900,0.308400,400,4.240000,0.012500
1478544181907,0.307200,0.307300,900,0.308400,400,4.240000,0.012500
1478544183921,0.307200,0.307300,900,0.308400,400,4.240000,0.012500
1478544186404,0.307200,0.307300,900,0.308400,400,4.240000,0.012500
1478544187917,0.307200,0.307300,200,0.308400,400,4.240000,0.012500
1478544190915,0.307200,0.307300,200,0.308400,400,4.240000,0.012500
1478544193910,0.307200,0.307400,900,0.308400,400,4.240000,0.012500
1478544196420,0.307200,0.307400,900,0.308400,400,4.240000,0.012500
1478544198912,0.307200,0.307400,900,0.308400,400,4.240000,0.012500
1478544201014,0.307200,0.307400,900,0.308400,400,4.240000,0.012500
1478544203411,0.307200,0.307400,900,0.308400,400,4.240000,0.012500
1478544205907,0.307200,0.307400,200,0.308400,400,4.240000,0.012500
1478544207913,0.307200,0.307400,200,0.308400,400,4.240000,0.012500
1478544210411,0.307200,0.307500,900,0.308400,400,4.240000,0.012500
1478544210917,0.307200,0.307500,900,0.308400,400,4.240000,0.012500
1478544214914,0.307200,0.307500,900,0.308400,400,4.240000,0.012500
1478544215921,0.307200,0.307500,200,0.308400,400,4.240000,0.012500
1478544218410,0.307200,0.307600,900,0.308400,400,4.240000,0.012500
1478544221417,0.307200,0.307600,900,0.308400,400,4.240000,0.012500
1478544223417,0.308400,0.307600,900,0.308400,200,4.650000,0.013700
1478544225423,0.308400,0.307600,900,0.308400,200,4.650000,0.013700
1478544227928,0.308400,0.307600,1000,0.308400,200,4.650000,0.013700
1478544229910,0.308400,0.307600,1000,0.308400,200,4.650000,0.013700
1478544232934,0.308400,0.307600,1000,0.308400,200,4.650000,0.013700
1478544235418,0.308400,0.307600,1000,0.308400,200,4.650000,0.013700
1478544237422,0.308400,0.307600,1000,0.308400,200,4.650000,0.013700
1478544239922,0.308400,0.307600,1000,0.308400,200,4.650000,0.013700
1478544241444,0.308400,0.307600,1000,0.308400,200,4.650000,0.013700
1478544244440,0.308400,0.307600,1000,0.308400,200,4.650000,0.013700
1478544244924,0.308400,0.307600,1000,0.308400,200,4.650000,0.013700
1478544247963,0.308200,0.307700,900,0.308400,200,4.580000,0.013500
1478544250922,0.308200,0.307700,900,0.308400,200,4.580000,0.013500
1478544252932,0.308200,0.307700,900,0.308400,200,4.580000,0.013500
1478544255437,0.308200,0.307600,200,0.308400,200,4.580000,0.013500
1478544257927,0.308200,0.307700,900,0.308400,200,4.580000,0.013500
1478544259446,0.308200,0.307700,900,0.308400,200,4.580000,0.013500
1478544262429,0.308100,0.307700,1000,0.308400,200,4.550000,0.013400
1478544264925,0.308100,0.307700,1000,0.308400,200,4.550000,0.013400
1478544267437,0.308100,0.307700,1000,0.308400,200,4.550000,0.013400
1478544269434,0.308100,0.307700,1000,0.308400,200,4.550000,0.013400
1478544271485,0.308100,0.307700,1000,0.308400,200,4.550000,0.013400
1478544273966,0.308100,0.307700,100,0.308400,200,4.550000,0.013400
1478544274924,0.308100,0.307700,100,0.308400,200,4.550000,0.013400
1478544278929,0.308100,0.308000,100,0.308400,200,4.550000,0.013400
1478544281435,0.308100,0.308000,100,0.308400,200,4.550000,0.013400
1478544282932,0.308100,0.308000,100,0.308400,200,4.550000,0.013400
1478544284946,0.308100,0.308100,700,0.308400,200,4.550000,0.013400
1478544287464,0.308100,0.308100,700,0.308400,200,4.550000,0.013400
1478544288446,0.308100,0.308100,700,0.308400,200,4.550000,0.013400
1478544292955,0.308100,0.308100,700,0.308400,200,4.550000,0.013400
1478544295357,0.308100,0.308100,700,0.308400,200,4.550000,0.013400
1478544297351,0.308100,0.308100,700,0.308400,200,4.550000,0.013400
1478544299850,0.308100,0.308100,700,0.308400,200,4.550000,0.013400
1478544301853,0.308100,0.308100,700,0.308400,200,4.550000,0.013400
1478544303855,0.308100,0.308100,700,0.308400,200,4.550000,0.013400
1478544306354,0.308100,0.308100,700,0.308400,200,4.550000,0.013400
1478544307355,0.308100,0.308100,700,0.308400,200,4.550000,0.013400
1478544310355,0.308100,0.308100,700,0.308400,200,4.550000,0.013400
1478544313357,0.308100,0.308100,700,0.308400,200,4.550000,0.013400
1478544315424,0.308100,0.308100,700,0.308400,200,4.550000,0.013400
1478544318859,0.308100,0.308100,700,0.308400,200,4.550000,0.013400
1478544321861,0.308100,0.308100,700,0.308400,200,4.550000,0.013400
1478544324360,0.308100,0.308100,700,0.308400,200,4.550000,0.013400
1478544326366,0.308100,0.308100,700,0.308400,200,4.550000,0.013400
1478544328869,0.308100,0.308100,700,0.308400,200,4.550000,0.013400
1478544330885,0.308100,0.308100,700,0.308400,200,4.550000,0.013400
1478544332368,0.308100,0.308100,700,0.308400,200,4.550000,0.013400
1478544334868,0.308100,0.308100,700,0.308400,200,4.550000,0.013400
1478544337880,0.308100,0.308100,700,0.308400,200,4.550000,0.013400
1478544340354,0.308100,0.308100,700,0.308400,200,4.550000,0.013400
1478544341911,0.308100,0.308100,700,0.308400,200,4.550000,0.013400
1478544344868,0.308100,0.308100,700,0.308400,200,4.550000,0.013400
1478544345882,0.308100,0.308100,700,0.308400,200,4.550000,0.013400
1478544349367,0.308100,0.308100,700,0.308300,100,4.550000,0.013400
1478544350882,0.308100,0.308100,700,0.308300,100,4.550000,0.013400
1478544353863,0.308100,0.308100,700,0.308300,100,4.550000,0.013400
1478544356374,0.308100,0.308100,700,0.308300,100,4.550000,0.013400
1478544357365,0.308100,0.308100,700,0.308300,100,4.550000,0.013400
1478544360882,0.308100,0.308100,700,0.308300,100,4.550000,0.013400
1478544361428,0.308100,0.308100,700,0.308300,100,4.550000,0.013400
1478544365372,0.308100,0.308100,700,0.308300,100,4.550000,0.013400
1478544367887,0.308100,0.308100,700,0.308300,100,4.550000,0.013400
1478544369883,0.308100,0.308100,700,0.308300,100,4.550000,0.013400
1478544372381,0.308100,0.308100,700,0.308300,100,4.550000,0.013400
1478544374877,0.308100,0.308100,700,0.308300,100,4.550000,0.013400
1478544376361,0.308100,0.308100,700,0.308300,100,4.550000,0.013400
1478544379380,0.308100,0.308100,700,0.308300,100,4.550000,0.013400
1478544381882,0.308100,0.308100,700,0.308300,100,4.550000,0.013400
1478544383384,0.308100,0.308100,700,0.308300,100,4.550000,0.013400
1478544385882,0.308100,0.308100,700,0.308300,100,4.550000,0.013400
1478544388373,0.308100,0.308100,700,0.308300,100,4.550000,0.013400
1478544390420,0.308100,0.308100,700,0.308300,100,4.550000,0.013400
1478544392945,0.308100,0.308100,700,0.308300,100,4.550000,0.013400
1478544395379,0.308100,0.308100,700,0.308300,100,4.550000,0.013400
1478544397897,0.308100,0.308100,700,0.308300,100,4.550000,0.013400
1478544399875,0.308100,0.308100,700,0.308300,100,4.550000,0.013400
1478544402396,0.308100,0.308100,700,0.308300,100,4.550000,0.013400
1478544404401,0.308100,0.308100,700,0.308300,100,4.550000,0.013400
1478544406893,0.308100,0.308100,700,0.308300,100,4.550000,0.013400
1478544409388,0.308100,0.308100,700,0.308300,100,4.550000,0.013400
1478544411392,0.308100,0.308100,700,0.308300,100,4.550000,0.013400
1478544413891,0.308100,0.308100,700,0.308300,100,4.550000,0.013400
1478544416398,0.308100,0.308100,700,0.308300,100,4.550000,0.013400
1478544418917,0.308100,0.308100,700,0.308300,100,4.550000,0.013400
1478544421399,0.308100,0.308100,700,0.308300,100,4.550000,0.013400
1478544423901,0.308100,0.308100,700,0.308300,100,4.550000,0.013400
1478544425896,0.308100,0.308100,700,0.308300,100,4.550000,0.013400
1478544428402,0.308100,0.308100,700,0.308300,100,4.550000,0.013400
1478544430449,0.308100,0.308100,700,0.308300,100,4.550000,0.013400
1478544432399,0.308100,0.308100,700,0.308300,100,4.550000,0.013400
1478544434896,0.308100,0.308100,700,0.308300,100,4.550000,0.013400
1478544437404,0.308100,0.308100,700,0.308300,100,4.550000,0.013400
1478544439404,0.308100,0.308100,700,0.308300,100,4.550000,0.013400
1478544440905,0.308100,0.308100,700,0.308300,100,4.550000,0.013400
1478544443899,0.308100,0.308100,700,0.308300,100,4.550000,0.013400
1478544446909,0.308100,0.308100,700,0.308300,100,4.550000,0.013400
1478544449406,0.308100,0.308100,700,0.308300,100,4.550000,0.013400
1478544451959,0.308100,0.308100,500,0.308300,100,4.550000,0.013400
1478544453409,0.308100,0.308100,500,0.308300,100,4.550000,0.013400
1478544456402,0.308100,0.308100,500,0.308300,100,4.550000,0.013400
1478544458417,0.308100,0.308100,500,0.308300,100,4.550000,0.013400
1478544460917,0.308100,0.308100,500,0.308300,100,4.550000,0.013400
1478544462407,0.308100,0.308100,500,0.308300,100,4.550000,0.013400
1478544464993,0.308100,0.308100,500,0.308300,100,4.550000,0.013400
1478544467417,0.308100,0.308100,500,0.308300,100,4.550000,0.013400
1478544469420,0.308100,0.308100,500,0.308300,100,4.550000,0.013400
1478544471914,0.308100,0.308100,500,0.308300,100,4.550000,0.013400
1478544474417,0.308100,0.308100,500,0.308300,100,4.550000,0.013400
1478544476413,0.308200,0.308100,500,0.308300,100,4.580000,0.013500
1478544478422,0.308200,0.308100,500,0.308300,100,4.580000,0.013500
1478544479943,0.308200,0.308100,500,0.308300,100,4.580000,0.013500
1478544483408,0.308200,0.308100,500,0.308300,100,4.580000,0.013500
1478544485413,0.308200,0.308100,500,0.308300,100,4.580000,0.013500
1478544486920,0.308200,0.308100,500,0.308300,100,4.580000,0.013500
1478544489927,0.308200,0.308100,500,0.308300,100,4.580000,0.013500
1478544494419,0.308200,0.308100,500,0.308300,100,4.580000,0.013500
1478544496927,0.308200,0.308100,500,0.308300,100,4.580000,0.013500
1478544499426,0.308200,0.308100,500,0.308300,100,4.580000,0.013500
1478544501918,0.308200,0.308100,500,0.308300,100,4.580000,0.013500
1478544503920,0.308200,0.308100,500,0.308300,100,4.580000,0.013500
1478544506424,0.308200,0.308100,500,0.308300,100,4.580000,0.013500
1478544508934,0.308200,0.308100,500,0.308300,100,4.580000,0.013500
1478544510929,0.308200,0.308100,500,0.308300,100,4.580000,0.013500
1478544513417,0.308200,0.308100,500,0.308300,100,4.580000,0.013500
1478544515420,0.308200,0.308100,500,0.308300,100,4.580000,0.013500
1478544517930,0.308200,0.308100,500,0.308300,100,4.580000,0.013500
1478544519424,0.308200,0.308100,500,0.308300,100,4.580000,0.013500
1478544522409,0.308200,0.308100,500,0.308300,100,4.580000,0.013500
1478544524439,0.308200,0.308100,500,0.308300,100,4.580000,0.013500
1478544526921,0.308200,0.308100,500,0.308300,100,4.580000,0.013500
1478544528924,0.308200,0.308100,500,0.308300,100,4.580000,0.013500
1478544531439,0.308200,0.308100,500,0.308300,100,4.580000,0.013500
1478544533935,0.308200,0.308100,500,0.308300,100,4.580000,0.013500
1478544535932,0.308200,0.308100,500,0.308300,100,4.580000,0.013500
1478544538430,0.308200,0.308100,500,0.308300,100,4.580000,0.013500
1478544540467,0.308200,0.308100,500,0.308300,100,4.580000,0.013500
1478544542985,0.308200,0.308100,500,0.308300,100,4.580000,0.013500
1478544545430,0.308200,0.308100,500,0.308300,100,4.580000,0.013500
1478544547446,0.308200,0.308100,500,0.308300,100,4.580000,0.013500
1478544549447,0.308200,0.308100,500,0.308300,100,4.580000,0.013500
1478544551980,0.308200,0.308100,500,0.308300,100,4.580000,0.013500
1478544552975,0.308200,0.308100,500,0.308300,100,4.580000,0.013500
1478544558435,0.308200,0.308100,500,0.308300,100,4.580000,0.013500
1478544561351,0.308200,0.308100,500,0.308300,100,4.580000,0.013500
1478544563354,0.308200,0.308100,500,0.308300,100,4.580000,0.013500
1478544565856,0.308200,0.308100,500,0.308300,100,4.580000,0.013500
1478544567354,0.308200,0.308100,500,0.308300,100,4.580000,0.013500
1478544570355,0.308200,0.308100,500,0.308300,100,4.580000,0.013500
1478544572855,0.308200,0.308100,500,0.308300,100,4.580000,0.013500
1478544575357,0.308200,0.308100,500,0.308300,100,4.580000,0.013500
1478544576856,0.308200,0.308100,500,0.308300,100,4.580000,0.013500
1478544579859,0.308200,0.308100,500,0.308300,100,4.580000,0.013500
1478544580858,0.308200,0.308100,500,0.308300,100,4.580000,0.013500
1478544584856,0.308200,0.308100,500,0.308300,100,4.580000,0.013500
1478544586857,0.308200,0.308100,500,0.308300,100,4.580000,0.013500
1478544589860,0.308200,0.308100,500,0.308300,100,4.580000,0.013500
1478544592863,0.308200,0.308100,500,0.308300,100,4.580000,0.013500
1478544594914,0.308200,0.308100,500,0.308300,100,4.580000,0.013500
1478544597365,0.308200,0.308100,500,0.308300,100,4.580000,0.013500
1478544599862,0.308200,0.308100,500,0.308300,100,4.580000,0.013500
1478544601368,0.308200,0.308100,500,0.308300,100,4.580000,0.013500
1478544604365,0.308200,0.308100,500,0.308300,100,4.580000,0.013500
1478544605870,0.308200,0.308100,500,0.308300,100,4.580000,0.013500
1478544608361,0.308200,0.308100,500,0.308300,100,4.580000,0.013500
1478544610866,0.308200,0.308100,500,0.308300,100,4.580000,0.013500
1478544613375,0.308200,0.308100,500,0.308300,100,4.580000,0.013500
1478544615368,0.308200,0.308100,500,0.308300,100,4.580000,0.013500
1478544617878,0.308200,0.308100,500,0.308300,100,4.580000,0.013500
1478544619871,0.308200,0.308100,500,0.308300,100,4.580000,0.013500
1478544622888,0.308200,0.308100,500,0.308300,100,4.580000,0.013500
1478544624399,0.308200,0.308100,500,0.308300,100,4.580000,0.013500
1478544627403,0.308200,0.308100,500,0.308300,100,4.580000,0.013500
1478544629380,0.308200,0.308100,500,0.308300,100,4.580000,0.013500
1478544631872,0.308200,0.308100,500,0.308300,100,4.580000,0.013500
1478544633878,0.308200,0.308100,500,0.308300,100,4.580000,0.013500
1478544636378,0.308200,0.308100,500,0.308300,100,4.580000,0.013500
1478544637881,0.308200,0.308100,500,0.308300,100,4.580000,0.013500
1478544639915,0.308200,0.308100,500,0.308300,100,4.580000,0.013500
1478544642382,0.308200,0.308100,500,0.308300,100,4.580000,0.013500
1478544645384,0.308200,0.308100,500,0.308300,100,4.580000,0.013500
1478544647386,0.308200,0.308100,500,0.308300,100,4.580000,0.013500
1478544649882,0.308200,0.308100,500,0.308300,100,4.580000,0.013500
1478544651885,0.308200,0.308100,500,0.308300,100,4.580000,0.013500
1478544654393,0.308200,0.308100,500,0.308300,100,4.580000,0.013500
1478544656966,0.308200,0.308100,500,0.308300,100,4.580000,0.013500
1478544658883,0.308200,0.308100,500,0.308300,100,4.580000,0.013500
1478544660889,0.308200,0.308100,500,0.308300,100,4.580000,0.013500
1478544663386,0.308200,0.308100,500,0.308300,100,4.580000,0.013500
1478544665396,0.308200,0.308100,500,0.308300,100,4.580000,0.013500
1478544667393,0.308200,0.308100,500,0.308300,100,4.580000,0.013500
1478544669889,0.308200,0.308100,500,0.308300,100,4.580000,0.013500
1478544672408,0.308200,0.308100,500,0.308300,100,4.580000,0.013500
1478544674891,0.308200,0.308100,500,0.308300,100,4.580000,0.013500
1478544676903,0.308200,0.308100,500,0.308300,100,4.580000,0.013500
1478544679394,0.308200,0.308100,500,0.308300,100,4.580000,0.013500
1478544681404,0.308200,0.308100,500,0.308300,100,4.580000,0.013500
1478544683913,0.308300,0.308100,500,0.308300,100,4.610000,0.013600
1478544685940,0.308300,0.308100,500,0.308300,100,4.610000,0.013600
1478544688401,0.308300,0.308100,500,0.308300,100,4.610000,0.013600
1478544690396,0.308300,0.308100,500,0.308300,100,4.610000,0.013600
1478544692406,0.308300,0.308100,500,0.308300,100,4.610000,0.013600
1478544694907,0.308300,0.308100,500,0.308300,100,4.610000,0.013600
1478544696404,0.308300,0.308100,500,0.308300,100,4.610000,0.013600
1478544698988,0.308300,0.308100,500,0.308300,100,4.610000,0.013600
1478544701399,0.308300,0.308100,500,0.308300,100,4.610000,0.013600
1478544703895,0.308300,0.308100,500,0.308300,100,4.610000,0.013600
1478544706405,0.308300,0.308100,500,0.308300,100,4.610000,0.013600
1478544708404,0.308300,0.308100,500,0.308300,100,4.610000,0.013600
1478544710407,0.308300,0.308100,500,0.308300,100,4.610000,0.013600
1478544712917,0.308300,0.308100,500,0.308300,100,4.610000,0.013600
1478544715477,0.308300,0.308100,500,0.308300,100,4.610000,0.013600
1478544719408,0.308300,0.308100,500,0.308300,100,4.610000,0.013600
1478544721915,0.308300,0.308100,500,0.308300,100,4.610000,0.013600
1478544723918,0.308300,0.308100,500,0.308300,100,4.610000,0.013600
1478544726421,0.308300,0.308100,500,0.308300,100,4.610000,0.013600
1478544728947,0.308300,0.308100,500,0.308300,100,4.610000,0.013600
1478544730917,0.308300,0.308100,500,0.308300,100,4.610000,0.013600
1478544733415,0.308300,0.308100,500,0.308300,100,4.610000,0.013600
1478544735413,0.308300,0.308100,500,0.308300,100,4.610000,0.013600
1478544737919,0.308300,0.308100,500,0.308300,100,4.610000,0.013600
1478544739918,0.308300,0.308100,500,0.308300,100,4.610000,0.013600
1478544742416,0.308300,0.308100,500,0.308300,100,4.610000,0.013600
1478544744412,0.308300,0.308100,500,0.308300,100,4.610000,0.013600
1478544746482,0.308300,0.308100,500,0.308300,100,4.610000,0.013600
1478544751925,0.308300,0.308100,500,0.308300,100,4.610000,0.013600
1478544754418,0.308300,0.308100,500,0.308300,100,4.610000,0.013600
1478544756926,0.308300,0.308100,500,0.308300,100,4.610000,0.013600
1478544759447,0.308300,0.308100,500,0.308300,100,4.610000,0.013600
1478544761924,0.308300,0.308100,500,0.308300,100,4.610000,0.013600
1478544765416,0.308300,0.308100,500,0.308300,100,4.610000,0.013600
1478544768426,0.308300,0.308100,500,0.308300,100,4.610000,0.013600
1478544770920,0.308300,0.308100,500,0.308300,100,4.610000,0.013600
1478544773022,0.308300,0.308100,500,0.308300,100,4.610000,0.013600
1478544775443,0.308300,0.308100,500,0.308300,100,4.610000,0.013600
1478544777433,0.308300,0.308100,500,0.308300,100,4.610000,0.013600
1478544779927,0.308300,0.308100,500,0.308300,100,4.610000,0.013600
1478544782427,0.308300,0.308100,500,0.308300,100,4.610000,0.013600
1478544784435,0.308300,0.308100,500,0.308300,100,4.610000,0.013600
1478544786969,0.308300,0.308100,500,0.308300,100,4.610000,0.013600
1478544789432,0.308300,0.308100,500,0.308300,100,4.610000,0.013600
1478544791920,0.308300,0.308100,500,0.308300,100,4.610000,0.013600
1478544793934,0.308300,0.308100,500,0.308300,100,4.610000,0.013600
1478544796437,0.308300,0.308100,500,0.308300,100,4.610000,0.013600
1478544798941,0.308300,0.308100,500,0.308300,100,4.610000,0.013600
1478544800968,0.308300,0.308100,500,0.308300,100,4.610000,0.013600
1478544803463,0.308300,0.308100,500,0.308300,100,4.610000,0.013600
1478544805438,0.308300,0.308100,500,0.308300,100,4.610000,0.013600
1478544807943,0.308300,0.308100,500,0.308300,100,4.610000,0.013600
1478544809928,0.308300,0.308100,500,0.308300,100,4.610000,0.013600
1478544811948,0.308300,0.308100,500,0.308300,100,4.610000,0.013600
1478544814932,0.308300,0.308100,500,0.308300,100,4.610000,0.013600
1478544817465,0.308300,0.308100,500,0.308300,100,4.610000,0.013600
1478544819987,0.308300,0.308100,500,0.308300,100,4.610000,0.013600
1478544822445,0.308300,0.308100,500,0.308300,100,4.610000,0.013600
1478544824941,0.308300,0.308100,500,0.308300,100,4.610000,0.013600
1478544826941,0.308300,0.308100,500,0.308300,100,4.610000,0.013600
1478544829357,0.308300,0.308100,500,0.308300,100,4.610000,0.013600
1478544830867,0.308300,0.308100,500,0.308300,100,4.610000,0.013600
1478544833359,0.308300,0.308100,500,0.308300,100,4.610000,0.013600
1478544835855,0.308300,0.308100,500,0.308300,100,4.610000,0.013600
1478544837853,0.308300,0.308100,500,0.308300,100,4.610000,0.013600
1478544840353,0.308300,0.308100,500,0.308300,100,4.610000,0.013600
1478544842354,0.308200,0.308100,500,0.308300,100,4.580000,0.013500
1478544844354,0.308200,0.308100,500,0.308300,100,4.580000,0.013500
1478544847356,0.308200,0.308100,500,0.308300,100,4.580000,0.013500
1478544849360,0.308200,0.308100,500,0.308300,100,4.580000,0.013500
1478544851850,0.308200,0.308100,500,0.308300,100,4.580000,0.013500
1478544853868,0.308200,0.308100,500,0.308300,100,4.580000,0.013500
1478544856357,0.308200,0.308100,500,0.308300,100,4.580000,0.013500
1478544858357,0.308200,0.308100,500,0.308300,100,4.580000,0.013500
1478544860881,0.308200,0.308100,500,0.308300,100,4.580000,0.013500
1478544862859,0.308200,0.308100,500,0.308300,100,4.580000,0.013500
1478544864855,0.308200,0.308100,500,0.308300,100,4.580000,0.013500
1478544866873,0.308200,0.308100,500,0.308300,100,4.580000,0.013500
1478544869363,0.308200,0.308100,500,0.308300,100,4.580000,0.013500
1478544871867,0.308200,0.308100,500,0.308300,100,4.580000,0.013500
1478544873866,0.308200,0.308100,500,0.308300,100,4.580000,0.013500
1478544875372,0.308200,0.308100,500,0.308300,100,4.580000,0.013500
1478544877882,0.308200,0.308100,500,0.308300,100,4.580000,0.013500
1478544881869,0.308200,0.308100,500,0.308300,100,4.580000,0.013500
1478544884371,0.308200,0.308100,500,0.308300,100,4.580000,0.013500
1478544886368,0.308200,0.308100,500,0.308300,100,4.580000,0.013500
1478544888864,0.308200,0.308100,500,0.308300,100,4.580000,0.013500
1478544890377,0.308200,0.308100,500,0.308300,100,4.580000,0.013500
1478544892869,0.308200,0.308100,500,0.308300,100,4.580000,0.013500
1478544895368,0.308200,0.308100,500,0.308300,100,4.580000,0.013500
1478544896869,0.308200,0.308100,500,0.308300,100,4.580000,0.013500
1478544899372,0.308200,0.308100,500,0.308300,100,4.580000,0.013500
1478544901876,0.308200,0.308100,500,0.308300,100,4.580000,0.013500
1478544904369,0.308200,0.308100,500,0.308300,100,4.580000,0.013500
1478544905891,0.308200,0.308100,500,0.308300,100,4.580000,0.013500
1478544909413,0.308200,0.308100,500,0.308300,100,4.580000,0.013500
1478544911387,0.308200,0.308100,500,0.308300,100,4.580000,0.013500
1478544913384,0.308200,0.308100,500,0.308300,100,4.580000,0.013500
1478544915882,0.308200,0.308100,500,0.308300,100,4.580000,0.013500
1478544917887,0.308200,0.308100,500,0.308300,100,4.580000,0.013500
1478544920382,0.307500,0.303600,300,0.308100,100,4.340000,0.012800
1478544922389,0.307500,0.303600,300,0.308000,200,4.340000,0.012800
1478544924363,0.307500,0.303700,200,0.308000,200,4.340000,0.012800
1478544926886,0.307500,0.303700,200,0.308000,200,4.340000,0.012800
1478544929387,0.307500,0.303700,200,0.308000,200,4.340000,0.012800
1478544931384,0.307500,0.303700,200,0.308000,200,4.340000,0.012800
1478544933386,0.307500,0.303700,200,0.308000,200,4.340000,0.012800
1478544935893,0.307500,0.303700,100,0.308000,100,4.340000,0.012800
1478544937892,0.307500,0.303700,100,0.308000,100,4.340000,0.012800
1478544940383,0.307500,0.303700,100,0.308000,100,4.340000,0.012800
1478544942387,0.308000,0.303700,100,0.308400,200,4.510000,0.013300
1478544944892,0.308000,0.303700,100,0.308400,200,4.510000,0.013300
1478544946896,0.308000,0.303700,100,0.308400,200,4.510000,0.013300
1478544949897,0.308000,0.303700,100,0.308400,200,4.510000,0.013300
1478544950924,0.308000,0.303700,100,0.308400,200,4.510000,0.013300
1478544954392,0.308000,0.303700,100,0.308400,200,4.510000,0.013300
1478544957882,0.308000,0.303700,100,0.308400,200,4.510000,0.013300
1478544959899,0.308000,0.303700,100,0.308400,200,4.510000,0.013300
1478544962388,0.308000,0.303700,100,0.308400,200,4.510000,0.013300
1478544965392,0.308000,0.303700,100,0.308400,200,4.510000,0.013300
1478544967394,0.308000,0.303700,100,0.308400,200,4.510000,0.013300
1478544969896,0.308000,0.303700,100,0.308400,200,4.510000,0.013300
1478544971398,0.308000,0.303700,100,0.308400,200,4.510000,0.013300
1478544974398,0.308000,0.303700,100,0.308400,200,4.510000,0.013300
1478544976904,0.308000,0.303700,100,0.308400,200,4.510000,0.013300
1478544978907,0.308000,0.303700,100,0.308400,200,4.510000,0.013300
1478544981898,0.308000,0.303700,100,0.308400,200,4.510000,0.013300
1478544983903,0.308000,0.303700,100,0.308400,200,4.510000,0.013300
1478544985903,0.308400,0.303700,200,0.308400,100,4.650000,0.013700
1478544988401,0.308400,0.303700,200,0.308400,100,4.650000,0.013700
1478544990406,0.308400,0.303700,200,0.308400,100,4.650000,0.013700
1478544992916,0.308400,0.303700,200,0.308400,100,4.650000,0.013700
1478544994407,0.308400,0.303700,200,0.308400,100,4.650000,0.013700
1478544996934,0.308400,0.303700,200,0.308400,100,4.650000,0.013700
1478544998911,0.308400,0.303700,200,0.308400,100,4.650000,0.013700
1478545001903,0.308400,0.303700,200,0.308400,100,4.650000,0.013700
1478545003955,0.308400,0.303700,200,0.308400,100,4.650000,0.013700
1478545005902,0.308400,0.303700,200,0.308400,100,4.650000,0.013700
1478545007893,0.308400,0.303700,200,0.308400,100,4.650000,0.013700
1478545010925,0.308400,0.303700,200,0.308400,600,4.650000,0.013700
1478545013412,0.308400,0.303700,200,0.308400,600,4.650000,0.013700
1478545015915,0.308400,0.303700,200,0.308400,600,4.650000,0.013700
1478545018413,0.308400,0.303700,200,0.308400,600,4.650000,0.013700
1478545020409,0.308400,0.303700,200,0.308400,600,4.650000,0.013700
1478545022931,0.308400,0.303700,200,0.308400,600,4.650000,0.013700
1478545024943,0.308400,0.303700,200,0.308400,600,4.650000,0.013700
1478545026416,0.308400,0.303700,200,0.308400,600,4.650000,0.013700
1478545029419,0.308400,0.303700,200,0.308400,600,4.650000,0.013700
1478545031917,0.308400,0.303700,200,0.308400,600,4.650000,0.013700
1478545033914,0.308400,0.303700,100,0.308400,300,4.650000,0.013700
1478545035912,0.308400,0.303700,100,0.308400,300,4.650000,0.013700
1478545086434,0.308400,0.303700,100,0.308400,300,4.650000,0.013700
1478545088923,0.308400,0.303700,100,0.308400,300,4.650000,0.013700
1478545090937,0.308400,0.303700,100,0.308400,300,4.650000,0.013700
1478545092930,0.308400,0.303700,100,0.308400,300,4.650000,0.013700
1478545094951,0.308400,0.303700,100,0.308400,300,4.650000,0.013700
1478545097949,0.308400,0.303700,100,0.308400,300,4.650000,0.013700
1478545099938,0.308400,0.303700,100,0.308400,300,4.650000,0.013700
1478545101942,0.308400,0.303700,100,0.308400,300,4.650000,0.013700
1478545104854,0.308400,0.303700,100,0.308400,300,4.650000,0.013700
1478545107353,0.308400,0.303700,100,0.308400,300,4.650000,0.013700
1478545108865,0.308400,0.303700,100,0.308400,300,4.650000,0.013700
1478545112354,0.308400,0.303700,100,0.308400,300,4.650000,0.013700
1478545114357,0.308400,0.303700,200,0.308400,300,4.650000,0.013700
1478545116857,0.308400,0.303700,200,0.308400,300,4.650000,0.013700
1478545118857,0.308400,0.303700,200,0.308400,300,4.650000,0.013700
1478545121361,0.308400,0.303700,200,0.308400,300,4.650000,0.013700
1478545124357,0.308400,0.303700,200,0.308400,300,4.650000,0.013700
1478545126864,0.308400,0.303700,200,0.308400,300,4.650000,0.013700
1478545128859,0.308400,0.303700,200,0.308400,300,4.650000,0.013700
1478545131367,0.308400,0.303700,200,0.308400,300,4.650000,0.013700
1478545133365,0.308400,0.303700,200,0.308400,300,4.650000,0.013700
1478545135857,0.308400,0.303700,200,0.308400,300,4.650000,0.013700
1478545137910,0.308400,0.303700,200,0.308400,300,4.650000,0.013700
1478545140868,0.308400,0.303700,200,0.308400,300,4.650000,0.013700
1478545143372,0.308400,0.303700,200,0.308400,300,4.650000,0.013700
1478545145373,0.308400,0.303700,200,0.308400,300,4.650000,0.013700
1478545146874,0.308400,0.303700,200,0.308400,300,4.650000,0.013700
1478545149867,0.308400,0.303700,200,0.308400,300,4.650000,0.013700
1478545152443,0.308400,0.303700,200,0.308400,300,4.650000,0.013700
1478545157380,0.308400,0.303700,200,0.308400,300,4.650000,0.013700
1478545159875,0.308400,0.303700,200,0.308400,300,4.650000,0.013700
1478545161871,0.308400,0.303700,200,0.308400,300,4.650000,0.013700
1478545162867,0.308400,0.303700,200,0.308400,300,4.650000,0.013700
1478545166884,0.308400,0.303700,200,0.308400,300,4.650000,0.013700
1478545168878,0.308400,0.303700,200,0.308400,300,4.650000,0.013700
1478545170877,0.308400,0.303700,200,0.308400,300,4.650000,0.013700
1478545172892,0.308400,0.303700,200,0.308400,300,4.650000,0.013700
1478545175892,0.308400,0.303700,200,0.308400,300,4.650000,0.013700
1478545177888,0.308400,0.303700,200,0.308400,300,4.650000,0.013700
1478545179917,0.308400,0.303700,200,0.308400,300,4.650000,0.013700
1478545182898,0.308400,0.303700,200,0.308400,300,4.650000,0.013700
1478545184938,0.308400,0.303700,200,0.308400,300,4.650000,0.013700
1478545186888,0.308400,0.303700,200,0.308400,300,4.650000,0.013700
1478545188890,0.308400,0.303700,200,0.308400,300,4.650000,0.013700
1478545191883,0.308400,0.303700,200,0.308400,300,4.650000,0.013700
1478545193945,0.308400,0.303700,200,0.308400,300,4.650000,0.013700
1478545195882,0.308400,0.303700,200,0.308400,300,4.650000,0.013700
1478545198436,0.308400,0.303700,200,0.308400,300,4.650000,0.013700
1478545200385,0.308400,0.303700,200,0.308400,300,4.650000,0.013700
1478545203397,0.308400,0.303700,200,0.308400,300,4.650000,0.013700
1478545205879,0.308400,0.303700,200,0.308400,300,4.650000,0.013700
1478545207447,0.308400,0.303700,200,0.308400,300,4.650000,0.013700
1478545208915,0.308400,0.303700,200,0.308400,300,4.650000,0.013700
1478545213380,0.308400,0.303700,200,0.308400,300,4.650000,0.013700
1478545215878,0.308400,0.303700,200,0.308400,300,4.650000,0.013700
1478545217898,0.308400,0.303700,200,0.308400,300,4.650000,0.013700
1478545220391,0.308400,0.303700,200,0.308400,300,4.650000,0.013700
1478545222399,0.308400,0.303700,200,0.308400,300,4.650000,0.013700
1478545224390,0.308400,0.303700,200,0.308400,300,4.650000,0.013700
1478545226908,0.308400,0.303700,200,0.308400,300,4.650000,0.013700
1478545227889,0.308400,0.303700,200,0.308400,300,4.650000,0.013700
1478545230899,0.308400,0.303700,200,0.308400,300,4.650000,0.013700
1478545233900,0.308400,0.303700,200,0.308400,300,4.650000,0.013700
1478545235395,0.308400,0.303700,200,0.308400,300,4.650000,0.013700
1478545238401,0.308400,0.303700,200,0.308400,300,4.650000,0.013700
1478545240938,0.308400,0.303700,200,0.308400,300,4.650000,0.013700
1478545242918,0.308400,0.303700,200,0.308400,300,4.650000,0.013700
1478545245398,0.308400,0.303700,200,0.308400,300,4.650000,0.013700
1478545247961,0.308400,0.303700,200,0.308400,300,4.650000,0.013700
1478545249908,0.308400,0.303700,200,0.308400,300,4.650000,0.013700
1478545252484,0.308400,0.303700,200,0.308400,300,4.650000,0.013700
1478545254909,0.308400,0.303700,200,0.308400,300,4.650000,0.013700
1478545256958,0.308400,0.303700,200,0.308400,300,4.650000,0.013700
1478545258907,0.308400,0.303700,200,0.308400,300,4.650000,0.013700
1478545261459,0.308400,0.303700,200,0.308400,300,4.650000,0.013700
1478545263406,0.308400,0.303700,200,0.308400,300,4.650000,0.013700
1478545264905,0.308400,0.303700,200,0.308400,300,4.650000,0.013700
1478545270427,0.308400,0.303700,200,0.308400,300,4.650000,0.013700
1478545272914,0.308400,0.303700,200,0.308400,300,4.650000,0.013700
1478545274910,0.308400,0.303700,200,0.308400,300,4.650000,0.013700
1478545277470,0.308400,0.303700,200,0.308400,300,4.650000,0.013700
1478545279414,0.308400,0.303700,200,0.308400,300,4.650000,0.013700
1478545281901,0.308400,0.303700,200,0.308400,300,4.650000,0.013700
1478545283410,0.308400,0.303700,200,0.308400,300,4.650000,0.013700
1478545285953,0.308400,0.303700,200,0.308400,300,4.650000,0.013700
1478545288421,0.308400,0.303700,200,0.308400,300,4.650000,0.013700
1478545290425,0.308400,0.303700,200,0.308400,300,4.650000,0.013700
1478545292417,0.308400,0.303700,200,0.308400,300,4.650000,0.013700
1478545294430,0.308400,0.303700,200,0.308400,300,4.650000,0.013700
1478545295401,0.308400,0.303700,200,0.308400,300,4.650000,0.013700
1478545299423,0.308400,0.303700,200,0.308400,300,4.650000,0.013700
1478545301412,0.308400,0.303700,200,0.308400,300,4.650000,0.013700
1478545303428,0.308400,0.303700,200,0.308400,300,4.650000,0.013700
1478545305925,0.308400,0.303700,200,0.308400,300,4.650000,0.013700
1478545307930,0.308400,0.303700,200,0.308400,300,4.650000,0.013700
1478545310424,0.308400,0.303700,200,0.308400,300,4.650000,0.013700
1478545312439,0.308400,0.303700,200,0.308400,300,4.650000,0.013700
1478545314432,0.308400,0.303700,200,0.308400,300,4.650000,0.013700
1478545316430,0.308400,0.303700,200,0.308400,300,4.650000,0.013700
1478545318931,0.308400,0.303700,200,0.308400,300,4.650000,0.013700
1478545320929,0.308300,0.303700,200,0.308400,300,4.610000,0.013600
1478545323485,0.308300,0.303700,200,0.308400,300,4.610000,0.013600
1478545325970,0.308300,0.303700,200,0.308400,300,4.610000,0.013600
1478545328443,0.308300,0.303700,200,0.308400,300,4.610000,0.013600
1478545330923,0.308300,0.303700,200,0.308400,300,4.610000,0.013600
1478545331935,0.308300,0.303700,200,0.308400,300,4.610000,0.013600
1478545335434,0.308300,0.303700,200,0.308400,300,4.610000,0.013600
1478545337439,0.308300,0.303700,200,0.308400,300,4.610000,0.013600
1478545339924,0.308300,0.303700,200,0.308400,300,4.610000,0.013600
1478545341938,0.308300,0.303700,200,0.308400,300,4.610000,0.013600
1478545344443,0.308300,0.303700,200,0.308400,300,4.610000,0.013600
1478545345941,0.308300,0.303700,200,0.308400,300,4.610000,0.013600
1478545348434,0.308300,0.303700,200,0.308400,300,4.610000,0.013600
1478545349443,0.308300,0.303700,200,0.308400,300,4.610000,0.013600
1478545352941,0.308300,0.303700,200,0.308400,300,4.610000,0.013600
1478545355432,0.308300,0.303700,200,0.308400,300,4.610000,0.013600
1478545357952,0.308300,0.303700,200,0.308400,300,4.610000,0.013600
1478545359932,0.308300,0.303700,200,0.308400,300,4.610000,0.013600
1478545362445,0.308300,0.303700,200,0.308400,300,4.610000,0.013600
1478545364950,0.308300,0.303700,200,0.308400,300,4.610000,0.013600
1478545367859,0.308300,0.303700,200,0.308400,300,4.610000,0.013600
1478545369878,0.308300,0.303700,200,0.308400,300,4.610000,0.013600
1478545372357,0.308300,0.303700,200,0.308400,300,4.610000,0.013600
1478545374351,0.308300,0.303700,200,0.308400,300,4.610000,0.013600
1478545376357,0.308300,0.303700,200,0.308400,300,4.610000,0.013600
1478545377357,0.308300,0.303700,200,0.308400,300,4.610000,0.013600
1478545380851,0.308300,0.303700,200,0.308400,300,4.610000,0.013600
1478545382856,0.308300,0.303700,200,0.308400,300,4.610000,0.013600
1478545385356,0.308300,0.303700,200,0.308400,300,4.610000,0.013600
1478545387864,0.308300,0.303700,200,0.308400,300,4.610000,0.013600
1478545389859,0.308300,0.303700,200,0.308400,300,4.610000,0.013600
1478545392359,0.308300,0.303700,200,0.308400,300,4.610000,0.013600
1478545394359,0.308300,0.303700,200,0.308400,300,4.610000,0.013600
1478545396863,0.308300,0.303700,200,0.308400,300,4.610000,0.013600
1478545398874,0.308300,0.303700,200,0.308400,300,4.610000,0.013600
1478545400896,0.308300,0.303700,200,0.308400,300,4.610000,0.013600
1478545403363,0.308300,0.303700,200,0.308400,300,4.610000,0.013600
1478545405363,0.308300,0.303700,200,0.308400,300,4.610000,0.013600
1478545407859,0.308300,0.303700,200,0.308400,300,4.610000,0.013600
1478545409867,0.308300,0.303700,200,0.308400,300,4.610000,0.013600
1478545411866,0.308300,0.303700,200,0.308400,300,4.610000,0.013600
1478545414857,0.308300,0.303700,200,0.308400,300,4.610000,0.013600
1478545416889,0.308300,0.303700,200,0.308400,300,4.610000,0.013600
1478545419363,0.308300,0.303700,200,0.308400,300,4.610000,0.013600
1478545421371,0.308300,0.303700,200,0.308400,300,4.610000,0.013600
1478545423383,0.308300,0.303700,200,0.308400,300,4.610000,0.013600
1478545425368,0.308300,0.303700,200,0.308400,300,4.610000,0.013600
1478545427378,0.308300,0.303700,200,0.308400,300,4.610000,0.013600
1478545429413,0.308300,0.303700,200,0.308400,300,4.610000,0.013600
1478545432884,0.308300,0.303700,200,0.308400,300,4.610000,0.013600
1478545435378,0.308300,0.303700,200,0.308400,300,4.610000,0.013600
1478545437869,0.308300,0.303700,200,0.308400,300,4.610000,0.013600
1478545439877,0.308300,0.303700,200,0.308400,300,4.610000,0.013600
1478545441876,0.308300,0.303700,200,0.308400,300,4.610000,0.013600
1478545444379,0.308300,0.303700,200,0.308400,300,4.610000,0.013600
1478545445888,0.308300,0.303700,200,0.308400,300,4.610000,0.013600
1478545448378,0.308300,0.303700,200,0.308400,300,4.610000,0.013600
1478545450894,0.308300,0.303700,200,0.308400,300,4.610000,0.013600
1478545453387,0.308300,0.303700,200,0.308400,300,4.610000,0.013600
1478545455890,0.308300,0.303700,200,0.308400,300,4.610000,0.013600
1478545456900,0.308300,0.303700,200,0.308400,300,4.610000,0.013600
1478545459383,0.308300,0.303700,200,0.308400,300,4.610000,0.013600
1478545462387,0.308300,0.303700,200,0.308400,300,4.610000,0.013600
1478545464890,0.308300,0.303700,200,0.308400,300,4.610000,0.013600
1478545466898,0.308300,0.303700,200,0.308400,300,4.610000,0.013600
1478545469384,0.308300,0.303700,200,0.308400,300,4.610000,0.013600
1478545470388,0.308300,0.303700,200,0.308400,300,4.610000,0.013600
1478545473388,0.308300,0.303700,200,0.308400,300,4.610000,0.013600
1478545475896,0.308300,0.303700,200,0.308400,300,4.610000,0.013600
1478545477900,0.308300,0.303700,200,0.308400,300,4.610000,0.013600
1478545480386,0.308300,0.303700,200,0.308400,300,4.610000,0.013600
1478545482894,0.308300,0.303700,200,0.308400,300,4.610000,0.013600
1478545484895,0.308300,0.303700,200,0.308400,300,4.610000,0.013600
1478545485992,0.303700,0.303700,100,0.308300,200,3.050000,0.009000
1478545488391,0.303700,0.303700,100,0.308300,200,3.050000,0.009000
1478545490886,0.303700,0.303700,100,0.308300,200,3.050000,0.009000
1478545493401,0.303700,0.303700,100,0.308300,200,3.050000,0.009000
1478545495895,0.303700,0.303700,100,0.308300,200,3.050000,0.009000
1478545497408,0.303700,0.303700,100,0.308300,200,3.050000,0.009000
1478545500418,0.303700,0.303700,100,0.308300,200,3.050000,0.009000
1478545502401,0.303700,0.303700,100,0.308300,200,3.050000,0.009000
1478545504909,0.303700,0.303700,100,0.308300,200,3.050000,0.009000
1478545506901,0.303700,0.303700,100,0.308300,200,3.050000,0.009000
1478545509401,0.303700,0.303700,100,0.308300,200,3.050000,0.009000
1478545511455,0.303700,0.303700,100,0.308300,200,3.050000,0.009000
1478545513911,0.303700,0.303700,100,0.308300,200,3.050000,0.009000
1478545515907,0.303700,0.303700,100,0.308300,200,3.050000,0.009000
1478545518413,0.303700,0.303700,100,0.308300,200,3.050000,0.009000
1478545520910,0.303700,0.303700,100,0.308300,200,3.050000,0.009000
1478545523415,0.303700,0.303700,100,0.308300,200,3.050000,0.009000
1478545525918,0.303700,0.303700,100,0.308300,200,3.050000,0.009000
1478545527920,0.303700,0.303700,100,0.308300,200,3.050000,0.009000
1478545530413,0.303700,0.303700,100,0.308300,200,3.050000,0.009000
1478545532914,0.303700,0.303700,100,0.308300,200,3.050000,0.009000
1478545534908,0.303700,0.303700,100,0.308300,200,3.050000,0.009000
1478545537415,0.303700,0.303700,100,0.308300,200,3.050000,0.009000
1478545540408,0.303700,0.303700,100,0.308300,200,3.050000,0.009000
1478545543417,0.303700,0.303700,100,0.308300,200,3.050000,0.009000
1478545545409,0.303700,0.303700,100,0.308300,200,3.050000,0.009000
1478545547953,0.303700,0.303700,100,0.308300,200,3.050000,0.009000
1478545549930,0.303700,0.303700,100,0.308300,200,3.050000,0.009000
1478545552423,0.303700,0.303700,100,0.308300,200,3.050000,0.009000
1478545554925,0.303700,0.303700,100,0.308300,200,3.050000,0.009000
1478545557478,0.303700,0.303700,100,0.308300,200,3.050000,0.009000
1478545557478,0.303700,0.303700,100,0.308300,200,3.050000,0.009000
1478545561425,0.303700,0.303700,100,0.308300,200,3.050000,0.009000
1478545563924,0.303700,0.303700,100,0.308300,200,3.050000,0.009000
1478545565913,0.303700,0.303700,100,0.308300,200,3.050000,0.009000
1478545568437,0.303700,0.303700,100,0.308300,200,3.050000,0.009000
1478545570931,0.303700,0.303700,100,0.308300,200,3.050000,0.009000
1478545572437,0.303700,0.303700,100,0.308300,200,3.050000,0.009000
1478545575419,0.303700,0.303700,100,0.308300,200,3.050000,0.009000
1478545577439,0.303700,0.303700,100,0.308300,200,3.050000,0.009000
1478545579436,0.303700,0.303700,100,0.308300,200,3.050000,0.009000
1478545581433,0.303700,0.303700,100,0.308300,200,3.050000,0.009000
1478545583946,0.303700,0.303700,100,0.308300,200,3.050000,0.009000
1478545586447,0.303700,0.303700,100,0.308300,200,3.050000,0.009000
1478545588436,0.303700,0.303700,100,0.308300,200,3.050000,0.009000
1478545590447,0.303700,0.303700,100,0.308300,200,3.050000,0.009000
1478545592945,0.307700,0.303700,100,0.308300,200,4.410000,0.013000
1478545594936,0.307700,0.303700,100,0.308300,200,4.410000,0.013000
1478545596937,0.307700,0.303700,100,0.308300,200,4.410000,0.013000
1478545598922,0.307700,0.303700,100,0.308300,200,4.410000,0.013000
1478545602943,0.307700,0.303700,100,0.308300,200,4.410000,0.013000
1478545605440,0.307700,0.303700,100,0.308300,200,4.410000,0.013000
1478545607441,0.307700,0.303700,100,0.308300,200,4.410000,0.013000
1478545609447,0.307700,0.303700,100,0.308300,200,4.410000,0.013000
1478545611947,0.307700,0.303700,100,0.308300,200,4.410000,0.013000
1478545614440,0.307700,0.303700,100,0.308300,200,4.410000,0.013000
1478545616452,0.307700,0.303700,100,0.308300,200,4.410000,0.013000
1478545618966,0.307700,0.303700,100,0.308300,200,4.410000,0.013000
1478545620947,0.307700,0.303700,100,0.308300,200,4.410000,0.013000
1478545623351,0.307700,0.303700,100,0.308300,200,4.410000,0.013000
1478545626352,0.307700,0.303700,100,0.308300,200,4.410000,0.013000
1478545628853,0.307700,0.303700,100,0.308300,200,4.410000,0.013000
1478545630851,0.307700,0.303700,100,0.308300,200,4.410000,0.013000
1478545633364,0.307700,0.303700,100,0.308300,200,4.410000,0.013000
1478545635369,0.307700,0.303700,100,0.308300,200,4.410000,0.013000
1478545637355,0.307700,0.303700,100,0.308300,200,4.410000,0.013000
1478545639858,0.307700,0.303700,100,0.308300,200,4.410000,0.013000
1478545641857,0.307700,0.303700,100,0.308300,200,4.410000,0.013000
1478545644356,0.307700,0.303700,100,0.308300,200,4.410000,0.013000
1478545646361,0.307700,0.303700,100,0.308300,200,4.410000,0.013000
1478545648855,0.303700,0.303700,100,0.308400,300,3.050000,0.009000
1478545650862,0.303700,0.303700,100,0.308400,300,3.050000,0.009000
1478545652359,0.303700,0.303700,100,0.308300,200,3.050000,0.009000
1478545655362,0.303700,0.303700,100,0.308300,200,3.050000,0.009000
1478545657862,0.303700,0.303700,100,0.308300,200,3.050000,0.009000
1478545659864,0.303700,0.303700,100,0.308300,200,3.050000,0.009000
1478545661868,0.303700,0.303700,100,0.308300,200,3.050000,0.009000
1478545664367,0.303700,0.303700,100,0.308300,200,3.050000,0.009000
1478545666366,0.303700,0.303700,100,0.308300,200,3.050000,0.009000
1478545668369,0.303700,0.303700,100,0.308300,200,3.050000,0.009000
1478545670860,0.303700,0.303700,100,0.308300,200,3.050000,0.009000
1478545672874,0.303700,0.303700,100,0.308300,200,3.050000,0.009000
1478545675375,0.303700,0.303700,100,0.308300,200,3.050000,0.009000
1478545677892,0.303700,0.303700,100,0.308300,200,3.050000,0.009000
1478545679370,0.303700,0.303700,100,0.308300,200,3.050000,0.009000
1478545681885,0.303700,0.303700,100,0.308300,200,3.050000,0.009000
1478545683872,0.303700,0.303700,100,0.308300,200,3.050000,0.009000
1478545685874,0.303700,0.303700,100,0.308300,200,3.050000,0.009000
1478545690894,0.303700,0.303700,100,0.308300,200,3.050000,0.009000
1478545692903,0.303700,0.303700,100,0.308300,200,3.050000,0.009000
1478545695389,0.303700,0.303700,100,0.308300,200,3.050000,0.009000
1478545697867,0.303700,0.303700,100,0.308300,200,3.050000,0.009000
1478545699882,0.303700,0.303700,100,0.308300,200,3.050000,0.009000
1478545702378,0.303700,0.303700,100,0.308300,200,3.050000,0.009000
1478545704882,0.303700,0.303700,100,0.308300,200,3.050000,0.009000
1478545706874,0.303700,0.303700,100,0.308300,200,3.050000,0.009000
1478545709377,0.303700,0.303700,100,0.308300,200,3.050000,0.009000
1478545710882,0.303700,0.303700,100,0.308300,200,3.050000,0.009000
1478545713882,0.303700,0.303700,100,0.308300,200,3.050000,0.009000
1478545715889,0.303700,0.303700,100,0.308300,200,3.050000,0.009000
1478545717888,0.303700,0.303700,100,0.308300,200,3.050000,0.009000
1478545722385,0.303700,0.303700,100,0.308300,200,3.050000,0.009000
1478545723890,0.303700,0.303700,100,0.308300,200,3.050000,0.009000
1478545726881,0.303700,0.303700,100,0.308300,200,3.050000,0.009000
1478545728891,0.303700,0.303700,100,0.308300,200,3.050000,0.009000
1478545731392,0.303700,0.303700,100,0.308300,200,3.050000,0.009000
1478545732895,0.308200,0.303700,100,0.308300,200,4.580000,0.013500
1478545735389,0.308200,0.303700,100,0.308300,200,4.580000,0.013500
1478545737397,0.308200,0.303700,100,0.308300,200,4.580000,0.013500
1478545739920,0.308200,0.303700,100,0.308300,200,4.580000,0.013500
1478545742433,0.308200,0.303700,100,0.308300,200,4.580000,0.013500
1478545743892,0.308200,0.303700,100,0.308300,200,4.580000,0.013500
1478545745898,0.308200,0.303700,100,0.308300,200,4.580000,0.013500
1478545748901,0.308200,0.303700,100,0.308300,200,4.580000,0.013500
1478545750402,0.308200,0.303700,100,0.308300,200,4.580000,0.013500
1478545753393,0.308200,0.303700,100,0.308300,200,4.580000,0.013500
1478545755393,0.308200,0.303700,100,0.308300,200,4.580000,0.013500
1478545757899,0.308200,0.303700,100,0.308300,200,4.580000,0.013500
1478545760403,0.308200,0.303700,1400,0.308300,200,4.580000,0.013500
1478545762410,0.308200,0.303700,1400,0.308300,200,4.580000,0.013500
1478545764404,0.308200,0.303700,1400,0.308300,200,4.580000,0.013500
1478545766914,0.308200,0.304000,200,0.308300,100,4.580000,0.013500
1478545768899,0.308200,0.304000,200,0.308300,100,4.580000,0.013500
1478545770902,0.308200,0.304000,200,0.308300,100,4.580000,0.013500
1478545773401,0.308200,0.304000,200,0.308300,100,4.580000,0.013500
1478545775408,0.308200,0.304000,200,0.308300,100,4.580000,0.013500
1478545777929,0.308200,0.304000,200,0.308300,100,4.580000,0.013500
1478545779953,0.308200,0.304000,200,0.308300,100,4.580000,0.013500
1478545782930,0.308200,0.304000,200,0.308200,1800,4.580000,0.013500
1478545785915,0.308200,0.304000,200,0.308200,1800,4.580000,0.013500
1478545787915,0.308200,0.304000,100,0.308200,1800,4.580000,0.013500
1478545790415,0.308200,0.304000,100,0.308200,1800,4.580000,0.013500
1478545792912,0.308200,0.304000,100,0.308200,1800,4.580000,0.013500
1478545795417,0.308200,0.304000,100,0.308200,1800,4.580000,0.013500
1478545797431,0.308200,0.304000,100,0.308200,1800,4.580000,0.013500
1478545799915,0.308200,0.304000,100,0.308200,1800,4.580000,0.013500
1478545801913,0.308200,0.304000,100,0.308200,1800,4.580000,0.013500
1478545804422,0.308200,0.304000,100,0.308200,1800,4.580000,0.013500
1478545806907,0.308200,0.304000,100,0.308200,1800,4.580000,0.013500
1478545808411,0.308200,0.304000,100,0.308200,1800,4.580000,0.013500
1478545810426,0.308200,0.304000,100,0.308200,1800,4.580000,0.013500
1478545812926,0.308200,0.304000,100,0.308200,1800,4.580000,0.013500
1478545815426,0.308200,0.304000,100,0.308200,1800,4.580000,0.013500
1478545818926,0.308200,0.304000,100,0.308200,1800,4.580000,0.013500
1478545821422,0.308200,0.304000,100,0.308200,1800,4.580000,0.013500
1478545823464,0.308200,0.304000,100,0.308200,1800,4.580000,0.013500
1478545824959,0.308200,0.304000,100,0.308200,1800,4.580000,0.013500
1478545827930,0.308200,0.304000,100,0.308200,1800,4.580000,0.013500
1478545829937,0.308200,0.304000,100,0.308200,1800,4.580000,0.013500
1478545831931,0.308200,0.304000,100,0.308200,1800,4.580000,0.013500
1478545833927,0.308200,0.304000,100,0.308200,1800,4.580000,0.013500
1478545836417,0.308200,0.304000,100,0.308200,1800,4.580000,0.013500
1478545837904,0.308200,0.304000,100,0.308200,1800,4.580000,0.013500
1478545841953,0.308200,0.304000,100,0.308200,1800,4.580000,0.013500
1478545844441,0.308200,0.304000,100,0.308200,1800,4.580000,0.013500
1478545846437,0.308200,0.304000,100,0.308200,1800,4.580000,0.013500
1478545848939,0.308200,0.304000,100,0.308200,1800,4.580000,0.013500
1478545850978,0.308200,0.304000,100,0.308200,1800,4.580000,0.013500
1478545853461,0.308200,0.304000,100,0.308200,1800,4.580000,0.013500
1478545854963,0.308200,0.304000,100,0.308200,1800,4.580000,0.013500
1478545857942,0.308200,0.304000,100,0.308200,1800,4.580000,0.013500
1478545859941,0.308200,0.304000,100,0.308200,1800,4.580000,0.013500
1478545862437,0.308200,0.304000,100,0.308200,1800,4.580000,0.013500
1478545864451,0.308200,0.304000,100,0.308200,1800,4.580000,0.013500
1478545866940,0.308200,0.304000,100,0.308200,1800,4.580000,0.013500
1478545868458,0.308200,0.304000,100,0.308200,1800,4.580000,0.013500
1478545869927,0.308200,0.304000,100,0.308200,1800,4.580000,0.013500
1478545873944,0.308200,0.304000,100,0.308200,1800,4.580000,0.013500
1478545876000,0.308200,0.304000,100,0.308200,1800,4.580000,0.013500
1478545878442,0.308200,0.304000,100,0.308200,1800,4.580000,0.013500
1478545880749,0.308200,0.304000,100,0.308200,1800,4.580000,0.013500
1478545883354,0.308200,0.304000,100,0.308200,1800,4.580000,0.013500
1478545885853,0.308200,0.304000,100,0.308200,1800,4.580000,0.013500
1478545887856,0.308200,0.304000,100,0.308200,1800,4.580000,0.013500
1478545890357,0.308200,0.304000,100,0.308200,1800,4.580000,0.013500
1478545891355,0.308200,0.304000,100,0.308200,1800,4.580000,0.013500
1478545894360,0.308200,0.304000,100,0.308200,1800,4.580000,0.013500
1478545894853,0.308200,0.304000,100,0.308200,1800,4.580000,0.013500
1478545898861,0.308200,0.304000,100,0.308200,1800,4.580000,0.013500
1478545901352,0.308200,0.304000,100,0.308200,1800,4.580000,0.013500
1478545904865,0.308200,0.304000,100,0.308200,1800,4.580000,0.013500
1478545906363,0.308200,0.304000,100,0.308200,1800,4.580000,0.013500
1478545909374,0.308200,0.304000,100,0.308200,1800,4.580000,0.013500
1478545911895,0.308200,0.304000,100,0.308200,1800,4.580000,0.013500
1478545914365,0.308200,0.304000,100,0.308200,1800,4.580000,0.013500
1478545916368,0.308200,0.304000,100,0.308200,1800,4.580000,0.013500
1478545918868,0.308200,0.304000,100,0.308200,1800,4.580000,0.013500
1478545920878,0.308200,0.304000,100,0.308200,1800,4.580000,0.013500
1478545922373,0.308200,0.304000,100,0.308200,1800,4.580000,0.013500
1478545925376,0.308200,0.304000,100,0.308200,1800,4.580000,0.013500
1478545927404,0.308200,0.304000,100,0.308200,1800,4.580000,0.013500
1478545929870,0.308200,0.304000,100,0.308200,1800,4.580000,0.013500
1478545931881,0.308200,0.304000,100,0.308200,1800,4.580000,0.013500
1478545934376,0.308200,0.304000,100,0.308200,1800,4.580000,0.013500
1478545936419,0.308200,0.304000,100,0.308200,1800,4.580000,0.013500
1478545938909,0.308200,0.304000,100,0.308200,1800,4.580000,0.013500
1478545940886,0.308200,0.304000,100,0.308200,1800,4.580000,0.013500
1478545942870,0.307600,0.304000,100,0.308200,1800,4.380000,0.012900
1478545945894,0.307600,0.304000,100,0.308200,1800,4.380000,0.012900
1478545947884,0.307600,0.304000,100,0.308200,1800,4.380000,0.012900
1478545950383,0.307600,0.304000,100,0.308200,1800,4.380000,0.012900
1478545952376,0.307600,0.304000,100,0.308200,1800,4.380000,0.012900
1478545954892,0.307600,0.304000,100,0.308200,1800,4.380000,0.012900
1478545956896,0.307600,0.304000,100,0.308200,1800,4.380000,0.012900
1478545959387,0.307600,0.304000,100,0.308200,1800,4.380000,0.012900
1478545961391,0.307600,0.304000,100,0.308200,1800,4.380000,0.012900
1478545963389,0.307600,0.304000,100,0.308200,1800,4.380000,0.012900
1478545965896,0.307600,0.304000,100,0.308200,1800,4.380000,0.012900
1478545968386,0.307600,0.304000,100,0.308200,1800,4.380000,0.012900
1478545969888,0.307600,0.304000,100,0.308200,1800,4.380000,0.012900
1478545972893,0.307600,0.304000,100,0.308200,1800,4.380000,0.012900
1478545975390,0.307600,0.304000,100,0.308200,1800,4.380000,0.012900
1478545977396,0.307600,0.304000,100,0.308200,1800,4.380000,0.012900
1478545978389,0.307600,0.304000,100,0.308200,1800,4.380000,0.012900
1478545981905,0.307600,0.304000,100,0.308200,1800,4.380000,0.012900
1478545984403,0.307600,0.304000,100,0.308200,1800,4.380000,0.012900
1478545986906,0.307600,0.304000,100,0.308200,1800,4.380000,0.012900
1478545989398,0.307600,0.304000,100,0.308200,1800,4.380000,0.012900
1478545991403,0.307600,0.304000,100,0.308200,1800,4.380000,0.012900
1478545993902,0.307600,0.304000,100,0.308200,1800,4.380000,0.012900
1478545995899,0.307600,0.304000,100,0.308200,1800,4.380000,0.012900
1478545997948,0.307600,0.304000,100,0.308200,1800,4.380000,0.012900
1478545999908,0.307600,0.304000,100,0.308200,1800,4.380000,0.012900
1478546001934,0.307600,0.304000,100,0.308200,1800,4.380000,0.012900
1478546004400,0.307600,0.304000,100,0.308200,1800,4.380000,0.012900
1478546004897,0.307600,0.304000,100,0.308200,1800,4.380000,0.012900
1478546008900,0.307600,0.304000,100,0.308200,1800,4.380000,0.012900
1478546011401,0.307600,0.304000,100,0.308200,1800,4.380000,0.012900
1478546014928,0.307600,0.304000,100,0.308200,1800,4.380000,0.012900
1478546017409,0.307600,0.304000,100,0.308200,1800,4.380000,0.012900
1478546019404,0.307600,0.304000,100,0.308200,1800,4.380000,0.012900
1478546020410,0.307600,0.304000,100,0.308200,1800,4.380000,0.012900
1478546022411,0.307600,0.304000,100,0.308200,1800,4.380000,0.012900
1478546026948,0.307600,0.304000,100,0.308200,1800,4.380000,0.012900
1478546029907,0.307600,0.304000,100,0.308200,1800,4.380000,0.012900
1478546032410,0.307600,0.304000,100,0.308200,1800,4.380000,0.012900
1478546034416,0.307600,0.304000,100,0.308200,1800,4.380000,0.012900
1478546036909,0.307600,0.304000,100,0.308200,1800,4.380000,0.012900
1478546039409,0.307600,0.304000,100,0.308200,1800,4.380000,0.012900
1478546041427,0.307600,0.304000,100,0.308200,1800,4.380000,0.012900
1478546043945,0.307600,0.304000,100,0.308200,1800,4.380000,0.012900
1478546045407,0.307600,0.304000,100,0.308200,1800,4.380000,0.012900
1478546047921,0.307600,0.304000,100,0.308200,1800,4.380000,0.012900
1478546048911,0.307600,0.304000,100,0.308200,1800,4.380000,0.012900
1478546052979,0.307600,0.304000,100,0.308200,1800,4.380000,0.012900
1478546054922,0.307600,0.304000,100,0.308200,1800,4.380000,0.012900
1478546056916,0.307600,0.304000,100,0.308200,1800,4.380000,0.012900
1478546059467,0.307600,0.304000,100,0.308200,1800,4.380000,0.012900
1478546060990,0.307600,0.304000,100,0.308200,1800,4.380000,0.012900
1478546063871,0.307600,0.304000,100,0.308200,1800,4.380000,0.012900
1478546064974,0.307600,0.304000,100,0.308200,1800,4.380000,0.012900
1478546068424,0.307600,0.304000,100,0.308200,1800,4.380000,0.012900
1478546070420,0.307600,0.304000,100,0.308200,1800,4.380000,0.012900
1478546072421,0.307600,0.304000,100,0.308200,1800,4.380000,0.012900
1478546074926,0.307600,0.304000,100,0.308200,1800,4.380000,0.012900
1478546077423,0.307600,0.304000,100,0.308200,1800,4.380000,0.012900
1478546079439,0.307600,0.304000,100,0.308200,1800,4.380000,0.012900
1478546081926,0.307600,0.304000,100,0.308200,1800,4.380000,0.012900
1478546083928,0.307600,0.304000,100,0.308200,1800,4.380000,0.012900
1478546085962,0.307600,0.304000,100,0.308200,1800,4.380000,0.012900
1478546087919,0.307600,0.304000,100,0.308200,1800,4.380000,0.012900
1478546090935,0.307600,0.304000,100,0.308200,1800,4.380000,0.012900
1478546093434,0.307600,0.304000,100,0.308200,1800,4.380000,0.012900
1478546095437,0.307600,0.304000,100,0.308200,1800,4.380000,0.012900
1478546097926,0.307600,0.304000,100,0.308200,1800,4.380000,0.012900
1478546099955,0.307600,0.304000,100,0.308200,1800,4.380000,0.012900
1478546102434,0.307600,0.304000,100,0.308200,1800,4.380000,0.012900
1478546104434,0.307600,0.304000,100,0.308200,1800,4.380000,0.012900
1478546107957,0.307600,0.304000,100,0.308200,1800,4.380000,0.012900
1478546110445,0.307600,0.304000,100,0.308200,1800,4.380000,0.012900
1478546112434,0.307600,0.304000,100,0.308200,1800,4.380000,0.012900
1478546114449,0.307600,0.304000,100,0.308200,1800,4.380000,0.012900
1478546114449,0.307600,0.304000,100,0.308200,1800,4.380000,0.012900
1478546118473,0.307600,0.304000,100,0.308200,1800,4.380000,0.012900
1478546120959,0.307600,0.304000,100,0.308200,1800,4.380000,0.012900
1478546123955,0.307600,0.304000,100,0.308200,1800,4.380000,0.012900
1478546125447,0.307600,0.304000,100,0.308200,1800,4.380000,0.012900
1478546128352,0.307600,0.304000,100,0.308200,1800,4.380000,0.012900
1478546130357,0.307600,0.304000,100,0.308200,1800,4.380000,0.012900
1478546132853,0.307600,0.304000,100,0.308200,1800,4.380000,0.012900
1478546135354,0.307600,0.304000,100,0.308200,1800,4.380000,0.012900
1478546137353,0.307600,0.304000,100,0.308200,1800,4.380000,0.012900
1478546140855,0.307600,0.304000,100,0.308200,1800,4.380000,0.012900
1478546142856,0.307600,0.304000,100,0.308200,1800,4.380000,0.012900
1478546144857,0.307600,0.304000,100,0.308200,1800,4.380000,0.012900
1478546147353,0.307600,0.304000,100,0.308200,1800,4.380000,0.012900
1478546149359,0.307600,0.304000,100,0.308200,1800,4.380000,0.012900
1478546150858,0.307600,0.304000,100,0.308200,1800,4.380000,0.012900
1478546154365,0.307600,0.304000,100,0.308200,1800,4.380000,0.012900
1478546156362,0.307600,0.304000,100,0.308200,1800,4.380000,0.012900
1478546158367,0.307600,0.304000,100,0.308200,1800,4.380000,0.012900
1478546160372,0.307600,0.304000,100,0.308200,1800,4.380000,0.012900
1478546162884,0.307600,0.304000,100,0.308200,1800,4.380000,0.012900
1478546164868,0.307600,0.304000,100,0.308200,1800,4.380000,0.012900
1478546167368,0.307600,0.304000,100,0.308200,1800,4.380000,0.012900
1478546169370,0.307600,0.304000,100,0.308200,1800,4.380000,0.012900
1478546171867,0.307600,0.304000,100,0.308200,1800,4.380000,0.012900
1478546173870,0.307600,0.304000,100,0.308200,1800,4.380000,0.012900
1478546176396,0.307600,0.304000,100,0.308200,1800,4.380000,0.012900
1478546178400,0.307600,0.304000,100,0.308200,1800,4.380000,0.012900
1478546180428,0.307600,0.304000,100,0.308200,1800,4.380000,0.012900
1478546182363,0.307600,0.304000,100,0.308200,1800,4.380000,0.012900
1478546184875,0.307600,0.304000,100,0.308200,1800,4.380000,0.012900
1478546187372,0.307600,0.304000,100,0.308200,1800,4.380000,0.012900
1478546189382,0.307600,0.304000,100,0.308200,1800,4.380000,0.012900
1478546191915,0.307600,0.304000,100,0.308200,1800,4.380000,0.012900
1478546193880,0.307600,0.304000,100,0.308200,1800,4.380000,0.012900
1478546195878,0.307600,0.304000,100,0.308200,1800,4.380000,0.012900
1478546198380,0.307600,0.304000,100,0.308200,1800,4.380000,0.012900
1478546200379,0.307600,0.304000,100,0.308200,1800,4.380000,0.012900
1478546202381,0.307600,0.304000,100,0.308200,1800,4.380000,0.012900
1478546204879,0.307600,0.304000,100,0.308200,1800,4.380000,0.012900
1478546207393,0.307600,0.304000,100,0.308200,1800,4.380000,0.012900
1478546209384,0.307600,0.304000,100,0.308200,1800,4.380000,0.012900
1478546212388,0.307600,0.304000,100,0.308200,1800,4.380000,0.012900
1478546213889,0.307600,0.304000,100,0.308200,1800,4.380000,0.012900
1478546216892,0.307600,0.304000,100,0.308200,1800,4.380000,0.012900
1478546218901,0.307600,0.304000,100,0.308200,1800,4.380000,0.012900
1478546220875,0.307600,0.304000,100,0.308200,1800,4.380000,0.012900
1478546222899,0.307600,0.304000,100,0.308200,1800,4.380000,0.012900
1478546225389,0.307600,0.304000,100,0.308200,1800,4.380000,0.012900
1478546227388,0.307600,0.304000,100,0.308200,1800,4.380000,0.012900
1478546229894,0.307600,0.304000,100,0.308200,1800,4.380000,0.012900
1478546231892,0.307600,0.304000,100,0.308200,1800,4.380000,0.012900
1478546233424,0.307600,0.304000,100,0.308200,1800,4.380000,0.012900
1478546236901,0.307600,0.304000,100,0.308200,1800,4.380000,0.012900
1478546238896,0.307600,0.304000,100,0.308200,1800,4.380000,0.012900
1478546241396,0.307600,0.304000,100,0.308200,1800,4.380000,0.012900
1478546243403,0.307600,0.304000,100,0.308200,1800,4.380000,0.012900
1478546245405,0.307600,0.304000,100,0.308200,1800,4.380000,0.012900
1478546247477,0.307600,0.304000,100,0.308200,1800,4.380000,0.012900
1478546250407,0.307600,0.304000,100,0.308200,1800,4.380000,0.012900
1478546252894,0.307600,0.304000,100,0.308200,1800,4.380000,0.012900
1478546254897,0.307600,0.304000,100,0.308200,1800,4.380000,0.012900
1478546256906,0.307600,0.304000,100,0.308200,1800,4.380000,0.012900
1478546259409,0.307600,0.304000,100,0.308200,1800,4.380000,0.012900
1478546261408,0.307600,0.304000,100,0.308200,1800,4.380000,0.012900
1478546263922,0.307600,0.304000,100,0.308200,1800,4.380000,0.012900
1478546265891,0.307600,0.304000,100,0.308200,1800,4.380000,0.012900
1478546268909,0.307600,0.304000,100,0.308200,1800,4.380000,0.012900
1478546271905,0.307600,0.304000,100,0.308200,1800,4.380000,0.012900
1478546274407,0.307600,0.304000,100,0.308200,1800,4.380000,0.012900
1478546276408,0.307600,0.304000,100,0.308200,1800,4.380000,0.012900
1478546278413,0.307600,0.304000,100,0.308200,1800,4.380000,0.012900
1478546280422,0.307600,0.304000,100,0.308200,1800,4.380000,0.012900
1478546283421,0.307600,0.304000,100,0.308200,1800,4.380000,0.012900
1478546284463,0.307600,0.304000,100,0.308200,1800,4.380000,0.012900
1478546287929,0.307600,0.304000,100,0.308200,1800,4.380000,0.012900
1478546290418,0.307600,0.304000,100,0.308200,1800,4.380000,0.012900
1478546292409,0.307600,0.304000,100,0.308200,1800,4.380000,0.012900
1478546293920,0.307600,0.305000,100,0.308200,900,4.380000,0.012900
1478546296924,0.307600,0.305000,100,0.308200,900,4.380000,0.012900
1478546298933,0.307600,0.305000,100,0.308200,900,4.380000,0.012900
1478546301415,0.307600,0.305000,100,0.308200,900,4.380000,0.012900
1478546303414,0.307600,0.305000,100,0.308200,900,4.380000,0.012900
1478546305426,0.307600,0.305000,100,0.308200,900,4.380000,0.012900
1478546308447,0.307600,0.305000,400,0.308200,900,4.380000,0.012900
1478546310435,0.307600,0.305000,400,0.308200,900,4.380000,0.012900
1478546312923,0.307600,0.305000,400,0.308200,900,4.380000,0.012900
1478546314916,0.307600,0.305000,400,0.308200,900,4.380000,0.012900
1478546316924,0.307600,0.305000,400,0.308200,900,4.380000,0.012900
1478546318433,0.307600,0.305000,400,0.308200,900,4.380000,0.012900
1478546320931,0.307600,0.305000,400,0.308200,900,4.380000,0.012900
1478546323414,0.307600,0.305000,400,0.308200,900,4.380000,0.012900
1478546325936,0.307600,0.305000,400,0.308200,900,4.380000,0.012900
1478546328432,0.307600,0.305000,400,0.308200,900,4.380000,0.012900
1478546330432,0.307600,0.305000,400,0.308200,900,4.380000,0.012900
1478546333951,0.307600,0.305000,400,0.308200,900,4.380000,0.012900
1478546335942,0.307600,0.305000,400,0.308200,900,4.380000,0.012900
1478546338434,0.307600,0.305000,400,0.308200,900,4.380000,0.012900
1478546340925,0.307600,0.305000,400,0.308200,900,4.380000,0.012900
1478546342952,0.307600,0.305000,400,0.308200,900,4.380000,0.012900
1478546345422,0.307600,0.305000,400,0.308200,900,4.380000,0.012900
1478546347948,0.307600,0.305000,400,0.308200,900,4.380000,0.012900
1478546349967,0.307600,0.305000,400,0.308200,900,4.380000,0.012900
1478546352448,0.307600,0.305000,400,0.308200,900,4.380000,0.012900
1478546354444,0.307600,0.305000,400,0.308200,900,4.380000,0.012900
1478546356500,0.307600,0.305000,400,0.308200,900,4.380000,0.012900
1478546358944,0.307600,0.305000,400,0.308200,900,4.380000,0.012900
1478546360938,0.307600,0.305000,400,0.308200,900,4.380000,0.012900
1478546362953,0.307600,0.305000,400,0.308200,900,4.380000,0.012900
1478546364969,0.307600,0.305000,400,0.308200,900,4.380000,0.012900
1478546367959,0.307600,0.305000,400,0.308200,900,4.380000,0.012900
1478546370446,0.307600,0.305000,400,0.308200,900,4.380000,0.012900
1478546372445,0.307600,0.305000,400,0.308200,900,4.380000,0.012900
1478546374946,0.307600,0.305000,400,0.308200,900,4.380000,0.012900
1478546377353,0.307600,0.305000,400,0.308200,900,4.380000,0.012900
1478546379860,0.307600,0.305000,400,0.308200,900,4.380000,0.012900
1478546382396,0.307600,0.305000,400,0.308200,900,4.380000,0.012900
1478546384854,0.307600,0.305000,400,0.308200,900,4.380000,0.012900
1478546386854,0.307600,0.305000,400,0.308200,900,4.380000,0.012900
1478546389357,0.307600,0.305000,400,0.308200,900,4.380000,0.012900
1478546391355,0.307600,0.305000,400,0.308200,900,4.380000,0.012900
1478546393876,0.307600,0.305000,400,0.308200,900,4.380000,0.012900
1478546396359,0.307600,0.305000,400,0.308200,900,4.380000,0.012900
1478546398363,0.307600,0.305000,400,0.308200,900,4.380000,0.012900
1478546400864,0.307600,0.305000,400,0.308200,900,4.380000,0.012900
1478546403363,0.307600,0.305000,400,0.308200,900,4.380000,0.012900
1478546405365,0.307600,0.305000,400,0.308200,900,4.380000,0.012900
1478546407879,0.307600,0.305000,400,0.308200,900,4.380000,0.012900
1478546409895,0.307600,0.305000,400,0.308200,900,4.380000,0.012900
1478546411373,0.307600,0.305000,400,0.308200,900,4.380000,0.012900
1478546413864,0.307600,0.305000,400,0.308200,900,4.380000,0.012900
1478546416873,0.307600,0.305000,400,0.308200,900,4.380000,0.012900
1478546418925,0.307600,0.305000,400,0.308200,900,4.380000,0.012900
1478546420867,0.307600,0.305000,400,0.308200,900,4.380000,0.012900
1478546423381,0.307600,0.305000,400,0.308200,900,4.380000,0.012900
1478546425369,0.307600,0.305000,400,0.308200,900,4.380000,0.012900
1478546427879,0.307600,0.305000,400,0.308200,900,4.380000,0.012900
1478546430920,0.307600,0.305000,400,0.308200,900,4.380000,0.012900
1478546432887,0.308000,0.305000,400,0.308300,100,4.510000,0.013300
1478546434921,0.308000,0.305000,400,0.308300,100,4.510000,0.013300
1478546437398,0.308000,0.305000,400,0.308300,100,4.510000,0.013300
1478546439876,0.308000,0.305000,400,0.308300,100,4.510000,0.013300
1478546441881,0.308000,0.305000,400,0.308300,100,4.510000,0.013300
1478546444384,0.308000,0.305000,400,0.308300,100,4.510000,0.013300
1478546446389,0.308000,0.305000,400,0.308300,100,4.510000,0.013300
1478546449393,0.308000,0.305000,400,0.308300,100,4.510000,0.013300
1478546451888,0.308000,0.305000,400,0.308300,100,4.510000,0.013300
1478546454378,0.308000,0.305000,400,0.308300,100,4.510000,0.013300
1478546456894,0.308000,0.305000,400,0.308300,100,4.510000,0.013300
1478546459400,0.308000,0.305000,400,0.308300,100,4.510000,0.013300
1478546462889,0.308000,0.305000,400,0.308300,100,4.510000,0.013300
1478546464419,0.308000,0.305000,400,0.308300,100,4.510000,0.013300
1478546467916,0.308000,0.305000,400,0.308300,100,4.510000,0.013300
1478546470395,0.308000,0.305000,400,0.308300,100,4.510000,0.013300
1478546471884,0.308000,0.305000,400,0.308300,100,4.510000,0.013300
1478546474902,0.308000,0.305000,400,0.308200,1300,4.510000,0.013300
1478546476900,0.308000,0.305000,400,0.308200,1300,4.510000,0.013300
1478546479412,0.308000,0.305000,400,0.308200,1300,4.510000,0.013300
1478546481409,0.308000,0.305000,400,0.308200,1300,4.510000,0.013300
1478546483392,0.308000,0.305000,400,0.308200,1300,4.510000,0.013300
1478546485899,0.308000,0.305000,400,0.308200,1300,4.510000,0.013300
1478546487887,0.308000,0.305000,400,0.308200,1300,4.510000,0.013300
1478546489915,0.308000,0.305000,400,0.308200,1300,4.510000,0.013300
1478546492398,0.308000,0.305000,400,0.308200,1300,4.510000,0.013300
1478546495403,0.308000,0.305000,400,0.308200,1300,4.510000,0.013300
1478546497398,0.308000,0.305000,400,0.308200,1300,4.510000,0.013300
1478546499401,0.308000,0.305000,400,0.308200,1300,4.510000,0.013300
1478546501402,0.308000,0.305000,400,0.308200,1300,4.510000,0.013300
1478546503403,0.308000,0.305000,400,0.308200,1300,4.510000,0.013300
1478546505908,0.308000,0.305000,400,0.308200,1300,4.510000,0.013300
1478546508427,0.308000,0.305000,400,0.308200,1300,4.510000,0.013300
1478546510446,0.308000,0.305000,400,0.308200,1300,4.510000,0.013300
1478546512923,0.308000,0.305000,400,0.308200,1300,4.510000,0.013300
1478546514911,0.308000,0.305000,400,0.308200,1300,4.510000,0.013300
1478546517413,0.308000,0.305000,400,0.308200,1300,4.510000,0.013300
1478546518906,0.308000,0.305000,400,0.308200,1300,4.510000,0.013300
1478546520899,0.308000,0.305000,400,0.308200,1300,4.510000,0.013300
1478546523956,0.308000,0.305000,400,0.308200,1300,4.510000,0.013300
1478546525911,0.308000,0.305000,400,0.308200,1300,4.510000,0.013300
1478546528418,0.308000,0.305000,400,0.308200,1300,4.510000,0.013300
1478546530923,0.308000,0.305000,400,0.308200,1300,4.510000,0.013300
1478546532919,0.308000,0.305000,400,0.308200,1300,4.510000,0.013300
1478546534919,0.308000,0.305000,400,0.308200,1300,4.510000,0.013300
1478546536924,0.308000,0.305000,400,0.308200,1300,4.510000,0.013300
1478546539420,0.308000,0.305000,400,0.308200,1300,4.510000,0.013300
1478546541461,0.308000,0.305000,400,0.308200,1300,4.510000,0.013300
1478546543427,0.308000,0.305000,400,0.308200,1300,4.510000,0.013300
1478546545917,0.308000,0.305000,400,0.308200,1300,4.510000,0.013300
1478546547939,0.308000,0.305000,400,0.308200,1300,4.510000,0.013300
1478546550424,0.308000,0.305000,400,0.308200,1300,4.510000,0.013300
1478546552430,0.308000,0.305000,400,0.308200,1300,4.510000,0.013300
1478546554923,0.308000,0.305000,400,0.308200,1300,4.510000,0.013300
1478546558429,0.308000,0.305000,400,0.308200,1300,4.510000,0.013300
1478546560927,0.308000,0.305000,400,0.308200,1300,4.510000,0.013300
1478546563483,0.308000,0.305000,400,0.308200,1300,4.510000,0.013300
1478546565932,0.308000,0.305000,400,0.308200,1300,4.510000,0.013300
1478546567925,0.308000,0.305000,400,0.308200,1300,4.510000,0.013300
1478546570449,0.308000,0.305000,400,0.308200,1300,4.510000,0.013300
1478546571945,0.308000,0.305000,400,0.308200,1300,4.510000,0.013300
1478546574934,0.308000,0.305000,400,0.308200,1300,4.510000,0.013300
1478546577431,0.308000,0.305000,400,0.308200,1300,4.510000,0.013300
1478546579939,0.308000,0.305000,400,0.308200,1300,4.510000,0.013300
1478546581938,0.308000,0.305000,400,0.308200,1300,4.510000,0.013300
1478546583953,0.308000,0.305000,400,0.308200,1300,4.510000,0.013300
1478546586439,0.308000,0.305000,400,0.308200,1300,4.510000,0.013300
1478546588436,0.308000,0.305000,400,0.308200,1300,4.510000,0.013300
1478546590939,0.308000,0.305000,400,0.308200,1300,4.510000,0.013300
1478546593445,0.308000,0.305000,400,0.308200,1300,4.510000,0.013300
1478546595949,0.308000,0.305000,400,0.308200,1300,4.510000,0.013300
1478546597431,0.308000,0.305000,400,0.308200,1300,4.510000,0.013300
1478546599948,0.308000,0.305000,400,0.308200,1300,4.510000,0.013300
1478546602441,0.308000,0.305000,400,0.308200,1300,4.510000,0.013300
1478546604444,0.308000,0.305000,400,0.308200,1300,4.510000,0.013300
1478546606943,0.308000,0.305000,400,0.308200,1300,4.510000,0.013300
1478546608943,0.308000,0.305000,400,0.308200,1300,4.510000,0.013300
1478546610945,0.308000,0.305000,400,0.308200,1300,4.510000,0.013300
1478546612945,0.308000,0.305000,400,0.308200,1300,4.510000,0.013300
1478546615975,0.308000,0.305000,400,0.308200,1300,4.510000,0.013300
1478546618459,0.308000,0.305000,400,0.308200,1300,4.510000,0.013300
1478546620447,0.308000,0.305000,400,0.308200,1300,4.510000,0.013300
1478546623354,0.308000,0.305000,400,0.308200,1300,4.510000,0.013300
1478546625897,0.308000,0.305000,400,0.308200,1300,4.510000,0.013300
1478546628857,0.308000,0.305000,400,0.308200,1300,4.510000,0.013300
1478546631361,0.308000,0.305000,400,0.308200,1300,4.510000,0.013300
1478546633858,0.308000,0.305000,400,0.308200,1300,4.510000,0.013300
1478546635858,0.308000,0.305000,400,0.308200,1300,4.510000,0.013300
1478546638359,0.308000,0.305000,400,0.308200,1300,4.510000,0.013300
1478546640354,0.308000,0.305000,400,0.308200,1300,4.510000,0.013300
1478546642366,0.308000,0.305000,400,0.308200,1300,4.510000,0.013300
1478546644869,0.308000,0.305000,400,0.308200,1300,4.510000,0.013300
1478546646376,0.308000,0.305000,400,0.308200,1300,4.510000,0.013300
1478546649363,0.308000,0.305000,400,0.308200,1300,4.510000,0.013300
1478546651372,0.308000,0.305000,400,0.308200,1300,4.510000,0.013300
1478546653913,0.308000,0.305000,400,0.308200,1300,4.510000,0.013300
1478546657922,0.308000,0.305000,400,0.308200,1300,4.510000,0.013300
1478546659867,0.308000,0.305000,400,0.308200,1300,4.510000,0.013300
1478546661870,0.308000,0.305000,400,0.308200,1300,4.510000,0.013300
1478546664872,0.306600,0.305000,400,0.308200,1300,4.040000,0.011900
1478546666871,0.306600,0.305000,400,0.308200,1300,4.040000,0.011900
1478546668369,0.306600,0.305000,400,0.308200,1300,4.040000,0.011900
1478546671398,0.306600,0.305000,400,0.308100,500,4.040000,0.011900
1478546673876,0.306600,0.305000,400,0.308000,1300,4.040000,0.011900
1478546675874,0.306600,0.305000,400,0.308000,1300,4.040000,0.011900
1478546678379,0.306600,0.305000,400,0.308000,1300,4.040000,0.011900
1478546680885,0.306600,0.305000,400,0.308000,1300,4.040000,0.011900
1478546682884,0.306600,0.305000,400,0.308000,1300,4.040000,0.011900
1478546683383,0.306600,0.305000,400,0.308000,1300,4.040000,0.011900
1478546687882,0.306600,0.305000,400,0.308000,1300,4.040000,0.011900
1478546689874,0.306600,0.305000,400,0.308000,1300,4.040000,0.011900
1478546692391,0.306600,0.305000,400,0.308000,1300,4.040000,0.011900
1478546694383,0.306600,0.305000,400,0.308000,1300,4.040000,0.011900
1478546696885,0.306600,0.305000,400,0.308000,1300,4.040000,0.011900
1478546698875,0.306600,0.305000,400,0.308000,1300,4.040000,0.011900
1478546701388,0.306600,0.305000,400,0.308000,1300,4.040000,0.011900
1478546702900,0.306600,0.305000,400,0.308000,1300,4.040000,0.011900
1478546705900,0.306600,0.305000,400,0.308000,1300,4.040000,0.011900
1478546707884,0.306600,0.305000,400,0.308000,1300,4.040000,0.011900
1478546710388,0.306600,0.305000,400,0.308000,1300,4.040000,0.011900
1478546712894,0.306600,0.305000,400,0.308000,1300,4.040000,0.011900
1478546714951,0.306600,0.305000,400,0.308000,1300,4.040000,0.011900
1478546717390,0.306600,0.305000,400,0.308000,1300,4.040000,0.011900
1478546719892,0.306600,0.305000,400,0.308000,1300,4.040000,0.011900
1478546722390,0.306600,0.305000,400,0.308000,1300,4.040000,0.011900
1478546724899,0.306600,0.305000,400,0.308000,1300,4.040000,0.011900
1478546726898,0.306600,0.305000,400,0.308000,1300,4.040000,0.011900
1478546729410,0.306600,0.305000,400,0.308000,1100,4.040000,0.011900
1478546732377,0.306600,0.305000,400,0.308000,1100,4.040000,0.011900
1478546734396,0.306600,0.305000,400,0.308000,1100,4.040000,0.011900
1478546736399,0.306600,0.305000,400,0.308000,1100,4.040000,0.011900
1478546738397,0.306600,0.305000,400,0.308000,1100,4.040000,0.011900
1478546740892,0.306600,0.305000,400,0.308000,1100,4.040000,0.011900
1478546742906,0.306600,0.305000,400,0.308000,1100,4.040000,0.011900
1478546745903,0.306600,0.305000,400,0.308000,1100,4.040000,0.011900
1478546748403,0.306600,0.305000,400,0.308000,1100,4.040000,0.011900
1478546750390,0.306600,0.305000,400,0.308000,1100,4.040000,0.011900
1478546752398,0.306600,0.305000,400,0.308000,1100,4.040000,0.011900
1478546754904,0.306600,0.305000,400,0.308000,1100,4.040000,0.011900
1478546756920,0.306600,0.305000,400,0.308000,1100,4.040000,0.011900
1478546760409,0.306600,0.305000,400,0.308000,1100,4.040000,0.011900
1478546762393,0.306600,0.305000,400,0.308000,1100,4.040000,0.011900
1478546764414,0.307500,0.305000,400,0.308000,1100,4.340000,0.012800
1478546767402,0.307500,0.305000,400,0.308000,1100,4.340000,0.012800
1478546768903,0.307500,0.305000,400,0.308000,1100,4.340000,0.012800
1478546771450,0.307500,0.305000,400,0.308000,1100,4.340000,0.012800
1478546773915,0.307500,0.305000,400,0.308000,1100,4.340000,0.012800
1478546776411,0.307500,0.305000,400,0.308000,1100,4.340000,0.012800
1478546778416,0.307500,0.305000,400,0.308000,1100,4.340000,0.012800
1478546780911,0.307500,0.305000,400,0.308000,1100,4.340000,0.012800
1478546783407,0.307500,0.305000,400,0.308000,1100,4.340000,0.012800
1478546788914,0.307500,0.305000,400,0.308000,1100,4.340000,0.012800
1478546791419,0.307500,0.305000,400,0.308000,1100,4.340000,0.012800
1478546793413,0.307500,0.305000,400,0.308000,1100,4.340000,0.012800
1478546795906,0.307500,0.305000,400,0.308000,1100,4.340000,0.012800
1478546797924,0.307500,0.305000,400,0.308000,1100,4.340000,0.012800
1478546800415,0.307500,0.305000,400,0.308000,1100,4.340000,0.012800
1478546803463,0.307500,0.305000,400,0.308000,1100,4.340000,0.012800
1478546805919,0.307500,0.305000,400,0.308000,1100,4.340000,0.012800
1478546807929,0.307500,0.305000,400,0.308000,1100,4.340000,0.012800
1478546810423,0.307500,0.305000,400,0.308000,1100,4.340000,0.012800
1478546812930,0.307500,0.305000,400,0.308000,1100,4.340000,0.012800
1478546814906,0.307500,0.305000,400,0.308000,1100,4.340000,0.012800
1478546816965,0.307500,0.305000,400,0.308000,1100,4.340000,0.012800
1478546818938,0.307500,0.305000,400,0.308000,1100,4.340000,0.012800
1478546821429,0.307500,0.305000,400,0.308000,1100,4.340000,0.012800
1478546823928,0.307500,0.305000,400,0.308000,1100,4.340000,0.012800
1478546826421,0.307500,0.305000,400,0.308000,1100,4.340000,0.012800
1478546828435,0.307500,0.305000,400,0.308000,1100,4.340000,0.012800
1478546830451,0.307500,0.305000,400,0.308000,1100,4.340000,0.012800
1478546832436,0.307500,0.305000,400,0.308000,1100,4.340000,0.012800
1478546834926,0.307500,0.305000,400,0.308000,1100,4.340000,0.012800
1478546837425,0.307500,0.305000,400,0.308000,1100,4.340000,0.012800
1478546839432,0.307500,0.305000,400,0.308000,1100,4.340000,0.012800
1478546841424,0.307500,0.305000,400,0.308000,1100,4.340000,0.012800
1478546843938,0.307500,0.305000,400,0.308000,1100,4.340000,0.012800
1478546846427,0.307500,0.305000,400,0.308000,1100,4.340000,0.012800
1478546848425,0.307500,0.305000,400,0.308000,1100,4.340000,0.012800
1478546851939,0.307500,0.305000,400,0.308000,1100,4.340000,0.012800
1478546854940,0.307500,0.305000,400,0.308000,1100,4.340000,0.012800
1478546857946,0.307500,0.305000,400,0.308000,1100,4.340000,0.012800
1478546860957,0.307500,0.305000,400,0.308000,1100,4.340000,0.012800
1478546863941,0.307500,0.305000,400,0.308000,1100,4.340000,0.012800
1478546866449,0.307500,0.305000,400,0.308000,1100,4.340000,0.012800
1478546868448,0.307500,0.305000,400,0.308000,1100,4.340000,0.012800
1478546871001,0.307500,0.305000,400,0.308000,1100,4.340000,0.012800
1478546872952,0.307500,0.305000,400,0.308000,1100,4.340000,0.012800
1478546875538,0.307500,0.305000,400,0.308000,1100,4.340000,0.012800
1478546876445,0.307500,0.305000,400,0.308000,1100,4.340000,0.012800
1478546878948,0.307500,0.305000,400,0.308000,1100,4.340000,0.012800
1478546883851,0.307500,0.305000,400,0.308000,1100,4.340000,0.012800
1478546885850,0.307500,0.305000,400,0.308000,1100,4.340000,0.012800
1478546887853,0.307500,0.305000,400,0.308000,1100,4.340000,0.012800
1478546890353,0.307500,0.305000,400,0.308000,1100,4.340000,0.012800
1478546892853,0.307500,0.305000,400,0.308000,1100,4.340000,0.012800
1478546895862,0.307500,0.305000,400,0.308000,1100,4.340000,0.012800
1478546934894,0.307500,0.305000,400,0.308000,1100,4.340000,0.012800
1478546945875,0.307500,0.305000,400,0.308000,1100,4.340000,0.012800
1478546945875,0.307500,0.305000,400,0.308000,1100,4.340000,0.012800
1478546945875,0.307500,0.305000,400,0.308000,1100,4.340000,0.012800
1478546945875,0.307500,0.305000,400,0.308000,1100,4.340000,0.012800
1478546945875,0.307500,0.305000,400,0.308000,1100,4.340000,0.012800
1478546945875,0.307500,0.305000,400,0.308000,1100,4.340000,0.012800
1478546945875,0.307500,0.305000,400,0.308000,1100,4.340000,0.012800
1478546979880,0.307500,0.305000,400,0.308000,1100,4.340000,0.012800
1478546981388,0.307500,0.305000,400,0.308000,1100,4.340000,0.012800
1478546983890,0.307500,0.305000,400,0.308000,1100,4.340000,0.012800
1478546985891,0.307500,0.305000,400,0.308000,1100,4.340000,0.012800
1478546987894,0.307500,0.305000,400,0.308000,1100,4.340000,0.012800
1478546989933,0.307500,0.305000,400,0.308000,1100,4.340000,0.012800
1478546991902,0.307500,0.305000,400,0.308000,1100,4.340000,0.012800
1478546993887,0.307500,0.305000,400,0.308000,1100,4.340000,0.012800
1478546995898,0.307500,0.305000,400,0.308000,1100,4.340000,0.012800
1478546997896,0.307500,0.305000,400,0.308000,1100,4.340000,0.012800
1478546999891,0.307500,0.305000,400,0.308000,1100,4.340000,0.012800
1478547002395,0.307500,0.305000,400,0.308000,1100,4.340000,0.012800
1478547003920,0.307500,0.305000,400,0.308000,1100,4.340000,0.012800
1478547006399,0.307500,0.305000,400,0.308000,1100,4.340000,0.012800
1478547008425,0.307500,0.305000,400,0.308000,1100,4.340000,0.012800
1478547010396,0.307500,0.305000,400,0.308000,1100,4.340000,0.012800
1478547012404,0.307500,0.305000,400,0.308000,1100,4.340000,0.012800
1478547013896,0.307500,0.305000,400,0.308000,1100,4.340000,0.012800
1478547013896,0.307500,0.305000,400,0.308000,1100,4.340000,0.012800
1478547018406,0.307500,0.305000,400,0.308000,1100,4.340000,0.012800
1478547019907,0.307500,0.305000,400,0.308000,1100,4.340000,0.012800
1478547022399,0.307500,0.305000,400,0.308000,1100,4.340000,0.012800
1478547024919,0.307500,0.305000,400,0.308000,1100,4.340000,0.012800
1478547026903,0.307500,0.305000,400,0.308000,1100,4.340000,0.012800
1478547028906,0.307500,0.305000,400,0.308000,1100,4.340000,0.012800
1478547030902,0.307500,0.305000,400,0.308000,1100,4.340000,0.012800
1478547032910,0.307500,0.305000,400,0.308000,1100,4.340000,0.012800
1478547034915,0.307500,0.305000,400,0.308000,1100,4.340000,0.012800
1478547036912,0.307500,0.305000,400,0.308000,1100,4.340000,0.012800
1478547038908,0.307500,0.305000,400,0.308000,1100,4.340000,0.012800
1478547041413,0.307500,0.305000,400,0.308000,1100,4.340000,0.012800
1478547043406,0.307500,0.305000,400,0.308000,1100,4.340000,0.012800
1478547045406,0.307500,0.305000,400,0.308000,1100,4.340000,0.012800
1478547047412,0.307500,0.305000,400,0.308000,1100,4.340000,0.012800
1478547048956,0.307500,0.305000,400,0.308000,1100,4.340000,0.012800
1478547050924,0.307500,0.305000,400,0.308000,1100,4.340000,0.012800
1478547053420,0.307500,0.305000,400,0.308000,1100,4.340000,0.012800
1478547055413,0.307500,0.305000,400,0.308000,1100,4.340000,0.012800
1478547057410,0.307500,0.305000,400,0.308000,1100,4.340000,0.012800
1478547059423,0.307500,0.305000,400,0.308000,1100,4.340000,0.012800
1478547059927,0.307500,0.305000,400,0.308000,1100,4.340000,0.012800
1478547063906,0.307500,0.305000,400,0.308000,1100,4.340000,0.012800
1478547065959,0.307500,0.305000,400,0.308000,1100,4.340000,0.012800
1478547066947,0.307500,0.305000,400,0.308000,1100,4.340000,0.012800
1478547069927,0.307500,0.305000,400,0.308000,1100,4.340000,0.012800
1478547071926,0.307500,0.305000,400,0.308000,1100,4.340000,0.012800
1478547073927,0.307500,0.305000,400,0.308000,1100,4.340000,0.012800
1478547075918,0.307500,0.305000,400,0.308000,1100,4.340000,0.012800
1478547077923,0.307500,0.305000,400,0.308000,1100,4.340000,0.012800
1478547079418,0.307500,0.305000,400,0.308000,1100,4.340000,0.012800
1478547080942,0.307500,0.305000,400,0.308000,1100,4.340000,0.012800
1478547084423,0.307500,0.305000,400,0.308000,1100,4.340000,0.012800
1478547086413,0.307500,0.305000,400,0.308000,1100,4.340000,0.012800
1478547088427,0.307500,0.305000,400,0.308000,1100,4.340000,0.012800
1478547090417,0.307500,0.305000,400,0.308000,1100,4.340000,0.012800
1478547092433,0.307500,0.305000,400,0.308000,1100,4.340000,0.012800
1478547094486,0.307500,0.305000,400,0.308000,1100,4.340000,0.012800
1478547096440,0.307500,0.305000,400,0.308000,1100,4.340000,0.012800
1478547098437,0.307500,0.305000,400,0.308000,1100,4.340000,0.012800
1478547100435,0.307500,0.305000,400,0.308000,1100,4.340000,0.012800
1478547101940,0.307500,0.305000,400,0.308000,1100,4.340000,0.012800
1478547104931,0.307500,0.305000,400,0.308000,1100,4.340000,0.012800
1478547106440,0.307500,0.305000,400,0.308000,1100,4.340000,0.012800
1478547108934,0.307500,0.305000,400,0.308000,1100,4.340000,0.012800
1478547110946,0.307500,0.305000,400,0.308000,1100,4.340000,0.012800
1478547112936,0.307500,0.305000,400,0.308000,1100,4.340000,0.012800
1478547114938,0.307500,0.305000,400,0.308000,1100,4.340000,0.012800
1478547116934,0.307500,0.305000,400,0.308000,1100,4.340000,0.012800
1478547118940,0.307500,0.305000,400,0.308000,1100,4.340000,0.012800
1478547120943,0.307500,0.305000,400,0.308000,1100,4.340000,0.012800
1478547122950,0.307500,0.305000,400,0.308000,1100,4.340000,0.012800
1478547124969,0.307500,0.305000,400,0.308000,1100,4.340000,0.012800
1478547126467,0.307500,0.305000,400,0.308000,1100,4.340000,0.012800
1478547128950,0.307500,0.305000,400,0.308000,1100,4.340000,0.012800
1478547131443,0.307500,0.305000,400,0.308000,1100,4.340000,0.012800
1478547131938,0.307500,0.305000,400,0.308000,1100,4.340000,0.012800
1478547135440,0.307500,0.305000,400,0.308000,1100,4.340000,0.012800
1478547136934,0.307500,0.305000,400,0.308000,1100,4.340000,0.012800
1478547139450,0.307500,0.305000,400,0.308000,1100,4.340000,0.012800
1478547141464,0.307500,0.305000,400,0.308000,1100,4.340000,0.012800
1478547143438,0.307500,0.305000,400,0.308000,1100,4.340000,0.012800
1478547145434,0.307500,0.305000,400,0.308000,1100,4.340000,0.012800
1478547147447,0.307500,0.305000,400,0.308000,1100,4.340000,0.012800
1478547149455,0.307500,0.305000,400,0.308000,1100,4.340000,0.012800
1478547151854,0.305000,0.305000,400,0.308000,1100,3.500000,0.010300
1478547153369,0.305000,0.305000,400,0.308000,1100,3.500000,0.010300
1478547155854,0.305000,0.305000,400,0.307900,400,3.500000,0.010300
1478547157851,0.307500,0.305000,400,0.307800,1300,4.340000,0.012800
1478547160358,0.307500,0.305000,400,0.307800,1300,4.340000,0.012800
1478547162354,0.307500,0.305000,400,0.307800,1300,4.340000,0.012800
1478547163856,0.307500,0.305000,400,0.307800,1300,4.340000,0.012800
1478547166356,0.307500,0.305000,400,0.307800,1300,4.340000,0.012800
1478547168363,0.307500,0.305000,400,0.307800,1300,4.340000,0.012800
1478547170355,0.307500,0.305000,400,0.307800,1300,4.340000,0.012800
1478547172358,0.307500,0.305000,400,0.307800,1300,4.340000,0.012800
1478547173858,0.307500,0.305000,400,0.307800,1300,4.340000,0.012800
1478547176366,0.307500,0.305000,400,0.307800,1300,4.340000,0.012800
1478547178359,0.307500,0.305000,400,0.307800,1300,4.340000,0.012800
1478547180362,0.307500,0.305000,400,0.307800,1300,4.340000,0.012800
1478547182906,0.307500,0.305000,400,0.307800,1300,4.340000,0.012800
1478547184910,0.307500,0.305000,400,0.307800,1300,4.340000,0.012800
1478547186863,0.307500,0.305000,400,0.307800,1300,4.340000,0.012800
1478547188861,0.307500,0.305000,400,0.307800,1300,4.340000,0.012800
1478547190866,0.307500,0.305000,400,0.307800,1300,4.340000,0.012800
1478547192925,0.307500,0.305000,400,0.307800,1300,4.340000,0.012800
1478547194365,0.307500,0.305000,400,0.307800,1300,4.340000,0.012800
1478547196889,0.307500,0.305000,400,0.307800,1300,4.340000,0.012800
1478547198865,0.307500,0.305000,400,0.307800,1300,4.340000,0.012800
1478547200876,0.307500,0.305000,400,0.307800,1300,4.340000,0.012800
1478547203372,0.307500,0.305000,400,0.307800,1300,4.340000,0.012800
1478547205369,0.307500,0.305000,400,0.307800,1300,4.340000,0.012800
1478547206874,0.307500,0.305000,400,0.307800,1300,4.340000,0.012800
1478547209370,0.307500,0.305000,400,0.307800,1300,4.340000,0.012800
1478547211373,0.307500,0.305000,400,0.307800,1300,4.340000,0.012800
1478547213406,0.307500,0.305000,400,0.307800,1300,4.340000,0.012800
1478547215370,0.307500,0.305000,400,0.307800,1300,4.340000,0.012800
1478547217371,0.307500,0.305000,400,0.307800,1300,4.340000,0.012800
1478547219869,0.307500,0.305000,400,0.307800,1300,4.340000,0.012800
1478547221882,0.307500,0.305000,400,0.307800,1300,4.340000,0.012800
1478547223384,0.307500,0.305000,400,0.307800,1300,4.340000,0.012800
1478547225896,0.307500,0.305000,400,0.307800,1300,4.340000,0.012800
1478547227878,0.307500,0.305000,400,0.307800,1300,4.340000,0.012800
1478547229882,0.307500,0.305000,400,0.307800,1300,4.340000,0.012800
1478547231926,0.307500,0.305000,400,0.307800,1300,4.340000,0.012800
1478547233887,0.307500,0.305000,400,0.307800,1300,4.340000,0.012800
1478547235878,0.307500,0.305000,400,0.307800,1300,4.340000,0.012800
1478547237383,0.307500,0.305000,400,0.307800,1300,4.340000,0.012800
1478547239911,0.307500,0.305000,400,0.307800,1300,4.340000,0.012800
1478547242381,0.307500,0.305000,400,0.307800,1300,4.340000,0.012800
1478547243880,0.307500,0.305000,400,0.307800,1300,4.340000,0.012800
1478547245889,0.307500,0.305000,400,0.307800,1300,4.340000,0.012800
1478547248389,0.307500,0.305000,400,0.307800,1300,4.340000,0.012800
1478547250389,0.307500,0.305000,400,0.307800,1300,4.340000,0.012800
1478547252382,0.307500,0.305000,400,0.307800,1300,4.340000,0.012800
1478547254388,0.307500,0.305000,400,0.307800,1300,4.340000,0.012800
1478547256406,0.307500,0.305000,400,0.307800,1300,4.340000,0.012800
1478547258892,0.307500,0.305000,400,0.307800,1300,4.340000,0.012800
1478547260394,0.307500,0.305000,400,0.307800,1300,4.340000,0.012800
1478547262887,0.307500,0.305000,400,0.307800,1300,4.340000,0.012800
1478547264894,0.307500,0.305000,400,0.307800,1300,4.340000,0.012800
1478547266894,0.307500,0.305000,400,0.307800,1300,4.340000,0.012800
1478547268393,0.307500,0.305000,400,0.307800,1300,4.340000,0.012800
1478547270912,0.307500,0.305000,400,0.307800,1300,4.340000,0.012800
1478547272895,0.307500,0.305000,400,0.307800,1300,4.340000,0.012800
1478547274933,0.307500,0.305000,400,0.307800,1300,4.340000,0.012800
1478547276902,0.307500,0.305000,400,0.307800,1300,4.340000,0.012800
1478547279391,0.307500,0.305000,400,0.307800,1300,4.340000,0.012800
1478547280899,0.307500,0.305000,400,0.307800,1300,4.340000,0.012800
1478547282914,0.307500,0.305000,400,0.307800,1300,4.340000,0.012800
1478547285393,0.307500,0.305000,400,0.307800,1300,4.340000,0.012800
1478547287397,0.307500,0.305000,400,0.307800,1300,4.340000,0.012800
1478547289398,0.307500,0.305000,400,0.307800,1300,4.340000,0.012800
1478547291393,0.307500,0.305000,400,0.307800,1300,4.340000,0.012800
1478547293401,0.307500,0.305000,400,0.307800,1300,4.340000,0.012800
1478547294899,0.307500,0.305000,400,0.307800,1300,4.340000,0.012800
1478547297402,0.307500,0.305000,400,0.307800,1300,4.340000,0.012800
1478547299410,0.307500,0.305000,400,0.307800,1300,4.340000,0.012800
1478547301911,0.307500,0.305000,400,0.307800,1300,4.340000,0.012800
1478547303897,0.307500,0.305000,400,0.307800,1300,4.340000,0.012800
1478547305407,0.307500,0.305000,400,0.307800,1300,4.340000,0.012800
1478547307905,0.307500,0.305000,400,0.307800,1300,4.340000,0.012800
1478547309893,0.307500,0.305000,400,0.307800,1300,4.340000,0.012800
1478547311952,0.307500,0.305000,400,0.307800,1300,4.340000,0.012800
1478547313985,0.307500,0.305000,400,0.307800,1300,4.340000,0.012800
1478547315906,0.307500,0.305000,400,0.307800,1300,4.340000,0.012800
1478547317905,0.307500,0.305000,400,0.307800,1300,4.340000,0.012800
1478547319411,0.307500,0.305000,400,0.307800,1300,4.340000,0.012800
1478547322405,0.307500,0.305000,400,0.307800,1300,4.340000,0.012800
1478547324406,0.307500,0.305000,400,0.307800,1300,4.340000,0.012800
1478547325916,0.307500,0.305000,400,0.307800,1300,4.340000,0.012800
1478547327408,0.307500,0.305000,400,0.307800,1300,4.340000,0.012800
1478547330406,0.307500,0.305000,400,0.307800,1300,4.340000,0.012800
1478547332424,0.307500,0.305000,400,0.307800,1300,4.340000,0.012800
1478547334423,0.307500,0.305000,400,0.307800,1300,4.340000,0.012800
1478547335914,0.307500,0.305000,400,0.307800,1300,4.340000,0.012800
1478547338406,0.307500,0.305000,400,0.307800,1300,4.340000,0.012800
1478547340417,0.307500,0.305000,400,0.307800,1100,4.340000,0.012800
1478547342409,0.307500,0.305000,400,0.307800,1100,4.340000,0.012800
1478547344918,0.307500,0.305000,400,0.307800,1100,4.340000,0.012800
1478547346919,0.307500,0.305000,400,0.307800,1100,4.340000,0.012800
1478547348409,0.307500,0.305000,400,0.307800,1100,4.340000,0.012800
1478547350928,0.307500,0.305000,400,0.307800,1100,4.340000,0.012800
1478547352930,0.307800,0.305000,400,0.307800,1100,4.450000,0.013100
1478547354424,0.307800,0.305000,400,0.307800,1100,4.450000,0.013100
1478547356922,0.307800,0.305000,400,0.307800,1100,4.450000,0.013100
1478547358926,0.307800,0.305000,400,0.307800,1100,4.450000,0.013100
1478547360424,0.307800,0.305000,400,0.307800,1100,4.450000,0.013100
1478547362925,0.307800,0.305000,400,0.307800,1100,4.450000,0.013100
1478547364924,0.307800,0.305000,400,0.307800,1100,4.450000,0.013100
1478547366919,0.307800,0.305000,400,0.307800,1100,4.450000,0.013100
1478547369424,0.307800,0.305000,400,0.307800,1100,4.450000,0.013100
1478547371441,0.307800,0.305000,400,0.307800,1100,4.450000,0.013100
1478547372918,0.307800,0.305000,400,0.307800,1100,4.450000,0.013100
1478547375420,0.307800,0.305000,400,0.307800,1100,4.450000,0.013100
1478547377434,0.307800,0.305000,400,0.307800,1100,4.450000,0.013100
1478547379433,0.307800,0.305000,400,0.307800,1100,4.450000,0.013100
1478547381486,0.307800,0.305000,400,0.307800,1100,4.450000,0.013100
1478547383429,0.307800,0.305000,400,0.307800,1100,4.450000,0.013100
1478547385937,0.307800,0.305000,400,0.307800,1100,4.450000,0.013100
1478547387950,0.307800,0.305000,400,0.307800,1100,4.450000,0.013100
1478547389429,0.307800,0.305000,400,0.307800,1100,4.450000,0.013100
1478547391921,0.307800,0.305000,400,0.307800,1100,4.450000,0.013100
1478547393429,0.307800,0.305000,400,0.307800,1100,4.450000,0.013100
1478547395919,0.307800,0.305000,400,0.307800,1100,4.450000,0.013100
1478547397931,0.307800,0.305000,400,0.307800,1100,4.450000,0.013100
1478547399943,0.307800,0.305000,400,0.307800,1100,4.450000,0.013100
1478547401458,0.307800,0.305000,400,0.307800,1100,4.450000,0.013100
1478547403480,0.307800,0.305000,400,0.307800,1100,4.450000,0.013100
1478547405933,0.307800,0.305000,400,0.307800,1100,4.450000,0.013100
1478547408441,0.307800,0.305000,400,0.307800,1100,4.450000,0.013100
1478547410455,0.307800,0.305000,400,0.307800,1100,4.450000,0.013100
1478547412454,0.307800,0.305000,400,0.307800,1100,4.450000,0.013100
1478547413947,0.307800,0.305000,400,0.307800,1100,4.450000,0.013100
1478547415967,0.305000,0.305000,400,0.307800,1100,3.500000,0.010300
1478547417990,0.305000,0.305000,400,0.307800,1100,3.500000,0.010300
1478547420450,0.305000,0.305000,400,0.307800,1100,3.500000,0.010300
1478547422352,0.305000,0.305000,400,0.307800,1100,3.500000,0.010300
1478547424868,0.305000,0.305000,400,0.307800,1100,3.500000,0.010300
1478547426853,0.305000,0.305000,400,0.307800,1100,3.500000,0.010300
1478547428853,0.305000,0.305000,400,0.307800,1100,3.500000,0.010300
1478547430852,0.305000,0.305000,400,0.307800,1100,3.500000,0.010300
1478547432853,0.305000,0.305000,400,0.307800,1100,3.500000,0.010300
1478547434856,0.305000,0.305000,400,0.307800,1100,3.500000,0.010300
1478547436366,0.305000,0.305000,400,0.307800,1100,3.500000,0.010300
1478547439358,0.305000,0.305000,400,0.307800,1100,3.500000,0.010300
1478547441359,0.305000,0.305000,400,0.307800,1100,3.500000,0.010300
1478547443356,0.305000,0.305000,400,0.307800,1100,3.500000,0.010300
1478547445362,0.305000,0.305000,400,0.307800,1100,3.500000,0.010300
1478547446867,0.305000,0.305000,400,0.307800,1100,3.500000,0.010300
1478547448887,0.305000,0.305000,400,0.307800,1100,3.500000,0.010300
1478547451864,0.305000,0.305000,400,0.307800,1100,3.500000,0.010300
1478547453865,0.305000,0.305000,400,0.307800,1100,3.500000,0.010300
1478547455864,0.305000,0.305000,400,0.307800,1100,3.500000,0.010300
1478547457860,0.305000,0.305000,400,0.307800,1100,3.500000,0.010300
1478547459878,0.305000,0.305000,400,0.307800,1100,3.500000,0.010300
1478547461897,0.305000,0.305000,400,0.307800,1100,3.500000,0.010300
1478547463863,0.305000,0.305000,400,0.307800,1100,3.500000,0.010300
1478547464364,0.305000,0.305000,400,0.307800,1100,3.500000,0.010300
1478547467364,0.305000,0.305000,400,0.307800,1100,3.500000,0.010300
1478547469870,0.305000,0.305000,400,0.307800,1100,3.500000,0.010300
1478547471866,0.305000,0.305000,400,0.307800,1100,3.500000,0.010300
1478547474374,0.305000,0.305000,400,0.307800,1100,3.500000,0.010300
1478547476392,0.305000,0.305000,400,0.307800,1100,3.500000,0.010300
1478547478371,0.305000,0.305000,400,0.307800,1100,3.500000,0.010300
1478547479866,0.305000,0.305000,400,0.307800,1100,3.500000,0.010300
1478547481368,0.305000,0.305000,400,0.307800,1100,3.500000,0.010300
1478547483874,0.305000,0.305000,400,0.307800,1100,3.500000,0.010300
1478547485872,0.305000,0.305000,400,0.307800,1100,3.500000,0.010300
1478547488386,0.305000,0.305000,400,0.307800,1100,3.500000,0.010300
1478547490381,0.305000,0.305000,400,0.307800,1100,3.500000,0.010300
1478547491890,0.305000,0.305000,400,0.307800,1100,3.500000,0.010300
1478547494874,0.305000,0.305000,400,0.307800,1100,3.500000,0.010300
1478547496877,0.305000,0.305000,400,0.307800,1100,3.500000,0.010300
1478547498875,0.305000,0.305000,400,0.307800,1100,3.500000,0.010300
1478547500882,0.305000,0.305000,400,0.307800,1100,3.500000,0.010300
1478547502875,0.305000,0.305000,400,0.307800,1100,3.500000,0.010300
1478547504878,0.305000,0.305000,400,0.307800,1100,3.500000,0.010300
1478547506892,0.305000,0.305000,400,0.307800,1100,3.500000,0.010300
1478547508890,0.305000,0.305000,400,0.307800,1100,3.500000,0.010300
1478547510887,0.305000,0.305000,400,0.307800,1100,3.500000,0.010300
1478547512876,0.305000,0.305000,400,0.307800,1100,3.500000,0.010300
1478547514882,0.305000,0.305000,400,0.307800,1100,3.500000,0.010300
1478547517377,0.305000,0.305000,400,0.307800,1100,3.500000,0.010300
1478547519396,0.305000,0.305000,400,0.307800,1100,3.500000,0.010300
1478547521388,0.305000,0.305000,400,0.307800,1100,3.500000,0.010300
1478547523435,0.305000,0.305000,400,0.307800,1100,3.500000,0.010300
1478547525390,0.305000,0.305000,400,0.307800,1100,3.500000,0.010300
1478547527386,0.305000,0.305000,400,0.307800,1100,3.500000,0.010300
1478547529392,0.305000,0.305000,400,0.307800,1100,3.500000,0.010300
1478547531396,0.305000,0.305000,400,0.307800,1100,3.500000,0.010300
1478547533407,0.305000,0.305000,400,0.307800,1100,3.500000,0.010300
1478547535404,0.305000,0.305000,400,0.307800,1100,3.500000,0.010300
1478547537897,0.305000,0.305000,400,0.307800,1100,3.500000,0.010300
1478547539885,0.305000,0.305000,400,0.307800,1100,3.500000,0.010300
1478547541396,0.305000,0.305000,400,0.307800,1100,3.500000,0.010300
1478547543398,0.305000,0.305000,400,0.307800,1100,3.500000,0.010300
1478547545396,0.305000,0.305000,400,0.307800,1100,3.500000,0.010300
1478547547908,0.305000,0.305000,400,0.307800,1100,3.500000,0.010300
1478547549402,0.305000,0.305000,400,0.307800,1100,3.500000,0.010300
1478547551990,0.305000,0.305000,400,0.307800,1100,3.500000,0.010300
1478547553893,0.305000,0.305000,400,0.307800,1100,3.500000,0.010300
1478547556402,0.305000,0.305000,400,0.307800,1100,3.500000,0.010300
1478547558399,0.305000,0.305000,400,0.307800,1100,3.500000,0.010300
1478547560395,0.305000,0.305000,400,0.307800,1100,3.500000,0.010300
1478547561907,0.305000,0.305000,400,0.307800,1100,3.500000,0.010300
1478547563905,0.305000,0.305000,400,0.307800,1100,3.500000,0.010300
1478547566394,0.305000,0.305000,400,0.307800,1100,3.500000,0.010300
1478547568397,0.305000,0.305000,400,0.307800,1100,3.500000,0.010300
1478547570407,0.305000,0.305000,400,0.307800,1100,3.500000,0.010300
1478547571915,0.305000,0.305000,400,0.307800,1100,3.500000,0.010300
1478547574400,0.305000,0.305000,400,0.307800,1100,3.500000,0.010300
1478547576418,0.305000,0.305000,400,0.307800,1100,3.500000,0.010300
1478547578914,0.305000,0.305000,400,0.307800,1100,3.500000,0.010300
1478547580904,0.305000,0.305000,400,0.307800,1100,3.500000,0.010300
1478547582910,0.305000,0.305000,400,0.307800,1100,3.500000,0.010300
1478547584903,0.305000,0.305000,400,0.307800,1100,3.500000,0.010300
1478547585915,0.305000,0.305000,400,0.307800,1100,3.500000,0.010300
1478547588905,0.305000,0.305000,400,0.307800,1100,3.500000,0.010300
1478547590922,0.305000,0.305000,400,0.307800,1100,3.500000,0.010300
1478547592911,0.307400,0.305000,400,0.307800,1100,4.310000,0.012700
1478547594927,0.307400,0.305000,400,0.307800,1100,4.310000,0.012700
1478547597420,0.307400,0.305000,400,0.307800,1100,4.310000,0.012700
1478547599419,0.307400,0.305000,400,0.307800,1100,4.310000,0.012700
1478547601416,0.307400,0.305000,400,0.307800,1100,4.310000,0.012700
1478547603415,0.307400,0.305000,400,0.307800,1100,4.310000,0.012700
1478547605424,0.307400,0.305000,400,0.307800,1100,4.310000,0.012700
1478547606922,0.307400,0.305000,400,0.307800,1100,4.310000,0.012700
1478547609423,0.307400,0.305000,400,0.307800,1100,4.310000,0.012700
1478547610476,0.307400,0.305000,400,0.307800,1100,4.310000,0.012700
1478547613412,0.307400,0.305000,400,0.307800,1100,4.310000,0.012700
1478547615420,0.307400,0.305000,400,0.307800,1100,4.310000,0.012700
1478547617426,0.307400,0.305000,400,0.307800,1100,4.310000,0.012700
1478547619932,0.307400,0.305000,400,0.307800,1100,4.310000,0.012700
1478547621940,0.307400,0.305000,400,0.307800,1100,4.310000,0.012700
1478547623978,0.307400,0.305000,400,0.307800,1100,4.310000,0.012700
1478547625918,0.307400,0.305000,400,0.307800,1100,4.310000,0.012700
1478547627937,0.307400,0.305000,400,0.307800,1100,4.310000,0.012700
1478547629931,0.307400,0.305000,400,0.307800,1100,4.310000,0.012700
1478547632430,0.307400,0.305000,400,0.307800,1100,4.310000,0.012700
1478547634427,0.307400,0.305000,400,0.307800,1100,4.310000,0.012700
1478547635937,0.307400,0.305000,400,0.307800,1100,4.310000,0.012700
1478547637970,0.307400,0.305000,400,0.307800,1100,4.310000,0.012700
1478547640437,0.307400,0.305000,400,0.307800,1100,4.310000,0.012700
1478547642436,0.307400,0.305000,400,0.307800,1100,4.310000,0.012700
1478547644425,0.307400,0.305000,400,0.307800,1100,4.310000,0.012700
1478547646916,0.307400,0.305000,400,0.307800,1100,4.310000,0.012700
1478547648480,0.307400,0.305000,400,0.307800,1100,4.310000,0.012700
1478547650479,0.307400,0.305000,400,0.307800,1100,4.310000,0.012700
1478547652947,0.307400,0.305000,400,0.307800,1100,4.310000,0.012700
1478547654937,0.307400,0.305000,400,0.307800,1100,4.310000,0.012700
1478547656942,0.307400,0.305000,400,0.307800,1100,4.310000,0.012700
1478547658941,0.307400,0.305000,400,0.307800,1100,4.310000,0.012700
1478547660979,0.307400,0.305000,400,0.307800,1100,4.310000,0.012700
1478547663441,0.307400,0.305000,400,0.307800,1100,4.310000,0.012700
1478547665444,0.307400,0.305000,400,0.307800,1100,4.310000,0.012700
1478547667485,0.307400,0.305000,400,0.307800,1100,4.310000,0.012700
1478547669502,0.307400,0.305000,400,0.307800,1100,4.310000,0.012700
1478547670943,0.307400,0.305000,400,0.307800,1100,4.310000,0.012700
1478547673436,0.307400,0.305000,400,0.307800,1100,4.310000,0.012700
1478547675444,0.307400,0.305000,400,0.307800,1100,4.310000,0.012700
1478547676448,0.307400,0.305000,400,0.307800,1100,4.310000,0.012700
1478547679466,0.307400,0.305000,400,0.307800,1100,4.310000,0.012700
1478547680957,0.307400,0.305000,400,0.307800,1100,4.310000,0.012700
1478547682965,0.307400,0.305000,400,0.307800,1100,4.310000,0.012700
1478547685852,0.307400,0.305000,400,0.307800,1100,4.310000,0.012700
1478547687851,0.307400,0.305000,400,0.307800,1100,4.310000,0.012700
1478547689858,0.307400,0.305000,400,0.307800,1100,4.310000,0.012700
1478547691850,0.307400,0.305000,400,0.307800,1100,4.310000,0.012700
1478547693441,0.307400,0.305000,400,0.307800,1100,4.310000,0.012700
1478547695852,0.307400,0.305000,400,0.307800,1100,4.310000,0.012700
1478547698355,0.307400,0.305000,400,0.307800,1100,4.310000,0.012700
1478547700356,0.307400,0.305000,400,0.307800,1100,4.310000,0.012700
1478547702356,0.307400,0.305000,400,0.307800,1100,4.310000,0.012700
1478547704358,0.307400,0.305000,400,0.307800,1100,4.310000,0.012700
1478547706359,0.307400,0.305000,400,0.307800,1100,4.310000,0.012700
1478547708365,0.307400,0.305000,400,0.307800,1100,4.310000,0.012700
1478547710367,0.307400,0.305000,400,0.307800,1100,4.310000,0.012700
1478547712352,0.307400,0.305000,400,0.307800,1100,4.310000,0.012700
1478547714367,0.307400,0.305000,400,0.307800,1100,4.310000,0.012700
1478547716358,0.307400,0.305000,400,0.307800,1100,4.310000,0.012700
1478547718863,0.307400,0.305000,400,0.307800,1100,4.310000,0.012700
1478547720868,0.307400,0.305000,400,0.307800,1100,4.310000,0.012700
1478547722895,0.307400,0.305000,400,0.307800,1100,4.310000,0.012700
1478547724371,0.307400,0.305000,400,0.307800,1100,4.310000,0.012700
1478547726866,0.307400,0.305000,400,0.307800,1100,4.310000,0.012700
1478547728872,0.307400,0.305000,400,0.307800,1100,4.310000,0.012700
1478547729869,0.307400,0.305000,400,0.307800,1100,4.310000,0.012700
1478547732363,0.307400,0.305000,400,0.307800,1100,4.310000,0.012700
1478547734872,0.307400,0.305000,400,0.307800,1100,4.310000,0.012700
1478547736913,0.307400,0.305000,400,0.307800,1100,4.310000,0.012700
1478547739377,0.307400,0.305000,400,0.307800,1100,4.310000,0.012700
1478547740875,0.307400,0.305000,400,0.307800,1100,4.310000,0.012700
1478547742882,0.307400,0.305000,400,0.307800,1100,4.310000,0.012700
1478547745371,0.307400,0.305000,400,0.307800,1100,4.310000,0.012700
1478547747374,0.307400,0.305000,400,0.307800,1100,4.310000,0.012700
1478547749384,0.307400,0.305000,400,0.307800,1100,4.310000,0.012700
1478547751389,0.307400,0.305000,400,0.307800,1100,4.310000,0.012700
1478547753385,0.307400,0.305000,400,0.307800,1100,4.310000,0.012700
1478547755378,0.307400,0.305000,400,0.307800,1100,4.310000,0.012700
1478547756880,0.307400,0.305000,400,0.307800,1100,4.310000,0.012700
1478547759379,0.307400,0.305000,400,0.307800,1100,4.310000,0.012700
1478547761886,0.307400,0.305000,400,0.307800,1100,4.310000,0.012700
1478547763871,0.307400,0.305000,400,0.307800,1100,4.310000,0.012700
1478547765390,0.307400,0.305000,400,0.307800,1100,4.310000,0.012700
1478547767950,0.307400,0.305000,400,0.307800,1100,4.310000,0.012700
1478547769895,0.307400,0.305000,400,0.307800,1100,4.310000,0.012700
1478547771887,0.307400,0.305000,400,0.307800,1100,4.310000,0.012700
1478547773876,0.307400,0.305000,400,0.307800,1100,4.310000,0.012700
1478547775894,0.307400,0.305000,400,0.307800,1100,4.310000,0.012700
1478547777888,0.307400,0.305000,400,0.307800,1100,4.310000,0.012700
1478547780392,0.307400,0.305000,400,0.307800,1100,4.310000,0.012700
1478547781905,0.307400,0.305000,400,0.307800,1100,4.310000,0.012700
1478547784389,0.307400,0.305000,400,0.307800,1100,4.310000,0.012700
1478547786396,0.307400,0.305000,400,0.307800,1100,4.310000,0.012700
1478547788381,0.307400,0.305000,400,0.307800,1100,4.310000,0.012700
1478547790386,0.307400,0.305000,400,0.307800,1100,4.310000,0.012700
1478547792398,0.307400,0.305000,400,0.307800,1100,4.310000,0.012700
1478547794426,0.307400,0.305000,400,0.307800,1100,4.310000,0.012700
1478547796405,0.307400,0.305000,400,0.307800,1100,4.310000,0.012700
1478547798902,0.307400,0.305000,400,0.307800,1100,4.310000,0.012700
1478547800890,0.307400,0.305000,400,0.307800,1100,4.310000,0.012700
1478547802905,0.307400,0.305000,400,0.307800,1100,4.310000,0.012700
1478547804895,0.307400,0.305000,400,0.307800,1100,4.310000,0.012700
1478547806882,0.307400,0.305000,400,0.307800,1100,4.310000,0.012700
1478547808893,0.307400,0.305000,400,0.307800,1100,4.310000,0.012700
1478547810910,0.307400,0.305000,400,0.307800,1100,4.310000,0.012700
1478547812892,0.307400,0.305000,400,0.307800,1100,4.310000,0.012700
1478547813901,0.307400,0.305000,400,0.307800,1100,4.310000,0.012700
1478547816898,0.307400,0.305000,400,0.307800,1100,4.310000,0.012700
1478547818901,0.307400,0.305000,400,0.307800,1100,4.310000,0.012700
1478547821397,0.307400,0.305000,400,0.307800,1100,4.310000,0.012700
1478547823445,0.307400,0.305000,400,0.307800,1100,4.310000,0.012700
1478547824418,0.307400,0.305000,400,0.307800,1100,4.310000,0.012700
1478547827397,0.307400,0.305000,400,0.307800,1100,4.310000,0.012700
1478547829406,0.307400,0.305000,400,0.307800,1100,4.310000,0.012700
1478547831406,0.307400,0.305000,400,0.307800,1100,4.310000,0.012700
1478547833409,0.307400,0.305000,400,0.307800,1100,4.310000,0.012700
1478547834894,0.307400,0.305000,400,0.307800,1100,4.310000,0.012700
1478547837395,0.307400,0.305000,400,0.307800,1100,4.310000,0.012700
1478547838424,0.307400,0.305000,400,0.307800,1100,4.310000,0.012700
1478547841907,0.307400,0.305000,400,0.307800,1100,4.310000,0.012700
1478547843920,0.307400,0.305000,400,0.307800,1100,4.310000,0.012700
1478547845958,0.307400,0.305000,400,0.307800,1100,4.310000,0.012700
1478547847910,0.307400,0.305000,400,0.307800,1100,4.310000,0.012700
1478547849910,0.307400,0.305000,400,0.307800,1100,4.310000,0.012700
1478547851923,0.307400,0.305000,400,0.307800,1100,4.310000,0.012700
1478547853909,0.307400,0.305000,400,0.307800,1100,4.310000,0.012700
1478547855923,0.307400,0.305000,400,0.307800,1100,4.310000,0.012700
1478547857409,0.307400,0.305000,400,0.307800,1100,4.310000,0.012700
1478547859407,0.307400,0.305000,400,0.307800,1100,4.310000,0.012700
1478547862420,0.307400,0.305000,400,0.307800,1100,4.310000,0.012700
1478547864411,0.307400,0.305000,400,0.307800,1100,4.310000,0.012700
1478547866433,0.307400,0.305000,400,0.307800,1100,4.310000,0.012700
1478547868416,0.307400,0.305000,400,0.307800,1100,4.310000,0.012700
1478547870432,0.307400,0.305000,400,0.307800,1100,4.310000,0.012700
1478547872416,0.307400,0.305000,400,0.307800,1100,4.310000,0.012700
1478547874424,0.307400,0.305000,400,0.307800,1100,4.310000,0.012700
1478547875918,0.307400,0.305000,400,0.307800,1100,4.310000,0.012700
1478547878427,0.307400,0.305000,400,0.307800,1100,4.310000,0.012700
1478547880917,0.307400,0.305000,400,0.307800,1100,4.310000,0.012700
1478547882925,0.307400,0.305000,400,0.307800,1100,4.310000,0.012700
1478547884941,0.307400,0.305000,400,0.307800,1100,4.310000,0.012700
1478547886925,0.307400,0.305000,400,0.307800,1100,4.310000,0.012700
1478547888962,0.307400,0.305000,400,0.307800,1100,4.310000,0.012700
1478547890918,0.307900,0.305000,400,0.308000,500,4.480000,0.013200
1478547892417,0.307900,0.305000,400,0.308000,500,4.480000,0.013200
1478547894926,0.307900,0.305000,400,0.308000,500,4.480000,0.013200
1478547896423,0.307900,0.305000,400,0.308000,500,4.480000,0.013200
1478547899429,0.307900,0.305000,400,0.308000,500,4.480000,0.013200
1478547901432,0.307900,0.305000,400,0.308000,500,4.480000,0.013200
1478547903428,0.307900,0.305000,400,0.308000,500,4.480000,0.013200
1478547905432,0.307900,0.305000,400,0.308000,500,4.480000,0.013200
1478547907438,0.307900,0.305000,400,0.308000,500,4.480000,0.013200
1478547909422,0.307900,0.305000,400,0.308000,500,4.480000,0.013200
1478547911425,0.307900,0.305000,400,0.308000,500,4.480000,0.013200
1478547913440,0.307900,0.305000,400,0.308000,500,4.480000,0.013200
1478547915430,0.307900,0.305000,400,0.308000,500,4.480000,0.013200
1478547917439,0.307900,0.305000,400,0.308000,500,4.480000,0.013200
1478547919932,0.307900,0.305000,400,0.308000,500,4.480000,0.013200
1478547921435,0.307900,0.305000,400,0.308000,500,4.480000,0.013200
1478547923985,0.307900,0.305000,400,0.308000,500,4.480000,0.013200
1478547925955,0.307900,0.305000,400,0.308000,500,4.480000,0.013200
1478547927948,0.307900,0.305000,400,0.308000,500,4.480000,0.013200
1478547929946,0.307900,0.305000,400,0.308000,500,4.480000,0.013200
1478547931939,0.307900,0.305000,400,0.308000,500,4.480000,0.013200
1478547933441,0.307900,0.305000,400,0.308000,500,4.480000,0.013200
1478547935947,0.307900,0.305000,400,0.307900,1300,4.480000,0.013200
1478547937943,0.307900,0.305000,400,0.307900,1300,4.480000,0.013200
1478547939943,0.307900,0.305000,400,0.307900,1300,4.480000,0.013200
1478547941994,0.307900,0.305000,400,0.307900,1300,4.480000,0.013200
1478547943450,0.307900,0.305000,400,0.307900,1300,4.480000,0.013200
1478547945448,0.307900,0.305000,400,0.307900,1300,4.480000,0.013200
1478547948457,0.307900,0.305000,400,0.307900,1300,4.480000,0.013200
1478547950443,0.307900,0.305000,400,0.307900,1300,4.480000,0.013200
1478547952442,0.307900,0.305000,400,0.307900,1300,4.480000,0.013200
1478547953983,0.307900,0.305000,400,0.307900,1300,4.480000,0.013200
1478547956857,0.307900,0.305000,400,0.307900,1300,4.480000,0.013200
1478547958355,0.307900,0.305000,400,0.307900,1300,4.480000,0.013200
1478547960852,0.307900,0.305000,400,0.307900,1300,4.480000,0.013200
1478547962852,0.307900,0.305000,400,0.307900,1300,4.480000,0.013200
1478547964354,0.307900,0.305000,400,0.307900,1300,4.480000,0.013200
1478547966854,0.307900,0.305000,400,0.307900,1300,4.480000,0.013200
1478547968854,0.307900,0.305000,400,0.307900,1300,4.480000,0.013200
1478547970857,0.307900,0.305000,400,0.307900,1300,4.480000,0.013200
1478547973359,0.307900,0.305000,400,0.307900,1300,4.480000,0.013200
1478547974859,0.307900,0.305000,400,0.307900,1300,4.480000,0.013200
1478547977350,0.307900,0.305000,400,0.307900,1300,4.480000,0.013200
1478547979359,0.307900,0.305000,400,0.307900,1300,4.480000,0.013200
1478547981361,0.307900,0.305000,400,0.307900,1300,4.480000,0.013200
1478547982860,0.307900,0.305000,400,0.307900,1300,4.480000,0.013200
1478547984868,0.307900,0.305000,400,0.307900,1300,4.480000,0.013200
1478547987363,0.307900,0.305000,400,0.307900,1300,4.480000,0.013200
1478547989364,0.307900,0.305000,400,0.307900,1300,4.480000,0.013200
1478547991367,0.307900,0.305000,400,0.307900,1300,4.480000,0.013200
1478547993370,0.307900,0.305000,400,0.307900,1300,4.480000,0.013200
1478547995873,0.307900,0.305000,400,0.307900,1300,4.480000,0.013200
1478547997866,0.307900,0.305000,400,0.307900,1300,4.480000,0.013200
1478547999877,0.307900,0.305000,400,0.307900,1300,4.480000,0.013200
1478548001870,0.307900,0.305000,400,0.307900,1300,4.480000,0.013200
1478548003870,0.307900,0.305000,400,0.307900,1300,4.480000,0.013200
1478548005871,0.307900,0.305000,400,0.307900,1300,4.480000,0.013200
1478548007368,0.307900,0.305000,400,0.307900,1300,4.480000,0.013200
1478548008860,0.307900,0.305000,400,0.307900,1300,4.480000,0.013200
1478548011372,0.307900,0.305000,400,0.307900,1300,4.480000,0.013200
1478548014400,0.307500,0.305000,400,0.307900,1300,4.340000,0.012800
1478548016373,0.307500,0.305000,400,0.307900,1300,4.340000,0.012800
1478548018375,0.307500,0.305000,400,0.307900,1300,4.340000,0.012800
1478548020373,0.307500,0.305000,400,0.307900,1300,4.340000,0.012800
1478548022371,0.307500,0.305000,400,0.307900,1300,4.340000,0.012800
1478548024381,0.307500,0.305000,400,0.307900,1300,4.340000,0.012800
1478548026399,0.307500,0.305000,400,0.307900,1300,4.340000,0.012800
1478548028882,0.307500,0.305000,400,0.307900,1300,4.340000,0.012800
1478548030883,0.307500,0.305000,400,0.307900,1300,4.340000,0.012800
1478548032887,0.307500,0.305000,400,0.307900,1300,4.340000,0.012800
1478548034883,0.307500,0.305000,400,0.307900,1300,4.340000,0.012800
1478548036889,0.307500,0.305000,400,0.307900,1300,4.340000,0.012800
1478548038883,0.307500,0.305000,400,0.307900,1300,4.340000,0.012800
1478548040887,0.307500,0.305000,400,0.307900,1300,4.340000,0.012800
1478548042884,0.307500,0.305000,400,0.307900,1300,4.340000,0.012800
1478548044887,0.307500,0.305000,400,0.307900,1300,4.340000,0.012800
1478548047382,0.307500,0.305000,400,0.307900,1300,4.340000,0.012800
1478548049382,0.307500,0.305000,400,0.307900,1300,4.340000,0.012800
1478548051415,0.307500,0.305000,400,0.307900,1300,4.340000,0.012800
1478548053382,0.307500,0.305000,400,0.307900,1300,4.340000,0.012800
1478548055391,0.307500,0.305000,400,0.307900,1300,4.340000,0.012800
1478548057385,0.307500,0.305000,400,0.307900,1300,4.340000,0.012800
1478548059391,0.307500,0.305000,400,0.307900,1300,4.340000,0.012800
1478548061391,0.307500,0.305000,400,0.307900,1300,4.340000,0.012800
1478548063391,0.307500,0.305000,400,0.307900,1300,4.340000,0.012800
1478548065892,0.307500,0.305000,400,0.307900,1300,4.340000,0.012800
1478548067893,0.307500,0.305000,400,0.307900,1300,4.340000,0.012800
1478548069889,0.307500,0.305000,400,0.307900,1300,4.340000,0.012800
1478548071414,0.307500,0.305000,400,0.307900,1300,4.340000,0.012800
1478548073394,0.307500,0.305000,400,0.307900,1300,4.340000,0.012800
1478548075890,0.307500,0.305000,400,0.307900,1300,4.340000,0.012800
1478548077903,0.307500,0.305000,400,0.307900,1300,4.340000,0.012800
1478548078879,0.307500,0.305000,400,0.307900,1300,4.340000,0.012800
1478548081894,0.307500,0.305000,400,0.307900,1300,4.340000,0.012800
1478548084402,0.307500,0.305000,400,0.307900,1300,4.340000,0.012800
1478548086393,0.307500,0.305000,400,0.307900,1300,4.340000,0.012800
1478548088430,0.307500,0.305000,400,0.307900,1300,4.340000,0.012800
1478548090395,0.307500,0.305000,400,0.307900,1300,4.340000,0.012800
1478548092398,0.307500,0.305000,400,0.307900,1300,4.340000,0.012800
1478548094399,0.307500,0.305000,400,0.307900,1300,4.340000,0.012800
1478548096405,0.307500,0.305000,400,0.307900,1300,4.340000,0.012800
1478548098406,0.307500,0.305000,400,0.307900,1300,4.340000,0.012800
1478548100413,0.307500,0.305000,400,0.307900,1300,4.340000,0.012800
1478548102405,0.307500,0.305000,400,0.307900,1300,4.340000,0.012800
1478548104906,0.307500,0.305000,400,0.307900,1300,4.340000,0.012800
1478548106902,0.307500,0.305000,400,0.307900,1300,4.340000,0.012800
1478548108904,0.307500,0.305000,400,0.307900,1300,4.340000,0.012800
1478548110907,0.307500,0.305000,400,0.307900,1300,4.340000,0.012800
1478548112912,0.307500,0.305000,400,0.307900,1300,4.340000,0.012800
1478548114407,0.307500,0.305000,400,0.307900,1300,4.340000,0.012800
1478548116988,0.307500,0.305000,400,0.307900,1300,4.340000,0.012800
1478548118913,0.307500,0.305000,400,0.307900,1300,4.340000,0.012800
1478548120415,0.307500,0.305000,400,0.307900,1300,4.340000,0.012800
1478548122919,0.307500,0.305000,400,0.307900,1300,4.340000,0.012800
1478548124914,0.307500,0.305000,400,0.307900,1300,4.340000,0.012800
1478548126907,0.307500,0.305000,400,0.307900,1300,4.340000,0.012800
1478548128946,0.307500,0.305000,400,0.307900,1300,4.340000,0.012800
1478548131413,0.307500,0.305000,400,0.307900,1100,4.340000,0.012800
1478548133412,0.307500,0.305000,400,0.307900,1100,4.340000,0.012800
1478548135417,0.307500,0.305000,400,0.307900,1100,4.340000,0.012800
1478548137415,0.307500,0.305000,400,0.307900,1100,4.340000,0.012800
1478548139415,0.307500,0.305000,400,0.307900,1100,4.340000,0.012800
1478548141430,0.307500,0.305000,400,0.307900,1100,4.340000,0.012800
1478548143401,0.307500,0.305000,400,0.307900,1100,4.340000,0.012800
1478548144414,0.307500,0.305000,400,0.307900,1100,4.340000,0.012800
1478548147925,0.307500,0.305000,400,0.307900,1100,4.340000,0.012800
1478548149921,0.307500,0.305000,400,0.307900,1100,4.340000,0.012800
1478548151976,0.307500,0.305000,400,0.307900,1100,4.340000,0.012800
1478548153418,0.307500,0.305000,400,0.307900,1100,4.340000,0.012800
1478548155424,0.307500,0.305000,400,0.307900,1100,4.340000,0.012800
1478548157425,0.307500,0.305000,400,0.307900,1100,4.340000,0.012800
1478548159947,0.307500,0.305000,400,0.307900,1100,4.340000,0.012800
1478548161929,0.307500,0.305000,400,0.307900,1100,4.340000,0.012800
1478548163930,0.307500,0.305000,400,0.307900,1100,4.340000,0.012800
1478548165929,0.307500,0.305000,400,0.307900,1100,4.340000,0.012800
1478548167936,0.307500,0.305000,400,0.307900,1100,4.340000,0.012800
1478548170425,0.307500,0.305000,400,0.307900,1100,4.340000,0.012800
1478548172446,0.307500,0.305000,400,0.307900,1100,4.340000,0.012800
1478548174458,0.307500,0.305000,400,0.307900,1100,4.340000,0.012800
1478548176423,0.307500,0.305000,400,0.307900,1100,4.340000,0.012800
1478548178433,0.307500,0.305000,400,0.307900,1100,4.340000,0.012800
1478548180436,0.307500,0.305000,400,0.307900,1100,4.340000,0.012800
1478548182435,0.307500,0.305000,400,0.307900,1100,4.340000,0.012800
1478548184430,0.307500,0.305000,400,0.307900,1100,4.340000,0.012800
1478548186485,0.307500,0.305000,400,0.307900,1100,4.340000,0.012800
1478548187421,0.307500,0.305000,400,0.307900,1100,4.340000,0.012800
1478548190925,0.307500,0.305000,400,0.307900,1100,4.340000,0.012800
1478548192937,0.307500,0.305000,400,0.307900,1100,4.340000,0.012800
1478548194941,0.307500,0.305000,400,0.307900,1100,4.340000,0.012800
1478548196944,0.307500,0.305000,400,0.307900,1100,4.340000,0.012800
1478548198943,0.307500,0.305000,400,0.307900,1100,4.340000,0.012800
1478548200960,0.307500,0.305000,400,0.307900,1100,4.340000,0.012800
1478548202435,0.307500,0.305000,400,0.307900,1100,4.340000,0.012800
1478548204939,0.307500,0.305000,400,0.307900,1100,4.340000,0.012800
1478548206949,0.307500,0.305000,400,0.307900,1100,4.340000,0.012800
1478548209446,0.307500,0.305000,400,0.307900,1100,4.340000,0.012800
1478548210950,0.307500,0.305000,400,0.307900,1100,4.340000,0.012800
1478548213479,0.307500,0.305000,400,0.307900,1100,4.340000,0.012800
1478548214951,0.307500,0.305000,400,0.307900,1100,4.340000,0.012800
1478548217447,0.307500,0.305000,400,0.307900,1100,4.340000,0.012800
1478548219449,0.307500,0.305000,400,0.307900,1100,4.340000,0.012800
1478548221005,0.307500,0.305000,400,0.307900,1100,4.340000,0.012800
1478548222446,0.307500,0.305000,400,0.307900,1100,4.340000,0.012800
1478548225451,0.307500,0.305000,400,0.307900,1100,4.340000,0.012800
1478548226459,0.307500,0.305000,400,0.307900,1100,4.340000,0.012800
1478548229855,0.307500,0.305000,400,0.307900,1100,4.340000,0.012800
1478548231362,0.307500,0.305000,400,0.307900,1100,4.340000,0.012800
1478548233856,0.307500,0.305000,400,0.307900,1100,4.340000,0.012800
1478548235855,0.306500,0.305000,400,0.307700,1300,4.000000,0.011800
1478548235855,0.306500,0.305000,400,0.307700,1300,4.000000,0.011800
1478548240356,0.306500,0.305000,400,0.307700,1300,4.000000,0.011800
1478548242357,0.306500,0.305000,400,0.307700,1300,4.000000,0.011800
1478548244378,0.306500,0.305000,400,0.307700,1300,4.000000,0.011800
1478548245862,0.306500,0.305000,400,0.307700,1300,4.000000,0.011800
1478548248362,0.306500,0.305000,400,0.307700,1300,4.000000,0.011800
1478548250362,0.306500,0.305000,400,0.307700,1300,4.000000,0.011800
1478548252363,0.306500,0.305000,400,0.307700,1300,4.000000,0.011800
1478548254363,0.306500,0.305000,400,0.307700,1300,4.000000,0.011800
1478548256882,0.306500,0.305000,400,0.307700,1300,4.000000,0.011800
1478548258874,0.306500,0.305000,400,0.307700,1300,4.000000,0.011800
1478548260875,0.306500,0.305000,400,0.307700,1300,4.000000,0.011800
1478548262867,0.306500,0.305000,400,0.307700,1300,4.000000,0.011800
1478548264874,0.306500,0.305000,400,0.307700,1300,4.000000,0.011800
1478548266870,0.306500,0.305000,400,0.307700,1300,4.000000,0.011800
1478548268861,0.306500,0.305000,400,0.307700,1300,4.000000,0.011800
1478548269872,0.306500,0.305000,400,0.307700,1300,4.000000,0.011800
1478548274380,0.306500,0.305000,400,0.307700,1300,4.000000,0.011800
1478548276369,0.306500,0.305000,400,0.307700,1300,4.000000,0.011800
1478548278374,0.306500,0.305000,400,0.307700,1300,4.000000,0.011800
1478548280375,0.306500,0.305000,400,0.307700,1300,4.000000,0.011800
1478548282377,0.306500,0.305000,400,0.307700,1300,4.000000,0.011800
1478548283878,0.306500,0.305000,400,0.307700,1300,4.000000,0.011800
1478548286382,0.306500,0.305000,400,0.307700,1300,4.000000,0.011800
1478548287903,0.306500,0.305000,400,0.307700,1300,4.000000,0.011800
1478548290389,0.306500,0.305000,400,0.307700,1300,4.000000,0.011800
1478548292892,0.306500,0.305000,400,0.307700,1300,4.000000,0.011800
1478548294878,0.306500,0.305000,400,0.307700,1300,4.000000,0.011800
1478548296896,0.306500,0.305000,400,0.307700,1100,4.000000,0.011800
1478548298911,0.306500,0.305000,400,0.307700,1100,4.000000,0.011800
1478548300902,0.306500,0.305000,400,0.307700,1100,4.000000,0.011800
1478548302894,0.306500,0.305000,400,0.307700,1100,4.000000,0.011800
1478548304889,0.306500,0.305000,400,0.307700,1100,4.000000,0.011800
1478548306882,0.306500,0.305000,400,0.307700,1100,4.000000,0.011800
1478548308388,0.306500,0.305000,400,0.307700,1100,4.000000,0.011800
1478548310885,0.306500,0.305000,400,0.307700,1100,4.000000,0.011800
1478548312384,0.306500,0.305000,400,0.307700,1100,4.000000,0.011800
1478548315414,0.306500,0.305000,400,0.307700,1100,4.000000,0.011800
1478548317394,0.306500,0.305000,400,0.307700,1100,4.000000,0.011800
1478548319395,0.306500,0.305000,400,0.307700,1100,4.000000,0.011800
1478548321389,0.306500,0.305000,400,0.307700,1100,4.000000,0.011800
1478548323398,0.306500,0.305000,400,0.307700,1100,4.000000,0.011800
1478548325396,0.306500,0.305000,400,0.307700,1100,4.000000,0.011800
1478548326896,0.306500,0.305000,400,0.307700,1100,4.000000,0.011800
1478548329389,0.306500,0.305000,400,0.307700,1100,4.000000,0.011800
1478548331898,0.306500,0.305000,400,0.307700,1100,4.000000,0.011800
1478548333901,0.306500,0.305000,400,0.307700,1100,4.000000,0.011800
1478548335900,0.306500,0.305000,400,0.307700,1100,4.000000,0.011800
1478548337955,0.306500,0.305000,400,0.307700,1100,4.000000,0.011800
1478548339395,0.307350,0.307000,100,0.307700,1100,4.290000,0.012650
1478548341400,0.307350,0.307000,100,0.307700,1100,4.290000,0.012650
1478548343916,0.307350,0.307000,100,0.307700,1100,4.290000,0.012650
1478548345405,0.307350,0.307000,100,0.307700,1100,4.290000,0.012650
1478548347914,0.307350,0.307000,100,0.307700,1100,4.290000,0.012650
1478548349913,0.307350,0.307000,100,0.307700,1100,4.290000,0.012650
1478548352406,0.307350,0.307000,100,0.307700,1100,4.290000,0.012650
1478548354414,0.307350,0.307000,100,0.307700,1100,4.290000,0.012650
1478548356408,0.307350,0.307000,100,0.307700,1100,4.290000,0.012650
1478548358404,0.307350,0.307000,100,0.307700,1100,4.290000,0.012650
1478548360433,0.307350,0.307000,100,0.307700,1100,4.290000,0.012650
1478548361417,0.307350,0.307000,100,0.307700,1100,4.290000,0.012650
1478548364419,0.307350,0.307000,100,0.307700,1100,4.290000,0.012650
1478548366416,0.307350,0.307000,100,0.307700,1100,4.290000,0.012650
1478548368408,0.307350,0.307000,100,0.307700,1100,4.290000,0.012650
1478548370413,0.307350,0.307000,100,0.307700,1100,4.290000,0.012650
1478548372414,0.307350,0.307000,100,0.307700,1100,4.290000,0.012650
1478548374916,0.307350,0.307000,100,0.307700,1100,4.290000,0.012650
1478548376913,0.307350,0.307000,100,0.307700,1100,4.290000,0.012650
1478548378967,0.307350,0.307000,100,0.307700,1100,4.290000,0.012650
1478548380908,0.307350,0.307000,100,0.307700,1100,4.290000,0.012650
1478548382919,0.307350,0.307000,100,0.307700,1100,4.290000,0.012650
1478548384922,0.307350,0.307000,100,0.307700,1100,4.290000,0.012650
1478548386932,0.307350,0.307000,100,0.307700,1100,4.290000,0.012650
1478548388931,0.307350,0.307000,100,0.307700,1100,4.290000,0.012650
1478548390939,0.307350,0.307000,100,0.307700,1100,4.290000,0.012650
1478548393420,0.307350,0.307000,100,0.307700,1100,4.290000,0.012650
1478548395456,0.307350,0.307000,100,0.307700,1100,4.290000,0.012650
1478548397423,0.307350,0.307000,100,0.307700,1100,4.290000,0.012650
1478548399438,0.307350,0.307000,100,0.307700,1100,4.290000,0.012650
1478548401432,0.307350,0.307000,100,0.307700,1100,4.290000,0.012650
1478548403424,0.307350,0.307000,100,0.307700,1100,4.290000,0.012650
1478548405418,0.307350,0.307000,100,0.307700,1100,4.290000,0.012650
1478548407443,0.307350,0.307000,100,0.307700,1100,4.290000,0.012650
1478548409435,0.307350,0.307000,100,0.307700,1100,4.290000,0.012650
1478548411919,0.307350,0.307000,100,0.307700,1100,4.290000,0.012650
1478548413923,0.307350,0.307000,100,0.307700,1100,4.290000,0.012650
1478548415429,0.307350,0.307000,100,0.307700,1100,4.290000,0.012650
1478548417932,0.307500,0.307000,100,0.307700,1100,4.340000,0.012800
1478548419952,0.307500,0.307000,100,0.307700,1100,4.340000,0.012800
1478548421925,0.307500,0.307000,100,0.307700,1100,4.340000,0.012800
1478548423935,0.307500,0.307000,100,0.307700,1100,4.340000,0.012800
1478548425930,0.307500,0.307000,100,0.307700,1100,4.340000,0.012800
1478548426927,0.307500,0.307000,100,0.307700,1100,4.340000,0.012800
1478548430430,0.307500,0.307000,100,0.307700,1100,4.340000,0.012800
1478548432460,0.307500,0.307000,100,0.307700,1100,4.340000,0.012800
1478548434455,0.307500,0.307000,100,0.307700,1100,4.340000,0.012800
1478548435429,0.307500,0.307000,100,0.307700,1100,4.340000,0.012800
1478548437944,0.307500,0.307000,100,0.307700,1100,4.340000,0.012800
1478548439925,0.307500,0.307000,100,0.307700,1100,4.340000,0.012800
1478548442429,0.307500,0.307000,100,0.307700,1100,4.340000,0.012800
1478548444434,0.307500,0.307000,100,0.307700,1100,4.340000,0.012800
1478548445940,0.307500,0.307000,100,0.307700,1100,4.340000,0.012800
1478548448421,0.307500,0.307000,100,0.307700,1100,4.340000,0.012800
1478548449987,0.307500,0.307000,100,0.307700,1100,4.340000,0.012800
1478548452947,0.307500,0.307000,100,0.307700,1100,4.340000,0.012800
1478548454437,0.307500,0.307000,100,0.307700,1100,4.340000,0.012800
1478548456941,0.307500,0.307000,100,0.307700,1100,4.340000,0.012800
1478548458934,0.307500,0.307000,100,0.307700,1100,4.340000,0.012800
1478548460945,0.307500,0.307000,100,0.307700,1100,4.340000,0.012800
1478548462948,0.307500,0.307000,100,0.307700,1100,4.340000,0.012800
1478548464948,0.307500,0.307000,100,0.307700,1100,4.340000,0.012800
1478548466929,0.307500,0.307000,100,0.307700,1100,4.340000,0.012800
1478548468939,0.307500,0.307000,100,0.307700,1100,4.340000,0.012800
1478548471446,0.307500,0.307000,100,0.307700,1100,4.340000,0.012800
1478548473443,0.307500,0.307000,100,0.307700,1100,4.340000,0.012800
1478548475440,0.307500,0.307000,100,0.307700,1100,4.340000,0.012800
1478548477437,0.307500,0.307000,100,0.307700,1100,4.340000,0.012800
1478548479851,0.307500,0.307000,100,0.307700,1100,4.340000,0.012800
1478548481854,0.307500,0.307000,100,0.307700,1100,4.340000,0.012800
1478548483853,0.307500,0.307000,100,0.307700,1100,4.340000,0.012800
1478548485861,0.307500,0.307000,100,0.307700,1100,4.340000,0.012800
1478548487850,0.307500,0.307000,100,0.307700,1100,4.340000,0.012800
1478548489854,0.307500,0.307000,100,0.307700,1100,4.340000,0.012800
1478548491859,0.307500,0.307000,100,0.307700,1100,4.340000,0.012800
1478548493855,0.307500,0.307000,100,0.307700,1100,4.340000,0.012800
1478548495855,0.307500,0.307000,100,0.307700,1100,4.340000,0.012800
1478548498356,0.307500,0.307000,100,0.307700,1100,4.340000,0.012800
1478548500356,0.307500,0.307000,100,0.307700,1100,4.340000,0.012800
1478548502361,0.307500,0.307000,100,0.307700,1100,4.340000,0.012800
1478548503861,0.307500,0.307000,100,0.307700,1100,4.340000,0.012800
1478548506360,0.307500,0.307000,100,0.307700,1100,4.340000,0.012800
1478548508361,0.307500,0.307000,100,0.307700,1100,4.340000,0.012800
1478548510391,0.307500,0.307000,100,0.307700,1100,4.340000,0.012800
1478548512359,0.307500,0.307000,100,0.307700,1100,4.340000,0.012800
1478548514362,0.307500,0.307000,100,0.307700,1100,4.340000,0.012800
1478548516365,0.307500,0.307000,100,0.307700,1100,4.340000,0.012800
1478548518368,0.307500,0.307000,100,0.307700,1100,4.340000,0.012800
1478548520860,0.307500,0.307000,100,0.307700,1100,4.340000,0.012800
1478548522865,0.307500,0.307000,100,0.307700,1100,4.340000,0.012800
1478548524868,0.307500,0.307000,100,0.307700,1100,4.340000,0.012800
1478548526860,0.307500,0.307000,100,0.307700,1100,4.340000,0.012800
1478548528914,0.307500,0.307000,100,0.307700,1100,4.340000,0.012800
1478548530863,0.307500,0.307000,100,0.307700,1100,4.340000,0.012800
1478548533364,0.307500,0.307000,100,0.307700,1100,4.340000,0.012800
1478548535369,0.307500,0.307000,100,0.307700,1100,4.340000,0.012800
1478548536873,0.307500,0.307000,100,0.307700,1100,4.340000,0.012800
1478548539404,0.307500,0.307000,100,0.307700,1100,4.340000,0.012800
1478548541373,0.307500,0.307000,100,0.307700,1100,4.340000,0.012800
1478548543377,0.307500,0.307000,100,0.307700,1100,4.340000,0.012800
1478548545374,0.307500,0.307000,100,0.307700,1100,4.340000,0.012800
1478548547373,0.307500,0.307000,100,0.307700,1100,4.340000,0.012800
1478548549384,0.307500,0.307000,100,0.307700,1100,4.340000,0.012800
1478548551371,0.307500,0.307000,100,0.307700,1100,4.340000,0.012800
1478548553382,0.307500,0.307000,100,0.307700,1100,4.340000,0.012800
1478548555883,0.307500,0.307000,100,0.307700,1100,4.340000,0.012800
1478548557886,0.307500,0.307000,100,0.307700,1100,4.340000,0.012800
1478548559874,0.307500,0.307000,100,0.307700,1100,4.340000,0.012800
1478548561897,0.307500,0.307000,100,0.307700,1100,4.340000,0.012800
1478548563386,0.307500,0.307000,100,0.307700,1100,4.340000,0.012800
1478548565902,0.307500,0.307000,100,0.307700,1100,4.340000,0.012800
1478548567887,0.307500,0.307000,100,0.307700,1100,4.340000,0.012800
1478548569885,0.307500,0.307000,100,0.307700,1100,4.340000,0.012800
1478548572391,0.307500,0.307000,100,0.307700,1100,4.340000,0.012800
1478548574380,0.307500,0.307000,100,0.307700,1100,4.340000,0.012800
1478548574886,0.307500,0.307000,100,0.307700,1100,4.340000,0.012800
1478548578382,0.307500,0.307000,100,0.307700,1100,4.340000,0.012800
1478548580396,0.307500,0.307000,100,0.307700,1100,4.340000,0.012800
1478548582401,0.307500,0.307000,100,0.307700,1100,4.340000,0.012800
1478548583399,0.307500,0.307000,100,0.307700,1100,4.340000,0.012800
1478548586885,0.307500,0.307000,100,0.307700,1100,4.340000,0.012800
1478548588885,0.307500,0.307000,100,0.307700,1100,4.340000,0.012800
1478548590895,0.307500,0.307000,100,0.307700,1100,4.340000,0.012800
1478548592896,0.307500,0.307000,100,0.307700,1100,4.340000,0.012800
1478548594895,0.307500,0.307000,100,0.307700,1100,4.340000,0.012800
1478548596394,0.307500,0.307000,100,0.307700,1100,4.340000,0.012800
1478548598896,0.307500,0.307000,100,0.307700,1100,4.340000,0.012800
1478548600896,0.307500,0.307000,100,0.307700,1100,4.340000,0.012800
1478548602906,0.307500,0.307000,100,0.307700,1100,4.340000,0.012800
1478548604889,0.307500,0.307000,100,0.307700,1100,4.340000,0.012800
1478548606898,0.307500,0.307000,100,0.307700,1100,4.340000,0.012800
1478548608922,0.307500,0.307000,100,0.307700,1100,4.340000,0.012800
1478548611435,0.307500,0.307000,100,0.307700,1100,4.340000,0.012800
1478548613399,0.307500,0.307000,100,0.307700,1100,4.340000,0.012800
1478548615395,0.307500,0.307000,100,0.307700,1100,4.340000,0.012800
1478548617407,0.307500,0.307000,100,0.307700,1100,4.340000,0.012800
1478548618910,0.307500,0.307000,100,0.307700,1100,4.340000,0.012800
1478548621479,0.307500,0.307000,100,0.307700,1100,4.340000,0.012800
1478548623408,0.307500,0.307000,100,0.307700,1100,4.340000,0.012800
1478548624412,0.307500,0.307000,100,0.307700,1100,4.340000,0.012800
1478548624412,0.307500,0.307000,100,0.307700,1100,4.340000,0.012800
1478548628904,0.307500,0.307000,100,0.307700,1100,4.340000,0.012800
1478548631909,0.307500,0.307000,100,0.307700,1100,4.340000,0.012800
1478548633913,0.307500,0.307000,100,0.307700,1100,4.340000,0.012800
1478548635912,0.307500,0.307000,100,0.307700,1100,4.340000,0.012800
1478548637924,0.307500,0.307000,100,0.307700,1100,4.340000,0.012800
1478548639973,0.307500,0.307000,100,0.307700,1100,4.340000,0.012800
1478548641917,0.307500,0.307000,100,0.307700,1100,4.340000,0.012800
1478548643901,0.307500,0.307000,100,0.307700,1100,4.340000,0.012800
1478548645910,0.307500,0.307000,100,0.307700,1100,4.340000,0.012800
1478548647414,0.307500,0.307000,100,0.307700,1100,4.340000,0.012800
1478548649929,0.307500,0.307000,100,0.307700,1100,4.340000,0.012800
1478548652413,0.307500,0.307000,100,0.307700,1100,4.340000,0.012800
1478548653922,0.307500,0.307000,100,0.307700,1100,4.340000,0.012800
1478548656415,0.307500,0.307000,100,0.307700,1100,4.340000,0.012800
1478548658416,0.307500,0.307000,100,0.307700,1100,4.340000,0.012800
1478548660419,0.307500,0.307000,100,0.307700,1100,4.340000,0.012800
1478548661921,0.307700,0.307000,100,0.307700,1100,4.410000,0.013000
1478548664414,0.307700,0.307000,100,0.307700,1100,4.410000,0.013000
1478548666419,0.307700,0.307000,100,0.307700,1100,4.410000,0.013000
1478548668438,0.307700,0.307000,100,0.307700,1100,4.410000,0.013000
1478548670432,0.307700,0.307000,100,0.307700,1100,4.410000,0.013000
1478548671918,0.307700,0.307000,100,0.307700,1100,4.410000,0.013000
1478548674928,0.307700,0.307000,100,0.307700,1100,4.410000,0.013000
1478548676928,0.307700,0.307000,100,0.307700,1100,4.410000,0.013000
1478548678925,0.307700,0.307000,100,0.307700,1100,4.410000,0.013000
1478548679933,0.307700,0.307000,100,0.307700,1100,4.410000,0.013000
1478548682424,0.307700,0.307000,100,0.307700,1100,4.410000,0.013000
1478548684426,0.307700,0.307000,100,0.307700,1100,4.410000,0.013000
1478548685935,0.307700,0.307000,100,0.307700,1100,4.410000,0.013000
1478548688928,0.307700,0.307000,100,0.307700,1100,4.410000,0.013000
1478548690931,0.307700,0.307000,100,0.307700,1100,4.410000,0.013000
1478548692924,0.307700,0.307000,100,0.307700,1100,4.410000,0.013000
1478548695431,0.307700,0.307000,100,0.307700,1100,4.410000,0.013000
1478548697432,0.307700,0.307000,100,0.307700,1100,4.410000,0.013000
1478548699443,0.307700,0.307000,100,0.307700,1100,4.410000,0.013000
1478548700944,0.307700,0.307000,100,0.307700,1100,4.410000,0.013000
1478548703440,0.307700,0.307000,100,0.307700,1100,4.410000,0.013000
1478548705433,0.307700,0.307000,100,0.307700,1100,4.410000,0.013000
1478548706936,0.307700,0.307000,100,0.307700,1100,4.410000,0.013000
1478548708946,0.307700,0.307000,100,0.307700,1100,4.410000,0.013000
1478548711437,0.307700,0.307000,100,0.307700,1100,4.410000,0.013000
1478548713940,0.307700,0.307000,100,0.307700,1100,4.410000,0.013000
1478548715948,0.307700,0.307000,100,0.307700,1100,4.410000,0.013000
1478548715948,0.307700,0.307000,100,0.307700,1100,4.410000,0.013000
1478548719972,0.307700,0.307000,100,0.307700,1100,4.410000,0.013000
1478548721963,0.307700,0.307000,100,0.307700,1100,4.410000,0.013000
1478548723949,0.307700,0.307000,100,0.307700,1100,4.410000,0.013000
1478548725451,0.307700,0.307000,100,0.307700,1100,4.410000,0.013000
1478548727948,0.307700,0.307000,100,0.307700,1100,4.410000,0.013000
1478548729444,0.307700,0.307000,100,0.307700,1100,4.410000,0.013000
1478548731956,0.307700,0.307000,100,0.307700,1100,4.410000,0.013000
1478548733944,0.307700,0.307000,100,0.307700,1100,4.410000,0.013000
1478548736353,0.307100,0.307000,100,0.307700,1100,4.210000,0.012400
1478548738355,0.307000,0.305000,300,0.307600,1200,4.170000,0.012300
1478548740354,0.307000,0.305000,300,0.307600,1200,4.170000,0.012300
1478548742353,0.307000,0.305000,300,0.307500,1300,4.170000,0.012300
1478548744355,0.307000,0.305000,300,0.307500,1500,4.170000,0.012300
1478548746855,0.307000,0.305000,300,0.307500,1500,4.170000,0.012300
1478548748878,0.307000,0.305000,300,0.307500,1500,4.170000,0.012300
1478548750855,0.307000,0.305000,300,0.307500,1000,4.170000,0.012300
1478548752861,0.307000,0.305000,300,0.307500,1000,4.170000,0.012300
1478548754861,0.307000,0.305000,300,0.307500,1000,4.170000,0.012300
1478548756861,0.307000,0.305000,300,0.307500,1000,4.170000,0.012300
1478548758864,0.307000,0.305000,300,0.307500,1000,4.170000,0.012300
1478548760865,0.307000,0.305000,300,0.307500,1000,4.170000,0.012300
1478548762864,0.307000,0.305000,300,0.307500,1000,4.170000,0.012300
1478548764868,0.307000,0.305000,300,0.307500,1000,4.170000,0.012300
1478548767361,0.307000,0.305000,300,0.307500,1000,4.170000,0.012300
1478548768856,0.307000,0.305000,300,0.307500,1000,4.170000,0.012300
1478548771371,0.307000,0.305000,300,0.307500,1000,4.170000,0.012300
1478548773362,0.307000,0.305000,300,0.307500,1000,4.170000,0.012300
1478548774866,0.307000,0.305000,300,0.307500,1000,4.170000,0.012300
1478548777374,0.307000,0.305000,300,0.307500,1000,4.170000,0.012300
1478548778867,0.307000,0.305000,300,0.307500,1000,4.170000,0.012300
1478548781365,0.307000,0.305000,300,0.307500,1000,4.170000,0.012300
1478548782865,0.307000,0.305000,300,0.307500,1000,4.170000,0.012300
1478548785377,0.307000,0.305000,300,0.307500,1000,4.170000,0.012300
1478548787876,0.307000,0.305000,300,0.307500,1000,4.170000,0.012300
1478548789876,0.307000,0.305000,300,0.307500,1000,4.170000,0.012300
1478548791882,0.307000,0.305000,300,0.307500,1000,4.170000,0.012300
1478548793909,0.307000,0.305000,300,0.307500,1000,4.170000,0.012300
1478548795880,0.307000,0.305000,300,0.307500,1000,4.170000,0.012300
1478548797374,0.307000,0.305000,300,0.307500,1000,4.170000,0.012300
1478548799875,0.307000,0.305000,300,0.307500,400,4.170000,0.012300
1478548802380,0.307000,0.305000,300,0.307500,400,4.170000,0.012300
1478548804380,0.307000,0.305000,300,0.307500,400,4.170000,0.012300
1478548806399,0.307000,0.305000,300,0.307500,400,4.170000,0.012300
1478548807954,0.307000,0.305000,300,0.307500,400,4.170000,0.012300
1478548810380,0.307000,0.305000,300,0.307500,400,4.170000,0.012300
1478548812380,0.307000,0.305000,300,0.307500,400,4.170000,0.012300
1478548814880,0.307000,0.305000,300,0.307500,400,4.170000,0.012300
1478548816889,0.307000,0.305000,300,0.307500,400,4.170000,0.012300
1478548818890,0.307000,0.305000,300,0.307500,400,4.170000,0.012300
1478548820397,0.307000,0.305000,300,0.307500,400,4.170000,0.012300
1478548822891,0.307000,0.305000,300,0.307500,400,4.170000,0.012300
1478548824382,0.307000,0.305000,300,0.307500,400,4.170000,0.012300
1478548826375,0.307000,0.305000,300,0.307500,400,4.170000,0.012300
1478548828884,0.307600,0.305000,300,0.307600,100,4.380000,0.012900
1478548830384,0.307600,0.305000,300,0.307600,100,4.380000,0.012900
1478548832376,0.307600,0.305000,300,0.307600,100,4.380000,0.012900
1478548834892,0.307600,0.305000,300,0.307600,100,4.380000,0.012900
1478548837383,0.307600,0.305000,300,0.307600,100,4.380000,0.012900
1478548839391,0.307600,0.305000,300,0.307600,100,4.380000,0.012900
1478548841390,0.307600,0.305000,300,0.307600,100,4.380000,0.012900
1478548843395,0.307600,0.305000,300,0.307600,100,4.380000,0.012900
1478548845397,0.307600,0.305000,300,0.307600,100,4.380000,0.012900
1478548847390,0.307600,0.305000,300,0.307600,100,4.380000,0.012900
1478548848895,0.307600,0.305000,300,0.307600,100,4.380000,0.012900
1478548850906,0.307600,0.305000,300,0.307600,100,4.380000,0.012900
1478548853401,0.307600,0.305000,300,0.307600,100,4.380000,0.012900
1478548855902,0.307600,0.305000,300,0.307600,100,4.380000,0.012900
1478548857951,0.307600,0.305000,300,0.307600,100,4.380000,0.012900
1478548859898,0.307600,0.305000,300,0.307600,100,4.380000,0.012900
1478548861898,0.307600,0.305000,300,0.307600,1000,4.380000,0.012900
1478548863958,0.307600,0.305000,300,0.307600,1000,4.380000,0.012900
1478548865903,0.307600,0.305000,300,0.307600,1000,4.380000,0.012900
1478548867935,0.307600,0.305000,300,0.307500,1300,4.380000,0.012900
1478548869902,0.307600,0.305000,300,0.307500,1300,4.380000,0.012900
1478548871908,0.307600,0.305000,300,0.307500,1300,4.380000,0.012900
1478548873911,0.307600,0.305000,300,0.307500,600,4.380000,0.012900
1478548875905,0.307600,0.305000,300,0.307500,600,4.380000,0.012900
1478548878398,0.307600,0.305000,300,0.307500,600,4.380000,0.012900
1478548879426,0.307600,0.305000,300,0.307500,600,4.380000,0.012900
1478548881450,0.307600,0.305000,300,0.307500,600,4.380000,0.012900
1478548884404,0.307600,0.305000,300,0.307500,600,4.380000,0.012900
1478548886412,0.307600,0.305000,300,0.307500,600,4.380000,0.012900
1478548887910,0.307600,0.305000,300,0.307500,600,4.380000,0.012900
1478548890458,0.307600,0.305000,300,0.307500,600,4.380000,0.012900
1478548891910,0.307600,0.305000,300,0.307500,600,4.380000,0.012900
1478548893422,0.307600,0.305000,300,0.307500,600,4.380000,0.012900
1478548896388,0.307600,0.305000,300,0.307500,600,4.380000,0.012900
1478548898423,0.307600,0.305000,300,0.307500,600,4.380000,0.012900
1478548900413,0.307600,0.305000,300,0.307500,600,4.380000,0.012900
1478548902412,0.307600,0.305000,300,0.307500,600,4.380000,0.012900
1478548904410,0.307600,0.305000,300,0.307500,600,4.380000,0.012900
1478548906419,0.307600,0.305000,300,0.307500,600,4.380000,0.012900
1478548908442,0.307600,0.305000,300,0.307500,600,4.380000,0.012900
1478548910939,0.307600,0.305000,300,0.307500,600,4.380000,0.012900
1478548912919,0.307600,0.305000,300,0.307500,600,4.380000,0.012900
1478548914927,0.307600,0.305000,300,0.307500,600,4.380000,0.012900
1478548916921,0.307600,0.305000,300,0.307500,600,4.380000,0.012900
1478548919413,0.307600,0.305000,300,0.307500,900,4.380000,0.012900
1478548921422,0.307600,0.305000,300,0.307500,900,4.380000,0.012900
1478548923448,0.307600,0.305000,300,0.307500,900,4.380000,0.012900
1478548925427,0.307600,0.305000,300,0.307500,900,4.380000,0.012900
1478548927482,0.307600,0.305000,300,0.307500,900,4.380000,0.012900
1478548929436,0.307600,0.305000,300,0.307500,900,4.380000,0.012900
1478548931438,0.307600,0.305000,300,0.307500,900,4.380000,0.012900
1478548933918,0.307600,0.305000,300,0.307500,900,4.380000,0.012900
1478548935926,0.307600,0.305000,300,0.307500,900,4.380000,0.012900
1478548937936,0.307600,0.305000,300,0.307500,900,4.380000,0.012900
1478548939972,0.307600,0.305000,300,0.307500,900,4.380000,0.012900
1478548941931,0.307600,0.305000,300,0.307500,900,4.380000,0.012900
1478548943938,0.307600,0.305000,300,0.307500,900,4.380000,0.012900
1478548945928,0.307600,0.305000,300,0.307500,900,4.380000,0.012900
1478548947422,0.307600,0.305000,300,0.307500,900,4.380000,0.012900
1478548949942,0.307600,0.305000,300,0.307500,900,4.380000,0.012900
1478548952420,0.307600,0.305000,300,0.307500,900,4.380000,0.012900
1478548954444,0.307600,0.305000,300,0.307500,900,4.380000,0.012900
1478548956436,0.307600,0.305000,300,0.307500,900,4.380000,0.012900
1478548957440,0.307600,0.305000,300,0.307500,900,4.380000,0.012900
1478548959994,0.307600,0.305000,300,0.307500,900,4.380000,0.012900
1478548962438,0.307600,0.305000,300,0.307500,900,4.380000,0.012900
1478548963932,0.307600,0.305000,300,0.307500,900,4.380000,0.012900
1478548966446,0.307600,0.305000,300,0.307500,900,4.380000,0.012900
1478548968440,0.307600,0.305000,300,0.307500,900,4.380000,0.012900
1478548970938,0.307600,0.305000,300,0.307500,900,4.380000,0.012900
1478548972500,0.307600,0.305000,300,0.307500,900,4.380000,0.012900
1478548974950,0.307600,0.305000,300,0.307500,900,4.380000,0.012900
1478548976944,0.307600,0.305000,300,0.307500,900,4.380000,0.012900
1478548978940,0.307600,0.305000,300,0.307500,900,4.380000,0.012900
1478548980481,0.307600,0.305000,300,0.307500,900,4.380000,0.012900
1478548982479,0.307600,0.305000,300,0.307500,900,4.380000,0.012900
1478548985441,0.307600,0.305000,300,0.307500,900,4.380000,0.012900
1478548987445,0.307600,0.305000,300,0.307500,900,4.380000,0.012900
1478548988940,0.307600,0.305000,300,0.307500,900,4.380000,0.012900
1478548990953,0.307600,0.305000,300,0.307500,900,4.380000,0.012900
1478548992952,0.307600,0.305000,300,0.307500,900,4.380000,0.012900
1478548995866,0.307600,0.305000,300,0.307500,900,4.380000,0.012900
1478548997353,0.307600,0.305000,300,0.307500,900,4.380000,0.012900
1478548999851,0.307600,0.305000,300,0.307500,900,4.380000,0.012900
1478549001394,0.307600,0.305000,300,0.307500,900,4.380000,0.012900
1478549003854,0.307600,0.305000,300,0.307500,900,4.380000,0.012900
1478549005854,0.307600,0.305000,300,0.307500,900,4.380000,0.012900
1478549008354,0.307600,0.305000,300,0.307500,900,4.380000,0.012900
1478549009357,0.307600,0.305000,300,0.307500,900,4.380000,0.012900
1478549011890,0.307600,0.305000,300,0.307500,900,4.380000,0.012900
1478549014362,0.307600,0.305000,300,0.307500,900,4.380000,0.012900
1478549016356,0.307600,0.305000,300,0.307500,900,4.380000,0.012900
1478549018358,0.307600,0.305000,300,0.307500,900,4.380000,0.012900
1478549020361,0.307600,0.305000,300,0.307500,900,4.380000,0.012900
1478549022360,0.307600,0.305000,300,0.307500,900,4.380000,0.012900
1478549024369,0.307600,0.305000,300,0.307500,900,4.380000,0.012900
1478549025863,0.307600,0.305000,300,0.307500,900,4.380000,0.012900
1478549028357,0.307600,0.305000,300,0.307500,900,4.380000,0.012900
1478549030870,0.307600,0.305000,300,0.307500,900,4.380000,0.012900
1478549032868,0.307600,0.305000,300,0.307500,900,4.380000,0.012900
1478549034865,0.307600,0.305000,300,0.307500,900,4.380000,0.012900
1478549036365,0.307600,0.305000,300,0.307500,900,4.380000,0.012900
1478549038878,0.307600,0.305000,300,0.307500,900,4.380000,0.012900
1478549041370,0.307600,0.305000,300,0.307500,900,4.380000,0.012900
1478549042870,0.307600,0.305000,300,0.307500,900,4.380000,0.012900
1478549045370,0.307600,0.305000,300,0.307500,900,4.380000,0.012900
1478549047365,0.307600,0.305000,300,0.307500,900,4.380000,0.012900
1478549048868,0.307600,0.305000,300,0.307500,900,4.380000,0.012900
1478549051374,0.307600,0.305000,300,0.307500,900,4.380000,0.012900
1478549053391,0.307600,0.305000,300,0.307500,600,4.380000,0.012900
1478549055379,0.307600,0.305000,300,0.307500,600,4.380000,0.012900
1478549056881,0.307600,0.305000,300,0.307500,600,4.380000,0.012900
1478549059378,0.307600,0.305000,300,0.307500,600,4.380000,0.012900
1478549061387,0.307600,0.305000,300,0.307500,600,4.380000,0.012900
1478549063873,0.307600,0.305000,300,0.307500,600,4.380000,0.012900
1478549065883,0.307600,0.305000,300,0.307500,600,4.380000,0.012900
1478549067879,0.307600,0.305000,300,0.307500,600,4.380000,0.012900
1478549069878,0.307600,0.305000,300,0.307500,600,4.380000,0.012900
1478549071892,0.307600,0.305000,300,0.307500,600,4.380000,0.012900
1478549073872,0.307600,0.305000,300,0.307500,600,4.380000,0.012900
1478549075890,0.307600,0.305000,300,0.307500,600,4.380000,0.012900
1478549077891,0.307600,0.305000,300,0.307500,600,4.380000,0.012900
1478549080391,0.307600,0.305000,300,0.307500,600,4.380000,0.012900
1478549082376,0.307600,0.305000,300,0.307500,600,4.380000,0.012900
1478549082889,0.307600,0.305000,300,0.307500,600,4.380000,0.012900
1478549086396,0.307600,0.305000,300,0.307500,600,4.380000,0.012900
1478549088881,0.307600,0.305000,300,0.307500,600,4.380000,0.012900
1478549090892,0.307600,0.305000,300,0.307500,600,4.380000,0.012900
1478549092882,0.307600,0.305000,300,0.307500,600,4.380000,0.012900
1478549094890,0.307600,0.305000,300,0.307500,600,4.380000,0.012900
1478549096437,0.307600,0.305000,300,0.307500,600,4.380000,0.012900
1478549098892,0.307600,0.305000,300,0.307500,600,4.380000,0.012900
1478549101404,0.307600,0.305000,300,0.307500,600,4.380000,0.012900
1478549103395,0.307600,0.305000,300,0.307500,600,4.380000,0.012900
1478549105385,0.307600,0.305000,300,0.307500,600,4.380000,0.012900
1478549106896,0.307600,0.305000,300,0.307500,600,4.380000,0.012900
1478549108901,0.307600,0.305000,300,0.307500,600,4.380000,0.012900
1478549111388,0.307600,0.305000,300,0.307500,600,4.380000,0.012900
1478549113407,0.307600,0.305000,300,0.307500,600,4.380000,0.012900
1478549115403,0.307600,0.305000,300,0.307500,600,4.380000,0.012900
1478549117903,0.307600,0.305000,300,0.307500,600,4.380000,0.012900
1478549119886,0.307600,0.305000,300,0.307500,600,4.380000,0.012900
1478549121918,0.307600,0.305000,300,0.307500,600,4.380000,0.012900
1478549123906,0.307600,0.305000,300,0.307500,600,4.380000,0.012900
1478549125898,0.307600,0.305000,300,0.307500,600,4.380000,0.012900
1478549127908,0.307600,0.305000,300,0.307500,600,4.380000,0.012900
1478549129891,0.307600,0.305000,300,0.307500,600,4.380000,0.012900
1478549131882,0.307600,0.305000,300,0.307500,600,4.380000,0.012900
1478549133895,0.307600,0.305000,300,0.307500,600,4.380000,0.012900
1478549136393,0.307600,0.305000,300,0.307500,600,4.380000,0.012900
1478549138405,0.307600,0.305000,300,0.307500,600,4.380000,0.012900
1478549140405,0.307600,0.305000,300,0.307500,600,4.380000,0.012900
1478549142399,0.307600,0.305000,300,0.307500,600,4.380000,0.012900
1478549143893,0.307600,0.305000,300,0.307500,600,4.380000,0.012900
1478549146404,0.307600,0.305000,300,0.307500,600,4.380000,0.012900
1478549148408,0.307600,0.305000,300,0.307500,600,4.380000,0.012900
1478549149393,0.307600,0.305000,300,0.307500,600,4.380000,0.012900
1478549152404,0.307600,0.305000,300,0.307500,600,4.380000,0.012900
1478549154914,0.307600,0.305000,300,0.307500,600,4.380000,0.012900
1478549156416,0.307600,0.305000,300,0.307500,600,4.380000,0.012900
1478549159413,0.307600,0.305000,300,0.307500,600,4.380000,0.012900
1478549161420,0.307600,0.305000,300,0.307500,600,4.380000,0.012900
1478549163408,0.307600,0.305000,300,0.307500,600,4.380000,0.012900
1478549165422,0.307600,0.305000,300,0.307500,600,4.380000,0.012900
1478549167424,0.307600,0.305000,300,0.307500,600,4.380000,0.012900
1478549169920,0.307600,0.305000,300,0.307500,600,4.380000,0.012900
1478549172399,0.307600,0.305000,300,0.307500,600,4.380000,0.012900
1478549174413,0.307600,0.305000,300,0.307500,600,4.380000,0.012900
1478549176419,0.307600,0.305000,300,0.307500,600,4.380000,0.012900
1478549178419,0.307600,0.305000,300,0.307500,600,4.380000,0.012900
1478549180419,0.307600,0.305000,300,0.307500,600,4.380000,0.012900
1478549182418,0.307600,0.305000,300,0.307500,600,4.380000,0.012900
1478549183913,0.307600,0.305000,300,0.307500,600,4.380000,0.012900
1478549186903,0.307600,0.305000,300,0.307500,600,4.380000,0.012900
1478549188436,0.307600,0.305000,300,0.307500,600,4.380000,0.012900
1478549190924,0.307600,0.305000,300,0.307500,600,4.380000,0.012900
1478549192939,0.307600,0.305000,300,0.307500,600,4.380000,0.012900
1478549194917,0.307600,0.305000,300,0.307500,600,4.380000,0.012900
1478549196927,0.307600,0.305000,300,0.307500,600,4.380000,0.012900
1478549198928,0.307600,0.305000,300,0.307500,600,4.380000,0.012900
1478549200927,0.307600,0.305000,300,0.307500,600,4.380000,0.012900
1478549203424,0.307600,0.305000,300,0.307500,600,4.380000,0.012900
1478549205439,0.307600,0.305000,300,0.307500,600,4.380000,0.012900
1478549207430,0.307600,0.305000,300,0.307500,600,4.380000,0.012900
1478549209429,0.307600,0.305000,300,0.307500,600,4.380000,0.012900
1478549211432,0.307600,0.305000,300,0.307500,600,4.380000,0.012900
1478549213432,0.307600,0.305000,300,0.307500,600,4.380000,0.012900
1478549215429,0.307600,0.305000,300,0.307500,600,4.380000,0.012900
1478549216932,0.307600,0.305000,300,0.307500,600,4.380000,0.012900
1478549219951,0.307600,0.305000,300,0.307500,600,4.380000,0.012900
1478549221433,0.307600,0.305000,300,0.307500,600,4.380000,0.012900
1478549223943,0.307600,0.305000,300,0.307500,600,4.380000,0.012900
1478549225989,0.307600,0.305000,300,0.307500,600,4.380000,0.012900
1478549227946,0.307600,0.305000,300,0.307500,600,4.380000,0.012900
1478549229946,0.307600,0.305000,300,0.307500,600,4.380000,0.012900
1478549231938,0.307600,0.305000,300,0.307500,600,4.380000,0.012900
1478549233971,0.307600,0.305000,300,0.307500,600,4.380000,0.012900
1478549236442,0.307600,0.305000,300,0.307500,600,4.380000,0.012900
1478549238495,0.307600,0.305000,300,0.307500,600,4.380000,0.012900
1478549240436,0.307600,0.305000,300,0.307500,600,4.380000,0.012900
1478549241444,0.307600,0.305000,300,0.307500,600,4.380000,0.012900
1478549244438,0.307600,0.305000,300,0.307500,600,4.380000,0.012900
1478549246457,0.307600,0.305000,300,0.307500,600,4.380000,0.012900
1478549247998,0.307600,0.305000,300,0.307500,600,4.380000,0.012900
1478549250448,0.307600,0.305000,300,0.307500,600,4.380000,0.012900
1478549251940,0.307600,0.305000,300,0.307500,600,4.380000,0.012900
1478549254446,0.307600,0.305000,300,0.307500,600,4.380000,0.012900
1478549256852,0.307600,0.305000,300,0.307500,600,4.380000,0.012900
1478549258352,0.307600,0.305000,300,0.307500,600,4.380000,0.012900
1478549260863,0.307600,0.305000,300,0.307500,600,4.380000,0.012900
1478549262851,0.307600,0.305000,300,0.307500,600,4.380000,0.012900
1478549265355,0.307600,0.305000,300,0.307500,600,4.380000,0.012900
1478549267355,0.307600,0.305000,300,0.307500,600,4.380000,0.012900
1478549269354,0.307600,0.305000,300,0.307500,600,4.380000,0.012900
1478549271356,0.307600,0.305000,300,0.307500,600,4.380000,0.012900
1478549273357,0.307600,0.305000,300,0.307500,600,4.380000,0.012900
1478549275367,0.307600,0.305000,300,0.307500,600,4.380000,0.012900
1478549277362,0.307600,0.305000,300,0.307500,600,4.380000,0.012900
1478549279360,0.307600,0.305000,300,0.307500,600,4.380000,0.012900
1478549280855,0.307600,0.305000,300,0.307500,600,4.380000,0.012900
1478549283362,0.307300,0.305000,300,0.307500,600,4.280000,0.012600
1478549285855,0.307300,0.305000,300,0.307500,600,4.280000,0.012600
1478549287863,0.307300,0.305000,300,0.307500,600,4.280000,0.012600
1478549289863,0.307300,0.305000,300,0.307500,600,4.280000,0.012600
1478549291865,0.307300,0.305000,300,0.307500,600,4.280000,0.012600
1478549293862,0.307300,0.305000,300,0.307500,600,4.280000,0.012600
1478549295867,0.307300,0.305000,300,0.307500,600,4.280000,0.012600
1478549297882,0.307300,0.305000,300,0.307500,600,4.280000,0.012600
1478549298873,0.307300,0.305000,300,0.307500,600,4.280000,0.012600
1478549301874,0.307300,0.305000,300,0.307500,600,4.280000,0.012600
1478549303889,0.307300,0.305000,300,0.307500,600,4.280000,0.012600
1478549306371,0.307300,0.305000,300,0.307500,600,4.280000,0.012600
1478549308368,0.307300,0.305000,300,0.307500,600,4.280000,0.012600
1478549310367,0.307300,0.305000,300,0.307500,600,4.280000,0.012600
1478549312370,0.307300,0.305000,300,0.307500,600,4.280000,0.012600
1478549314375,0.307300,0.305000,300,0.307500,600,4.280000,0.012600
1478549316370,0.307300,0.305000,300,0.307500,600,4.280000,0.012600
1478549318371,0.307300,0.305000,300,0.307500,600,4.280000,0.012600
1478549319883,0.307300,0.305000,300,0.307500,600,4.280000,0.012600
1478549322373,0.307300,0.305000,300,0.307500,600,4.280000,0.012600
1478549324882,0.307300,0.305000,300,0.307500,600,4.280000,0.012600
1478549326381,0.307300,0.305000,300,0.307500,600,4.280000,0.012600
1478549328873,0.307300,0.305000,300,0.307500,600,4.280000,0.012600
1478549330867,0.307300,0.305000,300,0.307500,600,4.280000,0.012600
1478549332893,0.307300,0.305000,300,0.307500,600,4.280000,0.012600
1478549334876,0.307300,0.305000,300,0.307500,600,4.280000,0.012600
1478549336876,0.307300,0.305000,300,0.307500,600,4.280000,0.012600
1478549338884,0.307300,0.305000,300,0.307500,600,4.280000,0.012600
1478549340880,0.307300,0.305000,300,0.307500,600,4.280000,0.012600
1478549342396,0.307300,0.305000,300,0.307500,600,4.280000,0.012600
1478549345386,0.307300,0.305000,300,0.307500,600,4.280000,0.012600
1478549347381,0.307300,0.305000,300,0.307500,600,4.280000,0.012600
1478549349382,0.307300,0.305000,300,0.307500,600,4.280000,0.012600
1478549351383,0.307300,0.305000,300,0.307500,600,4.280000,0.012600
1478549353387,0.307300,0.305000,300,0.307500,600,4.280000,0.012600
1478549355387,0.307300,0.305000,300,0.307500,600,4.280000,0.012600
1478549356890,0.307300,0.305000,300,0.307500,600,4.280000,0.012600
1478549359386,0.307300,0.305000,300,0.307500,600,4.280000,0.012600
1478549361390,0.307300,0.305000,300,0.307500,600,4.280000,0.012600
1478549363892,0.307300,0.305000,300,0.307500,600,4.280000,0.012600
1478549365898,0.307300,0.305000,300,0.307500,600,4.280000,0.012600
1478549367396,0.307300,0.305000,300,0.307500,600,4.280000,0.012600
1478549369895,0.307300,0.305000,300,0.307500,600,4.280000,0.012600
1478549371896,0.307300,0.305000,300,0.307500,600,4.280000,0.012600
1478549373899,0.307300,0.305000,300,0.307500,600,4.280000,0.012600
1478549375901,0.307300,0.305000,300,0.307500,600,4.280000,0.012600
1478549377905,0.307300,0.305000,300,0.307500,600,4.280000,0.012600
1478549379906,0.307300,0.305000,300,0.307500,600,4.280000,0.012600
1478549381890,0.307300,0.305000,300,0.307500,600,4.280000,0.012600
1478549384398,0.307300,0.305000,300,0.307500,600,4.280000,0.012600
1478549386392,0.307300,0.305000,300,0.307500,600,4.280000,0.012600
1478549387906,0.307300,0.305000,300,0.307500,600,4.280000,0.012600
1478549390440,0.307300,0.305000,300,0.307500,600,4.280000,0.012600
1478549392404,0.307300,0.305000,300,0.307500,600,4.280000,0.012600
1478549394401,0.307300,0.305000,300,0.307500,600,4.280000,0.012600
1478549396406,0.307300,0.305000,300,0.307500,600,4.280000,0.012600
1478549398405,0.307300,0.305000,300,0.307500,600,4.280000,0.012600
1478549400395,0.307300,0.305000,300,0.307500,600,4.280000,0.012600
1478549401905,0.307300,0.305000,300,0.307500,600,4.280000,0.012600
1478549403413,0.307300,0.305000,300,0.307500,600,4.280000,0.012600
1478549406405,0.307300,0.305000,300,0.307500,600,4.280000,0.012600
1478549408426,0.307300,0.305000,300,0.307500,600,4.280000,0.012600
1478549409913,0.307300,0.305000,300,0.307500,600,4.280000,0.012600
1478549412405,0.307300,0.305000,300,0.307500,600,4.280000,0.012600
1478549414898,0.307300,0.305000,300,0.307500,600,4.280000,0.012600
1478549416922,0.307300,0.305000,300,0.307500,600,4.280000,0.012600
1478549418410,0.307300,0.305000,300,0.307500,600,4.280000,0.012600
1478549420940,0.307300,0.305000,300,0.307500,600,4.280000,0.012600
1478549423420,0.307300,0.305000,300,0.307500,600,4.280000,0.012600
1478549425411,0.307300,0.305000,300,0.307500,600,4.280000,0.012600
1478549427408,0.307300,0.305000,300,0.307500,600,4.280000,0.012600
1478549429407,0.307300,0.305000,300,0.307500,600,4.280000,0.012600
1478549431426,0.307300,0.305000,300,0.307500,600,4.280000,0.012600
1478549433408,0.307300,0.305000,300,0.307500,600,4.280000,0.012600
1478549434427,0.307300,0.305000,300,0.307500,600,4.280000,0.012600
1478549436944,0.307300,0.305000,300,0.307500,600,4.280000,0.012600
1478549439415,0.307300,0.305000,300,0.307500,600,4.280000,0.012600
1478549441919,0.307300,0.305000,300,0.307500,600,4.280000,0.012600
1478549443918,0.307300,0.305000,300,0.307500,600,4.280000,0.012600
1478549445910,0.307300,0.305000,300,0.307500,600,4.280000,0.012600
1478549447921,0.307300,0.305000,300,0.307500,600,4.280000,0.012600
1478549449916,0.307300,0.305000,300,0.307500,600,4.280000,0.012600
1478549451981,0.307300,0.305000,300,0.307500,600,4.280000,0.012600
1478549453928,0.307300,0.305000,300,0.307500,600,4.280000,0.012600
1478549455943,0.307300,0.305000,300,0.307500,600,4.280000,0.012600
1478549457912,0.307300,0.305000,300,0.307500,600,4.280000,0.012600
1478549459929,0.307300,0.305000,300,0.307500,600,4.280000,0.012600
1478549461929,0.307300,0.305000,300,0.307500,600,4.280000,0.012600
1478549463958,0.307300,0.305000,300,0.307500,600,4.280000,0.012600
1478549465448,0.307300,0.305000,300,0.307500,600,4.280000,0.012600
1478549467944,0.307300,0.305000,300,0.307500,600,4.280000,0.012600
1478549470425,0.307300,0.305000,300,0.307500,600,4.280000,0.012600
1478549472432,0.307300,0.305000,300,0.307500,600,4.280000,0.012600
1478549474431,0.307300,0.305000,300,0.307500,600,4.280000,0.012600
1478549475927,0.307300,0.305000,300,0.307500,600,4.280000,0.012600
1478549478426,0.307300,0.305000,300,0.307500,600,4.280000,0.012600
1478549480925,0.307300,0.305000,300,0.307500,600,4.280000,0.012600
1478549482943,0.307300,0.305000,300,0.307500,600,4.280000,0.012600
1478549484937,0.307300,0.305000,300,0.307500,600,4.280000,0.012600
1478549486939,0.307300,0.305000,300,0.307500,600,4.280000,0.012600
1478549488928,0.307300,0.305000,300,0.307500,600,4.280000,0.012600
1478549490949,0.307300,0.305000,300,0.307500,600,4.280000,0.012600
1478549492946,0.307300,0.305000,300,0.307500,600,4.280000,0.012600
1478549494915,0.307300,0.305000,300,0.307500,600,4.280000,0.012600
1478549496949,0.307300,0.305000,300,0.307500,600,4.280000,0.012600
1478549499444,0.307300,0.305000,300,0.307500,600,4.280000,0.012600
1478549500950,0.307300,0.305000,300,0.307500,600,4.280000,0.012600
1478549503446,0.307300,0.305000,300,0.307500,600,4.280000,0.012600
1478549505437,0.307300,0.305000,300,0.307500,600,4.280000,0.012600
1478549507453,0.307300,0.305000,300,0.307500,600,4.280000,0.012600
1478549509450,0.307300,0.305000,300,0.307500,600,4.280000,0.012600
1478549511454,0.307300,0.305000,300,0.307500,600,4.280000,0.012600
1478549513460,0.307300,0.305000,300,0.307500,600,4.280000,0.012600
1478549515437,0.307300,0.305000,300,0.307500,600,4.280000,0.012600
1478549517850,0.307300,0.305000,300,0.307500,600,4.280000,0.012600
1478549519851,0.307300,0.305000,300,0.307500,600,4.280000,0.012600
1478549521851,0.307300,0.305000,300,0.307500,600,4.280000,0.012600
1478549524352,0.307300,0.305000,300,0.307500,600,4.280000,0.012600
1478549526352,0.307300,0.305000,300,0.307500,600,4.280000,0.012600
1478549528359,0.307300,0.305000,300,0.307500,600,4.280000,0.012600
1478549530354,0.307300,0.305000,300,0.307500,600,4.280000,0.012600
1478549532356,0.307300,0.305000,300,0.307500,600,4.280000,0.012600
1478549534856,0.307300,0.305000,300,0.307500,600,4.280000,0.012600
1478549536856,0.307300,0.305000,300,0.307500,600,4.280000,0.012600
1478549538864,0.307300,0.305000,300,0.307500,600,4.280000,0.012600
1478549540374,0.307300,0.305000,300,0.307500,600,4.280000,0.012600
1478549542858,0.307300,0.305000,300,0.307500,600,4.280000,0.012600
1478549544861,0.307300,0.305000,300,0.307500,600,4.280000,0.012600
1478549547366,0.307300,0.305000,300,0.307500,600,4.280000,0.012600
1478549548854,0.307300,0.305000,300,0.307500,600,4.280000,0.012600
1478549551365,0.307300,0.305000,300,0.307500,600,4.280000,0.012600
1478549553381,0.307300,0.305000,300,0.307500,600,4.280000,0.012600
1478549555367,0.307300,0.305000,300,0.307500,600,4.280000,0.012600
1478549557854,0.307300,0.305000,300,0.307500,600,4.280000,0.012600
1478549559871,0.307300,0.305000,300,0.307500,600,4.280000,0.012600
1478549561869,0.307300,0.305000,300,0.307500,600,4.280000,0.012600
1478549563867,0.307300,0.305000,300,0.307500,600,4.280000,0.012600
1478549565862,0.307300,0.305000,300,0.307500,600,4.280000,0.012600
1478549567876,0.307300,0.305000,300,0.307500,600,4.280000,0.012600
1478549569901,0.307300,0.305000,300,0.307500,600,4.280000,0.012600
1478549572371,0.307300,0.305000,300,0.307500,600,4.280000,0.012600
1478549574372,0.307300,0.305000,300,0.307500,600,4.280000,0.012600
1478549576371,0.307300,0.305000,300,0.307500,600,4.280000,0.012600
1478549578374,0.307300,0.305000,300,0.307500,600,4.280000,0.012600
1478549579883,0.307300,0.305000,300,0.307500,600,4.280000,0.012600
1478549581874,0.307300,0.305000,300,0.307500,600,4.280000,0.012600
1478549583909,0.307300,0.305000,300,0.307500,600,4.280000,0.012600
1478549586373,0.307300,0.305000,300,0.307500,600,4.280000,0.012600
1478549588385,0.307300,0.305000,300,0.307500,600,4.280000,0.012600
1478549590875,0.307300,0.305000,300,0.307500,600,4.280000,0.012600
1478549592928,0.307300,0.305000,300,0.307500,600,4.280000,0.012600
1478549594887,0.307300,0.305000,300,0.307500,600,4.280000,0.012600
1478549596874,0.307300,0.305000,300,0.307500,600,4.280000,0.012600
1478549598883,0.307300,0.305000,300,0.307500,600,4.280000,0.012600
1478549600916,0.307300,0.305000,300,0.307500,600,4.280000,0.012600
1478549602895,0.307300,0.305000,300,0.307500,600,4.280000,0.012600
1478549604380,0.307300,0.305000,300,0.307500,600,4.280000,0.012600
1478549607385,0.307300,0.305000,300,0.307500,600,4.280000,0.012600
1478549609377,0.307300,0.305000,300,0.307500,600,4.280000,0.012600
1478549611390,0.307300,0.305000,300,0.307500,600,4.280000,0.012600
1478549613385,0.307300,0.305000,300,0.307500,600,4.280000,0.012600
1478549615386,0.307300,0.305000,300,0.307500,600,4.280000,0.012600
1478549617391,0.307300,0.305000,300,0.307500,600,4.280000,0.012600
1478549619390,0.307300,0.305000,300,0.307500,600,4.280000,0.012600
1478549621898,0.307300,0.305000,300,0.307500,600,4.280000,0.012600
1478549623897,0.307300,0.305000,300,0.307500,600,4.280000,0.012600
1478549625890,0.307300,0.305000,300,0.307500,600,4.280000,0.012600
1478549627901,0.307300,0.305000,300,0.307500,600,4.280000,0.012600
1478549629900,0.307300,0.305000,300,0.307500,600,4.280000,0.012600
1478549631900,0.307400,0.305000,300,0.307600,100,4.310000,0.012700
1478549633902,0.307400,0.305000,300,0.307600,100,4.310000,0.012700
1478549636397,0.307400,0.305000,300,0.307600,100,4.310000,0.012700
1478549638396,0.307400,0.305000,300,0.307600,100,4.310000,0.012700
1478549639892,0.307400,0.305000,300,0.307600,100,4.310000,0.012700
1478549642434,0.307400,0.305000,300,0.307600,100,4.310000,0.012700
1478549644406,0.307400,0.305000,300,0.307600,100,4.310000,0.012700
1478549646397,0.307400,0.305000,300,0.307600,100,4.310000,0.012700
1478549648402,0.307400,0.305000,300,0.307600,100,4.310000,0.012700
1478549650407,0.307400,0.305000,300,0.307600,100,4.310000,0.012700
1478549652396,0.307400,0.305000,300,0.307600,100,4.310000,0.012700
1478549654413,0.307400,0.305000,300,0.307600,100,4.310000,0.012700
1478549656910,0.307400,0.305000,300,0.307600,100,4.310000,0.012700
1478549658904,0.307400,0.305000,300,0.307600,100,4.310000,0.012700
1478549660901,0.307400,0.305000,300,0.307600,100,4.310000,0.012700
1478549662912,0.307400,0.305000,300,0.307600,100,4.310000,0.012700
1478549665413,0.307400,0.305000,300,0.307600,100,4.310000,0.012700
1478549667407,0.307400,0.305000,300,0.307500,1500,4.310000,0.012700
1478549668908,0.307400,0.305000,300,0.307500,1500,4.310000,0.012700
1478549668908,0.307400,0.305000,300,0.307500,1500,4.310000,0.012700
1478549673405,0.307400,0.305000,300,0.307500,1500,4.310000,0.012700
1478549675408,0.307400,0.305000,300,0.307500,1500,4.310000,0.012700
1478549677418,0.307400,0.305000,300,0.307500,1500,4.310000,0.012700
1478549678923,0.307400,0.305000,300,0.307500,1500,4.310000,0.012700
1478549681410,0.307400,0.305000,300,0.307500,1500,4.310000,0.012700
1478549683421,0.307400,0.305000,300,0.307500,1500,4.310000,0.012700
1478549684913,0.307400,0.305000,300,0.307500,1500,4.310000,0.012700
1478549687918,0.307400,0.305000,300,0.307500,1500,4.310000,0.012700
1478549689906,0.307400,0.305000,300,0.307500,1500,4.310000,0.012700
1478549691917,0.307400,0.305000,300,0.307500,1500,4.310000,0.012700
1478549693915,0.307400,0.305000,300,0.307500,1500,4.310000,0.012700
1478549695922,0.307400,0.305000,300,0.307500,1500,4.310000,0.012700
1478549697939,0.307400,0.305000,300,0.307500,1500,4.310000,0.012700
1478549699926,0.307400,0.305000,300,0.307500,1500,4.310000,0.012700
1478549701930,0.307400,0.305000,300,0.307500,1500,4.310000,0.012700
1478549704417,0.307400,0.305000,300,0.307500,1500,4.310000,0.012700
1478549706419,0.307400,0.305000,300,0.307500,1500,4.310000,0.012700
1478549708436,0.307400,0.305000,300,0.307500,1500,4.310000,0.012700
1478549710418,0.307400,0.305000,300,0.307500,1500,4.310000,0.012700
1478549711933,0.307400,0.305000,300,0.307500,1500,4.310000,0.012700
1478549711423,0.307400,0.305000,300,0.307500,1500,4.310000,0.012700
1478549716423,0.307400,0.305000,300,0.307500,1500,4.310000,0.012700
1478549718431,0.307400,0.305000,300,0.307500,1500,4.310000,0.012700
1478549720427,0.307400,0.305000,300,0.307500,1500,4.310000,0.012700
1478549722415,0.307400,0.305000,300,0.307500,1500,4.310000,0.012700
1478549724924,0.307400,0.305000,300,0.307500,1500,4.310000,0.012700
1478549726927,0.307400,0.305000,300,0.307500,1500,4.310000,0.012700
1478549727975,0.307400,0.305000,300,0.307500,1500,4.310000,0.012700
1478549730940,0.307400,0.305000,300,0.307500,1500,4.310000,0.012700
1478549732934,0.307400,0.305000,300,0.307500,1500,4.310000,0.012700
1478549734934,0.307400,0.305000,300,0.307500,1500,4.310000,0.012700
1478549736921,0.307400,0.305000,300,0.307500,1500,4.310000,0.012700
1478549738991,0.307400,0.305000,300,0.307500,1500,4.310000,0.012700
1478549740931,0.307400,0.305000,300,0.307500,1500,4.310000,0.012700
1478549743442,0.307400,0.305000,300,0.307500,1500,4.310000,0.012700
1478549745446,0.307400,0.305000,300,0.307500,1500,4.310000,0.012700
1478549747430,0.307400,0.305000,300,0.307500,1500,4.310000,0.012700
1478549749432,0.307400,0.305000,300,0.307500,1500,4.310000,0.012700
1478549751437,0.307400,0.305000,300,0.307500,1500,4.310000,0.012700
1478549753433,0.307400,0.305000,300,0.307500,1500,4.310000,0.012700
1478549755444,0.307400,0.305000,300,0.307500,1500,4.310000,0.012700
1478549756442,0.307400,0.305000,300,0.307500,1500,4.310000,0.012700
1478549759449,0.307400,0.305000,300,0.307500,1500,4.310000,0.012700
1478549761438,0.307400,0.305000,300,0.307500,1500,4.310000,0.012700
1478549763943,0.307400,0.305000,300,0.307500,1500,4.310000,0.012700
1478549765937,0.307400,0.305000,300,0.307500,1500,4.310000,0.012700
1478549767950,0.307400,0.305000,300,0.307500,1500,4.310000,0.012700
1478549769455,0.307400,0.305000,300,0.307500,1500,4.310000,0.012700
1478549771949,0.307400,0.305000,300,0.307500,1500,4.310000,0.012700
1478549773479,0.307400,0.305000,300,0.307500,1500,4.310000,0.012700
1478549775983,0.307400,0.305000,300,0.307500,1500,4.310000,0.012700
1478549778449,0.307400,0.305000,300,0.307500,1500,4.310000,0.012700
1478549780453,0.307400,0.305000,300,0.307500,1500,4.310000,0.012700
1478549782155,0.307400,0.305000,300,0.307500,1500,4.310000,0.012700
1478549784353,0.307400,0.305000,300,0.307500,1500,4.310000,0.012700
1478549786351,0.307400,0.305000,300,0.307500,1500,4.310000,0.012700
1478549788852,0.307400,0.305000,300,0.307500,1500,4.310000,0.012700
1478549790854,0.307400,0.305000,300,0.307500,1500,4.310000,0.012700
1478549792853,0.307400,0.305000,300,0.307500,1500,4.310000,0.012700
1478549794855,0.307400,0.305000,300,0.307500,1500,4.310000,0.012700
1478549796853,0.307400,0.305000,300,0.307500,1500,4.310000,0.012700
1478549798855,0.307400,0.305000,300,0.307500,1500,4.310000,0.012700
1478549800856,0.307400,0.305000,300,0.307500,1500,4.310000,0.012700
1478549802862,0.307400,0.305000,300,0.307500,1500,4.310000,0.012700
1478549804859,0.307400,0.305000,300,0.307500,1500,4.310000,0.012700
1478549806863,0.307400,0.305000,300,0.307500,1500,4.310000,0.012700
1478549809354,0.307400,0.305000,300,0.307500,1500,4.310000,0.012700
1478549811361,0.307400,0.305000,300,0.307500,1500,4.310000,0.012700
1478549812860,0.307400,0.305000,300,0.307500,1500,4.310000,0.012700
1478549815382,0.307400,0.305000,300,0.307500,1500,4.310000,0.012700
1478549817372,0.307400,0.305000,300,0.307500,1500,4.310000,0.012700
1478549819363,0.307400,0.305000,300,0.307500,1500,4.310000,0.012700
1478549821365,0.307400,0.305000,300,0.307500,1500,4.310000,0.012700
1478549823368,0.307400,0.305000,300,0.307500,1500,4.310000,0.012700
1478549825368,0.307400,0.305000,300,0.307500,1500,4.310000,0.012700
1478549827360,0.307400,0.305000,300,0.307500,1500,4.310000,0.012700
1478549828868,0.307400,0.305000,300,0.307500,1500,4.310000,0.012700
1478549831871,0.307400,0.305000,300,0.307500,1500,4.310000,0.012700
1478549833902,0.307400,0.305000,300,0.307500,1500,4.310000,0.012700
1478549835876,0.307400,0.305000,300,0.307500,1500,4.310000,0.012700
1478549837876,0.307400,0.305000,300,0.307500,1500,4.310000,0.012700
1478549839870,0.307400,0.305000,300,0.307500,1500,4.310000,0.012700
1478549841880,0.307400,0.305000,300,0.307500,1500,4.310000,0.012700
1478549843877,0.307400,0.305000,300,0.307500,1500,4.310000,0.012700
1478549844377,0.307400,0.305000,300,0.307500,1500,4.310000,0.012700
1478549845878,0.307400,0.305000,300,0.307500,1500,4.310000,0.012700
1478549849879,0.307400,0.305000,300,0.307500,1500,4.310000,0.012700
1478549852377,0.307400,0.305000,300,0.307500,1500,4.310000,0.012700
1478549854374,0.307400,0.305000,300,0.307500,1500,4.310000,0.012700
1478549856371,0.307400,0.305000,300,0.307500,1500,4.310000,0.012700
1478549857379,0.307400,0.305000,300,0.307500,1500,4.310000,0.012700
1478549860375,0.307400,0.305000,300,0.307500,1500,4.310000,0.012700
1478549861883,0.307400,0.305000,300,0.307500,1500,4.310000,0.012700
1478549864380,0.307400,0.305000,300,0.307500,1500,4.310000,0.012700
1478549866381,0.307400,0.305000,300,0.307500,1500,4.310000,0.012700
1478549868376,0.307400,0.305000,300,0.307500,1500,4.310000,0.012700
1478549870389,0.307400,0.305000,300,0.307500,1500,4.310000,0.012700
1478549872888,0.307400,0.305000,300,0.307500,1500,4.310000,0.012700
1478549874889,0.307400,0.305000,300,0.307500,1500,4.310000,0.012700
1478549876924,0.307400,0.305000,300,0.307500,1500,4.310000,0.012700
1478549878908,0.307400,0.305000,300,0.307500,1500,4.310000,0.012700
1478549880395,0.307400,0.305000,300,0.307500,1500,4.310000,0.012700
1478549882894,0.307400,0.305000,300,0.307500,1500,4.310000,0.012700
1478549884890,0.307400,0.305000,300,0.307500,1500,4.310000,0.012700
1478549886897,0.307400,0.305000,300,0.307500,1500,4.310000,0.012700
1478549888396,0.307400,0.305000,300,0.307500,1500,4.310000,0.012700
1478549890894,0.307400,0.305000,300,0.307500,1500,4.310000,0.012700
1478549892896,0.307400,0.305000,300,0.307500,1500,4.310000,0.012700
1478549895395,0.307400,0.305000,300,0.307500,1500,4.310000,0.012700
1478549897394,0.307400,0.305000,300,0.307500,1500,4.310000,0.012700
1478549898901,0.307400,0.305000,300,0.307500,1500,4.310000,0.012700
1478549901385,0.307400,0.305000,300,0.307500,1500,4.310000,0.012700
1478549903402,0.307400,0.305000,300,0.307500,1500,4.310000,0.012700
1478549904409,0.307400,0.305000,300,0.307500,1500,4.310000,0.012700
1478549907903,0.307400,0.305000,300,0.307500,1500,4.310000,0.012700
1478549909899,0.307400,0.305000,300,0.307500,1500,4.310000,0.012700
1478549912400,0.307400,0.305000,300,0.307500,1500,4.310000,0.012700
1478549914404,0.307400,0.305000,300,0.307500,1500,4.310000,0.012700
1478549916405,0.307400,0.305000,300,0.307500,1500,4.310000,0.012700
1478549918404,0.307400,0.305000,300,0.307500,1500,4.310000,0.012700
1478549920384,0.307400,0.305000,300,0.307500,1500,4.310000,0.012700
1478549922405,0.307400,0.305000,300,0.307500,1500,4.310000,0.012700
1478549924910,0.307400,0.305000,300,0.307500,1500,4.310000,0.012700
1478549926919,0.307400,0.305000,300,0.307500,1500,4.310000,0.012700
1478549928404,0.307400,0.305000,300,0.307500,1500,4.310000,0.012700
1478549930911,0.307400,0.305000,300,0.307500,1500,4.310000,0.012700
1478549932906,0.307400,0.305000,300,0.307500,1500,4.310000,0.012700
1478549934426,0.307400,0.305000,300,0.307500,1500,4.310000,0.012700
1478549936907,0.307400,0.305000,300,0.307500,1500,4.310000,0.012700
1478549938905,0.307400,0.305000,300,0.307500,1500,4.310000,0.012700
1478549940923,0.307400,0.305000,300,0.307500,1500,4.310000,0.012700
1478549942408,0.307400,0.305000,300,0.307500,1500,4.310000,0.012700
1478549944891,0.307400,0.305000,300,0.307500,1500,4.310000,0.012700
1478549946913,0.307400,0.305000,300,0.307500,1500,4.310000,0.012700
1478549949421,0.307400,0.305000,300,0.307500,1500,4.310000,0.012700
1478549951410,0.307400,0.305000,300,0.307500,1500,4.310000,0.012700
1478549953923,0.307400,0.305000,300,0.307500,1500,4.310000,0.012700
1478549955923,0.307400,0.305000,300,0.307500,1500,4.310000,0.012700
1478549957924,0.307400,0.305000,300,0.307500,1500,4.310000,0.012700
1478549959931,0.307400,0.305000,300,0.307500,1500,4.310000,0.012700
1478549961912,0.307400,0.305000,300,0.307500,1500,4.310000,0.012700
1478549963926,0.307400,0.305000,300,0.307500,1500,4.310000,0.012700
1478549965928,0.307400,0.305000,300,0.307500,1500,4.310000,0.012700
1478549967930,0.307400,0.305000,300,0.307500,1500,4.310000,0.012700
1478549969433,0.307400,0.305000,300,0.307500,1500,4.310000,0.012700
1478549971929,0.307400,0.305000,300,0.307500,1500,4.310000,0.012700
1478549974425,0.307400,0.305000,300,0.307500,1500,4.310000,0.012700
1478549976429,0.307400,0.305000,300,0.307500,1500,4.310000,0.012700
1478549978446,0.307400,0.305000,300,0.307500,1500,4.310000,0.012700
1478549980439,0.307400,0.305000,300,0.307500,1500,4.310000,0.012700
1478549981916,0.307400,0.305000,300,0.307500,1500,4.310000,0.012700
1478549984431,0.307400,0.305000,300,0.307500,1500,4.310000,0.012700
1478549986427,0.307400,0.305000,300,0.307500,1500,4.310000,0.012700
1478549988430,0.307400,0.305000,300,0.307500,1500,4.310000,0.012700
1478549990431,0.307400,0.305000,300,0.307500,1500,4.310000,0.012700
1478549992442,0.307400,0.305000,300,0.307500,1500,4.310000,0.012700
1478549994921,0.307400,0.305000,300,0.307500,1500,4.310000,0.012700
1478549996459,0.307400,0.305000,300,0.307500,1500,4.310000,0.012700
1478549998442,0.307400,0.305000,300,0.307500,1500,4.310000,0.012700
1478550000927,0.307400,0.305000,300,0.307500,1500,4.310000,0.012700
1478550001945,0.307400,0.305000,300,0.307500,1500,4.310000,0.012700
1478550004930,0.307400,0.305000,300,0.307500,1500,4.310000,0.012700
1478550006438,0.307400,0.305000,300,0.307500,1500,4.310000,0.012700
1478550008953,0.307400,0.305000,300,0.307500,1500,4.310000,0.012700
1478550009964,0.307400,0.305000,300,0.307500,1500,4.310000,0.012700
1478550012939,0.307400,0.305000,300,0.307500,1500,4.310000,0.012700
1478550015425,0.307400,0.305000,300,0.307500,1500,4.310000,0.012700
1478550016952,0.307400,0.305000,300,0.307500,1500,4.310000,0.012700
1478550018942,0.307400,0.305000,300,0.307500,1500,4.310000,0.012700
1478550021446,0.307400,0.305000,300,0.307500,1500,4.310000,0.012700
1478550023493,0.307400,0.305000,300,0.307500,1500,4.310000,0.012700
1478550025438,0.307400,0.305000,300,0.307500,1500,4.310000,0.012700
1478550027446,0.307400,0.305000,300,0.307500,1500,4.310000,0.012700
1478550029437,0.307300,0.305000,300,0.307500,1500,4.280000,0.012600
1478550031447,0.307300,0.305000,300,0.307500,1500,4.280000,0.012600
1478550032951,0.307300,0.305000,300,0.307500,1500,4.280000,0.012600
1478550035461,0.307300,0.305000,300,0.307500,1500,4.280000,0.012600
1478550036990,0.307300,0.305000,300,0.307500,1500,4.280000,0.012600
1478550038480,0.307300,0.305000,300,0.307500,1500,4.280000,0.012600
1478550041856,0.307300,0.305000,300,0.307500,1500,4.280000,0.012600
1478550043851,0.307300,0.305000,300,0.307500,1500,4.280000,0.012600
1478550045853,0.307300,0.305000,300,0.307500,1500,4.280000,0.012600
1478550047850,0.307300,0.305000,300,0.307500,1500,4.280000,0.012600
1478550049854,0.307300,0.305000,300,0.307500,1500,4.280000,0.012600
1478550052358,0.307300,0.305000,300,0.307500,1500,4.280000,0.012600
1478550054357,0.307300,0.305000,300,0.307500,1500,4.280000,0.012600
1478550056354,0.307300,0.305000,300,0.307500,1500,4.280000,0.012600
1478550058356,0.307300,0.305000,300,0.307500,1500,4.280000,0.012600
1478550060354,0.307300,0.305000,300,0.307500,1500,4.280000,0.012600
1478550062359,0.307300,0.305000,300,0.307500,1500,4.280000,0.012600
1478550063862,0.307300,0.305000,300,0.307500,1500,4.280000,0.012600
1478550066366,0.307300,0.305000,300,0.307500,1500,4.280000,0.012600
1478550068381,0.307300,0.305000,300,0.307500,1500,4.280000,0.012600
1478550068873,0.307300,0.305000,300,0.307500,1500,4.280000,0.012600
1478550072360,0.307300,0.305000,300,0.307500,1500,4.280000,0.012600
1478550074864,0.307300,0.305000,300,0.307500,1500,4.280000,0.012600
1478550076867,0.307300,0.305000,300,0.307500,1500,4.280000,0.012600
1478550078856,0.307300,0.305000,300,0.307500,1500,4.280000,0.012600
1478550080394,0.307300,0.305000,300,0.307500,1500,4.280000,0.012600
1478550082868,0.307300,0.305000,300,0.307500,1500,4.280000,0.012600
1478550084865,0.307300,0.305000,300,0.307500,1500,4.280000,0.012600
1478550086869,0.307300,0.305000,300,0.307500,1500,4.280000,0.012600
1478550089371,0.307300,0.305000,300,0.307500,1500,4.280000,0.012600
1478550091367,0.307300,0.305000,300,0.307500,1500,4.280000,0.012600
1478550093365,0.307300,0.305000,300,0.307500,1500,4.280000,0.012600
1478550094393,0.307300,0.305000,300,0.307500,1500,4.280000,0.012600
1478550097384,0.307300,0.305000,300,0.307500,1500,4.280000,0.012600
1478550098868,0.307300,0.305000,300,0.307500,1500,4.280000,0.012600
1478550101375,0.307300,0.305000,300,0.307500,1500,4.280000,0.012600
1478550103372,0.307300,0.305000,300,0.307500,1500,4.280000,0.012600
1478550105366,0.307300,0.305000,300,0.307500,1500,4.280000,0.012600
1478550107364,0.307300,0.305000,300,0.307500,1500,4.280000,0.012600
1478550109881,0.307300,0.305000,300,0.307500,1500,4.280000,0.012600
1478550111893,0.307300,0.305000,300,0.307500,1500,4.280000,0.012600
1478550113882,0.307300,0.305000,300,0.307500,1500,4.280000,0.012600
1478550115877,0.307300,0.305000,300,0.307500,1500,4.280000,0.012600
1478550117381,0.307300,0.305000,300,0.307500,1500,4.280000,0.012600
1478550119879,0.307300,0.305000,300,0.307500,1500,4.280000,0.012600
1478550121382,0.307300,0.305000,300,0.307500,1500,4.280000,0.012600
1478550123885,0.307300,0.305000,300,0.307500,1500,4.280000,0.012600
1478550125892,0.307300,0.305000,300,0.307500,1500,4.280000,0.012600
1478550127883,0.307300,0.305000,300,0.307500,1500,4.280000,0.012600
1478550129922,0.307300,0.305000,300,0.307500,1500,4.280000,0.012600
1478550132385,0.307300,0.305000,300,0.307500,1500,4.280000,0.012600
1478550133877,0.307300,0.305000,300,0.307500,1500,4.280000,0.012600
1478550136383,0.307300,0.305000,300,0.307500,1500,4.280000,0.012600
1478550138431,0.307300,0.305000,300,0.307500,1500,4.280000,0.012600
1478550140388,0.307300,0.305000,300,0.307500,1500,4.280000,0.012600
1478550142901,0.307300,0.305000,300,0.307500,1500,4.280000,0.012600
1478550144886,0.307300,0.305000,300,0.307500,1500,4.280000,0.012600
1478550146883,0.307300,0.305000,300,0.307500,1500,4.280000,0.012600
1478550148880,0.307300,0.305000,300,0.307500,1500,4.280000,0.012600
1478550150931,0.307300,0.305000,300,0.307500,1500,4.280000,0.012600
1478550152909,0.307300,0.305000,300,0.307500,1500,4.280000,0.012600
1478550154905,0.307300,0.305000,300,0.307500,1500,4.280000,0.012600
1478550157391,0.307300,0.305000,300,0.307500,1500,4.280000,0.012600
1478550159397,0.307300,0.305000,300,0.307500,1500,4.280000,0.012600
1478550161402,0.307300,0.305000,300,0.307500,1500,4.280000,0.012600
1478550162900,0.307300,0.305000,300,0.307500,1500,4.280000,0.012600
1478550165391,0.307300,0.305000,300,0.307500,1500,4.280000,0.012600
1478550165900,0.307300,0.305000,300,0.307500,1500,4.280000,0.012600
1478550168429,0.307300,0.305000,300,0.307500,1500,4.280000,0.012600
1478550171397,0.307300,0.305000,300,0.307500,1500,4.280000,0.012600
1478550173392,0.307300,0.305000,300,0.307500,1500,4.280000,0.012600
1478550175402,0.307300,0.305000,300,0.307500,1500,4.280000,0.012600
1478550177903,0.307300,0.305000,300,0.307500,1500,4.280000,0.012600
1478550179399,0.307300,0.305000,300,0.307500,1500,4.280000,0.012600
1478550180902,0.307300,0.305000,300,0.307500,1500,4.280000,0.012600
1478550183900,0.307300,0.305000,300,0.307500,1500,4.280000,0.012600
1478550185895,0.307300,0.305000,300,0.307500,1500,4.280000,0.012600
1478550187909,0.307300,0.305000,300,0.307500,1100,4.280000,0.012600
1478550189403,0.307300,0.305000,300,0.307500,1100,4.280000,0.012600
1478550191400,0.307300,0.305000,300,0.307500,1100,4.280000,0.012600
1478550193404,0.307300,0.305000,300,0.307500,1100,4.280000,0.012600
1478550195918,0.307300,0.305000,300,0.307500,1100,4.280000,0.012600
1478550197905,0.307300,0.305000,300,0.307500,1100,4.280000,0.012600
1478550200414,0.307300,0.305000,300,0.307500,1100,4.280000,0.012600
1478550202399,0.307300,0.305000,300,0.307500,1100,4.280000,0.012600
1478550204406,0.305000,0.305000,100,0.307500,1100,3.500000,0.010300
1478550206400,0.305000,0.305000,100,0.307500,1100,3.500000,0.010300
1478550207904,0.305000,0.305000,100,0.307500,1100,3.500000,0.010300
1478550210418,0.305000,0.305000,100,0.307500,1100,3.500000,0.010300
1478550212482,0.305000,0.305000,100,0.307500,1100,3.500000,0.010300
1478550214412,0.305000,0.305000,100,0.307500,1100,3.500000,0.010300
1478550215915,0.305000,0.305000,100,0.307500,1100,3.500000,0.010300
1478550217459,0.305000,0.305000,100,0.307500,1100,3.500000,0.010300
1478550220911,0.305000,0.305000,100,0.307500,1100,3.500000,0.010300
1478550222915,0.305000,0.305000,100,0.307500,1100,3.500000,0.010300
1478550224904,0.305000,0.305000,100,0.307500,1100,3.500000,0.010300
1478550225912,0.305000,0.305000,100,0.307500,1100,3.500000,0.010300
1478550228929,0.305000,0.305000,100,0.307500,1100,3.500000,0.010300
1478550230447,0.305000,0.305000,100,0.307500,1100,3.500000,0.010300
1478550232914,0.305100,0.305000,100,0.307500,1100,3.530000,0.010400
1478550234924,0.305100,0.305000,100,0.307400,800,3.530000,0.010400
1478550236914,0.305100,0.305000,100,0.307400,800,3.530000,0.010400
1478550239422,0.305100,0.305000,100,0.307300,1200,3.530000,0.010400
1478550241412,0.305100,0.305000,100,0.307300,1200,3.530000,0.010400
1478550243433,0.305100,0.305000,100,0.307300,1200,3.530000,0.010400
1478550245452,0.305100,0.305000,100,0.307300,1200,3.530000,0.010400
1478550247422,0.305100,0.305000,100,0.307300,1200,3.530000,0.010400
1478550249424,0.305100,0.305000,100,0.307300,1200,3.530000,0.010400
1478550251429,0.305100,0.305000,100,0.307300,1200,3.530000,0.010400
1478550253431,0.305100,0.305000,100,0.307300,1200,3.530000,0.010400
1478550255432,0.305100,0.305000,100,0.307300,1200,3.530000,0.010400
1478550257476,0.305100,0.305000,100,0.307300,1200,3.530000,0.010400
1478550259445,0.305100,0.305000,100,0.307300,1200,3.530000,0.010400
1478550261926,0.305100,0.305000,100,0.307300,1200,3.530000,0.010400
1478550263923,0.305100,0.305000,100,0.307300,1200,3.530000,0.010400
1478550265421,0.305100,0.305000,100,0.307300,1200,3.530000,0.010400
1478550267923,0.305100,0.305000,100,0.307300,1200,3.530000,0.010400
1478550269928,0.305100,0.305000,100,0.307300,1200,3.530000,0.010400
1478550271964,0.305100,0.305000,100,0.307300,1200,3.530000,0.010400
1478550273950,0.305100,0.305000,100,0.307300,1200,3.530000,0.010400
1478550275931,0.305100,0.305000,100,0.307300,1200,3.530000,0.010400
1478550277923,0.305100,0.305000,100,0.307300,1200,3.530000,0.010400
1478550279931,0.305100,0.305000,100,0.307300,1200,3.530000,0.010400
1478550282429,0.305100,0.305000,100,0.307300,1200,3.530000,0.010400
1478550283937,0.305100,0.305000,100,0.307300,1200,3.530000,0.010400
1478550285912,0.305100,0.305000,100,0.307300,1200,3.530000,0.010400
1478550288448,0.305100,0.305000,100,0.307300,1200,3.530000,0.010400
1478550289443,0.305100,0.305000,100,0.307300,1200,3.530000,0.010400
1478550291946,0.305100,0.305000,100,0.307300,1200,3.530000,0.010400
1478550294445,0.305100,0.305000,100,0.307300,1200,3.530000,0.010400
1478550296441,0.305100,0.305000,100,0.307300,1200,3.530000,0.010400
1478550298443,0.305100,0.305000,100,0.307300,1200,3.530000,0.010400
1478550299945,0.305100,0.305000,100,0.307300,1200,3.530000,0.010400
1478550302445,0.305100,0.305000,100,0.307300,1200,3.530000,0.010400
1478550303940,0.305100,0.305000,100,0.307300,1200,3.530000,0.010400
1478550306442,0.305100,0.305000,100,0.307300,1200,3.530000,0.010400
1478550308934,0.305100,0.305000,100,0.307300,1200,3.530000,0.010400
1478550310856,0.305100,0.305000,100,0.307300,1200,3.530000,0.010400
1478550312853,0.305100,0.305000,100,0.307300,1200,3.530000,0.010400
1478550314858,0.305100,0.305000,100,0.307300,1200,3.530000,0.010400
1478550317355,0.305100,0.305000,100,0.307300,1200,3.530000,0.010400
1478550318852,0.305100,0.305000,100,0.307300,1200,3.530000,0.010400
1478550321349,0.305100,0.305000,100,0.307300,1200,3.530000,0.010400
1478550323355,0.305100,0.305000,100,0.307300,1200,3.530000,0.010400
1478550325356,0.305100,0.305100,100,0.307300,700,3.530000,0.010400
1478550327355,0.305100,0.305100,100,0.307300,700,3.530000,0.010400
1478550329353,0.305100,0.305100,100,0.307300,700,3.530000,0.010400
1478550331399,0.305100,0.305100,100,0.307300,700,3.530000,0.010400
1478550333868,0.305100,0.305100,100,0.307300,700,3.530000,0.010400
1478550335900,0.305100,0.305100,100,0.307300,700,3.530000,0.010400
1478550337856,0.305100,0.305100,100,0.307300,700,3.530000,0.010400
1478550339861,0.305100,0.305100,100,0.307300,700,3.530000,0.010400
1478550341863,0.305100,0.305100,100,0.307300,700,3.530000,0.010400
1478550343861,0.305100,0.305100,100,0.307300,700,3.530000,0.010400
1478550345862,0.305100,0.305100,100,0.307300,700,3.530000,0.010400
1478550347877,0.305100,0.305100,100,0.307300,700,3.530000,0.010400
1478550349358,0.305100,0.305100,100,0.307300,700,3.530000,0.010400
1478550351864,0.305100,0.305100,100,0.307300,700,3.530000,0.010400
1478550354364,0.305100,0.305100,100,0.307300,700,3.530000,0.010400
1478550356365,0.305100,0.305100,100,0.307300,700,3.530000,0.010400
1478550358374,0.305100,0.305100,100,0.307300,700,3.530000,0.010400
1478550360373,0.305100,0.305100,100,0.307300,700,3.530000,0.010400
1478550362366,0.305100,0.305100,100,0.307300,700,3.530000,0.010400
1478550364370,0.305100,0.305100,100,0.307300,700,3.530000,0.010400
1478550366411,0.305100,0.305100,100,0.307300,700,3.530000,0.010400
1478550368368,0.305100,0.305100,100,0.307300,700,3.530000,0.010400
1478550370370,0.305100,0.305100,100,0.307300,700,3.530000,0.010400
1478550371872,0.305100,0.305100,100,0.307300,700,3.530000,0.010400
1478550374373,0.305100,0.305100,100,0.307300,700,3.530000,0.010400
1478550376871,0.305100,0.305100,100,0.307300,700,3.530000,0.010400
1478550379388,0.305100,0.305100,100,0.307300,700,3.530000,0.010400
1478550381371,0.305100,0.305100,100,0.307300,700,3.530000,0.010400
1478550383365,0.305100,0.305100,100,0.307300,700,3.530000,0.010400
1478550385382,0.305100,0.305100,100,0.307300,700,3.530000,0.010400
1478550387372,0.305100,0.305100,100,0.307300,700,3.530000,0.010400
1478550389370,0.305100,0.305100,100,0.307300,700,3.530000,0.010400
1478550391393,0.305100,0.305100,100,0.307300,700,3.530000,0.010400
1478550393386,0.307200,0.305100,100,0.307300,700,4.240000,0.012500
1478550395378,0.307200,0.305100,100,0.307300,700,4.240000,0.012500
1478550397378,0.307200,0.305100,100,0.307300,700,4.240000,0.012500
1478550399388,0.307200,0.305100,100,0.307300,700,4.240000,0.012500
1478550401881,0.307200,0.305100,100,0.307300,700,4.240000,0.012500
1478550403880,0.307200,0.305100,100,0.307300,700,4.240000,0.012500
1478550405865,0.307200,0.305100,100,0.307300,700,4.240000,0.012500
1478550407395,0.307200,0.305100,100,0.307300,700,4.240000,0.012500
1478550409884,0.307200,0.305100,100,0.307300,700,4.240000,0.012500
1478550411874,0.307200,0.305100,100,0.307300,700,4.240000,0.012500
1478550413870,0.307200,0.305100,100,0.307300,700,4.240000,0.012500
1478550415888,0.307200,0.305100,100,0.307300,700,4.240000,0.012500
1478550417932,0.307200,0.305100,100,0.307300,700,4.240000,0.012500
1478550419396,0.307200,0.305100,100,0.307300,700,4.240000,0.012500
1478550422429,0.307200,0.305100,100,0.307300,700,4.240000,0.012500
1478550424381,0.307200,0.305100,100,0.307300,700,4.240000,0.012500
1478550425887,0.307200,0.305100,100,0.307300,700,4.240000,0.012500
1478550428399,0.307200,0.305100,100,0.307300,700,4.240000,0.012500
1478550430389,0.307200,0.305100,100,0.307300,700,4.240000,0.012500
1478550432394,0.307200,0.305100,100,0.307300,700,4.240000,0.012500
1478550433871,0.307200,0.305100,100,0.307300,700,4.240000,0.012500
1478550436391,0.307200,0.305100,100,0.307300,700,4.240000,0.012500
1478550438390,0.307200,0.305100,100,0.307300,700,4.240000,0.012500
1478550440892,0.307200,0.305100,100,0.307300,700,4.240000,0.012500
1478550442910,0.307200,0.305100,100,0.307300,700,4.240000,0.012500
1478550444891,0.307200,0.305100,100,0.307300,700,4.240000,0.012500
1478550446897,0.307400,0.305100,100,0.307400,300,4.310000,0.012700
1478550448897,0.307400,0.305100,100,0.307400,300,4.310000,0.012700
1478550450892,0.307400,0.305100,100,0.307400,300,4.310000,0.012700
1478550452905,0.307400,0.305100,100,0.307400,300,4.310000,0.012700
1478550454903,0.307400,0.305100,100,0.307400,300,4.310000,0.012700
1478550456898,0.307400,0.305100,100,0.307400,300,4.310000,0.012700
1478550458889,0.307400,0.305100,100,0.307400,300,4.310000,0.012700
1478550460913,0.307400,0.305100,100,0.307400,300,4.310000,0.012700
1478550463398,0.307400,0.305100,200,0.307400,100,4.310000,0.012700
1478550464387,0.307400,0.305100,200,0.307400,100,4.310000,0.012700
1478550467400,0.307400,0.305100,200,0.307400,100,4.310000,0.012700
1478550469405,0.307400,0.305100,200,0.307400,100,4.310000,0.012700
1478550471445,0.307400,0.305100,200,0.307400,100,4.310000,0.012700
1478550473406,0.307400,0.305100,200,0.307400,100,4.310000,0.012700
1478550475405,0.307400,0.305100,200,0.307400,100,4.310000,0.012700
1478550477399,0.307400,0.305100,200,0.307400,100,4.310000,0.012700
1478550478936,0.307400,0.305100,200,0.307400,100,4.310000,0.012700
1478550481428,0.307400,0.305100,200,0.307400,100,4.310000,0.012700
1478550483904,0.307400,0.305100,200,0.307300,1800,4.310000,0.012700
1478550485404,0.307400,0.305100,200,0.307300,1800,4.310000,0.012700
1478550487919,0.307400,0.305100,200,0.307300,1800,4.310000,0.012700
1478550489906,0.307400,0.305100,200,0.307300,1800,4.310000,0.012700
1478550491925,0.307400,0.305100,200,0.307300,1800,4.310000,0.012700
1478550493937,0.307400,0.305100,200,0.307300,1800,4.310000,0.012700
1478550496410,0.307400,0.305100,200,0.307300,1800,4.310000,0.012700
1478550497411,0.307400,0.305100,200,0.307300,1800,4.310000,0.012700
1478550499915,0.307400,0.305100,200,0.307300,1800,4.310000,0.012700
1478550502412,0.307400,0.305100,200,0.307300,1800,4.310000,0.012700
1478550503920,0.307400,0.305100,200,0.307300,1800,4.310000,0.012700
1478550506422,0.307400,0.305100,200,0.307300,1800,4.310000,0.012700
1478550508406,0.307400,0.305100,200,0.307300,1800,4.310000,0.012700
1478550510415,0.307400,0.305100,200,0.307300,1800,4.310000,0.012700
1478550510927,0.307400,0.305100,200,0.307300,1800,4.310000,0.012700
1478550514421,0.307400,0.305100,200,0.307300,1800,4.310000,0.012700
1478550516418,0.307400,0.305100,200,0.307300,1800,4.310000,0.012700
1478550518420,0.307400,0.305100,200,0.307300,1800,4.310000,0.012700
1478550520413,0.307400,0.305100,200,0.307300,1800,4.310000,0.012700
1478550522937,0.307400,0.305100,200,0.307300,1800,4.310000,0.012700
1478550524913,0.307400,0.305100,200,0.307300,1800,4.310000,0.012700
1478550526915,0.307400,0.305100,200,0.307300,1800,4.310000,0.012700
1478550528969,0.307400,0.305100,200,0.307300,1800,4.310000,0.012700
1478550530422,0.307400,0.305100,200,0.307300,1800,4.310000,0.012700
1478550532924,0.307400,0.305100,200,0.307300,1800,4.310000,0.012700
1478550533931,0.307400,0.305100,200,0.307300,1800,4.310000,0.012700
1478550535930,0.307400,0.305100,200,0.307300,1800,4.310000,0.012700
1478550538921,0.307400,0.305100,200,0.307300,1800,4.310000,0.012700
1478550541417,0.307400,0.305100,200,0.307300,1800,4.310000,0.012700
1478550543423,0.307400,0.305100,200,0.307300,1800,4.310000,0.012700
1478550544923,0.307400,0.305100,200,0.307300,1800,4.310000,0.012700
1478550547429,0.307400,0.305100,200,0.307300,1800,4.310000,0.012700
1478550549436,0.307400,0.305100,200,0.307300,1800,4.310000,0.012700
1478550551432,0.307400,0.305100,200,0.307300,1800,4.310000,0.012700
1478550553436,0.307400,0.305100,200,0.307300,1800,4.310000,0.012700
1478550555925,0.307400,0.305100,200,0.307300,1800,4.310000,0.012700
1478550556930,0.307400,0.305100,200,0.307300,1800,4.310000,0.012700
1478550559927,0.307400,0.305100,200,0.307300,1800,4.310000,0.012700
1478550561928,0.307400,0.305100,200,0.307300,1800,4.310000,0.012700
1478550563431,0.307400,0.305100,200,0.307300,1800,4.310000,0.012700
1478550565966,0.307400,0.305100,200,0.307300,1800,4.310000,0.012700
1478550567945,0.307400,0.305100,200,0.307300,1800,4.310000,0.012700
1478550569936,0.307400,0.305100,200,0.307300,1800,4.310000,0.012700
1478550571430,0.307400,0.305100,200,0.307300,1800,4.310000,0.012700
1478550573935,0.307400,0.305100,200,0.307300,1800,4.310000,0.012700
1478550575921,0.307400,0.305100,200,0.307300,1800,4.310000,0.012700
1478550578434,0.307400,0.305100,200,0.307300,1800,4.310000,0.012700
1478550580465,0.307400,0.305100,200,0.307300,1800,4.310000,0.012700
1478550582431,0.307400,0.305100,200,0.307300,1800,4.310000,0.012700
1478550584438,0.307400,0.305100,200,0.307300,1800,4.310000,0.012700
1478550586437,0.307400,0.305100,200,0.307300,1800,4.310000,0.012700
1478550587943,0.307400,0.305100,200,0.307300,1800,4.310000,0.012700
1478550590850,0.307400,0.305100,200,0.307300,1800,4.310000,0.012700
1478550592851,0.307400,0.305100,200,0.307300,1800,4.310000,0.012700
1478550594850,0.307300,0.305100,200,0.307300,1100,4.280000,0.012600
1478550596842,0.307300,0.305100,200,0.307300,1100,4.280000,0.012600
1478550598850,0.307300,0.305100,200,0.307300,1100,4.280000,0.012600
1478550600352,0.307300,0.305100,200,0.307300,1100,4.280000,0.012600
1478550602853,0.307300,0.305100,200,0.307300,1100,4.280000,0.012600
1478550604851,0.307300,0.305100,200,0.307300,1100,4.280000,0.012600
1478550606865,0.307300,0.305100,200,0.307300,1100,4.280000,0.012600
1478550608362,0.307300,0.305100,200,0.307300,1100,4.280000,0.012600
1478550611377,0.307300,0.305100,200,0.307300,1100,4.280000,0.012600
1478550613354,0.307300,0.305100,200,0.307300,1100,4.280000,0.012600
1478550615358,0.307300,0.305100,200,0.307300,1100,4.280000,0.012600
1478550617359,0.307300,0.305100,200,0.307300,1100,4.280000,0.012600
1478550619366,0.307300,0.305100,200,0.307300,1100,4.280000,0.012600
1478550621359,0.307300,0.305100,200,0.307300,1100,4.280000,0.012600
1478550622867,0.307300,0.305100,200,0.307300,1100,4.280000,0.012600
1478550625360,0.307300,0.305100,200,0.307300,1100,4.280000,0.012600
1478550627365,0.307300,0.305100,200,0.307300,1100,4.280000,0.012600
1478550629365,0.307300,0.305100,200,0.307300,1100,4.280000,0.012600
1478550631366,0.307300,0.305100,200,0.307300,1100,4.280000,0.012600
1478550633364,0.307300,0.305100,200,0.307300,1100,4.280000,0.012600
1478550634872,0.307300,0.305100,200,0.307300,1100,4.280000,0.012600
1478550637369,0.307300,0.305100,200,0.307300,1100,4.280000,0.012600
1478550639899,0.307300,0.305100,200,0.307300,1100,4.280000,0.012600
1478550641911,0.307300,0.305100,200,0.307300,1100,4.280000,0.012600
1478550643868,0.307300,0.305100,200,0.307300,1100,4.280000,0.012600
1478550645868,0.307300,0.305100,200,0.307300,1100,4.280000,0.012600
1478550647880,0.307300,0.305100,200,0.307300,1100,4.280000,0.012600
1478550650373,0.307300,0.305100,200,0.307300,1100,4.280000,0.012600
1478550652380,0.307300,0.305100,200,0.307300,1100,4.280000,0.012600
1478550654383,0.307300,0.305100,200,0.307300,1100,4.280000,0.012600
1478550655886,0.307300,0.305100,200,0.307300,1100,4.280000,0.012600
1478550658367,0.307300,0.305100,200,0.307300,1100,4.280000,0.012600
1478550660371,0.307300,0.305100,200,0.307300,1100,4.280000,0.012600
1478550662389,0.307300,0.305100,200,0.307300,1100,4.280000,0.012600
1478550664370,0.307300,0.305100,200,0.307300,1100,4.280000,0.012600
1478550666376,0.307300,0.305100,200,0.307300,1100,4.280000,0.012600
1478550668415,0.307300,0.305100,200,0.307300,1100,4.280000,0.012600
1478550669901,0.307300,0.305100,200,0.307300,1100,4.280000,0.012600
1478550672897,0.307300,0.305100,200,0.307300,1100,4.280000,0.012600
1478550674386,0.307300,0.305100,200,0.307300,1100,4.280000,0.012600
1478550676879,0.307300,0.305100,200,0.307300,1100,4.280000,0.012600
1478550678884,0.307300,0.305100,200,0.307300,1100,4.280000,0.012600
1478550680883,0.307300,0.305100,200,0.307300,1100,4.280000,0.012600
1478550682878,0.307300,0.305100,200,0.307300,1100,4.280000,0.012600
1478550684385,0.307300,0.305100,200,0.307300,1100,4.280000,0.012600
1478550686880,0.307300,0.305100,200,0.307300,1100,4.280000,0.012600
1478550688880,0.307300,0.305100,200,0.307300,1100,4.280000,0.012600
1478550690925,0.307300,0.305100,200,0.307300,1100,4.280000,0.012600
1478550693388,0.307300,0.305100,200,0.307300,1100,4.280000,0.012600
1478550695378,0.307300,0.305100,200,0.307300,1100,4.280000,0.012600
1478550697390,0.307300,0.305100,200,0.307300,1100,4.280000,0.012600
1478550699910,0.307300,0.305100,200,0.307300,1100,4.280000,0.012600
1478550701881,0.307300,0.305100,200,0.307300,1100,4.280000,0.012600
1478550703887,0.307300,0.305100,200,0.307300,1100,4.280000,0.012600
1478550705896,0.307300,0.305100,200,0.307300,1100,4.280000,0.012600
1478550708395,0.307300,0.305100,200,0.307300,1100,4.280000,0.012600
1478550710403,0.307300,0.305100,200,0.307300,1100,4.280000,0.012600
1478550712390,0.307300,0.305100,200,0.307300,1100,4.280000,0.012600
1478550714401,0.307300,0.305100,200,0.307300,1100,4.280000,0.012600
1478550715397,0.307300,0.305100,200,0.307300,1100,4.280000,0.012600
1478550717905,0.307200,0.305100,200,0.307300,1100,4.240000,0.012500
1478550720398,0.307200,0.305100,200,0.307300,1100,4.240000,0.012500
1478550721898,0.307200,0.305100,200,0.307300,1100,4.240000,0.012500
1478550724899,0.307200,0.305100,200,0.307300,1100,4.240000,0.012500
1478550726900,0.307200,0.305100,200,0.307300,1100,4.240000,0.012500
1478550728923,0.307200,0.305100,200,0.307300,1100,4.240000,0.012500
1478550730926,0.307200,0.305100,200,0.307300,1100,4.240000,0.012500
1478550732905,0.307200,0.305100,200,0.307300,1100,4.240000,0.012500
1478550734897,0.307200,0.305100,200,0.307300,1100,4.240000,0.012500
1478550736914,0.307200,0.305100,200,0.307300,1100,4.240000,0.012500
1478550738900,0.307200,0.305100,200,0.307300,1100,4.240000,0.012500
1478550740911,0.307200,0.305100,200,0.307300,1100,4.240000,0.012500
1478550742918,0.307200,0.305100,200,0.307300,1100,4.240000,0.012500
1478550744981,0.307200,0.305100,200,0.307300,1100,4.240000,0.012500
1478550747419,0.307200,0.305100,200,0.307300,1100,4.240000,0.012500
1478550749403,0.307200,0.305100,200,0.307300,1100,4.240000,0.012500
1478550750912,0.307200,0.305100,200,0.307300,1100,4.240000,0.012500
1478550753464,0.307200,0.305100,200,0.307300,1100,4.240000,0.012500
1478550754413,0.307200,0.305100,200,0.307300,1100,4.240000,0.012500
1478550756413,0.307200,0.305100,200,0.307300,1100,4.240000,0.012500
1478550759423,0.307200,0.305100,200,0.307300,1100,4.240000,0.012500
1478550760923,0.307200,0.305100,200,0.307300,1100,4.240000,0.012500
1478550763410,0.307200,0.305100,200,0.307300,1100,4.240000,0.012500
1478550765423,0.307200,0.305100,200,0.307300,1100,4.240000,0.012500
1478550767432,0.307200,0.305100,200,0.307300,1100,4.240000,0.012500
1478550769406,0.307200,0.305100,200,0.307300,1100,4.240000,0.012500
1478550771922,0.307200,0.305100,200,0.307300,1100,4.240000,0.012500
1478550773429,0.307200,0.305100,200,0.307300,1100,4.240000,0.012500
1478550775916,0.307200,0.305100,200,0.307300,1100,4.240000,0.012500
1478550777920,0.307200,0.305100,200,0.307300,1100,4.240000,0.012500
1478550779924,0.307200,0.305100,200,0.307300,1100,4.240000,0.012500
1478550781933,0.307200,0.305100,200,0.307300,1100,4.240000,0.012500
1478550784433,0.307200,0.305100,200,0.307300,1100,4.240000,0.012500
1478550786439,0.307200,0.305100,200,0.307300,1100,4.240000,0.012500
1478550788438,0.307200,0.305100,200,0.307300,1100,4.240000,0.012500
1478550789936,0.307200,0.305100,200,0.307300,1100,4.240000,0.012500
1478550791931,0.307200,0.305100,200,0.307300,1100,4.240000,0.012500
1478550794428,0.307200,0.305100,200,0.307300,1100,4.240000,0.012500
1478550795972,0.307200,0.305100,200,0.307300,1100,4.240000,0.012500
1478550797939,0.307200,0.305100,200,0.307300,1100,4.240000,0.012500
1478550800482,0.307200,0.305100,200,0.307300,1100,4.240000,0.012500
1478550802430,0.307200,0.305100,200,0.307300,1100,4.240000,0.012500
1478550804940,0.307200,0.305100,200,0.307300,1100,4.240000,0.012500
1478550806932,0.307200,0.305100,200,0.307300,1100,4.240000,0.012500
1478550808911,0.307200,0.305100,200,0.307300,1100,4.240000,0.012500
1478550810942,0.307200,0.305100,200,0.307300,1100,4.240000,0.012500
1478550812939,0.307200,0.305100,200,0.307300,1100,4.240000,0.012500
1478550814924,0.307200,0.305100,200,0.307300,1100,4.240000,0.012500
1478550816919,0.307200,0.305100,200,0.307300,1100,4.240000,0.012500
1478550818935,0.307200,0.305100,200,0.307300,1100,4.240000,0.012500
1478550820937,0.307200,0.305100,200,0.307300,1100,4.240000,0.012500
1478550822439,0.307200,0.305100,200,0.307300,1100,4.240000,0.012500
1478550824956,0.307200,0.305100,200,0.307300,1100,4.240000,0.012500
1478550827447,0.307200,0.305100,200,0.307300,1100,4.240000,0.012500
1478550828968,0.307200,0.305100,200,0.307300,1100,4.240000,0.012500
1478550831446,0.307200,0.305100,200,0.307300,1100,4.240000,0.012500
1478550832946,0.307200,0.305100,200,0.307300,1100,4.240000,0.012500
1478550835442,0.307200,0.305100,200,0.307300,1100,4.240000,0.012500
1478550837438,0.307200,0.305100,200,0.307300,1100,4.240000,0.012500
1478550839446,0.307200,0.305100,200,0.307300,1100,4.240000,0.012500
1478550841444,0.307200,0.305100,200,0.307300,1100,4.240000,0.012500
1478550843437,0.307200,0.305100,200,0.307300,1100,4.240000,0.012500
1478550844958,0.307200,0.305100,200,0.307300,1100,4.240000,0.012500
1478550847449,0.307200,0.305100,300,0.307300,900,4.240000,0.012500
1478550849948,0.307200,0.305100,300,0.307300,900,4.240000,0.012500
1478550851455,0.307200,0.305100,300,0.307300,900,4.240000,0.012500
1478550853958,0.307200,0.305100,300,0.307300,900,4.240000,0.012500
1478550855960,0.307200,0.305100,300,0.307300,900,4.240000,0.012500
1478550857440,0.307200,0.305100,300,0.307300,900,4.240000,0.012500
1478550859362,0.307200,0.305100,300,0.307300,900,4.240000,0.012500
1478550861856,0.307200,0.305100,300,0.307300,900,4.240000,0.012500
1478550864356,0.307200,0.305100,300,0.307300,900,4.240000,0.012500
1478550865861,0.307200,0.305100,300,0.307300,900,4.240000,0.012500
1478550868359,0.307200,0.305100,300,0.307300,900,4.240000,0.012500
1478550870357,0.307200,0.305100,300,0.307300,900,4.240000,0.012500
1478550872359,0.307200,0.305100,300,0.307300,900,4.240000,0.012500
1478550874360,0.307200,0.305100,300,0.307300,900,4.240000,0.012500
1478550876359,0.307200,0.305100,300,0.307300,900,4.240000,0.012500
1478550878363,0.307200,0.305100,300,0.307300,900,4.240000,0.012500
1478550880359,0.307200,0.305100,300,0.307300,900,4.240000,0.012500
1478550882865,0.307200,0.305100,300,0.307300,900,4.240000,0.012500
1478550884862,0.307200,0.305100,300,0.307300,900,4.240000,0.012500
1478550886868,0.307200,0.305100,300,0.307300,900,4.240000,0.012500
1478550888938,0.307200,0.305100,300,0.307300,900,4.240000,0.012500
1478550890872,0.307200,0.305100,300,0.307300,900,4.240000,0.012500
1478550892881,0.307200,0.305100,300,0.307300,900,4.240000,0.012500
1478550894867,0.307200,0.305100,300,0.307300,900,4.240000,0.012500
1478550896870,0.307200,0.305100,300,0.307300,900,4.240000,0.012500
1478550898872,0.307200,0.305100,300,0.307300,900,4.240000,0.012500
1478550900871,0.307200,0.305100,300,0.307300,900,4.240000,0.012500
1478550902862,0.307200,0.305100,300,0.307300,900,4.240000,0.012500
1478550905364,0.307200,0.305100,300,0.307300,900,4.240000,0.012500
1478550906879,0.307200,0.305100,300,0.307300,900,4.240000,0.012500
1478550909372,0.307200,0.305100,300,0.307300,900,4.240000,0.012500
1478550911374,0.307200,0.305100,300,0.307300,900,4.240000,0.012500
1478550913380,0.307200,0.305100,300,0.307300,900,4.240000,0.012500
1478550915370,0.307200,0.305100,300,0.307300,900,4.240000,0.012500
1478550916374,0.307200,0.305100,300,0.307300,900,4.240000,0.012500
1478550918397,0.307200,0.305100,300,0.307300,900,4.240000,0.012500
1478550921382,0.307200,0.305100,300,0.307300,900,4.240000,0.012500
1478550922880,0.307200,0.305100,300,0.307300,900,4.240000,0.012500
1478550925378,0.307200,0.305100,300,0.307300,900,4.240000,0.012500
1478550927379,0.307200,0.305100,300,0.307300,900,4.240000,0.012500
1478550929878,0.307200,0.305100,300,0.307300,900,4.240000,0.012500
1478550931886,0.307200,0.305100,300,0.307300,900,4.240000,0.012500
1478550933871,0.307200,0.305100,300,0.307300,900,4.240000,0.012500
1478550935905,0.307200,0.305100,300,0.307300,900,4.240000,0.012500
1478550937382,0.307200,0.305100,300,0.307300,900,4.240000,0.012500
1478550939892,0.307200,0.305100,300,0.307300,900,4.240000,0.012500
1478550941892,0.307200,0.305100,300,0.307300,900,4.240000,0.012500
1478550943891,0.307200,0.305100,300,0.307300,900,4.240000,0.012500
1478550945872,0.307200,0.305100,300,0.307300,900,4.240000,0.012500
1478550947888,0.307200,0.305100,300,0.307300,900,4.240000,0.012500
1478550949925,0.307200,0.305100,300,0.307300,900,4.240000,0.012500
1478550952380,0.307200,0.305100,300,0.307300,900,4.240000,0.012500
1478550954400,0.307200,0.305100,300,0.307300,900,4.240000,0.012500
1478550956383,0.307200,0.305100,300,0.307300,900,4.240000,0.012500
1478550958395,0.307200,0.305100,300,0.307300,900,4.240000,0.012500
1478550960391,0.307200,0.305100,300,0.307300,900,4.240000,0.012500
1478550962381,0.307200,0.305100,300,0.307300,900,4.240000,0.012500
1478550964396,0.307200,0.305100,300,0.307300,900,4.240000,0.012500
1478550966471,0.307200,0.305100,300,0.307300,900,4.240000,0.012500
1478550968393,0.307200,0.305100,300,0.307300,900,4.240000,0.012500
1478550970892,0.307200,0.305100,300,0.307300,900,4.240000,0.012500
1478550972893,0.307200,0.305100,300,0.307300,900,4.240000,0.012500
1478550974896,0.307200,0.305100,300,0.307300,900,4.240000,0.012500
1478550976895,0.307200,0.305100,300,0.307300,900,4.240000,0.012500
1478550978912,0.307200,0.305100,300,0.307300,900,4.240000,0.012500
1478550980870,0.307200,0.305100,300,0.307300,900,4.240000,0.012500
1478550983402,0.307200,0.305100,300,0.307300,900,4.240000,0.012500
1478550985411,0.307200,0.305100,300,0.307300,900,4.240000,0.012500
1478550987401,0.307200,0.305100,300,0.307300,900,4.240000,0.012500
1478550989402,0.307200,0.305100,300,0.307300,900,4.240000,0.012500
1478550991403,0.307200,0.305100,300,0.307300,900,4.240000,0.012500
1478550993410,0.307200,0.305100,300,0.307300,900,4.240000,0.012500
1478550995907,0.307200,0.305100,300,0.307300,900,4.240000,0.012500
1478550997914,0.307200,0.305100,300,0.307300,900,4.240000,0.012500
1478550999909,0.307200,0.305100,300,0.307300,900,4.240000,0.012500
1478551001908,0.307200,0.305100,300,0.307300,900,4.240000,0.012500
1478551003914,0.307200,0.305100,300,0.307300,900,4.240000,0.012500
1478551005895,0.307200,0.305100,300,0.307300,900,4.240000,0.012500
1478551007924,0.307200,0.305100,300,0.307300,900,4.240000,0.012500
1478551009896,0.307200,0.305100,300,0.307300,900,4.240000,0.012500
1478551011897,0.307200,0.305100,300,0.307300,900,4.240000,0.012500
1478551013453,0.307200,0.305100,300,0.307300,900,4.240000,0.012500
1478551016399,0.307200,0.305100,300,0.307300,900,4.240000,0.012500
1478551018402,0.307200,0.305100,300,0.307300,900,4.240000,0.012500
1478551020422,0.307200,0.305100,300,0.307300,900,4.240000,0.012500
1478551022005,0.307200,0.305100,300,0.307300,900,4.240000,0.012500
1478551024424,0.307200,0.305100,300,0.307300,900,4.240000,0.012500
1478551025923,0.307200,0.305100,300,0.307300,900,4.240000,0.012500
1478551028418,0.307200,0.305100,300,0.307300,900,4.240000,0.012500
1478551029907,0.307200,0.305100,300,0.307300,900,4.240000,0.012500
1478551032406,0.307200,0.305100,300,0.307300,900,4.240000,0.012500
1478551034422,0.307200,0.305100,300,0.307300,900,4.240000,0.012500
1478551035411,0.307200,0.305100,300,0.307300,900,4.240000,0.012500
1478551038927,0.307200,0.305100,300,0.307300,900,4.240000,0.012500
1478551040913,0.307200,0.305100,300,0.307300,900,4.240000,0.012500
1478551042935,0.307200,0.305100,300,0.307300,900,4.240000,0.012500
1478551044925,0.307200,0.305100,300,0.307300,900,4.240000,0.012500
1478551046927,0.307200,0.305100,300,0.307300,900,4.240000,0.012500
1478551048930,0.307200,0.305100,300,0.307300,900,4.240000,0.012500
1478551050945,0.307200,0.305100,300,0.307300,900,4.240000,0.012500
1478551052962,0.307200,0.305100,300,0.307300,900,4.240000,0.012500
1478551055430,0.307200,0.305100,300,0.307300,900,4.240000,0.012500
1478551057422,0.307200,0.305100,300,0.307300,900,4.240000,0.012500
1478551059430,0.307200,0.305100,300,0.307300,900,4.240000,0.012500
1478551061422,0.307200,0.305100,300,0.307300,900,4.240000,0.012500
1478551063436,0.307200,0.305100,300,0.307300,900,4.240000,0.012500
1478551065459,0.307200,0.305100,300,0.307300,900,4.240000,0.012500
1478551067422,0.307200,0.305100,300,0.307300,900,4.240000,0.012500
1478551069440,0.307200,0.305100,300,0.307300,900,4.240000,0.012500
1478551071484,0.307200,0.305100,300,0.307300,900,4.240000,0.012500
1478551072938,0.307200,0.305100,300,0.307300,900,4.240000,0.012500
1478551074428,0.307200,0.305100,300,0.307300,900,4.240000,0.012500
1478551077443,0.307200,0.305100,300,0.307300,900,4.240000,0.012500
1478551079930,0.307200,0.305100,300,0.307300,900,4.240000,0.012500
1478551081935,0.307200,0.305100,300,0.307300,900,4.240000,0.012500
1478551083942,0.307200,0.305100,300,0.307300,900,4.240000,0.012500
1478551085932,0.307200,0.305100,300,0.307300,900,4.240000,0.012500
1478551087939,0.307200,0.305100,300,0.307300,900,4.240000,0.012500
1478551089946,0.307200,0.305100,300,0.307300,900,4.240000,0.012500
1478551091944,0.307200,0.305100,300,0.307300,900,4.240000,0.012500
1478551093980,0.307200,0.305100,300,0.307300,900,4.240000,0.012500
1478551096011,0.307200,0.305100,300,0.307300,900,4.240000,0.012500
1478551098433,0.307200,0.305100,300,0.307300,900,4.240000,0.012500
1478551099938,0.307200,0.305100,300,0.307300,900,4.240000,0.012500
1478551102443,0.307200,0.305100,300,0.307300,900,4.240000,0.012500
1478551104443,0.307200,0.305100,300,0.307300,900,4.240000,0.012500
1478551106449,0.307200,0.305100,200,0.307300,900,4.240000,0.012500
1478551108477,0.307200,0.305100,200,0.307300,900,4.240000,0.012500
1478551110467,0.307200,0.305100,200,0.307300,900,4.240000,0.012500
1478551112448,0.307200,0.305100,200,0.307300,900,4.240000,0.012500
1478551113955,0.307200,0.305100,200,0.307300,900,4.240000,0.012500
1478551116444,0.307200,0.305100,200,0.307300,900,4.240000,0.012500
1478551118958,0.307200,0.305100,200,0.307300,900,4.240000,0.012500
1478551120954,0.307200,0.305100,200,0.307300,900,4.240000,0.012500
1478551122448,0.307200,0.305100,200,0.307300,900,4.240000,0.012500
1478551124852,0.307200,0.305100,200,0.307300,900,4.240000,0.012500
1478551126371,0.307200,0.305100,200,0.307300,900,4.240000,0.012500
1478551129351,0.307200,0.305100,200,0.307300,900,4.240000,0.012500
1478551130852,0.307200,0.305100,200,0.307300,900,4.240000,0.012500
1478551133354,0.307200,0.305100,200,0.307300,900,4.240000,0.012500
1478551135353,0.307200,0.305100,200,0.307300,900,4.240000,0.012500
1478551137355,0.307200,0.305100,200,0.307300,900,4.240000,0.012500
1478551139352,0.307200,0.305100,200,0.307300,900,4.240000,0.012500
1478551141356,0.307200,0.305100,200,0.307300,900,4.240000,0.012500
1478551143357,0.307200,0.305100,200,0.307300,900,4.240000,0.012500
1478551145406,0.307200,0.305100,200,0.307300,900,4.240000,0.012500
1478551146857,0.307200,0.305100,200,0.307300,900,4.240000,0.012500
1478551149360,0.307200,0.305100,200,0.307300,900,4.240000,0.012500
1478551151856,0.307200,0.305100,200,0.307300,900,4.240000,0.012500
1478551152864,0.307200,0.305100,200,0.307300,900,4.240000,0.012500
1478551155870,0.307100,0.305100,200,0.307400,100,4.210000,0.012400
1478551157871,0.307100,0.305100,200,0.307400,100,4.210000,0.012400
1478551158863,0.307100,0.305100,200,0.307400,100,4.210000,0.012400
1478551161870,0.307100,0.305100,200,0.307400,100,4.210000,0.012400
1478551163868,0.307100,0.305100,200,0.307400,100,4.210000,0.012400
1478551165867,0.307100,0.305100,200,0.307400,100,4.210000,0.012400
1478551167866,0.307100,0.305100,200,0.307400,100,4.210000,0.012400
1478551169875,0.307100,0.305100,200,0.307400,100,4.210000,0.012400
1478551172379,0.307100,0.305100,200,0.307400,100,4.210000,0.012400
1478551174369,0.307100,0.305100,200,0.307400,100,4.210000,0.012400
1478551176374,0.307100,0.305100,200,0.307400,100,4.210000,0.012400
1478551178372,0.307100,0.305100,200,0.307400,100,4.210000,0.012400
1478551180371,0.307100,0.305100,200,0.307400,100,4.210000,0.012400
1478551182404,0.307100,0.305100,200,0.307400,100,4.210000,0.012400
1478551184395,0.307100,0.305100,200,0.307400,100,4.210000,0.012400
1478551186375,0.307100,0.305100,200,0.307400,100,4.210000,0.012400
1478551188378,0.307100,0.305100,200,0.307400,100,4.210000,0.012400
1478551189872,0.307100,0.305100,200,0.307400,100,4.210000,0.012400
1478551191885,0.307100,0.305100,200,0.307400,100,4.210000,0.012400
1478551194874,0.307100,0.305100,200,0.307400,100,4.210000,0.012400
1478551196974,0.307100,0.305100,200,0.307300,1200,4.210000,0.012400
1478551198897,0.307100,0.305100,200,0.307300,1200,4.210000,0.012400
1478551200365,0.307100,0.305100,200,0.307300,1200,4.210000,0.012400
1478551202381,0.307100,0.305100,200,0.307300,1200,4.210000,0.012400
1478551203877,0.307100,0.305100,200,0.307300,1200,4.210000,0.012400
1478551206883,0.307100,0.305100,200,0.307300,1200,4.210000,0.012400
1478551208882,0.307100,0.305100,200,0.307300,1200,4.210000,0.012400
1478551210893,0.307100,0.305100,200,0.307300,1200,4.210000,0.012400
1478551212887,0.307100,0.305100,200,0.307300,1200,4.210000,0.012400
1478551214878,0.307100,0.305100,200,0.307300,1200,4.210000,0.012400
1478551217387,0.307100,0.305100,200,0.307300,1200,4.210000,0.012400
1478551219379,0.307100,0.305100,200,0.307300,1200,4.210000,0.012400
1478551221388,0.307100,0.305100,200,0.307300,1200,4.210000,0.012400
1478551222940,0.307100,0.305100,200,0.307300,1200,4.210000,0.012400
1478551225392,0.307100,0.305100,200,0.307300,1200,4.210000,0.012400
1478551226931,0.307100,0.305100,200,0.307300,1200,4.210000,0.012400
1478551228876,0.307100,0.305100,200,0.307300,1200,4.210000,0.012400
1478551231386,0.307100,0.305100,200,0.307300,1200,4.210000,0.012400
1478551233396,0.307100,0.305100,200,0.307300,1200,4.210000,0.012400
1478551235397,0.307100,0.305100,200,0.307300,1200,4.210000,0.012400
1478551236910,0.307100,0.305100,200,0.307300,1200,4.210000,0.012400
1478551238907,0.307100,0.305100,200,0.307300,1200,4.210000,0.012400
1478551241901,0.307100,0.305100,200,0.307300,1200,4.210000,0.012400
1478551243897,0.307100,0.305100,200,0.307300,1200,4.210000,0.012400
1478551245895,0.307100,0.305100,200,0.307300,1200,4.210000,0.012400
1478551247899,0.307100,0.305100,200,0.307300,1200,4.210000,0.012400
1478551249900,0.307100,0.305100,200,0.307300,1200,4.210000,0.012400
1478551252404,0.307100,0.305100,200,0.307300,1200,4.210000,0.012400
1478551254408,0.307100,0.305100,200,0.307300,1200,4.210000,0.012400
1478551256395,0.305000,0.301400,300,0.305000,6200,3.500000,0.010300
1478551258418,0.305000,0.301400,300,0.304900,1800,3.500000,0.010300
1478551260396,0.305000,0.301400,300,0.304900,1800,3.500000,0.010300
1478551261897,0.305000,0.301400,300,0.304900,1800,3.500000,0.010300
1478551264410,0.305000,0.301400,300,0.304900,1800,3.500000,0.010300
1478551266399,0.305000,0.301400,300,0.304900,1800,3.500000,0.010300
1478551267427,0.305000,0.301400,300,0.304900,1800,3.500000,0.010300
1478551270410,0.305000,0.301400,300,0.305000,3600,3.500000,0.010300
1478551272907,0.305000,0.301400,300,0.305000,3600,3.500000,0.010300
1478551274953,0.305000,0.301400,300,0.305000,3600,3.500000,0.010300
1478551276918,0.305000,0.301400,300,0.305000,3600,3.500000,0.010300
1478551278915,0.305000,0.301400,300,0.305000,3600,3.500000,0.010300
1478551280908,0.305000,0.301400,300,0.305000,3600,3.500000,0.010300
1478551282482,0.305000,0.301400,300,0.305000,3600,3.500000,0.010300
1478551284912,0.305000,0.301400,300,0.305000,3600,3.500000,0.010300
1478551286912,0.305000,0.301400,300,0.305000,3600,3.500000,0.010300
1478551288914,0.305000,0.301400,300,0.305000,3600,3.500000,0.010300
1478551290418,0.305000,0.301400,300,0.305000,3600,3.500000,0.010300
1478551293402,0.305000,0.301400,300,0.305000,3600,3.500000,0.010300
1478551294918,0.305000,0.301400,300,0.305000,3600,3.500000,0.010300
1478551296909,0.305000,0.301400,300,0.305000,3600,3.500000,0.010300
1478551299495,0.305000,0.301400,300,0.305000,3600,3.500000,0.010300
1478551301419,0.305000,0.301400,300,0.305000,3600,3.500000,0.010300
1478551303422,0.305000,0.301400,300,0.305000,3600,3.500000,0.010300
1478551304913,0.305000,0.301400,300,0.305000,3600,3.500000,0.010300
1478551307419,0.305000,0.301400,300,0.305000,3600,3.500000,0.010300
1478551308417,0.305000,0.301400,300,0.304900,1800,3.500000,0.010300
1478551311427,0.305000,0.301400,300,0.304900,1800,3.500000,0.010300
1478551312929,0.305000,0.301400,300,0.304900,1800,3.500000,0.010300
1478551314923,0.305000,0.301400,300,0.304900,1800,3.500000,0.010300
1478551317935,0.305000,0.301400,300,0.305000,3600,3.500000,0.010300
1478551319922,0.305000,0.301400,300,0.305000,3600,3.500000,0.010300
1478551321927,0.305000,0.301400,300,0.305000,3600,3.500000,0.010300
1478551323923,0.305000,0.301400,300,0.305000,3600,3.500000,0.010300
1478551324431,0.305000,0.301400,300,0.305000,3600,3.500000,0.010300
1478551327940,0.305000,0.301400,300,0.305000,3600,3.500000,0.010300
1478551330004,0.305000,0.301400,300,0.305000,3600,3.500000,0.010300
1478551330931,0.305000,0.301400,300,0.305000,3600,3.500000,0.010300
1478551333923,0.305000,0.301400,300,0.305000,3600,3.500000,0.010300
1478551336424,0.305000,0.301400,300,0.305000,3600,3.500000,0.010300
1478551338434,0.305000,0.301400,300,0.305000,3600,3.500000,0.010300
1478551340425,0.305000,0.301400,300,0.305000,3600,3.500000,0.010300
1478551342428,0.305000,0.301400,300,0.305000,3600,3.500000,0.010300
1478551344008,0.305000,0.301400,300,0.305000,3600,3.500000,0.010300
1478551346451,0.305000,0.301400,300,0.305000,3600,3.500000,0.010300
1478551348439,0.305000,0.301400,300,0.305000,3600,3.500000,0.010300
1478551350430,0.305000,0.301400,300,0.305000,3600,3.500000,0.010300
1478551351978,0.305000,0.301400,400,0.305000,3600,3.500000,0.010300
1478551353947,0.305000,0.301400,400,0.305000,3600,3.500000,0.010300
1478551356933,0.305000,0.301400,400,0.304900,2400,3.500000,0.010300
1478551358943,0.305000,0.301400,400,0.304900,2400,3.500000,0.010300
1478551361006,0.305000,0.301400,400,0.304900,2400,3.500000,0.010300
1478551362941,0.305000,0.301400,400,0.304900,2400,3.500000,0.010300
1478551364948,0.305000,0.301400,400,0.305000,3600,3.500000,0.010300
1478551366942,0.305000,0.301400,400,0.304900,2400,3.500000,0.010300
1478551368946,0.305000,0.301400,400,0.304900,2400,3.500000,0.010300
1478551370950,0.305000,0.301400,400,0.304900,2400,3.500000,0.010300
1478551372960,0.305000,0.301400,400,0.304900,2400,3.500000,0.010300
1478551374997,0.305000,0.301400,400,0.305000,3600,3.500000,0.010300
1478551376942,0.305000,0.301400,400,0.305000,3600,3.500000,0.010300
1478551379443,0.305000,0.301400,400,0.305000,3600,3.500000,0.010300
1478551381449,0.305000,0.301400,400,0.305000,3600,3.500000,0.010300
1478551383458,0.305000,0.301400,400,0.305000,3600,3.500000,0.010300
1478551385458,0.305000,0.301400,400,0.305000,3600,3.500000,0.010300
1478551387513,0.305000,0.301400,400,0.305000,3600,3.500000,0.010300
1478551387977,0.305000,0.301400,400,0.305000,3600,3.500000,0.010300
1478551391452,0.305000,0.301400,400,0.305000,3600,3.500000,0.010300
1478551393440,0.305000,0.301400,400,0.305000,3600,3.500000,0.010300
1478551395958,0.305000,0.301400,400,0.305000,3600,3.500000,0.010300
1478551397949,0.305000,0.301400,300,0.305000,3600,3.500000,0.010300
1478551399449,0.305000,0.301400,300,0.305000,3600,3.500000,0.010300
1478551401874,0.305000,0.301400,300,0.305000,3600,3.500000,0.010300
1478551403854,0.305000,0.301400,300,0.305000,3600,3.500000,0.010300
1478551405856,0.305000,0.301400,300,0.305000,3600,3.500000,0.010300
1478551407854,0.305000,0.301400,300,0.305000,3600,3.500000,0.010300
1478551410356,0.305000,0.301400,300,0.305000,3600,3.500000,0.010300
1478551412357,0.305000,0.301400,300,0.304900,2200,3.500000,0.010300
1478551414352,0.305000,0.301400,300,0.304900,2200,3.500000,0.010300
1478551416358,0.305000,0.301400,300,0.304900,2200,3.500000,0.010300
1478551418361,0.305000,0.301400,300,0.305000,3600,3.500000,0.010300
1478551420367,0.305000,0.301400,300,0.305000,3600,3.500000,0.010300
1478551422364,0.305000,0.301400,300,0.305000,3600,3.500000,0.010300
1478551423859,0.305000,0.301400,300,0.305000,3600,3.500000,0.010300
1478551426359,0.305000,0.301400,300,0.305000,3600,3.500000,0.010300
1478551428366,0.305000,0.301400,300,0.305000,3600,3.500000,0.010300
1478551430862,0.305000,0.301400,300,0.304900,2200,3.500000,0.010300
1478551432876,0.305000,0.301400,300,0.304900,2200,3.500000,0.010300
1478551434867,0.305000,0.301400,300,0.304900,2200,3.500000,0.010300
1478551436873,0.305000,0.301400,300,0.304900,2200,3.500000,0.010300
1478551439047,0.305000,0.301400,300,0.304900,2200,3.500000,0.010300
1478551440872,0.305000,0.301400,300,0.304900,2200,3.500000,0.010300
1478551442882,0.305000,0.301400,300,0.304900,2200,3.500000,0.010300
1478551444893,0.305000,0.301400,300,0.304900,2200,3.500000,0.010300
1478551446882,0.305000,0.301400,300,0.304900,2200,3.500000,0.010300
1478551448894,0.305000,0.301400,300,0.304900,2200,3.500000,0.010300
1478551450878,0.305000,0.301400,300,0.304900,2200,3.500000,0.010300
1478551453374,0.305000,0.301400,300,0.305000,3600,3.500000,0.010300
1478551455375,0.305000,0.301400,300,0.305000,3600,3.500000,0.010300
1478551457374,0.305000,0.301400,300,0.305000,3600,3.500000,0.010300
1478551458879,0.305000,0.301400,300,0.305000,3600,3.500000,0.010300
1478551461363,0.305000,0.301400,300,0.305000,3600,3.500000,0.010300
1478551463367,0.305000,0.301400,300,0.305000,3600,3.500000,0.010300
1478551464388,0.305000,0.301400,300,0.305000,3600,3.500000,0.010300
1478551467379,0.305000,0.301400,300,0.305000,3600,3.500000,0.010300
1478551469377,0.305000,0.301400,300,0.305000,3600,3.500000,0.010300
1478551471380,0.305000,0.301400,300,0.305000,3600,3.500000,0.010300
1478551473888,0.305000,0.301400,300,0.305000,3600,3.500000,0.010300
1478551475890,0.305000,0.301400,300,0.305000,3600,3.500000,0.010300
1478551477889,0.305000,0.301400,300,0.305000,3600,3.500000,0.010300
1478551479386,0.305000,0.301400,300,0.305000,3600,3.500000,0.010300
1478551481889,0.305000,0.301400,300,0.305000,3600,3.500000,0.010300
1478551483389,0.305000,0.301400,300,0.305000,3600,3.500000,0.010300
1478551485891,0.305000,0.301400,300,0.305000,3600,3.500000,0.010300
1478551487385,0.305000,0.301400,300,0.305000,3600,3.500000,0.010300
1478551489474,0.305000,0.301400,300,0.304900,2200,3.500000,0.010300
1478551491890,0.305000,0.301400,300,0.304900,2200,3.500000,0.010300
1478551493894,0.305000,0.301400,300,0.304900,2200,3.500000,0.010300
1478551496392,0.305000,0.301400,300,0.304900,2200,3.500000,0.010300
1478551497394,0.305000,0.301400,300,0.304900,2200,3.500000,0.010300
1478551499878,0.305000,0.301400,300,0.304900,2200,3.500000,0.010300
1478551502440,0.305000,0.301400,300,0.304900,2200,3.500000,0.010300
1478551504397,0.305000,0.301400,300,0.304900,2200,3.500000,0.010300
1478551506388,0.305000,0.301400,300,0.304900,2200,3.500000,0.010300
1478551508389,0.305000,0.301400,300,0.304900,2200,3.500000,0.010300
1478551510895,0.305000,0.301400,300,0.304900,1100,3.500000,0.010300
1478551512895,0.305000,0.301400,300,0.304900,1100,3.500000,0.010300
1478551514388,0.305000,0.301400,300,0.304900,1100,3.500000,0.010300
1478551516899,0.305000,0.301400,300,0.304900,1100,3.500000,0.010300
1478551518950,0.305000,0.301400,300,0.304900,1100,3.500000,0.010300
1478551520896,0.305000,0.301400,300,0.304900,1100,3.500000,0.010300
1478551522885,0.305000,0.301400,300,0.304900,1100,3.500000,0.010300
1478551524897,0.305000,0.301400,300,0.304900,1100,3.500000,0.010300
1478551526905,0.305000,0.301400,300,0.304900,1100,3.500000,0.010300
1478551528887,0.305000,0.301400,300,0.304900,1100,3.500000,0.010300
1478551531401,0.305000,0.301400,300,0.304900,1100,3.500000,0.010300
1478551532905,0.305000,0.301400,300,0.304900,1100,3.500000,0.010300
1478551535415,0.305000,0.301400,300,0.304900,1100,3.500000,0.010300
1478551537409,0.305000,0.301400,300,0.304900,1100,3.500000,0.010300
1478551539406,0.305000,0.301400,300,0.304900,1100,3.500000,0.010300
1478551541408,0.305000,0.301400,300,0.304900,1100,3.500000,0.010300
1478551543409,0.305000,0.301400,300,0.304900,1100,3.500000,0.010300
1478551545411,0.305000,0.301400,300,0.304900,1100,3.500000,0.010300
1478551547410,0.305000,0.301400,300,0.304900,1100,3.500000,0.010300
1478551549447,0.305000,0.301400,300,0.304900,1100,3.500000,0.010300
1478551551918,0.305000,0.301400,300,0.304900,1100,3.500000,0.010300
1478551553906,0.305000,0.301400,300,0.304900,1100,3.500000,0.010300
1478551555911,0.305000,0.301400,300,0.304900,1100,3.500000,0.010300
1478551557913,0.305000,0.301400,300,0.304900,1100,3.500000,0.010300
1478551559917,0.305000,0.301400,300,0.304900,1100,3.500000,0.010300
1478551562040,0.305000,0.301400,300,0.304900,1100,3.500000,0.010300
1478551563916,0.305000,0.301400,300,0.304900,1100,3.500000,0.010300
1478551565906,0.305000,0.301400,300,0.304900,1100,3.500000,0.010300
1478551567922,0.305000,0.301400,300,0.304900,1100,3.500000,0.010300
1478551569917,0.305000,0.301400,300,0.304900,1100,3.500000,0.010300
1478551571919,0.305000,0.301400,300,0.304900,1100,3.500000,0.010300
1478551573925,0.305000,0.301400,300,0.304900,1100,3.500000,0.010300
1478551576427,0.305000,0.301400,300,0.304900,1100,3.500000,0.010300
1478551578419,0.305000,0.301400,300,0.304900,1100,3.500000,0.010300
1478551580439,0.305000,0.301400,300,0.304900,1100,3.500000,0.010300
1478551582443,0.305000,0.301400,300,0.304900,1100,3.500000,0.010300
1478551583922,0.305000,0.301400,300,0.304900,1100,3.500000,0.010300
1478551586416,0.305000,0.301400,300,0.304900,1100,3.500000,0.010300
1478551588426,0.305000,0.301400,300,0.304900,1100,3.500000,0.010300
1478551590426,0.305000,0.301400,300,0.304900,1100,3.500000,0.010300
1478551592459,0.305000,0.301400,300,0.304900,1100,3.500000,0.010300
1478551594977,0.305000,0.301400,300,0.304900,1100,3.500000,0.010300
1478551596919,0.305000,0.301400,300,0.304900,1100,3.500000,0.010300
1478551598923,0.305000,0.301400,300,0.304900,1100,3.500000,0.010300
1478551600919,0.305000,0.301400,300,0.304900,1100,3.500000,0.010300
1478551602921,0.305000,0.301400,300,0.304900,1100,3.500000,0.010300
1478551604935,0.305000,0.301400,300,0.304900,1100,3.500000,0.010300
1478551606955,0.305000,0.301400,300,0.304900,1100,3.500000,0.010300
1478551608923,0.305000,0.301400,300,0.304900,1100,3.500000,0.010300
1478551610942,0.305000,0.301400,300,0.304900,1100,3.500000,0.010300
1478551613424,0.305000,0.301400,300,0.304900,1100,3.500000,0.010300
1478551615436,0.305000,0.301400,300,0.304900,1100,3.500000,0.010300
1478551617434,0.305000,0.301400,300,0.304900,1100,3.500000,0.010300
1478551619434,0.305000,0.301400,300,0.304900,1100,3.500000,0.010300
1478551621433,0.305000,0.301400,300,0.304900,1100,3.500000,0.010300
1478551622950,0.305000,0.301400,300,0.304900,1100,3.500000,0.010300
1478551625446,0.305000,0.301400,300,0.304900,1100,3.500000,0.010300
1478551627428,0.305000,0.301400,300,0.304900,1100,3.500000,0.010300
1478551629427,0.305000,0.301400,300,0.304900,1100,3.500000,0.010300
1478551632445,0.305000,0.301400,300,0.304900,1100,3.500000,0.010300
1478551633942,0.304900,0.301400,300,0.304900,1400,3.460000,0.010200
1478551636443,0.304900,0.301400,300,0.304900,1600,3.460000,0.010200
1478551638454,0.304900,0.301400,300,0.304900,1600,3.460000,0.010200
1478551639940,0.304900,0.301400,300,0.305000,3600,3.460000,0.010200
1478551642437,0.304900,0.301400,300,0.305000,3600,3.460000,0.010200
1478551644443,0.304900,0.301400,300,0.305000,3600,3.460000,0.010200
1478551646945,0.304900,0.301400,300,0.305000,3600,3.460000,0.010200
1478551648952,0.304900,0.301400,300,0.305000,3600,3.460000,0.010200
1478551650448,0.304900,0.301400,300,0.305000,3600,3.460000,0.010200
1478551652452,0.305000,0.301400,300,0.305000,3600,3.500000,0.010300
1478551654947,0.305000,0.301400,300,0.305000,3600,3.500000,0.010300
1478551656949,0.305000,0.301400,300,0.305000,3600,3.500000,0.010300
1478551658944,0.305000,0.301400,300,0.305000,3600,3.500000,0.010300
1478551660951,0.305000,0.301400,300,0.305000,3600,3.500000,0.010300
1478551663444,0.305000,0.301400,300,0.305000,3600,3.500000,0.010300
1478551664938,0.305000,0.301400,300,0.305000,3600,3.500000,0.010300
1478551667454,0.305000,0.301400,300,0.305000,3600,3.500000,0.010300
1478551668970,0.305000,0.301400,300,0.305000,3600,3.500000,0.010300
1478551671449,0.305000,0.301400,300,0.305000,3600,3.500000,0.010300
1478551672444,0.304800,0.301400,300,0.305000,3600,3.430000,0.010100
1478551675358,0.302400,0.301400,300,0.304900,700,2.610000,0.007700
1478551677854,0.302400,0.301000,300,0.304900,700,2.610000,0.007700
1478551679851,0.302400,0.301000,300,0.304900,700,2.610000,0.007700
1478551681854,0.302400,0.301000,300,0.304800,1400,2.610000,0.007700
1478551683888,0.302400,0.301000,300,0.304800,1400,2.610000,0.007700
1478551685393,0.302400,0.301000,300,0.304800,1400,2.610000,0.007700
1478551687855,0.302400,0.301000,300,0.304800,1400,2.610000,0.007700
1478551689860,0.302400,0.301000,300,0.304800,1400,2.610000,0.007700
1478551691856,0.302400,0.301000,300,0.304800,1400,2.610000,0.007700
1478551693858,0.302400,0.301000,300,0.304900,700,2.610000,0.007700
1478551695858,0.302400,0.301000,300,0.304900,700,2.610000,0.007700
1478551697359,0.302400,0.301000,300,0.304900,700,2.610000,0.007700
1478551700360,0.302400,0.301000,300,0.304900,700,2.610000,0.007700
1478551701860,0.302400,0.301000,300,0.304800,1300,2.610000,0.007700
1478551704361,0.302400,0.301000,300,0.304800,1300,2.610000,0.007700
1478551706363,0.302400,0.301000,300,0.304800,1300,2.610000,0.007700
1478551708361,0.302400,0.301000,300,0.304800,1300,2.610000,0.007700
1478551710361,0.302400,0.301000,300,0.304800,1300,2.610000,0.007700
1478551712364,0.302400,0.301000,300,0.304900,700,2.610000,0.007700
1478551714358,0.302400,0.301000,300,0.304900,700,2.610000,0.007700
1478551716866,0.302400,0.301000,300,0.304800,1300,2.610000,0.007700
1478551718868,0.302400,0.301000,300,0.304800,1300,2.610000,0.007700
1478551720868,0.302400,0.301000,300,0.304800,1300,2.610000,0.007700
1478551722866,0.302400,0.301000,300,0.304800,1300,2.610000,0.007700
1478551724908,0.302400,0.301000,300,0.304900,700,2.610000,0.007700
1478551726862,0.302400,0.301000,300,0.304800,1300,2.610000,0.007700
1478551728870,0.302400,0.301000,300,0.304800,1300,2.610000,0.007700
1478551730872,0.302400,0.301000,300,0.304800,1300,2.610000,0.007700
1478551732878,0.302400,0.301000,300,0.304900,700,2.610000,0.007700
1478551734865,0.302400,0.301000,300,0.304900,700,2.610000,0.007700
1478551736871,0.302400,0.301000,300,0.304900,700,2.610000,0.007700
1478551738870,0.302400,0.301000,300,0.304900,700,2.610000,0.007700
1478551741389,0.302400,0.301000,300,0.304900,700,2.610000,0.007700
1478551742879,0.302400,0.301000,300,0.304900,700,2.610000,0.007700
1478551745377,0.302400,0.301000,300,0.304900,700,2.610000,0.007700
1478551747385,0.302400,0.301000,300,0.304900,700,2.610000,0.007700
1478551749369,0.302400,0.301000,300,0.304900,700,2.610000,0.007700
1478551751374,0.302400,0.301000,300,0.304900,700,2.610000,0.007700
1478551753385,0.302400,0.301000,300,0.304900,700,2.610000,0.007700
1478551754881,0.302400,0.301000,300,0.304900,700,2.610000,0.007700
1478551757368,0.302400,0.301000,300,0.304900,700,2.610000,0.007700
1478551759382,0.302400,0.301000,300,0.304900,700,2.610000,0.007700
1478551761867,0.302400,0.301000,300,0.304900,700,2.610000,0.007700
1478551763888,0.302400,0.301000,300,0.304900,700,2.610000,0.007700
1478551765884,0.304900,0.301000,300,0.304900,500,3.460000,0.010200
1478551767906,0.304900,0.301000,300,0.304900,500,3.460000,0.010200
1478551769877,0.304900,0.301000,300,0.304900,400,3.460000,0.010200
1478551771882,0.304900,0.301000,300,0.304900,400,3.460000,0.010200
1478551773884,0.304900,0.301000,300,0.304800,1300,3.460000,0.010200
1478551775884,0.304900,0.301000,300,0.304800,1300,3.460000,0.010200
1478551776927,0.304900,0.301000,300,0.304800,1300,3.460000,0.010200
1478551780388,0.304900,0.301000,300,0.304800,1300,3.460000,0.010200
1478551782388,0.304900,0.301000,300,0.304800,1300,3.460000,0.010200
1478551784392,0.304900,0.301000,300,0.304900,400,3.460000,0.010200
1478551786386,0.304900,0.301000,300,0.304800,1300,3.460000,0.010200
1478551788386,0.304900,0.301000,300,0.304800,1300,3.460000,0.010200
1478551790388,0.304900,0.301000,300,0.304800,1300,3.460000,0.010200
1478551791886,0.304900,0.301000,300,0.304800,1300,3.460000,0.010200
1478551793889,0.304900,0.301000,300,0.304900,400,3.460000,0.010200
1478551796392,0.304900,0.301000,300,0.304900,400,3.460000,0.010200
1478551798412,0.304900,0.301000,300,0.304800,1300,3.460000,0.010200
1478551800897,0.304900,0.301000,300,0.304800,1300,3.460000,0.010200
1478551802907,0.304900,0.300000,47364,0.304800,1100,3.460000,0.010200
1478551804896,0.304900,0.300000,47364,0.304900,400,3.460000,0.010200
1478551806893,0.304900,0.300000,47364,0.304900,400,3.460000,0.010200
1478551808891,0.304900,0.300000,47364,0.304900,400,3.460000,0.010200
1478551810925,0.304900,0.300000,47364,0.304900,400,3.460000,0.010200
1478551812923,0.304900,0.300000,47364,0.304900,400,3.460000,0.010200
1478551814904,0.304900,0.300000,47364,0.304900,400,3.460000,0.010200
1478551816899,0.304900,0.300000,47364,0.304900,400,3.460000,0.010200
1478551818899,0.304900,0.300000,47364,0.304900,400,3.460000,0.010200
1478551820908,0.304900,0.300000,47364,0.304900,400,3.460000,0.010200
1478551823413,0.304900,0.300000,47364,0.304900,400,3.460000,0.010200
1478551825446,0.304900,0.300000,47364,0.304900,400,3.460000,0.010200
1478551827401,0.304900,0.300000,47364,0.304900,400,3.460000,0.010200
1478551828420,0.304900,0.300000,47364,0.304900,400,3.460000,0.010200
1478551831412,0.304900,0.300000,47364,0.304900,400,3.460000,0.010200
1478551833411,0.304900,0.300000,47364,0.304900,400,3.460000,0.010200
1478551835406,0.304900,0.300000,47364,0.304900,400,3.460000,0.010200
1478551837412,0.304900,0.300000,47364,0.304900,400,3.460000,0.010200
1478551839416,0.304900,0.300000,47364,0.304900,400,3.460000,0.010200
1478551841408,0.304900,0.300000,47364,0.304900,400,3.460000,0.010200
1478551843915,0.304600,0.300100,2500,0.304900,400,3.360000,0.009900
1478551845412,0.304600,0.300100,2500,0.304900,400,3.360000,0.009900
1478551847923,0.304600,0.300100,2500,0.304900,400,3.360000,0.009900
1478551849909,0.304600,0.300100,2500,0.304900,400,3.360000,0.009900
1478551851922,0.304600,0.300100,2500,0.304900,400,3.360000,0.009900
1478551853925,0.304600,0.300100,2500,0.304900,400,3.360000,0.009900
1478551855906,0.304600,0.300100,2500,0.304900,400,3.360000,0.009900
1478551857921,0.305000,0.300100,2500,0.305000,3200,3.500000,0.010300
1478551859921,0.305000,0.300100,2500,0.304900,600,3.500000,0.010300
1478551862419,0.305000,0.300100,2500,0.304900,600,3.500000,0.010300
1478551863921,0.305000,0.300100,2500,0.304900,600,3.500000,0.010300
1478551866427,0.305000,0.300100,2500,0.304900,600,3.500000,0.010300
1478551868463,0.305000,0.300100,2500,0.304900,600,3.500000,0.010300
1478551870422,0.305000,0.300100,2500,0.304900,600,3.500000,0.010300
1478551872434,0.305000,0.300100,2500,0.304900,600,3.500000,0.010300
1478551874416,0.305000,0.300100,2500,0.304900,600,3.500000,0.010300
1478551875920,0.305000,0.300100,2500,0.304900,600,3.500000,0.010300
1478551878425,0.305000,0.304900,6100,0.305000,2600,3.500000,0.010300
1478551880421,0.305000,0.304900,6100,0.305000,2500,3.500000,0.010300
1478551882422,0.305000,0.304900,6100,0.305000,3300,3.500000,0.010300
1478551884439,0.305000,0.304900,6100,0.305000,3300,3.500000,0.010300
1478551886907,0.305000,0.304900,6100,0.305000,3300,3.500000,0.010300
1478551888434,0.305000,0.304900,6100,0.305000,3300,3.500000,0.010300
1478551890937,0.305000,0.304900,6100,0.305000,3300,3.500000,0.010300
1478551892936,0.305000,0.304900,6100,0.305000,3300,3.500000,0.010300
1478551894932,0.305000,0.304900,6100,0.305000,3300,3.500000,0.010300
1478551896436,0.305000,0.304900,6100,0.305000,3300,3.500000,0.010300
1478551898928,0.305000,0.304900,6100,0.305000,3300,3.500000,0.010300
1478551900930,0.305000,0.304900,6100,0.305000,3300,3.500000,0.010300
1478551903431,0.305000,0.304900,6100,0.305000,3300,3.500000,0.010300
1478551905434,0.305000,0.304900,6100,0.305000,3300,3.500000,0.010300
1478551907419,0.305000,0.304900,6100,0.305000,3300,3.500000,0.010300
1478551909436,0.305000,0.304900,6100,0.305000,3300,3.500000,0.010300
1478551911441,0.305000,0.304900,6100,0.305000,3300,3.500000,0.010300
1478551912935,0.305000,0.304900,6100,0.305000,3300,3.500000,0.010300
1478551915447,0.305000,0.304900,6100,0.305000,3300,3.500000,0.010300
1478551917441,0.305000,0.304900,6100,0.305000,3300,3.500000,0.010300
1478551919438,0.305000,0.304900,6100,0.305000,3300,3.500000,0.010300
1478551921438,0.305000,0.304900,6100,0.305000,3300,3.500000,0.010300
1478551923451,0.305000,0.304900,6100,0.305000,3300,3.500000,0.010300
1478551925431,0.305000,0.304900,6100,0.305000,3300,3.500000,0.010300
1478551926933,0.305000,0.304900,6100,0.305000,3300,3.500000,0.010300
1478551928443,0.305000,0.304900,6100,0.305000,3300,3.500000,0.010300
1478551931952,0.305000,0.304900,6100,0.305000,3300,3.500000,0.010300
1478551933937,0.305000,0.304900,6100,0.305000,3300,3.500000,0.010300
1478551935948,0.305000,0.304900,6100,0.305000,3300,3.500000,0.010300
1478551937951,0.305000,0.304900,6100,0.305000,3300,3.500000,0.010300
1478551939452,0.305000,0.304900,6100,0.305000,3300,3.500000,0.010300
1478551941947,0.305000,0.304900,6100,0.305000,3300,3.500000,0.010300
1478551943986,0.305000,0.304900,6100,0.305000,3300,3.500000,0.010300
1478551945954,0.305000,0.304900,6100,0.305000,3300,3.500000,0.010300
1478551947958,0.305000,0.304900,6100,0.305000,3300,3.500000,0.010300
1478551950352,0.305000,0.304900,6100,0.305000,3300,3.500000,0.010300
1478551952353,0.305000,0.304900,6100,0.305000,3300,3.500000,0.010300
1478551954852,0.305000,0.304900,6100,0.305000,3300,3.500000,0.010300
1478551956862,0.305000,0.304900,6100,0.305000,3300,3.500000,0.010300
1478551958857,0.305000,0.304900,6100,0.305000,3300,3.500000,0.010300
1478551960858,0.305000,0.304900,6100,0.305000,3300,3.500000,0.010300
1478551962855,0.305000,0.304900,6100,0.305000,3300,3.500000,0.010300
1478551964861,0.305000,0.304900,6100,0.305000,3300,3.500000,0.010300
1478551966858,0.305000,0.304900,6100,0.305000,3300,3.500000,0.010300
1478551968906,0.305000,0.304900,6100,0.305000,3300,3.500000,0.010300
1478551971370,0.305000,0.304900,6100,0.305000,3300,3.500000,0.010300
1478551973361,0.305000,0.304900,6100,0.305000,3300,3.500000,0.010300
1478551975362,0.305000,0.304900,6100,0.305000,3300,3.500000,0.010300
1478551977364,0.305000,0.304900,6100,0.305000,3300,3.500000,0.010300
1478551979362,0.305000,0.304900,6100,0.305000,3300,3.500000,0.010300
1478551981363,0.305000,0.304900,6100,0.305000,3300,3.500000,0.010300
1478551983372,0.305000,0.304900,6100,0.305000,3300,3.500000,0.010300
1478551985385,0.305000,0.304900,6100,0.305000,3300,3.500000,0.010300
1478551987388,0.305000,0.304900,6100,0.305000,3300,3.500000,0.010300
1478551989358,0.305000,0.304900,6100,0.305000,3300,3.500000,0.010300
1478551991869,0.305000,0.304900,6100,0.305000,3300,3.500000,0.010300
1478551992881,0.305000,0.304900,6100,0.305000,3300,3.500000,0.010300
1478551995872,0.305000,0.304900,6100,0.305000,3300,3.500000,0.010300
1478551997881,0.305000,0.304900,6100,0.305000,3300,3.500000,0.010300
1478551999886,0.305000,0.304900,6100,0.305000,3300,3.500000,0.010300
1478552001888,0.305000,0.304900,6100,0.305000,3300,3.500000,0.010300
1478552003878,0.305000,0.304900,6100,0.305000,3300,3.500000,0.010300
1478552005880,0.305000,0.304900,6100,0.305000,3300,3.500000,0.010300
1478552007378,0.305000,0.304900,6100,0.305000,3300,3.500000,0.010300
1478552009870,0.305000,0.304900,6100,0.305000,3300,3.500000,0.010300
1478552011889,0.305000,0.304900,6100,0.305000,3300,3.500000,0.010300
1478552013434,0.305000,0.304900,6100,0.305000,3300,3.500000,0.010300
1478552016417,0.305000,0.304900,6100,0.305000,3300,3.500000,0.010300
1478552018373,0.305000,0.304900,6100,0.305000,3300,3.500000,0.010300
1478552019887,0.305000,0.304900,6100,0.305000,3300,3.500000,0.010300
1478552022385,0.305000,0.304900,6100,0.305000,3300,3.500000,0.010300
1478552024379,0.305000,0.304900,6100,0.305000,3300,3.500000,0.010300
1478552026382,0.305000,0.304900,6100,0.305000,3300,3.500000,0.010300
1478552027895,0.305000,0.304900,6100,0.305000,3300,3.500000,0.010300
1478552030378,0.305000,0.304900,6100,0.305000,3300,3.500000,0.010300
1478552032388,0.305000,0.304900,6100,0.305000,3300,3.500000,0.010300
1478552034895,0.305000,0.304900,6100,0.305000,3300,3.500000,0.010300
1478552036890,0.305000,0.304900,6100,0.305000,3300,3.500000,0.010300
1478552038882,0.305000,0.304900,6100,0.305000,3300,3.500000,0.010300
1478552040387,0.305000,0.304900,6100,0.305000,3300,3.500000,0.010300
1478552041889,0.305000,0.304900,6100,0.305000,3300,3.500000,0.010300
1478552044907,0.305000,0.304900,6100,0.305000,3300,3.500000,0.010300
1478552046911,0.305000,0.304900,6100,0.305000,3300,3.500000,0.010300
1478552048890,0.305000,0.304900,6100,0.305000,3300,3.500000,0.010300
1478552050901,0.305000,0.304900,6100,0.305000,3300,3.500000,0.010300
1478552053453,0.305000,0.304900,6100,0.305000,3300,3.500000,0.010300
1478552055400,0.305000,0.304900,6100,0.305000,3300,3.500000,0.010300
1478552056899,0.305000,0.304900,6100,0.305000,3300,3.500000,0.010300
1478552058899,0.305000,0.304900,6100,0.305000,3300,3.500000,0.010300
1478552061396,0.305000,0.304900,6100,0.305000,3300,3.500000,0.010300
1478552063900,0.305000,0.304900,6100,0.305000,3300,3.500000,0.010300
1478552065399,0.305000,0.304900,6100,0.305000,3300,3.500000,0.010300
1478552067901,0.305000,0.304900,6100,0.305000,3300,3.500000,0.010300
1478552069907,0.305000,0.304900,6100,0.305000,3300,3.500000,0.010300
1478552071405,0.305000,0.304900,6100,0.305000,3300,3.500000,0.010300
1478552073428,0.305000,0.304900,6100,0.305000,3300,3.500000,0.010300
1478552075899,0.305000,0.304900,6100,0.305000,3300,3.500000,0.010300
1478552077411,0.305000,0.304900,6100,0.305000,3300,3.500000,0.010300
1478552079899,0.305000,0.304900,6100,0.305000,3300,3.500000,0.010300
1478552082409,0.305000,0.304900,6100,0.305000,3300,3.500000,0.010300
1478552084415,0.305000,0.304900,6100,0.305000,3300,3.500000,0.010300
1478552085418,0.305000,0.304900,6100,0.305000,3300,3.500000,0.010300
1478552088412,0.305000,0.304900,6100,0.305000,3300,3.500000,0.010300
1478552090409,0.305000,0.304900,6100,0.305000,3300,3.500000,0.010300
1478552092409,0.305000,0.304900,6100,0.305000,3300,3.500000,0.010300
1478552093917,0.305000,0.304900,6100,0.305000,3300,3.500000,0.010300
1478552096417,0.305000,0.304900,6100,0.305000,3300,3.500000,0.010300
1478552098917,0.305000,0.304900,6100,0.305000,3300,3.500000,0.010300
1478552100410,0.305000,0.304900,6100,0.305000,3300,3.500000,0.010300
1478552102922,0.305000,0.304900,7800,0.305000,5000,3.500000,0.010300
1478552104923,0.305000,0.304900,7800,0.305000,5000,3.500000,0.010300
1478552106914,0.305000,0.304900,7800,0.305000,5000,3.500000,0.010300
1478552108914,0.305000,0.304900,7800,0.305000,5000,3.500000,0.010300
1478552110920,0.305000,0.304900,7800,0.305000,5000,3.500000,0.010300
1478552112926,0.305000,0.304900,7800,0.305000,5000,3.500000,0.010300
1478552115428,0.305000,0.304900,7800,0.305000,5000,3.500000,0.010300
1478552116991,0.305000,0.304900,7800,0.305000,5000,3.500000,0.010300
1478552119425,0.305000,0.304900,7800,0.305000,5000,3.500000,0.010300
1478552120936,0.305000,0.304900,7800,0.305000,5000,3.500000,0.010300
1478552123424,0.305000,0.304900,7800,0.305000,5000,3.500000,0.010300
1478552124424,0.305000,0.304900,7800,0.305000,5000,3.500000,0.010300
1478552127423,0.305000,0.304900,7800,0.305000,5000,3.500000,0.010300
1478552128433,0.305000,0.304900,7800,0.305000,5000,3.500000,0.010300
1478552131432,0.305000,0.304900,7800,0.305000,5000,3.500000,0.010300
1478552133447,0.305000,0.304900,7800,0.305000,5000,3.500000,0.010300
1478552135919,0.305000,0.304900,7800,0.305000,5000,3.500000,0.010300
1478552137929,0.305000,0.304900,7800,0.305000,5000,3.500000,0.010300
1478552139929,0.305000,0.304900,7800,0.305000,5000,3.500000,0.010300
1478552141930,0.305000,0.304900,7800,0.305000,5000,3.500000,0.010300
1478552143934,0.305000,0.304900,7800,0.305000,5000,3.500000,0.010300
1478552145916,0.305000,0.304900,7800,0.305000,5000,3.500000,0.010300
1478552147431,0.305000,0.304900,7800,0.305000,5000,3.500000,0.010300
1478552149932,0.305000,0.304900,7800,0.305000,5000,3.500000,0.010300
1478552151943,0.305000,0.304900,7800,0.305000,5000,3.500000,0.010300
1478552153927,0.305000,0.304900,7800,0.305000,5000,3.500000,0.010300
1478552156437,0.305000,0.304900,7800,0.305000,5000,3.500000,0.010300
1478552158434,0.305000,0.304900,7800,0.305000,5000,3.500000,0.010300
1478552160452,0.305000,0.304900,7800,0.305000,5000,3.500000,0.010300
1478552162449,0.305000,0.304900,7800,0.305000,5000,3.500000,0.010300
1478552164450,0.305000,0.304900,7800,0.305000,5000,3.500000,0.010300
1478552166444,0.305000,0.304900,7800,0.305000,5000,3.500000,0.010300
1478552168428,0.305000,0.304900,7800,0.305000,5000,3.500000,0.010300
1478552170438,0.305000,0.304900,7800,0.305000,5000,3.500000,0.010300
