1476365402765, 8.900000, 8.880000, 900, 8.930000, 2000, -0.340000, -0.030000
1476365404763, 8.900000, 8.880000, 1000, 8.930000, 2000, -0.340000, -0.030000
1476365406765, 8.900000, 8.890000, 7500, 8.930000, 2000, -0.340000, -0.030000
1476365408759, 8.900000, 8.890000, 7500, 8.930000, 2000, -0.340000, -0.030000
1476365410769, 8.900000, 8.900000, 600, 8.930000, 2000, -0.340000, -0.030000
1476365412770, 8.900000, 8.900000, 3100, 8.930000, 2000, -0.340000, -0.030000
1476365414799, 8.900000, 8.900000, 3100, 8.930000, 2000, -0.340000, -0.030000
1476365416769, 8.910000, 8.910000, 800, 8.930000, 2000, -0.220000, -0.020000
1476365418771, 8.910000, 8.910000, 800, 8.930000, 2000, -0.220000, -0.020000
1476365420773, 8.910000, 8.910000, 800, 8.930000, 2000, -0.220000, -0.020000
1476365422758, 8.910000, 8.910000, 800, 8.930000, 2000, -0.220000, -0.020000
1476365424767, 8.910000, 8.910000, 800, 8.930000, 2000, -0.220000, -0.020000
1476365426783, 8.910000, 8.910000, 800, 8.930000, 2200, -0.220000, -0.020000
1476365428804, 8.910000, 8.910000, 800, 8.930000, 2200, -0.220000, -0.020000
1476365430783, 8.910000, 8.910000, 800, 8.930000, 2200, -0.220000, -0.020000
1476365432767, 8.910000, 8.910000, 800, 8.930000, 2200, -0.220000, -0.020000
1476365434776, 8.910000, 8.910000, 800, 8.930000, 2200, -0.220000, -0.020000
1476365436773, 8.910000, 8.910000, 800, 8.930000, 2200, -0.220000, -0.020000
1476365438769, 8.910000, 8.910000, 800, 8.930000, 2000, -0.220000, -0.020000
1476365440806, 8.910000, 8.910000, 400, 8.920000, 200, -0.220000, -0.020000
1476365442775, 8.910000, 8.900000, 600, 8.920000, 200, -0.220000, -0.020000
1476365444775, 8.910000, 8.900000, 600, 8.920000, 200, -0.220000, -0.020000
1476365446778, 8.910000, 8.900000, 3000, 8.920000, 200, -0.220000, -0.020000
1476365448776, 8.910000, 8.900000, 3000, 8.920000, 200, -0.220000, -0.020000
1476365450775, 8.910000, 8.900000, 3000, 8.920000, 200, -0.220000, -0.020000
1476365452783, 8.910000, 8.900000, 3000, 8.920000, 200, -0.220000, -0.020000
1476365454794, 8.910000, 8.910000, 700, 8.920000, 200, -0.220000, -0.020000
1476365456782, 8.910000, 8.910000, 600, 8.920000, 200, -0.220000, -0.020000
1476365458779, 8.910000, 8.910000, 600, 8.920000, 200, -0.220000, -0.020000
1476365460782, 8.910000, 8.910000, 600, 8.920000, 200, -0.220000, -0.020000
1476365462778, 8.910000, 8.900000, 600, 8.920000, 500, -0.220000, -0.020000
1476365464789, 8.900000, 8.900000, 600, 8.920000, 500, -0.340000, -0.030000
1476365466794, 8.900000, 8.910000, 600, 8.920000, 300, -0.340000, -0.030000
1476365468796, 8.900000, 8.910000, 600, 8.920000, 300, -0.340000, -0.030000
1476365470796, 8.910000, 8.900000, 2500, 8.920000, 300, -0.220000, -0.020000
1476365472794, 8.910000, 8.900000, 2500, 8.920000, 300, -0.220000, -0.020000
1476365474805, 8.910000, 8.900000, 2500, 8.920000, 300, -0.220000, -0.020000
1476365476787, 8.910000, 8.900000, 2500, 8.920000, 300, -0.220000, -0.020000
1476365478804, 8.910000, 8.900000, 2500, 8.920000, 300, -0.220000, -0.020000
1476365480795, 8.910000, 8.900000, 2500, 8.920000, 300, -0.220000, -0.020000
1476365482843, 8.910000, 8.900000, 2500, 8.920000, 300, -0.220000, -0.020000
1476365484806, 8.910000, 8.900000, 2500, 8.920000, 300, -0.220000, -0.020000
1476365486806, 8.910000, 8.900000, 2500, 8.920000, 300, -0.220000, -0.020000
1476365488799, 8.910000, 8.900000, 2500, 8.920000, 300, -0.220000, -0.020000
1476365490799, 8.910000, 8.900000, 2500, 8.920000, 300, -0.220000, -0.020000
1476365492798, 8.910000, 8.900000, 2500, 8.920000, 300, -0.220000, -0.020000
1476365494800, 8.910000, 8.900000, 2500, 8.920000, 300, -0.220000, -0.020000
1476365496802, 8.910000, 8.900000, 2500, 8.920000, 300, -0.220000, -0.020000
1476365498814, 8.910000, 8.900000, 2500, 8.920000, 300, -0.220000, -0.020000
1476365500817, 8.910000, 8.910000, 600, 8.920000, 300, -0.220000, -0.020000
1476365502814, 8.910000, 8.910000, 600, 8.920000, 300, -0.220000, -0.020000
1476365504822, 8.910000, 8.900000, 600, 8.910000, 600, -0.220000, -0.020000
1476365506795, 8.910000, 8.900000, 2500, 8.910000, 600, -0.220000, -0.020000
1476365508811, 8.910000, 8.900000, 2500, 8.910000, 600, -0.220000, -0.020000
1476365509824, 8.910000, 8.900000, 2500, 8.910000, 600, -0.220000, -0.020000
1476365512823, 8.910000, 8.900000, 2500, 8.910000, 600, -0.220000, -0.020000
1476365514801, 8.910000, 8.900000, 2500, 8.910000, 600, -0.220000, -0.020000
1476365516812, 8.910000, 8.900000, 2900, 8.910000, 600, -0.220000, -0.020000
1476365518820, 8.910000, 8.900000, 2800, 8.910000, 600, -0.220000, -0.020000
1476365520820, 8.910000, 8.900000, 2800, 8.910000, 600, -0.220000, -0.020000
1476365522818, 8.910000, 8.900000, 2800, 8.910000, 600, -0.220000, -0.020000
1476365524841, 8.910000, 8.900000, 2800, 8.910000, 400, -0.220000, -0.020000
1476365526811, 8.900000, 8.900000, 2800, 8.910000, 400, -0.340000, -0.030000
1476365528844, 8.900000, 8.900000, 2800, 8.910000, 400, -0.340000, -0.030000
1476365530830, 8.900000, 8.900000, 2800, 8.910000, 400, -0.340000, -0.030000
1476365532823, 8.900000, 8.900000, 2800, 8.910000, 700, -0.340000, -0.030000
1476365534820, 8.900000, 8.900000, 2800, 8.910000, 700, -0.340000, -0.030000
1476365536821, 8.910000, 8.900000, 2700, 8.910000, 700, -0.220000, -0.020000
1476365538832, 8.910000, 8.900000, 2700, 8.910000, 700, -0.220000, -0.020000
1476365540863, 8.910000, 8.900000, 2700, 8.910000, 600, -0.220000, -0.020000
1476365542343, 8.910000, 8.900000, 2700, 8.910000, 600, -0.220000, -0.020000
1476365544833, 8.890000, 8.890000, 600, 8.900000, 500, -0.450000, -0.040000
1476365546822, 8.890000, 8.890000, 600, 8.900000, 500, -0.450000, -0.040000
1476365548836, 8.890000, 8.890000, 600, 8.900000, 500, -0.450000, -0.040000
1476365550834, 8.890000, 8.890000, 600, 8.900000, 500, -0.450000, -0.040000
1476365552837, 8.890000, 8.890000, 600, 8.900000, 500, -0.450000, -0.040000
1476365554827, 8.890000, 8.890000, 600, 8.900000, 500, -0.450000, -0.040000
1476365556862, 8.890000, 8.890000, 600, 8.900000, 500, -0.450000, -0.040000
1476365558826, 8.890000, 8.890000, 600, 8.900000, 500, -0.450000, -0.040000
1476365560873, 8.890000, 8.890000, 600, 8.900000, 500, -0.450000, -0.040000
1476365562824, 8.890000, 8.890000, 600, 8.900000, 500, -0.450000, -0.040000
1476365564832, 8.890000, 8.890000, 600, 8.900000, 500, -0.450000, -0.040000
1476365566823, 8.890000, 8.890000, 600, 8.900000, 500, -0.450000, -0.040000
1476365568849, 8.890000, 8.890000, 600, 8.900000, 500, -0.450000, -0.040000
1476365570912, 8.890000, 8.890000, 600, 8.900000, 500, -0.450000, -0.040000
1476365572859, 8.890000, 8.890000, 600, 8.900000, 500, -0.450000, -0.040000
1476365574337, 8.890000, 8.890000, 600, 8.900000, 500, -0.450000, -0.040000
1476365576848, 8.890000, 8.890000, 600, 8.900000, 500, -0.450000, -0.040000
1476365578848, 8.890000, 8.880000, 2000, 8.890000, 400, -0.450000, -0.040000
1476365580861, 8.900000, 8.890000, 500, 8.900000, 800, -0.340000, -0.030000
1476365582892, 8.900000, 8.890000, 500, 8.900000, 800, -0.340000, -0.030000
1476365584862, 8.900000, 8.890000, 500, 8.900000, 800, -0.340000, -0.030000
1476365586852, 8.900000, 8.890000, 500, 8.900000, 1000, -0.340000, -0.030000
1476365588852, 8.898200, 8.890000, 500, 8.900000, 1000, -0.360000, -0.031800
1476365590849, 8.890000, 8.880000, 3500, 8.890000, 1200, -0.450000, -0.040000
1476365592849, 8.890000, 8.880000, 2000, 8.890000, 1300, -0.450000, -0.040000
1476365594894, 8.880000, 8.880000, 2000, 8.890000, 1900, -0.560000, -0.050000
1476365596863, 8.880000, 8.880000, 1200, 8.890000, 1900, -0.560000, -0.050000
1476365598862, 8.890000, 8.880000, 1200, 8.890000, 1900, -0.450000, -0.040000
1476365600851, 8.888500, 8.880000, 1100, 8.890000, 2900, -0.460000, -0.041500
1476365602860, 8.880000, 8.880000, 1100, 8.890000, 2200, -0.560000, -0.050000
1476365604860, 8.880000, 8.880000, 1100, 8.890000, 2200, -0.560000, -0.050000
1476365606865, 8.890000, 8.880000, 1600, 8.890000, 1800, -0.450000, -0.040000
1476365608853, 8.880000, 8.880000, 1600, 8.890000, 1800, -0.560000, -0.050000
1476365610859, 8.880000, 8.880000, 1600, 8.890000, 1800, -0.560000, -0.050000
1476365612886, 8.880000, 8.880000, 1800, 8.890000, 1600, -0.560000, -0.050000
1476365614865, 8.880000, 8.880000, 2500, 8.890000, 1400, -0.560000, -0.050000
1476365616867, 8.880000, 8.880000, 1600, 8.890000, 1900, -0.560000, -0.050000
1476365618864, 8.880000, 8.880000, 1600, 8.890000, 1900, -0.560000, -0.050000
1476365620851, 8.880100, 8.880000, 1400, 8.890000, 3900, -0.560000, -0.049900
1476365622914, 8.880100, 8.880000, 1500, 8.890000, 4100, -0.560000, -0.049900
1476365624863, 8.880100, 8.880000, 1500, 8.890000, 4100, -0.560000, -0.049900
1476365626904, 8.880100, 8.880000, 1500, 8.890000, 4100, -0.560000, -0.049900
1476365628356, 8.880100, 8.880000, 1500, 8.890000, 4100, -0.560000, -0.049900
1476365630879, 8.880100, 8.880000, 1500, 8.890000, 4100, -0.560000, -0.049900
1476365632859, 8.880100, 8.880000, 1500, 8.890000, 3400, -0.560000, -0.049900
1476365634863, 8.880100, 8.880000, 1500, 8.890000, 5300, -0.560000, -0.049900
1476365636865, 8.884600, 8.880000, 1500, 8.890000, 3300, -0.510000, -0.045400
1476365638858, 8.884600, 8.880000, 1500, 8.890000, 3300, -0.510000, -0.045400
1476365640869, 8.884600, 8.880000, 1500, 8.890000, 3300, -0.510000, -0.045400
1476365642865, 8.884600, 8.880000, 1700, 8.890000, 3500, -0.510000, -0.045400
1476365644912, 8.884600, 8.880000, 1700, 8.890000, 3500, -0.510000, -0.045400
1476365646870, 8.884600, 8.880000, 1800, 8.890000, 4000, -0.510000, -0.045400
1476365648865, 8.884600, 8.880000, 1800, 8.890000, 4000, -0.510000, -0.045400
1476365650886, 8.884900, 8.880000, 1600, 8.890000, 4000, -0.510000, -0.045100
1476365652869, 8.884900, 8.880000, 1600, 8.890000, 4300, -0.510000, -0.045100
1476365654902, 8.860000, 8.860000, 4000, 8.870000, 1700, -0.780000, -0.070000
1476365656856, 8.865000, 8.860000, 2500, 8.870000, 800, -0.730000, -0.065000
1476365657846, 8.870000, 8.860000, 2500, 8.870000, 1400, -0.670000, -0.060000
1476365660757, 8.870000, 8.860000, 2500, 8.870000, 2500, -0.670000, -0.060000
1476365662755, 8.870000, 8.860000, 2500, 8.870000, 1400, -0.670000, -0.060000
1476365664755, 8.860000, 8.860000, 2000, 8.870000, 2700, -0.780000, -0.070000
1476365666758, 8.860000, 8.860000, 2000, 8.870000, 1500, -0.780000, -0.070000
1476365668764, 8.860000, 8.860000, 2400, 8.870000, 2600, -0.780000, -0.070000
1476365670251, 8.860000, 8.860000, 2600, 8.870000, 2600, -0.780000, -0.070000
1476365672758, 8.860000, 8.860000, 2600, 8.870000, 2200, -0.780000, -0.070000
1476365674762, 8.860000, 8.860000, 2600, 8.870000, 2200, -0.780000, -0.070000
1476365676766, 8.860000, 8.860000, 2600, 8.870000, 2200, -0.780000, -0.070000
1476365678763, 8.870000, 8.860000, 2600, 8.870000, 2200, -0.670000, -0.060000
1476365680764, 8.870000, 8.860000, 2600, 8.870000, 2200, -0.670000, -0.060000
1476365682765, 8.870000, 8.860000, 2600, 8.870000, 2200, -0.670000, -0.060000
1476365684767, 8.860000, 8.860000, 2600, 8.870000, 1700, -0.780000, -0.070000
1476365686770, 8.860000, 8.860000, 2600, 8.870000, 1700, -0.780000, -0.070000
1476365688765, 8.860000, 8.860000, 2600, 8.870000, 1700, -0.780000, -0.070000
1476365690764, 8.860000, 8.860000, 2600, 8.870000, 1700, -0.780000, -0.070000
1476365692799, 8.860000, 8.860000, 2600, 8.870000, 1800, -0.780000, -0.070000
1476365694774, 8.860000, 8.860000, 2800, 8.870000, 1800, -0.780000, -0.070000
1476365696803, 8.860000, 8.860000, 2800, 8.870000, 1800, -0.780000, -0.070000
1476365698803, 8.860000, 8.860000, 2800, 8.870000, 1800, -0.780000, -0.070000
1476365700780, 8.860000, 8.860000, 2800, 8.870000, 1800, -0.780000, -0.070000
1476365702777, 8.860000, 8.860000, 2800, 8.870000, 1800, -0.780000, -0.070000
1476365704775, 8.860000, 8.860000, 2800, 8.870000, 1800, -0.780000, -0.070000
1476365706776, 8.860000, 8.860000, 2800, 8.870000, 900, -0.780000, -0.070000
1476365708777, 8.860000, 8.860000, 3300, 8.870000, 800, -0.780000, -0.070000
1476365710782, 8.860000, 8.860000, 3300, 8.870000, 800, -0.780000, -0.070000
1476365712783, 8.869900, 8.860000, 3300, 8.870000, 800, -0.670000, -0.060100
1476365714770, 8.860000, 8.860000, 2800, 8.870000, 800, -0.780000, -0.070000
1476365716780, 8.860000, 8.860000, 2900, 8.870000, 1700, -0.780000, -0.070000
1476365718776, 8.869900, 8.860000, 2900, 8.870000, 1700, -0.670000, -0.060100
1476365720783, 8.869900, 8.860000, 2900, 8.870000, 1500, -0.670000, -0.060100
1476365722780, 8.870000, 8.860000, 3000, 8.870000, 800, -0.670000, -0.060000
1476365724782, 8.860000, 8.860000, 8000, 8.870000, 800, -0.780000, -0.070000
1476365726809, 8.860000, 8.860000, 8000, 8.870000, 800, -0.780000, -0.070000
1476365728780, 8.860000, 8.860000, 8200, 8.870000, 800, -0.780000, -0.070000
1476365730791, 8.888000, 8.880000, 2100, 8.890000, 1200, -0.470000, -0.042000
1476365732779, 8.888000, 8.880000, 1900, 8.890000, 1200, -0.470000, -0.042000
1476365734787, 8.889700, 8.880000, 1500, 8.890000, 1400, -0.450000, -0.040300
1476365736782, 8.889700, 8.880000, 1500, 8.890000, 1400, -0.450000, -0.040300
1476365738793, 8.890000, 8.880000, 1500, 8.890000, 900, -0.450000, -0.040000
1476365740787, 8.890000, 8.880000, 1100, 8.890000, 900, -0.450000, -0.040000
1476365742804, 8.887500, 8.880000, 1600, 8.890000, 900, -0.480000, -0.042500
1476365744300, 8.887500, 8.880000, 1000, 8.890000, 900, -0.480000, -0.042500
1476365746817, 8.887500, 8.880000, 1900, 8.890000, 400, -0.480000, -0.042500
1476365748793, 8.887500, 8.880000, 1900, 8.890000, 400, -0.480000, -0.042500
1476365750801, 8.887500, 8.880000, 1900, 8.890000, 400, -0.480000, -0.042500
1476365752789, 8.887500, 8.880000, 1900, 8.890000, 400, -0.480000, -0.042500
1476365754799, 8.887500, 8.880000, 1900, 8.890000, 400, -0.480000, -0.042500
1476365756786, 8.887500, 8.880000, 1900, 8.890000, 400, -0.480000, -0.042500
1476365758796, 8.887500, 8.880000, 1900, 8.890000, 400, -0.480000, -0.042500
1476365760790, 8.887500, 8.880000, 1900, 8.890000, 400, -0.480000, -0.042500
1476365762794, 8.885000, 8.870000, 1300, 8.880000, 2500, -0.500000, -0.045000
1476365764794, 8.885000, 8.870000, 1300, 8.880000, 2300, -0.500000, -0.045000
1476365766802, 8.885000, 8.870000, 1200, 8.880000, 2300, -0.500000, -0.045000
1476365768809, 8.885000, 8.870000, 1200, 8.880000, 2300, -0.500000, -0.045000
1476365770821, 8.885000, 8.870000, 1200, 8.880000, 2300, -0.500000, -0.045000
1476365772817, 8.885000, 8.870000, 1200, 8.880000, 2300, -0.500000, -0.045000
1476365774804, 8.885000, 8.870000, 1200, 8.880000, 2300, -0.500000, -0.045000
1476365776299, 8.875000, 8.870000, 1200, 8.880000, 2400, -0.620000, -0.055000
1476365778302, 8.871000, 8.870000, 1200, 8.880000, 2400, -0.660000, -0.059000
1476365780801, 8.871000, 8.870000, 1200, 8.880000, 2500, -0.660000, -0.059000
1476365782796, 8.870000, 8.860000, 8000, 8.870000, 3800, -0.670000, -0.060000
1476365784822, 8.870000, 8.860000, 7100, 8.870000, 3900, -0.670000, -0.060000
1476365786816, 8.850000, 8.850000, 9300, 8.860000, 200, -0.900000, -0.080000
1476365788810, 8.850000, 8.850000, 9900, 8.860000, 100, -0.900000, -0.080000
1476365790813, 8.855000, 8.850000, 9300, 8.860000, 700, -0.840000, -0.075000
1476365792807, 8.855000, 8.850000, 9300, 8.860000, 700, -0.840000, -0.075000
1476365794805, 8.855000, 8.850000, 9300, 8.860000, 700, -0.840000, -0.075000
1476365796811, 8.855000, 8.850000, 9300, 8.860000, 700, -0.840000, -0.075000
1476365798848, 8.860000, 8.850000, 9300, 8.860000, 700, -0.780000, -0.070000
1476365800867, 8.860000, 8.850000, 9300, 8.860000, 100, -0.780000, -0.070000
1476365802802, 8.850000, 8.850000, 6300, 8.860000, 600, -0.900000, -0.080000
1476365804817, 8.860000, 8.850000, 7500, 8.860000, 200, -0.780000, -0.070000
1476365806843, 8.865000, 8.860000, 1600, 8.870000, 1600, -0.730000, -0.065000
1476365808820, 8.870000, 8.860000, 3700, 8.870000, 900, -0.670000, -0.060000
1476365810815, 8.870000, 8.860000, 3600, 8.870000, 300, -0.670000, -0.060000
1476365812815, 8.864000, 8.860000, 4800, 8.870000, 200, -0.740000, -0.066000
1476365814843, 8.870000, 8.860000, 4400, 8.870000, 600, -0.670000, -0.060000
1476365816835, 8.870000, 8.860000, 4100, 8.870000, 300, -0.670000, -0.060000
1476365818817, 8.870000, 8.860000, 3500, 8.870000, 800, -0.670000, -0.060000
1476365820808, 8.870000, 8.860000, 3100, 8.870000, 800, -0.670000, -0.060000
1476365822808, 8.870000, 8.860000, 3100, 8.870000, 800, -0.670000, -0.060000
1476365824825, 8.860000, 8.850000, 9400, 8.860000, 5300, -0.780000, -0.070000
1476365826832, 8.860000, 8.850000, 8400, 8.860000, 4400, -0.780000, -0.070000
1476365828812, 8.860000, 8.850000, 9600, 8.860000, 2000, -0.780000, -0.070000
1476365830814, 8.860000, 8.850000, 9800, 8.860000, 1800, -0.780000, -0.070000
1476365832858, 8.850000, 8.850000, 8500, 8.860000, 3200, -0.900000, -0.080000
1476365834822, 8.830000, 8.830000, 1300, 8.840000, 5600, -1.120000, -0.100000
1476365836327, 8.830000, 8.830000, 300, 8.840000, 5400, -1.120000, -0.100000
1476365838832, 8.845000, 8.840000, 5200, 8.850000, 1200, -0.950000, -0.085000
1476365840827, 8.850000, 8.850000, 1400, 8.860000, 2500, -0.900000, -0.080000
1476365842846, 8.850000, 8.850000, 1400, 8.860000, 1900, -0.900000, -0.080000
1476365844821, 8.840000, 8.840000, 4800, 8.850000, 1200, -1.010000, -0.090000
1476365846833, 8.850000, 8.840000, 4900, 8.850000, 3500, -0.900000, -0.080000
1476365848829, 8.840000, 8.840000, 3300, 8.850000, 4400, -1.010000, -0.090000
1476365850838, 8.845000, 8.840000, 2300, 8.850000, 1900, -0.950000, -0.085000
1476365852823, 8.845000, 8.840000, 700, 8.850000, 4100, -0.950000, -0.085000
1476365854830, 8.845000, 8.840000, 700, 8.850000, 4100, -0.950000, -0.085000
1476365856824, 8.847500, 8.840000, 700, 8.850000, 4100, -0.920000, -0.082500
1476365858914, 8.847500, 8.840000, 700, 8.850000, 4100, -0.920000, -0.082500
1476365860838, 8.847500, 8.840000, 400, 8.850000, 4100, -0.920000, -0.082500
1476365862835, 8.847500, 8.840000, 400, 8.850000, 4100, -0.920000, -0.082500
1476365864841, 8.840000, 8.830000, 4100, 8.840000, 200, -1.010000, -0.090000
1476365866841, 8.870000, 8.860000, 700, 8.870000, 3900, -0.670000, -0.060000
1476365868839, 8.860000, 8.860000, 400, 8.870000, 6000, -0.780000, -0.070000
1476365870840, 8.860000, 8.860000, 400, 8.870000, 6000, -0.780000, -0.070000
1476365872831, 8.860000, 8.860000, 300, 8.870000, 5900, -0.780000, -0.070000
1476365874838, 8.860100, 8.860000, 300, 8.870000, 5800, -0.780000, -0.069900
1476365876836, 8.860100, 8.860000, 300, 8.870000, 5800, -0.780000, -0.069900
1476365878848, 8.860100, 8.860000, 300, 8.870000, 5900, -0.780000, -0.069900
1476365880848, 8.870000, 8.860000, 400, 8.870000, 3900, -0.670000, -0.060000
1476365882853, 8.870000, 8.860000, 300, 8.870000, 3900, -0.670000, -0.060000
1476365884902, 8.870000, 8.860000, 300, 8.870000, 4000, -0.670000, -0.060000
1476365886899, 8.870000, 8.860000, 2100, 8.870000, 2400, -0.670000, -0.060000
1476365888837, 8.870000, 8.860000, 1000, 8.870000, 2400, -0.670000, -0.060000
1476365890837, 8.870000, 8.860000, 1700, 8.870000, 2400, -0.670000, -0.060000
1476366054801, 8.850000, 8.840000, 5400, 8.850000, 1700, -0.900000, -0.080000
1476366056797, 8.840000, 8.840000, 4900, 8.850000, 2500, -1.010000, -0.090000
1476366058808, 8.840000, 8.840000, 4900, 8.850000, 2200, -1.010000, -0.090000
1476366060802, 8.840000, 8.830000, 4500, 8.840000, 2100, -1.010000, -0.090000
1476366062803, 8.840000, 8.830000, 4600, 8.840000, 2100, -1.010000, -0.090000
1476366064805, 8.840000, 8.830000, 4900, 8.840000, 800, -1.010000, -0.090000
1476366066820, 8.840000, 8.830000, 4900, 8.840000, 800, -1.010000, -0.090000
1476366068805, 8.840000, 8.830000, 4700, 8.840000, 900, -1.010000, -0.090000
1476366070854, 8.834200, 8.830000, 4700, 8.840000, 1300, -1.070000, -0.095800
1476366072802, 8.834200, 8.830000, 3800, 8.840000, 1600, -1.070000, -0.095800
1476366074810, 8.840000, 8.830000, 3800, 8.840000, 1800, -1.010000, -0.090000
1476366076326, 8.840000, 8.830000, 3800, 8.840000, 1800, -1.010000, -0.090000
1476366078821, 8.820000, 8.820000, 1500, 8.830000, 5100, -1.230000, -0.110000
1476366080820, 8.830000, 8.820000, 1600, 8.830000, 4000, -1.120000, -0.100000
1476366082818, 8.830000, 8.820000, 1600, 8.830000, 4700, -1.120000, -0.100000
1476366084825, 8.830000, 8.820000, 1700, 8.830000, 4700, -1.120000, -0.100000
1476366086826, 8.830000, 8.820000, 1700, 8.830000, 4700, -1.120000, -0.100000
1476366088849, 8.820000, 8.820000, 1600, 8.830000, 5400, -1.230000, -0.110000
1476366090335, 8.828800, 8.820000, 1900, 8.830000, 5000, -1.130000, -0.101200
1476366092834, 8.828800, 8.820000, 1700, 8.830000, 4700, -1.130000, -0.101200
1476366094822, 8.825000, 8.820000, 3100, 8.830000, 2600, -1.180000, -0.105000
1476366096830, 8.825000, 8.820000, 3100, 8.830000, 2600, -1.180000, -0.105000
1476366098822, 8.822000, 8.820000, 3100, 8.830000, 2600, -1.210000, -0.108000
1476366100826, 8.822000, 8.820000, 2900, 8.830000, 2600, -1.210000, -0.108000
1476366102817, 8.820000, 8.810000, 3000, 8.820000, 3300, -1.230000, -0.110000
1476366104861, 8.820000, 8.810000, 3000, 8.820000, 3600, -1.230000, -0.110000
1476366106822, 8.818500, 8.810000, 3000, 8.820000, 4400, -1.250000, -0.111500
1476366108827, 8.819000, 8.810000, 3400, 8.820000, 3600, -1.240000, -0.111000
1476366110835, 8.810000, 8.810000, 3300, 8.820000, 4400, -1.340000, -0.120000
1476366112820, 8.810000, 8.810000, 2700, 8.820000, 4400, -1.340000, -0.120000
1476366114820, 8.810000, 8.810000, 3000, 8.820000, 4000, -1.340000, -0.120000
1476366116829, 8.810000, 8.810000, 3000, 8.820000, 4000, -1.340000, -0.120000
1476366118821, 8.810100, 8.810000, 2300, 8.820000, 3700, -1.340000, -0.119900
1476366120822, 8.810000, 8.810000, 900, 8.820000, 6400, -1.340000, -0.120000
1476366122827, 8.810000, 8.810000, 1100, 8.820000, 5700, -1.340000, -0.120000
1476366124832, 8.818900, 8.810000, 800, 8.820000, 5700, -1.240000, -0.111100
1476366126840, 8.810000, 8.810000, 1100, 8.820000, 6000, -1.340000, -0.120000
1476366128833, 8.810000, 8.800000, 12500, 8.810000, 2600, -1.340000, -0.120000
1476366130844, 8.801200, 8.800000, 12500, 8.810000, 2600, -1.440000, -0.128800
1476366132849, 8.801200, 8.800000, 12500, 8.810000, 2600, -1.440000, -0.128800
1476366134389, 8.801200, 8.800000, 12500, 8.810000, 2600, -1.440000, -0.128800
1476366136835, 8.801200, 8.800000, 12500, 8.810000, 2600, -1.440000, -0.128800
1476366138842, 8.805000, 8.800000, 12300, 8.810000, 2900, -1.400000, -0.125000
1476366140837, 8.805000, 8.800000, 12200, 8.810000, 3600, -1.400000, -0.125000
1476366142831, 8.805000, 8.800000, 12300, 8.810000, 3600, -1.400000, -0.125000
1476366144838, 8.805000, 8.800000, 12300, 8.810000, 3400, -1.400000, -0.125000
1476366146857, 8.805000, 8.800000, 12500, 8.810000, 2300, -1.400000, -0.125000
1476366148322, 8.805000, 8.800000, 12500, 8.810000, 2300, -1.400000, -0.125000
1476366150833, 8.805000, 8.800000, 12500, 8.810000, 2300, -1.400000, -0.125000
1476366152836, 8.805000, 8.800000, 12200, 8.810000, 2500, -1.400000, -0.125000
1476366154842, 8.805000, 8.800000, 12300, 8.810000, 2500, -1.400000, -0.125000
1476366156874, 8.805000, 8.800000, 12300, 8.810000, 2500, -1.400000, -0.125000
1476366158843, 8.805000, 8.800000, 12200, 8.810000, 2500, -1.400000, -0.125000
1476366160879, 8.800000, 8.800000, 12200, 8.810000, 3600, -1.460000, -0.130000
1476366162872, 8.800000, 8.800000, 12400, 8.810000, 3600, -1.460000, -0.130000
1476366164859, 8.810000, 8.800000, 12800, 8.810000, 2200, -1.340000, -0.120000
1476366166854, 8.810000, 8.800000, 12800, 8.810000, 2200, -1.340000, -0.120000
1476366168850, 8.800000, 8.800000, 12300, 8.810000, 4500, -1.460000, -0.130000
1476366170845, 8.800000, 8.800000, 11300, 8.810000, 3900, -1.460000, -0.130000
1476366172355, 8.800000, 8.800000, 11300, 8.810000, 3900, -1.460000, -0.130000
1476366174855, 8.800000, 8.800000, 11300, 8.810000, 3800, -1.460000, -0.130000
1476366176898, 8.800000, 8.800000, 11300, 8.810000, 4000, -1.460000, -0.130000
1476366178855, 8.800000, 8.800000, 11300, 8.810000, 3600, -1.460000, -0.130000
1476366180867, 8.800000, 8.800000, 11300, 8.810000, 3600, -1.460000, -0.130000
1476366182891, 8.800000, 8.800000, 11600, 8.810000, 3600, -1.460000, -0.130000
1476366184860, 8.800000, 8.800000, 11600, 8.810000, 3600, -1.460000, -0.130000
1476366186859, 8.800000, 8.800000, 11600, 8.810000, 3600, -1.460000, -0.130000
1476366188870, 8.800000, 8.800000, 11600, 8.810000, 3600, -1.460000, -0.130000
1476366190874, 8.800000, 8.800000, 11600, 8.810000, 3600, -1.460000, -0.130000
1476366192869, 8.800000, 8.800000, 11300, 8.810000, 3600, -1.460000, -0.130000
1476366194858, 8.800000, 8.800000, 11600, 8.810000, 2400, -1.460000, -0.130000
1476366196863, 8.810000, 8.810000, 400, 8.820000, 5500, -1.340000, -0.120000
1476366198869, 8.815000, 8.810000, 400, 8.820000, 5800, -1.290000, -0.115000
1476366200859, 8.810000, 8.810000, 300, 8.820000, 5800, -1.340000, -0.120000
1476366202855, 8.810000, 8.810000, 400, 8.820000, 5800, -1.340000, -0.120000
1476366204865, 8.810000, 8.810000, 500, 8.820000, 5400, -1.340000, -0.120000
1476366206870, 8.810000, 8.810000, 500, 8.820000, 5400, -1.340000, -0.120000
1476366208872, 8.810000, 8.800000, 12900, 8.810000, 2100, -1.340000, -0.120000
1476366210859, 8.805000, 8.800000, 13100, 8.810000, 1800, -1.400000, -0.125000
1476366212869, 8.805000, 8.800000, 12900, 8.810000, 1800, -1.400000, -0.125000
1476366214907, 8.805000, 8.800000, 12900, 8.810000, 1800, -1.400000, -0.125000
1476366216874, 8.805000, 8.800000, 12900, 8.810000, 1800, -1.400000, -0.125000
1476366218870, 8.805000, 8.800000, 12900, 8.810000, 1800, -1.400000, -0.125000
1476366220877, 8.805000, 8.800000, 12700, 8.810000, 2100, -1.400000, -0.125000
1476366222876, 8.810000, 8.800000, 12600, 8.810000, 2100, -1.340000, -0.120000
1476366224886, 8.810000, 8.800000, 12700, 8.810000, 2100, -1.340000, -0.120000
1476366226877, 8.810000, 8.800000, 12100, 8.810000, 2100, -1.340000, -0.120000
1476366228879, 8.810000, 8.800000, 12500, 8.810000, 2100, -1.340000, -0.120000
1476366230928, 8.810000, 8.800000, 12500, 8.810000, 2100, -1.340000, -0.120000
1476366233072, 8.810000, 8.800000, 12100, 8.810000, 2500, -1.340000, -0.120000
1476366234757, 8.800000, 8.800000, 11500, 8.810000, 4200, -1.460000, -0.130000
1476366236752, 8.800000, 8.800000, 11500, 8.810000, 4200, -1.460000, -0.130000
1476366238755, 8.800000, 8.800000, 11500, 8.810000, 4200, -1.460000, -0.130000
1476366240755, 8.800000, 8.800000, 11500, 8.810000, 3200, -1.460000, -0.130000
1476366242757, 8.800000, 8.800000, 11400, 8.810000, 3400, -1.460000, -0.130000
1476366244764, 8.790000, 8.790000, 1100, 8.800000, 6300, -1.570000, -0.140000
1476366246768, 8.790000, 8.790000, 800, 8.800000, 5600, -1.570000, -0.140000
1476366248778, 8.790000, 8.790000, 800, 8.800000, 5600, -1.570000, -0.140000
1476366250760, 8.790000, 8.790000, 800, 8.800000, 6300, -1.570000, -0.140000
1476366252768, 8.790000, 8.790000, 800, 8.800000, 6300, -1.570000, -0.140000
1476366254765, 8.790000, 8.790000, 800, 8.800000, 6000, -1.570000, -0.140000
1476366256763, 8.797000, 8.790000, 1100, 8.800000, 6000, -1.490000, -0.133000
1476366258268, 8.795000, 8.790000, 800, 8.800000, 5800, -1.510000, -0.135000
1476366260776, 8.790000, 8.790000, 800, 8.800000, 7300, -1.570000, -0.140000
1476366262777, 8.790000, 8.790000, 800, 8.800000, 6400, -1.570000, -0.140000
1476366264771, 8.790000, 8.790000, 1600, 8.800000, 7500, -1.570000, -0.140000
1476366266767, 8.790000, 8.790000, 1600, 8.800000, 7400, -1.570000, -0.140000
1476366268774, 8.790000, 8.790000, 1600, 8.800000, 7400, -1.570000, -0.140000
1476366269773, 8.790000, 8.790000, 1600, 8.800000, 7400, -1.570000, -0.140000
1476366272778, 8.790000, 8.790000, 1600, 8.800000, 6700, -1.570000, -0.140000
1476366274814, 8.800000, 8.800000, 5500, 8.810000, 2300, -1.460000, -0.130000
1476366276767, 8.810000, 8.800000, 2200, 8.810000, 4900, -1.340000, -0.120000
1476366278797, 8.810000, 8.800000, 2200, 8.810000, 5400, -1.340000, -0.120000
1476366280777, 8.800000, 8.800000, 2000, 8.810000, 5900, -1.460000, -0.130000
1476366282779, 8.800000, 8.800000, 1000, 8.810000, 9600, -1.460000, -0.130000
1476366284780, 8.801400, 8.800000, 1000, 8.810000, 8100, -1.440000, -0.128600
1476366286777, 8.800000, 8.790000, 2300, 8.800000, 2200, -1.460000, -0.130000
1476366288785, 8.800000, 8.790000, 4000, 8.800000, 1600, -1.460000, -0.130000
1476366290798, 8.800000, 8.790000, 4000, 8.800000, 1600, -1.460000, -0.130000
1476366292787, 8.810000, 8.800000, 4100, 8.810000, 3000, -1.340000, -0.120000
1476366294777, 8.810000, 8.800000, 7400, 8.810000, 1000, -1.340000, -0.120000
1476366296797, 8.810000, 8.800000, 5000, 8.810000, 1000, -1.340000, -0.120000
1476366298797, 8.810000, 8.800000, 4800, 8.810000, 1000, -1.340000, -0.120000
1476366300792, 8.810000, 8.800000, 1100, 8.810000, 5600, -1.340000, -0.120000
1476366302782, 8.810000, 8.800000, 1600, 8.810000, 5900, -1.340000, -0.120000
1476366304815, 8.810000, 8.800000, 1600, 8.810000, 5900, -1.340000, -0.120000
1476366306806, 8.806300, 8.800000, 11400, 8.810000, 5700, -1.390000, -0.123700
1476366308785, 8.806300, 8.800000, 11200, 8.810000, 5700, -1.390000, -0.123700
1476366310793, 8.806300, 8.800000, 11400, 8.810000, 5000, -1.390000, -0.123700
1476366312790, 8.806300, 8.800000, 11400, 8.810000, 4900, -1.390000, -0.123700
1476366314794, 8.806300, 8.800000, 11600, 8.810000, 5300, -1.390000, -0.123700
1476366316788, 8.806300, 8.800000, 11600, 8.810000, 5400, -1.390000, -0.123700
1476366318787, 8.809000, 8.800000, 11200, 8.810000, 5700, -1.350000, -0.121000
1476366320795, 8.800000, 8.800000, 10700, 8.810000, 6000, -1.460000, -0.130000
1476366322790, 8.800000, 8.800000, 10900, 8.810000, 6000, -1.460000, -0.130000
1476366324843, 8.800000, 8.800000, 11300, 8.810000, 5900, -1.460000, -0.130000
1476366326806, 8.800000, 8.800000, 11100, 8.810000, 5900, -1.460000, -0.130000
1476366328798, 8.800000, 8.800000, 10900, 8.810000, 5900, -1.460000, -0.130000
1476366330804, 8.800000, 8.800000, 11100, 8.810000, 5600, -1.460000, -0.130000
1476366332805, 8.805000, 8.800000, 11300, 8.810000, 5400, -1.400000, -0.125000
1476366334302, 8.800000, 8.800000, 7900, 8.810000, 8500, -1.460000, -0.130000
1476366336834, 8.809000, 8.800000, 7900, 8.810000, 8500, -1.350000, -0.121000
1476366338810, 8.809000, 8.800000, 7900, 8.810000, 8500, -1.350000, -0.121000
1476366340800, 8.800000, 8.800000, 7800, 8.810000, 8100, -1.460000, -0.130000
1476366342815, 8.800000, 8.800000, 8000, 8.810000, 7800, -1.460000, -0.130000
1476366344808, 8.800000, 8.800000, 8000, 8.810000, 6700, -1.460000, -0.130000
1476366346808, 8.800000, 8.800000, 7800, 8.810000, 9100, -1.460000, -0.130000
1476366348865, 8.810000, 8.800000, 7800, 8.810000, 8900, -1.340000, -0.120000
1476366350314, 8.810000, 8.800000, 7800, 8.810000, 8900, -1.340000, -0.120000
1476366352813, 8.810000, 8.800000, 7800, 8.810000, 8600, -1.340000, -0.120000
1476366354801, 8.800000, 8.800000, 7700, 8.810000, 8900, -1.460000, -0.130000
1476366357307, 8.800000, 8.800000, 7700, 8.810000, 8900, -1.460000, -0.130000
1476366358814, 8.800000, 8.800000, 7700, 8.810000, 8900, -1.460000, -0.130000
1476366360799, 8.800000, 8.800000, 7700, 8.810000, 8900, -1.460000, -0.130000
1476366362896, 8.800000, 8.800000, 7700, 8.810000, 8900, -1.460000, -0.130000
1476366364834, 8.809000, 8.800000, 7700, 8.810000, 8900, -1.350000, -0.121000
1476366365314, 8.809000, 8.800000, 7700, 8.810000, 8800, -1.350000, -0.121000
1476366368822, 8.800000, 8.800000, 7100, 8.810000, 9000, -1.460000, -0.130000
1476366370830, 8.809900, 8.800000, 7300, 8.810000, 9000, -1.340000, -0.120100
1476366372816, 8.800000, 8.800000, 6200, 8.810000, 9000, -1.460000, -0.130000
1476366375322, 8.800000, 8.800000, 6100, 8.810000, 9000, -1.460000, -0.130000
1476366376813, 8.800000, 8.800000, 6200, 8.810000, 7400, -1.460000, -0.130000
1476366378839, 8.800000, 8.800000, 6200, 8.810000, 7400, -1.460000, -0.130000
1476366381326, 8.800000, 8.800000, 6200, 8.810000, 7200, -1.460000, -0.130000
1476366382821, 8.800000, 8.800000, 6200, 8.810000, 4600, -1.460000, -0.130000
1476366384833, 8.800000, 8.800000, 6200, 8.810000, 4600, -1.460000, -0.130000
1476366386819, 8.800000, 8.800000, 6200, 8.810000, 4600, -1.460000, -0.130000
1476366388823, 8.800000, 8.800000, 6200, 8.810000, 4600, -1.460000, -0.130000
1476366390833, 8.800000, 8.800000, 6200, 8.810000, 4600, -1.460000, -0.130000
1476366392814, 8.800000, 8.800000, 6200, 8.810000, 4600, -1.460000, -0.130000
1476366394840, 8.800000, 8.800000, 6000, 8.810000, 7300, -1.460000, -0.130000
1476366396831, 8.800000, 8.800000, 6000, 8.810000, 7600, -1.460000, -0.130000
1476366398822, 8.800000, 8.800000, 6200, 8.810000, 6900, -1.460000, -0.130000
1476366400825, 8.800000, 8.800000, 6200, 8.810000, 6900, -1.460000, -0.130000
1476366402334, 8.800000, 8.800000, 6200, 8.810000, 6900, -1.460000, -0.130000
1476366404833, 8.805000, 8.800000, 6400, 8.810000, 5900, -1.400000, -0.125000
1476366406431, 8.805000, 8.800000, 6400, 8.810000, 5900, -1.400000, -0.125000
1476366408835, 8.805000, 8.800000, 6200, 8.810000, 5900, -1.400000, -0.125000
1476366410845, 8.805000, 8.800000, 6200, 8.810000, 6100, -1.400000, -0.125000
1476366412838, 8.805000, 8.800000, 6200, 8.810000, 6100, -1.400000, -0.125000
1476366414837, 8.805000, 8.800000, 6200, 8.810000, 6100, -1.400000, -0.125000
1476366416834, 8.805000, 8.800000, 6200, 8.810000, 6100, -1.400000, -0.125000
1476366418342, 8.805000, 8.800000, 6200, 8.810000, 6100, -1.400000, -0.125000
1476366420851, 8.805000, 8.800000, 6200, 8.810000, 6100, -1.400000, -0.125000
1476366422843, 8.805000, 8.800000, 6200, 8.810000, 6100, -1.400000, -0.125000
1476366424834, 8.810000, 8.800000, 6400, 8.810000, 6100, -1.340000, -0.120000
1476366426849, 8.810000, 8.800000, 7900, 8.810000, 2300, -1.340000, -0.120000
1476366428842, 8.810000, 8.800000, 7900, 8.810000, 2300, -1.340000, -0.120000
1476366430892, 8.810000, 8.800000, 7900, 8.810000, 2300, -1.340000, -0.120000
1476366432858, 8.810000, 8.800000, 8100, 8.810000, 2300, -1.340000, -0.120000
1476366434907, 8.805000, 8.800000, 8100, 8.810000, 2300, -1.400000, -0.125000
1476366436908, 8.805000, 8.800000, 8100, 8.810000, 2300, -1.400000, -0.125000
1476366438848, 8.820000, 8.820000, 2600, 8.830000, 6200, -1.230000, -0.110000
1476366440840, 8.820000, 8.830000, 3100, 8.840000, 5600, -1.230000, -0.110000
1476366442854, 8.830000, 8.830000, 3100, 8.840000, 5500, -1.120000, -0.100000
1476366444863, 8.830000, 8.830000, 3100, 8.840000, 5500, -1.120000, -0.100000
1476366446852, 8.835000, 8.830000, 1900, 8.840000, 6600, -1.060000, -0.095000
1476366448858, 8.835000, 8.830000, 1900, 8.840000, 6500, -1.060000, -0.095000
1476366450854, 8.835000, 8.830000, 2200, 8.840000, 5700, -1.060000, -0.095000
1476366452869, 8.835000, 8.830000, 2000, 8.840000, 5700, -1.060000, -0.095000
1476366454865, 8.835000, 8.830000, 2000, 8.840000, 5800, -1.060000, -0.095000
1476366456855, 8.835000, 8.830000, 2000, 8.840000, 5700, -1.060000, -0.095000
1476366458865, 8.835000, 8.830000, 2200, 8.840000, 5700, -1.060000, -0.095000
1476366460854, 8.835000, 8.830000, 2200, 8.840000, 5900, -1.060000, -0.095000
1476366462889, 8.835000, 8.830000, 2200, 8.840000, 5900, -1.060000, -0.095000
1476366464909, 8.835000, 8.830000, 1800, 8.840000, 6500, -1.060000, -0.095000
1476366466865, 8.835000, 8.830000, 1800, 8.840000, 6700, -1.060000, -0.095000
1476366468856, 8.825000, 8.820000, 3800, 8.830000, 7200, -1.180000, -0.105000
1476366470873, 8.822500, 8.820000, 2700, 8.830000, 7700, -1.200000, -0.107500
1476366472870, 8.822500, 8.820000, 2700, 8.830000, 8300, -1.200000, -0.107500
1476366474878, 8.822500, 8.820000, 2700, 8.830000, 8300, -1.200000, -0.107500
1476366476859, 8.830000, 8.820000, 3200, 8.830000, 7100, -1.120000, -0.100000
1476366478381, 8.830000, 8.820000, 3200, 8.830000, 6300, -1.120000, -0.100000
1476366480893, 8.830000, 8.820000, 3200, 8.830000, 6300, -1.120000, -0.100000
1476366482883, 8.830000, 8.820000, 3200, 8.830000, 6600, -1.120000, -0.100000
1476366484865, 8.830000, 8.820000, 3200, 8.830000, 6200, -1.120000, -0.100000
1476366486871, 8.830000, 8.820000, 3200, 8.830000, 6000, -1.120000, -0.100000
1476366488904, 8.830000, 8.820000, 3200, 8.830000, 6000, -1.120000, -0.100000
1476366490856, 8.830000, 8.820000, 3200, 8.830000, 6000, -1.120000, -0.100000
1476366492885, 8.830000, 8.820000, 3200, 8.830000, 6000, -1.120000, -0.100000
1476366494956, 8.820000, 8.810000, 3200, 8.820000, 3900, -1.230000, -0.110000
1476366496879, 8.820000, 8.810000, 2900, 8.820000, 3900, -1.230000, -0.110000
1476366498873, 8.820000, 8.810000, 2900, 8.820000, 4800, -1.230000, -0.110000
1476366500875, 8.820000, 8.810000, 2700, 8.820000, 4900, -1.230000, -0.110000
1476366503378, 8.820000, 8.810000, 2700, 8.820000, 4700, -1.230000, -0.110000
1476366504877, 8.820000, 8.810000, 2700, 8.820000, 4500, -1.230000, -0.110000
1476366506900, 8.820000, 8.810000, 2700, 8.820000, 4500, -1.230000, -0.110000
1476366508942, 8.820000, 8.810000, 2700, 8.820000, 4400, -1.230000, -0.110000
1476366510890, 8.820000, 8.810000, 2700, 8.820000, 4400, -1.230000, -0.110000
1476366512877, 8.826300, 8.820000, 3000, 8.830000, 6300, -1.160000, -0.103700
1476366515257, 8.826300, 8.820000, 3500, 8.830000, 6800, -1.160000, -0.103700
1476366517256, 8.826300, 8.820000, 3500, 8.830000, 6800, -1.160000, -0.103700
1476366519259, 8.820000, 8.820000, 600, 8.830000, 10700, -1.230000, -0.110000
1476366521262, 8.820000, 8.810000, 2600, 8.820000, 7000, -1.230000, -0.110000
1476366523260, 8.820000, 8.810000, 2800, 8.820000, 6800, -1.230000, -0.110000
1476366525261, 8.820000, 8.810000, 3000, 8.820000, 6800, -1.230000, -0.110000
1476366527265, 8.820000, 8.810000, 2800, 8.820000, 6800, -1.230000, -0.110000
1476366529266, 8.820000, 8.810000, 2800, 8.820000, 6800, -1.230000, -0.110000
1476366531265, 8.810000, 8.810000, 1100, 8.820000, 8400, -1.340000, -0.120000
1476366533269, 8.800000, 8.800000, 9700, 8.810000, 2500, -1.460000, -0.130000
1476366535282, 8.808500, 8.800000, 9500, 8.810000, 3300, -1.360000, -0.121500
1476366537265, 8.808500, 8.800000, 9300, 8.810000, 3300, -1.360000, -0.121500
1476366539265, 8.808500, 8.800000, 8100, 8.810000, 3700, -1.360000, -0.121500
1476366541268, 8.800000, 8.800000, 7900, 8.810000, 4200, -1.460000, -0.130000
1476366543270, 8.809000, 8.800000, 7900, 8.810000, 4100, -1.350000, -0.121000
1476366545268, 8.809000, 8.800000, 7900, 8.810000, 4100, -1.350000, -0.121000
1476366547279, 8.800000, 8.800000, 8100, 8.810000, 3600, -1.460000, -0.130000
1476366549272, 8.800000, 8.800000, 8100, 8.810000, 3600, -1.460000, -0.130000
1476366551284, 8.800000, 8.800000, 8500, 8.810000, 3200, -1.460000, -0.130000
1476366553280, 8.800000, 8.800000, 6700, 8.810000, 3700, -1.460000, -0.130000
1476366555284, 8.800000, 8.800000, 6800, 8.810000, 3300, -1.460000, -0.130000
1476366557276, 8.800000, 8.800000, 6700, 8.810000, 3300, -1.460000, -0.130000
1476366559280, 8.800000, 8.800000, 6700, 8.810000, 3300, -1.460000, -0.130000
1476366561276, 8.800000, 8.800000, 6700, 8.810000, 3300, -1.460000, -0.130000
1476366563274, 8.800000, 8.800000, 6700, 8.810000, 3300, -1.460000, -0.130000
1476366565360, 8.800000, 8.800000, 6800, 8.810000, 3300, -1.460000, -0.130000
1476366567290, 8.800000, 8.800000, 6800, 8.810000, 3400, -1.460000, -0.130000
1476366569277, 8.800000, 8.800000, 6700, 8.810000, 3300, -1.460000, -0.130000
1476366571282, 8.800000, 8.800000, 7000, 8.810000, 3100, -1.460000, -0.130000
1476366573282, 8.800000, 8.800000, 7000, 8.810000, 3300, -1.460000, -0.130000
1476366575288, 8.800000, 8.800000, 7000, 8.810000, 3300, -1.460000, -0.130000
1476366577316, 8.800000, 8.800000, 6600, 8.810000, 3300, -1.460000, -0.130000
1476366579284, 8.800000, 8.800000, 7000, 8.810000, 3400, -1.460000, -0.130000
1476366581288, 8.806300, 8.800000, 7000, 8.810000, 3400, -1.390000, -0.123700
1476366583297, 8.806300, 8.800000, 7000, 8.810000, 3300, -1.390000, -0.123700
1476366585276, 8.806300, 8.800000, 7000, 8.810000, 3300, -1.390000, -0.123700
1476366587296, 8.806300, 8.800000, 6600, 8.810000, 3400, -1.390000, -0.123700
1476366589292, 8.806300, 8.800000, 7000, 8.810000, 3400, -1.390000, -0.123700
1476366591299, 8.806300, 8.800000, 7000, 8.810000, 3400, -1.390000, -0.123700
1476366593306, 8.806300, 8.800000, 7000, 8.810000, 3500, -1.390000, -0.123700
1476366595287, 8.806300, 8.800000, 7000, 8.810000, 3500, -1.390000, -0.123700
1476366597291, 8.806300, 8.800000, 7000, 8.810000, 3500, -1.390000, -0.123700
1476366599340, 8.806300, 8.800000, 7000, 8.810000, 3600, -1.390000, -0.123700
1476366601294, 8.806300, 8.800000, 7000, 8.810000, 3600, -1.390000, -0.123700
1476366603299, 8.806300, 8.800000, 6700, 8.810000, 3600, -1.390000, -0.123700
1476366605296, 8.806300, 8.800000, 6700, 8.810000, 3600, -1.390000, -0.123700
1476366606794, 8.806300, 8.800000, 6700, 8.810000, 3600, -1.390000, -0.123700
1476366609307, 8.806300, 8.800000, 6800, 8.810000, 3000, -1.390000, -0.123700
1476366611303, 8.800000, 8.800000, 6800, 8.810000, 3000, -1.460000, -0.130000
1476366613302, 8.800000, 8.800000, 7000, 8.810000, 3000, -1.460000, -0.130000
1476366615305, 8.800000, 8.800000, 7000, 8.810000, 3000, -1.460000, -0.130000
1476366617309, 8.800000, 8.800000, 7000, 8.810000, 3000, -1.460000, -0.130000
1476366619305, 8.800000, 8.800000, 7000, 8.810000, 3000, -1.460000, -0.130000
1476366621346, 8.800000, 8.800000, 7000, 8.810000, 3000, -1.460000, -0.130000
1476366622818, 8.809900, 8.800000, 7000, 8.810000, 3000, -1.340000, -0.120100
1476366625339, 8.809900, 8.800000, 7000, 8.810000, 3000, -1.340000, -0.120100
1476366627311, 8.800000, 8.800000, 6500, 8.810000, 5300, -1.460000, -0.130000
1476366629321, 8.800000, 8.800000, 6100, 8.810000, 5300, -1.460000, -0.130000
1476366631303, 8.800000, 8.800000, 6100, 8.810000, 5300, -1.460000, -0.130000
1476366633310, 8.800000, 8.800000, 6500, 8.810000, 5300, -1.460000, -0.130000
1476366635302, 8.800000, 8.800000, 6500, 8.810000, 4900, -1.460000, -0.130000
1476366636307, 8.800000, 8.800000, 6500, 8.810000, 4800, -1.460000, -0.130000
1476366639333, 8.800000, 8.800000, 6500, 8.810000, 5000, -1.460000, -0.130000
1476366640824, 8.800000, 8.800000, 6500, 8.810000, 5000, -1.460000, -0.130000
1476366643320, 8.800000, 8.800000, 6500, 8.810000, 5000, -1.460000, -0.130000
1476366645314, 8.800000, 8.800000, 6100, 8.810000, 5200, -1.460000, -0.130000
1476366647309, 8.800000, 8.800000, 6100, 8.810000, 5300, -1.460000, -0.130000
1476366649321, 8.809900, 8.800000, 6500, 8.810000, 5000, -1.340000, -0.120100
1476366650805, 8.809900, 8.800000, 6500, 8.810000, 5000, -1.340000, -0.120100
1476366653358, 8.809900, 8.800000, 6500, 8.810000, 5000, -1.340000, -0.120100
1476366655333, 8.809900, 8.800000, 5900, 8.810000, 5300, -1.340000, -0.120100
1476366657324, 8.809900, 8.800000, 5900, 8.810000, 5300, -1.340000, -0.120100
1476366659319, 8.809900, 8.800000, 5700, 8.810000, 5500, -1.340000, -0.120100
1476366661321, 8.809900, 8.800000, 5700, 8.810000, 5500, -1.340000, -0.120100
1476366663324, 8.809900, 8.800000, 6800, 8.810000, 5300, -1.340000, -0.120100
1476366665330, 8.809900, 8.800000, 6800, 8.810000, 5000, -1.340000, -0.120100
1476366667397, 8.809900, 8.800000, 6400, 8.810000, 5100, -1.340000, -0.120100
1476366669374, 8.809900, 8.800000, 6200, 8.810000, 5300, -1.340000, -0.120100
1476366671331, 8.780000, 8.780000, 2500, 8.790000, 9000, -1.680000, -0.150000
1476366673328, 8.800000, 8.780000, 2000, 8.790000, 10200, -1.460000, -0.130000
1476366675341, 8.775000, 8.770000, 2600, 8.780000, 5000, -1.740000, -0.155000
1476366677331, 8.780000, 8.780000, 2500, 8.790000, 8600, -1.680000, -0.150000
1476366679341, 8.780000, 8.780000, 2300, 8.790000, 9400, -1.680000, -0.150000
1476366681325, 8.780000, 8.780000, 3700, 8.790000, 7800, -1.680000, -0.150000
1476366683339, 8.780000, 8.780000, 3100, 8.790000, 7300, -1.680000, -0.150000
1476366685367, 8.780000, 8.780000, 2900, 8.790000, 7300, -1.680000, -0.150000
1476366687331, 8.780000, 8.780000, 2800, 8.790000, 6700, -1.680000, -0.150000
1476366689337, 8.780000, 8.780000, 2800, 8.790000, 6700, -1.680000, -0.150000
1476366691341, 8.780000, 8.780000, 3500, 8.790000, 7800, -1.680000, -0.150000
1476366693326, 8.780000, 8.780000, 2000, 8.790000, 8900, -1.680000, -0.150000
1476366694870, 8.780000, 8.780000, 2000, 8.790000, 8900, -1.680000, -0.150000
1476366697348, 8.780000, 8.780000, 2800, 8.790000, 6600, -1.680000, -0.150000
1476366699367, 8.780000, 8.780000, 2800, 8.790000, 6600, -1.680000, -0.150000
1476366701337, 8.780000, 8.780000, 1600, 8.790000, 10900, -1.680000, -0.150000
1476366703342, 8.785000, 8.780000, 2500, 8.790000, 8400, -1.620000, -0.145000
1476366705340, 8.785000, 8.780000, 2300, 8.790000, 9500, -1.620000, -0.145000
1476366707353, 8.780000, 8.780000, 2300, 8.790000, 10000, -1.680000, -0.150000
1476366709347, 8.780000, 8.780000, 2300, 8.790000, 8300, -1.680000, -0.150000
1476366711360, 8.780000, 8.780000, 1600, 8.790000, 9500, -1.680000, -0.150000
1476366713405, 8.780000, 8.780000, 1600, 8.790000, 9200, -1.680000, -0.150000
1476366715359, 8.785000, 8.780000, 1800, 8.790000, 9400, -1.620000, -0.145000
1476366717343, 8.785000, 8.780000, 1600, 8.790000, 9500, -1.620000, -0.145000
1476366718346, 8.780000, 8.780000, 1200, 8.790000, 9700, -1.680000, -0.150000
1476366721356, 8.780000, 8.780000, 1200, 8.790000, 10000, -1.680000, -0.150000
1476366723348, 8.780000, 8.780000, 1200, 8.790000, 9000, -1.680000, -0.150000
1476366725352, 8.780000, 8.780000, 1800, 8.790000, 9000, -1.680000, -0.150000
1476366727366, 8.780000, 8.780000, 1300, 8.790000, 9000, -1.680000, -0.150000
1476366729350, 8.780000, 8.780000, 1600, 8.790000, 7700, -1.680000, -0.150000
1476366731349, 8.780000, 8.780000, 1600, 8.790000, 7700, -1.680000, -0.150000
1476366733359, 8.780000, 8.780000, 1200, 8.790000, 8000, -1.680000, -0.150000
1476366734895, 8.780000, 8.780000, 1200, 8.790000, 8000, -1.680000, -0.150000
1476366737360, 8.780000, 8.780000, 1200, 8.790000, 8000, -1.680000, -0.150000
1476366739358, 8.780000, 8.780000, 1200, 8.790000, 8000, -1.680000, -0.150000
1476366741432, 8.770000, 8.770000, 3300, 8.780000, 3400, -1.790000, -0.160000
1476366743347, 8.770000, 8.770000, 3400, 8.780000, 3400, -1.790000, -0.160000
1476366745371, 8.770000, 8.770000, 3000, 8.780000, 4700, -1.790000, -0.160000
1476366747352, 8.770000, 8.770000, 2400, 8.780000, 4700, -1.790000, -0.160000
1476366749358, 8.770000, 8.770000, 2400, 8.780000, 4700, -1.790000, -0.160000
1476366751370, 8.770000, 8.770000, 2400, 8.780000, 4700, -1.790000, -0.160000
1476366753369, 8.770000, 8.770000, 2900, 8.780000, 4400, -1.790000, -0.160000
1476366755376, 8.770000, 8.770000, 2900, 8.780000, 4400, -1.790000, -0.160000
1476366757358, 8.770000, 8.770000, 1800, 8.780000, 4400, -1.790000, -0.160000
1476366759367, 8.770000, 8.770000, 1800, 8.780000, 4700, -1.790000, -0.160000
1476366761363, 8.770000, 8.770000, 1800, 8.780000, 4700, -1.790000, -0.160000
1476366763376, 8.770000, 8.770000, 1200, 8.780000, 5100, -1.790000, -0.160000
1476366765363, 8.770000, 8.770000, 1500, 8.780000, 4800, -1.790000, -0.160000
1476366767373, 8.779000, 8.770000, 1500, 8.780000, 4700, -1.690000, -0.151000
1476366769353, 8.761000, 8.760000, 5300, 8.770000, 6000, -1.890000, -0.169000
1476366771386, 8.766300, 8.760000, 5300, 8.770000, 6300, -1.830000, -0.163700
1476366773374, 8.750000, 8.750000, 30000, 8.760000, 7000, -2.020000, -0.180000
1476366775374, 8.750000, 8.750000, 30100, 8.760000, 6900, -2.020000, -0.180000
1476366777357, 8.750000, 8.750000, 30100, 8.760000, 7000, -2.020000, -0.180000
1476366779374, 8.750000, 8.750000, 30100, 8.760000, 7000, -2.020000, -0.180000
1476366781366, 8.750000, 8.750000, 30100, 8.760000, 4900, -2.020000, -0.180000
1476366783382, 8.750000, 8.750000, 29900, 8.760000, 5100, -2.020000, -0.180000
1476366785368, 8.750000, 8.750000, 29900, 8.760000, 4600, -2.020000, -0.180000
1476366787372, 8.750000, 8.750000, 30000, 8.760000, 4800, -2.020000, -0.180000
1476366789401, 8.750000, 8.750000, 30100, 8.760000, 4800, -2.020000, -0.180000
1476366791376, 8.755000, 8.750000, 30100, 8.760000, 4800, -1.960000, -0.175000
1476366793387, 8.750000, 8.750000, 29100, 8.760000, 4800, -2.020000, -0.180000
1476366795380, 8.755000, 8.750000, 29000, 8.760000, 4700, -1.960000, -0.175000
1476366797574, 8.753100, 8.750000, 29100, 8.760000, 4800, -1.980000, -0.176900
1476366799254, 8.753100, 8.750000, 24300, 8.760000, 7000, -1.980000, -0.176900
1476366801277, 8.753100, 8.750000, 24300, 8.760000, 7000, -1.980000, -0.176900
1476366803256, 8.753100, 8.750000, 24700, 8.760000, 7000, -1.980000, -0.176900
1476366805262, 8.753100, 8.750000, 24100, 8.760000, 7000, -1.980000, -0.176900
1476366807259, 8.753100, 8.750000, 24900, 8.760000, 7000, -1.980000, -0.176900
1476366809253, 8.757700, 8.750000, 24900, 8.760000, 7000, -1.930000, -0.172300
1476366811261, 8.755400, 8.750000, 24900, 8.760000, 7700, -1.960000, -0.174600
1476366812765, 8.755400, 8.750000, 24100, 8.760000, 7700, -1.960000, -0.174600
1476366814749, 8.755400, 8.750000, 24700, 8.760000, 7300, -1.960000, -0.174600
1476366817260, 8.755400, 8.750000, 24800, 8.760000, 7300, -1.960000, -0.174600
1476366819265, 8.758900, 8.750000, 24900, 8.760000, 6700, -1.920000, -0.171100
1476366821271, 8.755000, 8.750000, 24900, 8.760000, 5400, -1.960000, -0.175000
1476366823258, 8.750000, 8.750000, 24900, 8.760000, 5600, -2.020000, -0.180000
1476366825264, 8.750000, 8.750000, 24900, 8.760000, 5600, -2.020000, -0.180000
1476366827280, 8.750000, 8.750000, 24800, 8.760000, 5400, -2.020000, -0.180000
1476366829318, 8.750000, 8.750000, 24900, 8.760000, 5400, -2.020000, -0.180000
1476366830775, 8.750000, 8.750000, 24900, 8.760000, 5400, -2.020000, -0.180000
1476366833272, 8.750000, 8.750000, 24700, 8.760000, 5700, -2.020000, -0.180000
1476366835273, 8.750000, 8.750000, 24700, 8.760000, 5800, -2.020000, -0.180000
1476366837270, 8.750000, 8.750000, 24700, 8.760000, 5800, -2.020000, -0.180000
1476366839280, 8.750000, 8.750000, 28600, 8.760000, 1600, -2.020000, -0.180000
1476366841277, 8.760000, 8.750000, 27600, 8.760000, 1200, -1.900000, -0.170000
1476366843274, 8.750000, 8.750000, 27100, 8.760000, 5900, -2.020000, -0.180000
1476366844784, 8.750000, 8.750000, 25700, 8.760000, 5100, -2.020000, -0.180000
1476366847274, 8.750000, 8.750000, 25600, 8.760000, 4300, -2.020000, -0.180000
1476366849274, 8.750000, 8.750000, 26600, 8.760000, 4300, -2.020000, -0.180000
1476366851276, 8.750000, 8.750000, 26700, 8.760000, 4300, -2.020000, -0.180000
1476366853287, 8.755000, 8.750000, 24600, 8.760000, 4600, -1.960000, -0.175000
1476366855290, 8.755000, 8.750000, 24600, 8.760000, 4600, -1.960000, -0.175000
1476366857294, 8.760000, 8.750000, 24500, 8.760000, 1300, -1.900000, -0.170000
1476366859310, 8.760000, 8.750000, 24600, 8.760000, 1300, -1.900000, -0.170000
1476366861367, 8.760000, 8.750000, 25400, 8.760000, 1500, -1.900000, -0.170000
1476366863290, 8.760000, 8.750000, 25400, 8.760000, 1500, -1.900000, -0.170000
1476366865292, 8.760000, 8.750000, 25400, 8.760000, 1500, -1.900000, -0.170000
1476366867291, 8.760000, 8.750000, 25400, 8.760000, 1500, -1.900000, -0.170000
1476366869284, 8.760000, 8.760000, 3600, 8.760000, 200, -1.900000, -0.170000
1476366871286, 8.760000, 8.760000, 800, 8.760000, 300, -1.900000, -0.170000
1476366873304, 8.760000, 8.760000, 700, 8.760000, 300, -1.900000, -0.170000
1476366875331, 8.760000, 8.760000, 500, 8.760000, 300, -1.900000, -0.170000
1476366876784, 8.760000, 8.760000, 500, 8.760000, 300, -1.900000, -0.170000
1476366879292, 8.760000, 8.760000, 700, 8.760000, 200, -1.900000, -0.170000
1476366881296, 8.760000, 8.760000, 700, 8.760000, 200, -1.900000, -0.170000
1476366883302, 8.760000, 8.760000, 700, 8.760000, 200, -1.900000, -0.170000
1476366885295, 8.760000, 8.760000, 600, 8.760000, 3100, -1.900000, -0.170000
1476366887315, 8.760000, 8.750000, 27600, 8.760000, 5100, -1.900000, -0.170000
1476366889296, 8.755000, 8.750000, 27000, 8.760000, 5100, -1.960000, -0.175000
1476366891296, 8.755000, 8.750000, 27000, 8.760000, 5100, -1.960000, -0.175000
1476366893300, 8.755000, 8.750000, 27900, 8.760000, 4400, -1.960000, -0.175000
1476366895290, 8.755000, 8.750000, 27900, 8.760000, 4400, -1.960000, -0.175000
1476366897303, 8.755000, 8.750000, 27700, 8.760000, 3400, -1.960000, -0.175000
1476366899301, 8.755000, 8.750000, 27900, 8.760000, 3300, -1.960000, -0.175000
1476366901301, 8.740000, 8.730000, 2600, 8.740000, 3400, -2.130000, -0.190000
1476366903292, 8.740000, 8.730000, 2300, 8.740000, 4500, -2.130000, -0.190000
1476366905295, 8.740000, 8.730000, 2700, 8.740000, 4200, -2.130000, -0.190000
1476366907310, 8.740000, 8.730000, 2700, 8.740000, 3800, -2.130000, -0.190000
1476366909298, 8.733000, 8.730000, 2500, 8.740000, 3800, -2.210000, -0.197000
1476366911306, 8.733000, 8.730000, 2000, 8.740000, 3800, -2.210000, -0.197000
1476366913302, 8.739900, 8.730000, 2000, 8.740000, 4000, -2.130000, -0.190100
1476366915316, 8.740100, 8.740000, 6100, 8.750000, 7600, -2.130000, -0.189900
1476366917336, 8.745000, 8.740000, 5100, 8.750000, 9100, -2.070000, -0.185000
1476366919311, 8.749000, 8.740000, 5500, 8.750000, 7800, -2.030000, -0.181000
1476366921309, 8.745400, 8.740000, 5200, 8.750000, 7900, -2.070000, -0.184600
1476366923310, 8.745400, 8.740000, 5000, 8.750000, 6100, -2.070000, -0.184600
1476366924811, 8.745400, 8.740000, 5000, 8.750000, 6100, -2.070000, -0.184600
1476366927315, 8.745400, 8.740000, 5000, 8.750000, 5800, -2.070000, -0.184600
1476366929325, 8.740000, 8.740000, 5000, 8.750000, 6300, -2.130000, -0.190000
1476366931344, 8.740000, 8.740000, 4600, 8.750000, 6200, -2.130000, -0.190000
1476366933320, 8.740000, 8.740000, 4600, 8.750000, 6100, -2.130000, -0.190000
1476366934803, 8.740000, 8.740000, 4600, 8.750000, 6100, -2.130000, -0.190000
1476366937316, 8.740000, 8.740000, 3800, 8.750000, 6100, -2.130000, -0.190000
1476366939326, 8.748000, 8.740000, 3900, 8.750000, 6200, -2.040000, -0.182000
1476366941308, 8.748000, 8.740000, 2100, 8.750000, 8800, -2.040000, -0.182000
1476366943323, 8.750000, 8.740000, 3000, 8.750000, 10200, -2.020000, -0.180000
1476366945336, 8.750000, 8.740000, 4500, 8.750000, 8800, -2.020000, -0.180000
1476366947325, 8.745000, 8.740000, 3800, 8.750000, 6600, -2.070000, -0.185000
1476366949331, 8.750000, 8.740000, 7400, 8.750000, 8200, -2.020000, -0.180000
1476366951325, 8.750000, 8.740000, 6400, 8.750000, 8200, -2.020000, -0.180000
1476366953329, 8.750000, 8.740000, 6600, 8.750000, 8000, -2.020000, -0.180000
1476366955318, 8.750000, 8.740000, 4800, 8.750000, 7400, -2.020000, -0.180000
1476366957322, 8.750000, 8.740000, 4800, 8.750000, 7800, -2.020000, -0.180000
1476366959352, 8.750000, 8.740000, 4800, 8.750000, 7800, -2.020000, -0.180000
1476366961326, 8.745000, 8.740000, 5700, 8.750000, 8400, -2.070000, -0.185000
1476366963332, 8.745000, 8.740000, 5700, 8.750000, 7800, -2.070000, -0.185000
1476366965321, 8.745000, 8.740000, 5700, 8.750000, 7500, -2.070000, -0.185000
1476366967328, 8.740100, 8.740000, 5000, 8.750000, 5000, -2.130000, -0.189900
1476366969331, 8.740100, 8.740000, 5000, 8.750000, 4900, -2.130000, -0.189900
1476366971340, 8.749600, 8.740000, 5000, 8.750000, 4900, -2.020000, -0.180400
1476366973350, 8.749600, 8.740000, 5000, 8.750000, 5200, -2.020000, -0.180400
1476366975360, 8.749600, 8.740000, 5000, 8.750000, 4700, -2.020000, -0.180400
1476366977329, 8.749600, 8.740000, 5000, 8.750000, 4700, -2.020000, -0.180400
1476366979337, 8.740000, 8.740000, 4900, 8.750000, 6200, -2.130000, -0.190000
1476366981328, 8.740000, 8.740000, 4900, 8.750000, 5500, -2.130000, -0.190000
1476366983363, 8.740000, 8.740000, 4900, 8.750000, 5700, -2.130000, -0.190000
1476366984840, 8.740000, 8.740000, 4900, 8.750000, 5400, -2.130000, -0.190000
1476366987350, 8.740000, 8.740000, 4900, 8.750000, 4700, -2.130000, -0.190000
1476366989355, 8.740000, 8.740000, 4700, 8.750000, 5100, -2.130000, -0.190000
1476366991345, 8.740000, 8.740000, 4600, 8.750000, 5400, -2.130000, -0.190000
1476366993321, 8.740000, 8.740000, 4600, 8.750000, 5400, -2.130000, -0.190000
1476366995349, 8.740000, 8.740000, 4700, 8.750000, 5500, -2.130000, -0.190000
1476366997327, 8.740000, 8.740000, 4700, 8.750000, 5500, -2.130000, -0.190000
1476366999347, 8.740000, 8.740000, 4700, 8.750000, 5700, -2.130000, -0.190000
1476367001369, 8.744600, 8.740000, 4800, 8.750000, 5300, -2.080000, -0.185400
1476367003353, 8.740000, 8.740000, 4800, 8.750000, 5300, -2.130000, -0.190000
1476367005341, 8.749000, 8.740000, 4800, 8.750000, 5300, -2.030000, -0.181000
1476367007332, 8.749000, 8.740000, 4800, 8.750000, 5300, -2.030000, -0.181000
1476367009348, 8.746300, 8.740000, 4800, 8.750000, 5300, -2.060000, -0.183700
1476367011348, 8.746300, 8.740000, 4700, 8.750000, 5300, -2.060000, -0.183700
1476367012846, 8.750000, 8.740000, 4800, 8.750000, 5300, -2.020000, -0.180000
1476367015348, 8.750000, 8.740000, 4800, 8.750000, 5300, -2.020000, -0.180000
1476367017382, 8.740000, 8.740000, 4900, 8.750000, 5300, -2.130000, -0.190000
1476367019358, 8.740000, 8.740000, 4900, 8.750000, 5300, -2.130000, -0.190000
1476367021344, 8.740000, 8.740000, 4900, 8.750000, 5300, -2.130000, -0.190000
1476367023354, 8.740000, 8.740000, 4900, 8.750000, 5300, -2.130000, -0.190000
1476367025350, 8.740000, 8.740000, 4900, 8.750000, 5300, -2.130000, -0.190000
1476367027363, 8.740000, 8.740000, 4900, 8.750000, 5300, -2.130000, -0.190000
1476367029368, 8.740000, 8.740000, 4900, 8.750000, 5300, -2.130000, -0.190000
1476367031360, 8.740000, 8.740000, 4900, 8.750000, 5300, -2.130000, -0.190000
1476367033387, 8.740000, 8.740000, 4600, 8.750000, 5400, -2.130000, -0.190000
1476367035399, 8.740000, 8.740000, 4500, 8.750000, 7900, -2.130000, -0.190000
1476367037355, 8.740000, 8.740000, 4500, 8.750000, 6200, -2.130000, -0.190000
1476367039359, 8.740000, 8.740000, 4600, 8.750000, 6200, -2.130000, -0.190000
1476367041360, 8.745000, 8.740000, 4600, 8.750000, 6100, -2.070000, -0.185000
1476367043367, 8.745000, 8.740000, 4600, 8.750000, 6100, -2.070000, -0.185000
1476367045377, 8.730000, 8.730000, 2500, 8.740000, 12200, -2.240000, -0.200000
1476367047392, 8.730000, 8.730000, 2600, 8.740000, 12700, -2.240000, -0.200000
1476367049367, 8.730000, 8.730000, 1900, 8.740000, 12700, -2.240000, -0.200000
1476367051366, 8.740000, 8.730000, 2200, 8.740000, 12400, -2.130000, -0.190000
1476367053375, 8.740000, 8.730000, 2200, 8.740000, 14300, -2.130000, -0.190000
1476367055372, 8.740000, 8.730000, 2000, 8.740000, 13300, -2.130000, -0.190000
1476367057365, 8.730000, 8.730000, 1200, 8.740000, 12100, -2.240000, -0.200000
1476367059368, 8.730000, 8.730000, 1200, 8.740000, 12900, -2.240000, -0.200000
1476367061402, 8.740000, 8.730000, 1200, 8.740000, 9800, -2.130000, -0.190000
1476367063373, 8.740000, 8.730000, 1300, 8.740000, 9800, -2.130000, -0.190000
1476367065340, 8.740000, 8.730000, 1300, 8.740000, 9700, -2.130000, -0.190000
1476367067377, 8.740000, 8.730000, 1300, 8.740000, 9500, -2.130000, -0.190000
1476367069406, 8.740000, 8.730000, 1300, 8.740000, 9500, -2.130000, -0.190000
1476367071372, 8.730000, 8.730000, 1100, 8.740000, 10500, -2.240000, -0.200000
1476367073379, 8.730000, 8.730000, 1000, 8.740000, 10500, -2.240000, -0.200000
1476367075361, 8.730000, 8.730000, 2300, 8.740000, 3100, -2.240000, -0.200000
1476367077366, 8.735000, 8.730000, 800, 8.740000, 3600, -2.180000, -0.195000
1476367079370, 8.735000, 8.730000, 1300, 8.740000, 3100, -2.180000, -0.195000
1476367081370, 8.734600, 8.730000, 1300, 8.740000, 3200, -2.190000, -0.195400
1476367083752, 8.734600, 8.730000, 1300, 8.740000, 3200, -2.190000, -0.195400
1476367085746, 8.734600, 8.730000, 1300, 8.740000, 3200, -2.190000, -0.195400
1476367087751, 8.734600, 8.730000, 1300, 8.740000, 3200, -2.190000, -0.195400
1476367089256, 8.734600, 8.730000, 1300, 8.740000, 3200, -2.190000, -0.195400
1476367091757, 8.749900, 8.740000, 1100, 8.750000, 7400, -2.020000, -0.180100
1476367093262, 8.740000, 8.740000, 1100, 8.750000, 6800, -2.130000, -0.190000
1476367095759, 8.740000, 8.740000, 1100, 8.750000, 6600, -2.130000, -0.190000
1476367097755, 8.740000, 8.740000, 1100, 8.750000, 6800, -2.130000, -0.190000
1476367099258, 8.740000, 8.740000, 1100, 8.750000, 6800, -2.130000, -0.190000
1476367101811, 8.740000, 8.740000, 1300, 8.750000, 7800, -2.130000, -0.190000
1476367103777, 8.740000, 8.740000, 1200, 8.750000, 7600, -2.130000, -0.190000
1476367105763, 8.740000, 8.730000, 3300, 8.740000, 4800, -2.130000, -0.190000
1476367107763, 8.740000, 8.730000, 3300, 8.740000, 4100, -2.130000, -0.190000
1476367109761, 8.735000, 8.730000, 5500, 8.740000, 2100, -2.180000, -0.195000
1476367111768, 8.735000, 8.740000, 3800, 8.750000, 4900, -2.180000, -0.195000
1476367113772, 8.735000, 8.740000, 3900, 8.750000, 6800, -2.180000, -0.195000
1476367115766, 8.740000, 8.740000, 1600, 8.750000, 8200, -2.130000, -0.190000
1476367117760, 8.740000, 8.730000, 3300, 8.740000, 4200, -2.130000, -0.190000
1476367119773, 8.740000, 8.730000, 8700, 8.740000, 1700, -2.130000, -0.190000
1476367121766, 8.740000, 8.730000, 7400, 8.740000, 1700, -2.130000, -0.190000
1476367123769, 8.740000, 8.740000, 3300, 8.750000, 7800, -2.130000, -0.190000
1476367125774, 8.742500, 8.740000, 1000, 8.750000, 9000, -2.100000, -0.187500
1476367127806, 8.742500, 8.740000, 1000, 8.750000, 8500, -2.100000, -0.187500
1476367129775, 8.742500, 8.740000, 1000, 8.750000, 8100, -2.100000, -0.187500
1476367131762, 8.740000, 8.740000, 800, 8.750000, 8100, -2.130000, -0.190000
1476367133791, 8.740000, 8.740000, 800, 8.750000, 8100, -2.130000, -0.190000
1476367135775, 8.740000, 8.740000, 900, 8.750000, 6200, -2.130000, -0.190000
1476367137781, 8.740000, 8.740000, 900, 8.750000, 5900, -2.130000, -0.190000
1476367139282, 8.740000, 8.740000, 900, 8.750000, 5900, -2.130000, -0.190000
1476367141783, 8.740000, 8.740000, 1000, 8.750000, 5500, -2.130000, -0.190000
1476367143778, 8.740000, 8.730000, 3300, 8.740000, 6300, -2.130000, -0.190000
1476367145776, 8.735000, 8.730000, 3400, 8.740000, 3600, -2.180000, -0.195000
1476367147771, 8.735000, 8.730000, 3400, 8.740000, 3200, -2.180000, -0.195000
1476367149795, 8.735000, 8.730000, 3600, 8.740000, 3200, -2.180000, -0.195000
1476367151801, 8.735000, 8.730000, 3600, 8.740000, 3200, -2.180000, -0.195000
1476367153772, 8.740000, 8.730000, 3900, 8.740000, 1900, -2.130000, -0.190000
1476367155778, 8.740000, 8.730000, 3500, 8.740000, 4300, -2.130000, -0.190000
1476367157769, 8.745000, 8.740000, 3200, 8.750000, 7300, -2.070000, -0.185000
1476367159787, 8.740000, 8.730000, 3700, 8.740000, 7300, -2.130000, -0.190000
1476367161779, 8.736500, 8.730000, 4600, 8.740000, 3600, -2.170000, -0.193500
1476367163873, 8.738800, 8.730000, 4600, 8.740000, 3400, -2.140000, -0.191200
1476367165814, 8.735000, 8.730000, 3300, 8.740000, 3600, -2.180000, -0.195000
1476367167790, 8.735000, 8.730000, 3300, 8.740000, 3500, -2.180000, -0.195000
1476367169792, 8.735000, 8.730000, 3300, 8.740000, 3500, -2.180000, -0.195000
1476367171781, 8.735000, 8.730000, 3100, 8.740000, 3500, -2.180000, -0.195000
1476367173822, 8.735000, 8.730000, 3100, 8.740000, 3500, -2.180000, -0.195000
1476367175790, 8.740000, 8.730000, 3300, 8.740000, 3200, -2.130000, -0.190000
1476367177788, 8.740000, 8.730000, 3300, 8.740000, 3300, -2.130000, -0.190000
1476367179795, 8.740000, 8.730000, 3300, 8.740000, 3300, -2.130000, -0.190000
1476367181838, 8.740000, 8.730000, 3300, 8.740000, 3300, -2.130000, -0.190000
1476367183793, 8.730000, 8.730000, 4800, 8.740000, 3400, -2.240000, -0.200000
1476367185792, 8.730000, 8.730000, 4800, 8.740000, 3400, -2.240000, -0.200000
1476367187800, 8.730000, 8.730000, 4800, 8.740000, 3400, -2.240000, -0.200000
1476367189804, 8.730000, 8.730000, 5000, 8.740000, 3200, -2.240000, -0.200000
1476367191803, 8.730000, 8.730000, 5000, 8.740000, 3200, -2.240000, -0.200000
1476367193799, 8.730000, 8.730000, 5000, 8.740000, 3200, -2.240000, -0.200000
1476367195803, 8.730000, 8.730000, 5000, 8.740000, 3200, -2.240000, -0.200000
1476367197819, 8.730000, 8.730000, 5000, 8.740000, 3200, -2.240000, -0.200000
1476367199813, 8.730000, 8.730000, 5000, 8.740000, 3200, -2.240000, -0.200000
1476367201796, 8.730000, 8.730000, 3500, 8.740000, 3200, -2.240000, -0.200000
1476367203310, 8.730000, 8.730000, 3500, 8.740000, 3200, -2.240000, -0.200000
1476367205796, 8.730000, 8.730000, 3300, 8.740000, 3600, -2.240000, -0.200000
1476367207800, 8.730000, 8.730000, 3300, 8.740000, 3200, -2.240000, -0.200000
1476367209811, 8.730000, 8.730000, 3300, 8.740000, 3300, -2.240000, -0.200000
1476367211809, 8.730000, 8.730000, 3300, 8.740000, 3300, -2.240000, -0.200000
1476367213804, 8.735200, 8.730000, 3300, 8.740000, 3200, -2.180000, -0.194800
1476367215806, 8.735200, 8.730000, 4800, 8.740000, 3200, -2.180000, -0.194800
1476367217817, 8.735200, 8.730000, 4800, 8.740000, 3300, -2.180000, -0.194800
1476367219799, 8.735200, 8.730000, 4800, 8.740000, 3300, -2.180000, -0.194800
1476367221808, 8.735200, 8.730000, 4800, 8.740000, 2700, -2.180000, -0.194800
1476367223813, 8.735200, 8.730000, 4800, 8.740000, 3100, -2.180000, -0.194800
1476367225348, 8.750000, 8.740000, 10300, 8.750000, 4500, -2.020000, -0.180000
1476367227815, 8.745000, 8.740000, 10500, 8.750000, 4500, -2.070000, -0.185000
1476367229817, 8.745000, 8.740000, 10600, 8.750000, 4500, -2.070000, -0.185000
1476367231805, 8.745000, 8.740000, 9800, 8.750000, 4500, -2.070000, -0.185000
1476367233810, 8.745000, 8.740000, 9800, 8.750000, 4500, -2.070000, -0.185000
1476367235820, 8.745000, 8.740000, 9800, 8.750000, 4500, -2.070000, -0.185000
1476367237825, 8.745000, 8.740000, 10000, 8.750000, 4500, -2.070000, -0.185000
1476367239807, 8.745000, 8.740000, 10000, 8.750000, 4500, -2.070000, -0.185000
1476367241827, 8.740000, 8.740000, 9700, 8.750000, 4500, -2.130000, -0.190000
1476367243815, 8.750000, 8.740000, 9200, 8.750000, 4500, -2.020000, -0.180000
1476367245811, 8.750000, 8.740000, 9200, 8.750000, 4500, -2.020000, -0.180000
1476367247816, 8.750000, 8.740000, 9200, 8.750000, 4500, -2.020000, -0.180000
1476367249805, 8.750000, 8.740000, 8900, 8.750000, 4500, -2.020000, -0.180000
1476367251857, 8.750000, 8.740000, 9200, 8.750000, 4500, -2.020000, -0.180000
1476367253854, 8.750000, 8.740000, 8800, 8.750000, 4500, -2.020000, -0.180000
1476367255826, 8.750000, 8.740000, 9000, 8.750000, 4500, -2.020000, -0.180000
1476367257833, 8.750000, 8.740000, 8700, 8.750000, 4500, -2.020000, -0.180000
1476367259823, 8.750000, 8.740000, 8600, 8.750000, 4500, -2.020000, -0.180000
1476367261858, 8.750000, 8.740000, 6900, 8.750000, 4500, -2.020000, -0.180000
1476367263870, 8.750000, 8.740000, 6900, 8.750000, 4500, -2.020000, -0.180000
1476367265846, 8.750000, 8.740000, 6800, 8.750000, 4500, -2.020000, -0.180000
1476367267830, 8.750000, 8.740000, 6800, 8.750000, 4500, -2.020000, -0.180000
1476367269852, 8.750000, 8.740000, 6800, 8.750000, 4500, -2.020000, -0.180000
1476367271833, 8.750000, 8.740000, 6800, 8.750000, 4500, -2.020000, -0.180000
1476367273835, 8.750000, 8.740000, 6800, 8.750000, 4500, -2.020000, -0.180000
1476367275838, 8.740000, 8.730000, 6800, 8.740000, 4300, -2.130000, -0.190000
1476367277840, 8.730000, 8.730000, 1500, 8.740000, 9800, -2.240000, -0.200000
1476367279834, 8.730000, 8.730000, 1500, 8.740000, 8900, -2.240000, -0.200000
1476367281831, 8.730000, 8.730000, 1500, 8.740000, 8900, -2.240000, -0.200000
1476367283376, 8.730000, 8.730000, 1500, 8.740000, 8900, -2.240000, -0.200000
1476367285839, 8.735000, 8.730000, 1500, 8.740000, 10500, -2.180000, -0.195000
1476367287838, 8.735000, 8.730000, 1500, 8.740000, 10200, -2.180000, -0.195000
1476367289848, 8.735000, 8.730000, 1500, 8.740000, 7300, -2.180000, -0.195000
1476367291840, 8.730000, 8.730000, 1500, 8.740000, 9800, -2.240000, -0.200000
1476367293840, 8.730000, 8.730000, 1500, 8.740000, 10600, -2.240000, -0.200000
1476367295907, 8.730000, 8.730000, 1500, 8.740000, 10200, -2.240000, -0.200000
1476367297900, 8.730000, 8.730000, 1500, 8.740000, 10200, -2.240000, -0.200000
1476367299841, 8.730000, 8.730000, 1500, 8.740000, 10100, -2.240000, -0.200000
1476367301344, 8.730000, 8.730000, 3200, 8.740000, 10100, -2.240000, -0.200000
1476367303855, 8.730000, 8.730000, 3200, 8.740000, 10100, -2.240000, -0.200000
1476367305856, 8.730000, 8.730000, 3200, 8.740000, 10200, -2.240000, -0.200000
1476367307839, 8.730000, 8.730000, 3200, 8.740000, 9100, -2.240000, -0.200000
1476367309848, 8.730000, 8.730000, 3200, 8.740000, 7000, -2.240000, -0.200000
1476367311869, 8.735000, 8.730000, 3200, 8.740000, 7200, -2.180000, -0.195000
1476367313844, 8.730000, 8.730000, 3200, 8.740000, 10000, -2.240000, -0.200000
1476367315855, 8.735000, 8.730000, 3200, 8.740000, 10000, -2.180000, -0.195000
1476367317840, 8.735000, 8.730000, 3200, 8.740000, 10000, -2.180000, -0.195000
1476367319848, 8.735000, 8.730000, 3200, 8.740000, 9500, -2.180000, -0.195000
1476367321862, 8.730000, 8.730000, 3200, 8.740000, 9500, -2.240000, -0.200000
1476367323876, 8.736500, 8.730000, 3200, 8.740000, 7700, -2.170000, -0.193500
1476367325872, 8.736500, 8.730000, 3200, 8.740000, 7700, -2.170000, -0.193500
1476367327856, 8.730000, 8.730000, 3000, 8.740000, 10800, -2.240000, -0.200000
1476367329851, 8.730000, 8.730000, 3000, 8.740000, 9900, -2.240000, -0.200000
1476367331850, 8.730000, 8.730000, 3000, 8.740000, 9900, -2.240000, -0.200000
1476367333857, 8.730000, 8.730000, 3000, 8.740000, 9900, -2.240000, -0.200000
1476367335853, 8.730000, 8.730000, 3000, 8.740000, 9900, -2.240000, -0.200000
1476367337868, 8.720000, 8.720000, 4600, 8.730000, 6200, -2.350000, -0.210000
1476367339933, 8.725000, 8.720000, 1000, 8.730000, 5600, -2.300000, -0.205000
1476367341876, 8.725000, 8.720000, 800, 8.730000, 7900, -2.300000, -0.205000
1476367343871, 8.710000, 8.710000, 6100, 8.720000, 7800, -2.460000, -0.220000
1476367345851, 8.710000, 8.710000, 6500, 8.720000, 8000, -2.460000, -0.220000
1476367347865, 8.710000, 8.710000, 6000, 8.720000, 8000, -2.460000, -0.220000
1476367349870, 8.710000, 8.710000, 6000, 8.720000, 10900, -2.460000, -0.220000
1476367351858, 8.710000, 8.710000, 6000, 8.720000, 10900, -2.460000, -0.220000
1476367353869, 8.710000, 8.710000, 6000, 8.720000, 10900, -2.460000, -0.220000
1476367355888, 8.719000, 8.710000, 5900, 8.720000, 11300, -2.360000, -0.211000
1476367357857, 8.719000, 8.710000, 5900, 8.720000, 11300, -2.360000, -0.211000
1476367359361, 8.719000, 8.710000, 5900, 8.720000, 11200, -2.360000, -0.211000
1476367361879, 8.719000, 8.710000, 5900, 8.720000, 11200, -2.360000, -0.211000
1476367363886, 8.719000, 8.710000, 5600, 8.720000, 11200, -2.360000, -0.211000
1476367365863, 8.710000, 8.710000, 5500, 8.720000, 11000, -2.460000, -0.220000
1476367367921, 8.710000, 8.710000, 5500, 8.720000, 11000, -2.460000, -0.220000
1476367369863, 8.710000, 8.710000, 5300, 8.720000, 11000, -2.460000, -0.220000
1476367371874, 8.710000, 8.710000, 5300, 8.720000, 11200, -2.460000, -0.220000
1476367373879, 8.710000, 8.710000, 5300, 8.720000, 10700, -2.460000, -0.220000
1476367375867, 8.710000, 8.710000, 5300, 8.720000, 10700, -2.460000, -0.220000
1476367377749, 8.710000, 8.710000, 4000, 8.720000, 11200, -2.460000, -0.220000
1476367379753, 8.710000, 8.710000, 4000, 8.720000, 10600, -2.460000, -0.220000
1476367381757, 8.710000, 8.710000, 4000, 8.720000, 10600, -2.460000, -0.220000
1476367383754, 8.710100, 8.710000, 4000, 8.720000, 10600, -2.460000, -0.219900
1476367385768, 8.710100, 8.710000, 4000, 8.720000, 10600, -2.460000, -0.219900
1476367387757, 8.710100, 8.710000, 4400, 8.720000, 10400, -2.460000, -0.219900
1476367389796, 8.710100, 8.710000, 4200, 8.720000, 10100, -2.460000, -0.219900
1476367391761, 8.710100, 8.710000, 4100, 8.720000, 10100, -2.460000, -0.219900
1476367393763, 8.710100, 8.710000, 4000, 8.720000, 9700, -2.460000, -0.219900
1476367394258, 8.710100, 8.710000, 4000, 8.720000, 9700, -2.460000, -0.219900
1476367397757, 8.725000, 8.720000, 700, 8.730000, 9800, -2.300000, -0.205000
1476367399762, 8.730000, 8.720000, 4400, 8.730000, 4200, -2.240000, -0.200000
1476367401779, 8.730000, 8.720000, 4300, 8.730000, 3400, -2.240000, -0.200000
1476367403773, 8.727000, 8.720000, 8900, 8.730000, 4900, -2.270000, -0.203000
1476367405773, 8.725000, 8.720000, 8900, 8.730000, 4400, -2.300000, -0.205000
1476367407770, 8.725000, 8.720000, 8900, 8.730000, 4400, -2.300000, -0.205000
1476367409771, 8.725000, 8.720000, 8900, 8.730000, 4500, -2.300000, -0.205000
1476367411803, 8.720000, 8.720000, 8700, 8.730000, 3700, -2.350000, -0.210000
1476367413803, 8.726700, 8.720000, 8500, 8.730000, 3800, -2.280000, -0.203300
1476367415777, 8.730000, 8.720000, 8900, 8.730000, 4000, -2.240000, -0.200000
1476367417775, 8.730000, 8.720000, 8900, 8.730000, 4200, -2.240000, -0.200000
1476367419767, 8.725000, 8.720000, 8900, 8.730000, 4200, -2.300000, -0.205000
1476367421780, 8.730000, 8.720000, 9600, 8.730000, 1800, -2.240000, -0.200000
1476367423774, 8.730000, 8.720000, 8900, 8.730000, 2800, -2.240000, -0.200000
1476367425281, 8.720000, 8.720000, 8500, 8.730000, 3100, -2.350000, -0.210000
1476367427795, 8.730000, 8.720000, 8800, 8.730000, 2800, -2.240000, -0.200000
1476367429803, 8.730000, 8.720000, 8800, 8.730000, 2800, -2.240000, -0.200000
1476367431789, 8.730000, 8.720000, 8100, 8.730000, 2400, -2.240000, -0.200000
1476367433819, 8.730000, 8.720000, 8100, 8.730000, 2200, -2.240000, -0.200000
1476367435780, 8.730000, 8.720000, 8100, 8.730000, 2300, -2.240000, -0.200000
1476367437772, 8.724700, 8.720000, 8000, 8.730000, 2300, -2.300000, -0.205300
1476367439781, 8.724700, 8.720000, 8000, 8.730000, 2300, -2.300000, -0.205300
1476367441794, 8.729000, 8.720000, 8000, 8.730000, 2300, -2.250000, -0.201000
1476367443318, 8.729000, 8.720000, 8200, 8.730000, 2300, -2.250000, -0.201000
1476367445787, 8.729000, 8.720000, 8200, 8.730000, 2300, -2.250000, -0.201000
1476367447789, 8.720000, 8.720000, 1100, 8.730000, 9100, -2.350000, -0.210000
1476367449786, 8.715000, 8.710000, 9200, 8.720000, 2500, -2.410000, -0.215000
1476367451785, 8.715000, 8.710000, 13500, 8.720000, 2500, -2.410000, -0.215000
1476367453783, 8.715000, 8.710000, 13500, 8.720000, 2100, -2.410000, -0.215000
1476367455293, 8.715000, 8.710000, 13800, 8.720000, 2200, -2.410000, -0.215000
1476367457799, 8.715000, 8.710000, 13800, 8.720000, 2200, -2.410000, -0.215000
1476367459814, 8.730000, 8.720000, 2300, 8.730000, 8300, -2.240000, -0.200000
1476367461786, 8.720000, 8.720000, 2200, 8.730000, 8100, -2.350000, -0.210000
1476367463797, 8.725000, 8.720000, 700, 8.730000, 10800, -2.300000, -0.205000
1476367465786, 8.725000, 8.720000, 700, 8.730000, 10800, -2.300000, -0.205000
1476367466786, 8.720000, 8.720000, 700, 8.730000, 10800, -2.350000, -0.210000
1476367469784, 8.720000, 8.720000, 700, 8.730000, 10400, -2.350000, -0.210000
1476367471791, 8.720000, 8.720000, 700, 8.730000, 10400, -2.350000, -0.210000
1476367473795, 8.720000, 8.720000, 600, 8.730000, 9500, -2.350000, -0.210000
1476367475794, 8.720000, 8.720000, 700, 8.730000, 9700, -2.350000, -0.210000
1476367477795, 8.720000, 8.720000, 700, 8.730000, 9500, -2.350000, -0.210000
1476367479794, 8.720000, 8.720000, 700, 8.730000, 9500, -2.350000, -0.210000
1476367481797, 8.720000, 8.720000, 700, 8.730000, 9300, -2.350000, -0.210000
1476367483839, 8.720000, 8.720000, 900, 8.730000, 9100, -2.350000, -0.210000
1476367485803, 8.720000, 8.710000, 5800, 8.720000, 6800, -2.350000, -0.210000
1476367487828, 8.720000, 8.710000, 14600, 8.720000, 3100, -2.350000, -0.210000
1476367489805, 8.720000, 8.710000, 14000, 8.720000, 2900, -2.350000, -0.210000
1476367491791, 8.720000, 8.710000, 14000, 8.720000, 2900, -2.350000, -0.210000
1476367493812, 8.720000, 8.710000, 11600, 8.720000, 3100, -2.350000, -0.210000
1476367495812, 8.720000, 8.710000, 11600, 8.720000, 3400, -2.350000, -0.210000
1476367497805, 8.720000, 8.710000, 12300, 8.720000, 3800, -2.350000, -0.210000
1476367499814, 8.717200, 8.710000, 12300, 8.720000, 3700, -2.380000, -0.212800
1476367501840, 8.715000, 8.710000, 4500, 8.720000, 3200, -2.410000, -0.215000
1476367503811, 8.720000, 8.710000, 4500, 8.720000, 3300, -2.350000, -0.210000
1476367505801, 8.710000, 8.710000, 4400, 8.720000, 3800, -2.460000, -0.220000
1476367507819, 8.719000, 8.710000, 5300, 8.720000, 3800, -2.360000, -0.211000
1476367509804, 8.719000, 8.710000, 5300, 8.720000, 3800, -2.360000, -0.211000
1476367511810, 8.717500, 8.710000, 5100, 8.720000, 3800, -2.380000, -0.212500
1476367513819, 8.717500, 8.710000, 5100, 8.720000, 3800, -2.380000, -0.212500
1476367515831, 8.717500, 8.710000, 4500, 8.720000, 3800, -2.380000, -0.212500
1476367517325, 8.713700, 8.710000, 4500, 8.720000, 3800, -2.420000, -0.216300
1476367519820, 8.713700, 8.710000, 4900, 8.720000, 3800, -2.420000, -0.216300
1476367521812, 8.713700, 8.710000, 4500, 8.720000, 3800, -2.420000, -0.216300
1476367523816, 8.719300, 8.710000, 4500, 8.720000, 3800, -2.360000, -0.210700
1476367525813, 8.719300, 8.710000, 4500, 8.720000, 4300, -2.360000, -0.210700
1476367527325, 8.714700, 8.710000, 4500, 8.720000, 4300, -2.410000, -0.215300
1476367529814, 8.714700, 8.710000, 4400, 8.720000, 5200, -2.410000, -0.215300
1476367531825, 8.714700, 8.710000, 4400, 8.720000, 5200, -2.410000, -0.215300
1476367533821, 8.714700, 8.710000, 5000, 8.720000, 5200, -2.410000, -0.215300
1476367535821, 8.716500, 8.710000, 4600, 8.720000, 5200, -2.390000, -0.213500
1476367537823, 8.720000, 8.710000, 10900, 8.720000, 3100, -2.350000, -0.210000
1476367539819, 8.720000, 8.710000, 10400, 8.720000, 3100, -2.350000, -0.210000
1476367541824, 8.720000, 8.710000, 7100, 8.720000, 3100, -2.350000, -0.210000
1476367543872, 8.720000, 8.710000, 7100, 8.720000, 3000, -2.350000, -0.210000
1476367545863, 8.715000, 8.710000, 6600, 8.720000, 3600, -2.410000, -0.215000
1476367547821, 8.720000, 8.710000, 8100, 8.720000, 3200, -2.350000, -0.210000
1476367549826, 8.720000, 8.710000, 8100, 8.720000, 3200, -2.350000, -0.210000
1476367551833, 8.710100, 8.710000, 8100, 8.720000, 3300, -2.460000, -0.219900
1476367553820, 8.720000, 8.710000, 16700, 8.720000, 3300, -2.350000, -0.210000
1476367555830, 8.710000, 8.700000, 10500, 8.710000, 6200, -2.460000, -0.220000
1476367557883, 8.710000, 8.700000, 10500, 8.710000, 7600, -2.460000, -0.220000
1476367559845, 8.710000, 8.700000, 9900, 8.710000, 8300, -2.460000, -0.220000
1476367561835, 8.700000, 8.700000, 10400, 8.710000, 7600, -2.580000, -0.230000
1476367563832, 8.704700, 8.700000, 11100, 8.710000, 7000, -2.520000, -0.225300
1476367565829, 8.704700, 8.700000, 10400, 8.710000, 7000, -2.520000, -0.225300
1476367566873, 8.700000, 8.700000, 10400, 8.710000, 7000, -2.580000, -0.230000
1476367569836, 8.710000, 8.700000, 16600, 8.710000, 6700, -2.460000, -0.220000
1476367571864, 8.710000, 8.700000, 18900, 8.710000, 4800, -2.460000, -0.220000
1476367573860, 8.710000, 8.700000, 18900, 8.710000, 4400, -2.460000, -0.220000
1476367575845, 8.706500, 8.700000, 18900, 8.710000, 4300, -2.500000, -0.223500
1476367577335, 8.705000, 8.700000, 18900, 8.710000, 4300, -2.520000, -0.225000
1476367579824, 8.710000, 8.700000, 18900, 8.710000, 4400, -2.460000, -0.220000
1476367581821, 8.710000, 8.700000, 18900, 8.710000, 4300, -2.460000, -0.220000
1476367583837, 8.710000, 8.700000, 18900, 8.710000, 4400, -2.460000, -0.220000
1476367585939, 8.710000, 8.700000, 18900, 8.710000, 4400, -2.460000, -0.220000
1476367587831, 8.710000, 8.700000, 17300, 8.710000, 8400, -2.460000, -0.220000
1476367589842, 8.710000, 8.700000, 17600, 8.710000, 8200, -2.460000, -0.220000
1476367591842, 8.700000, 8.700000, 17700, 8.710000, 8600, -2.580000, -0.230000
1476367593833, 8.700000, 8.700000, 17700, 8.710000, 8500, -2.580000, -0.230000
1476367595850, 8.705000, 8.700000, 18900, 8.710000, 6700, -2.520000, -0.225000
1476367597843, 8.700000, 8.700000, 18900, 8.710000, 7700, -2.580000, -0.230000
1476367599831, 8.700000, 8.700000, 18600, 8.710000, 7700, -2.580000, -0.230000
1476367601853, 8.700000, 8.700000, 18500, 8.710000, 8700, -2.580000, -0.230000
1476367603868, 8.700000, 8.700000, 18500, 8.710000, 8000, -2.580000, -0.230000
1476367605842, 8.706600, 8.700000, 18500, 8.710000, 8000, -2.500000, -0.223400
1476367607837, 8.706600, 8.700000, 18500, 8.710000, 7500, -2.500000, -0.223400
1476367609858, 8.706600, 8.700000, 17900, 8.710000, 7500, -2.500000, -0.223400
1476367611845, 8.706600, 8.700000, 17900, 8.710000, 6300, -2.500000, -0.223400
1476367613889, 8.705500, 8.700000, 17900, 8.710000, 8100, -2.510000, -0.224500
1476367615894, 8.705500, 8.700000, 18300, 8.710000, 8200, -2.510000, -0.224500
1476367617848, 8.709000, 8.700000, 18400, 8.710000, 8900, -2.470000, -0.221000
1476367619875, 8.704200, 8.700000, 18400, 8.710000, 8900, -2.530000, -0.225800
1476367621853, 8.704200, 8.700000, 17800, 8.710000, 8900, -2.530000, -0.225800
1476367623850, 8.704200, 8.700000, 17900, 8.710000, 8300, -2.530000, -0.225800
1476367625852, 8.704200, 8.700000, 17900, 8.710000, 8400, -2.530000, -0.225800
1476367627866, 8.700000, 8.700000, 19500, 8.710000, 4500, -2.580000, -0.230000
1476367629859, 8.710000, 8.700000, 22900, 8.710000, 300, -2.460000, -0.220000
1476367631856, 8.710000, 8.700000, 19900, 8.710000, 2100, -2.460000, -0.220000
1476367633861, 8.705000, 8.700000, 11100, 8.710000, 5000, -2.520000, -0.225000
1476367635856, 8.705000, 8.700000, 11100, 8.710000, 5000, -2.520000, -0.225000
1476367637870, 8.705000, 8.700000, 11100, 8.710000, 4500, -2.520000, -0.225000
1476367639851, 8.705000, 8.700000, 10700, 8.710000, 4500, -2.520000, -0.225000
1476367641367, 8.705000, 8.700000, 11100, 8.710000, 4400, -2.520000, -0.225000
1476367643877, 8.700000, 8.700000, 5000, 8.710000, 13100, -2.580000, -0.230000
1476367645866, 8.710000, 8.700000, 11100, 8.710000, 10100, -2.460000, -0.220000
1476367647864, 8.710000, 8.700000, 10800, 8.710000, 10200, -2.460000, -0.220000
1476367649882, 8.710000, 8.700000, 11500, 8.710000, 10600, -2.460000, -0.220000
1476367651893, 8.710000, 8.700000, 11500, 8.710000, 10600, -2.460000, -0.220000
1476367653853, 8.710000, 8.700000, 11500, 8.710000, 10600, -2.460000, -0.220000
1476367655864, 8.710000, 8.700000, 9800, 8.710000, 11300, -2.460000, -0.220000
1476367657870, 8.710000, 8.700000, 9800, 8.710000, 11300, -2.460000, -0.220000
1476367660253, 8.700000, 8.700000, 4600, 8.710000, 11200, -2.580000, -0.230000
1476367662270, 8.700000, 8.700000, 5000, 8.710000, 10200, -2.580000, -0.230000
1476367664260, 8.700000, 8.700000, 5000, 8.710000, 10600, -2.580000, -0.230000
1476367666249, 8.705000, 8.700000, 4300, 8.710000, 10900, -2.520000, -0.225000
1476367668265, 8.710000, 8.700000, 5800, 8.710000, 10700, -2.460000, -0.220000
1476367670258, 8.701000, 8.700000, 5800, 8.710000, 10600, -2.560000, -0.229000
1476367672256, 8.700000, 8.700000, 5800, 8.710000, 12700, -2.580000, -0.230000
1476367674259, 8.705000, 8.700000, 5800, 8.710000, 12800, -2.520000, -0.225000
1476367675766, 8.705000, 8.700000, 5800, 8.710000, 12700, -2.520000, -0.225000
1476367678333, 8.705000, 8.700000, 5800, 8.710000, 12700, -2.520000, -0.225000
1476367680272, 8.705000, 8.700000, 5800, 8.710000, 11900, -2.520000, -0.225000
1476367682271, 8.705000, 8.700000, 5800, 8.710000, 12000, -2.520000, -0.225000
1476367683759, 8.705000, 8.700000, 5800, 8.710000, 15500, -2.520000, -0.225000
1476367686265, 8.705000, 8.700000, 5800, 8.710000, 15300, -2.520000, -0.225000
1476367687795, 8.705000, 8.700000, 5800, 8.710000, 15200, -2.520000, -0.225000
1476367690271, 8.700000, 8.700000, 5800, 8.710000, 14700, -2.580000, -0.230000
1476367691767, 8.700000, 8.700000, 5800, 8.710000, 14700, -2.580000, -0.230000
1476367694266, 8.700000, 8.700000, 4400, 8.710000, 19000, -2.580000, -0.230000
1476367696279, 8.700000, 8.700000, 4400, 8.710000, 19000, -2.580000, -0.230000
1476367698270, 8.710000, 8.700000, 4400, 8.710000, 19100, -2.460000, -0.220000
1476367700276, 8.700000, 8.700000, 4400, 8.710000, 15600, -2.580000, -0.230000
1476367702281, 8.700000, 8.700000, 4400, 8.710000, 15600, -2.580000, -0.230000
1476367704282, 8.700000, 8.700000, 4400, 8.710000, 15600, -2.580000, -0.230000
1476367706292, 8.700000, 8.700000, 4400, 8.710000, 15600, -2.580000, -0.230000
1476367708278, 8.700000, 8.700000, 4400, 8.710000, 14900, -2.580000, -0.230000
1476367709764, 8.700000, 8.700000, 4300, 8.710000, 12500, -2.580000, -0.230000
1476367712280, 8.700000, 8.700000, 4300, 8.710000, 12400, -2.580000, -0.230000
1476367714280, 8.700000, 8.700000, 4300, 8.710000, 12400, -2.580000, -0.230000
1476367716276, 8.705000, 8.700000, 4300, 8.710000, 16600, -2.520000, -0.225000
1476367718309, 8.705000, 8.700000, 4300, 8.710000, 14400, -2.520000, -0.225000
1476367720307, 8.700000, 8.700000, 4100, 8.710000, 11400, -2.580000, -0.230000
1476367722321, 8.706500, 8.700000, 4100, 8.710000, 14000, -2.500000, -0.223500
1476367724277, 8.700000, 8.700000, 4100, 8.710000, 14000, -2.580000, -0.230000
1476367726281, 8.700000, 8.700000, 4100, 8.710000, 13300, -2.580000, -0.230000
1476367728288, 8.700000, 8.700000, 4100, 8.710000, 13400, -2.580000, -0.230000
1476367730284, 8.700000, 8.700000, 4100, 8.710000, 13400, -2.580000, -0.230000
1476367732317, 8.700000, 8.700000, 4100, 8.710000, 13400, -2.580000, -0.230000
1476367734313, 8.700000, 8.700000, 4100, 8.710000, 13400, -2.580000, -0.230000
1476367735773, 8.710000, 8.700000, 4100, 8.710000, 11000, -2.460000, -0.220000
1476367738284, 8.700000, 8.700000, 4100, 8.710000, 17900, -2.580000, -0.230000
1476367740296, 8.700000, 8.700000, 4100, 8.710000, 14300, -2.580000, -0.230000
1476367742296, 8.700000, 8.700000, 4100, 8.710000, 18000, -2.580000, -0.230000
1476367744331, 8.691000, 8.690000, 11500, 8.700000, 9200, -2.680000, -0.239000
1476367746278, 8.693000, 8.690000, 11500, 8.700000, 9100, -2.650000, -0.237000
1476367748279, 8.697000, 8.690000, 11500, 8.700000, 10600, -2.610000, -0.233000
1476367750315, 8.695000, 8.690000, 11500, 8.700000, 9800, -2.630000, -0.235000
1476367752302, 8.695000, 8.690000, 12000, 8.700000, 9700, -2.630000, -0.235000
1476367754295, 8.700000, 8.690000, 12200, 8.700000, 4000, -2.580000, -0.230000
1476367756294, 8.693500, 8.690000, 8400, 8.700000, 5400, -2.650000, -0.236500
1476367758290, 8.699900, 8.690000, 7700, 8.700000, 5400, -2.580000, -0.230100
1476367760297, 8.699900, 8.690000, 8000, 8.700000, 5400, -2.580000, -0.230100
1476367762289, 8.699900, 8.690000, 7200, 8.700000, 7500, -2.580000, -0.230100
1476367763803, 8.700000, 8.690000, 8300, 8.700000, 7500, -2.580000, -0.230000
1476367766296, 8.700000, 8.690000, 8200, 8.700000, 5500, -2.580000, -0.230000
1476367768298, 8.700000, 8.690000, 8100, 8.700000, 4600, -2.580000, -0.230000
1476367770307, 8.700000, 8.690000, 8200, 8.700000, 4600, -2.580000, -0.230000
1476367771307, 8.700000, 8.690000, 7200, 8.700000, 4600, -2.580000, -0.230000
1476367774303, 8.695000, 8.690000, 6800, 8.700000, 5100, -2.630000, -0.235000
1476367776313, 8.700000, 8.690000, 11800, 8.700000, 1300, -2.580000, -0.230000
1476367778359, 8.700000, 8.690000, 11800, 8.700000, 1300, -2.580000, -0.230000
1476367780303, 8.700000, 8.690000, 12000, 8.700000, 1300, -2.580000, -0.230000
1476367782301, 8.700000, 8.690000, 12000, 8.700000, 1900, -2.580000, -0.230000
1476367784309, 8.700000, 8.690000, 11800, 8.700000, 1800, -2.580000, -0.230000
1476367786318, 8.700000, 8.690000, 12000, 8.700000, 1800, -2.580000, -0.230000
1476367788316, 8.700000, 8.690000, 12000, 8.700000, 1800, -2.580000, -0.230000
1476367790317, 8.700000, 8.690000, 12000, 8.700000, 1600, -2.580000, -0.230000
1476367792337, 8.700000, 8.690000, 12000, 8.700000, 1600, -2.580000, -0.230000
1476367794316, 8.700000, 8.690000, 11800, 8.700000, 1600, -2.580000, -0.230000
1476367796318, 8.700000, 8.690000, 11800, 8.700000, 1600, -2.580000, -0.230000
1476367798318, 8.710000, 8.700000, 1200, 8.710000, 13100, -2.460000, -0.220000
1476367800321, 8.700000, 8.700000, 1300, 8.710000, 13300, -2.580000, -0.230000
1476367802318, 8.700000, 8.700000, 1200, 8.710000, 14800, -2.580000, -0.230000
1476367804337, 8.710000, 8.700000, 1400, 8.710000, 14700, -2.460000, -0.220000
1476367806329, 8.710000, 8.700000, 2900, 8.710000, 15100, -2.460000, -0.220000
1476367808345, 8.700000, 8.700000, 1800, 8.710000, 14400, -2.580000, -0.230000
1476367810330, 8.700000, 8.700000, 1600, 8.710000, 15100, -2.580000, -0.230000
1476367812320, 8.700000, 8.700000, 1800, 8.710000, 15200, -2.580000, -0.230000
1476367813813, 8.710000, 8.700000, 1800, 8.710000, 15100, -2.460000, -0.220000
1476367816321, 8.695000, 8.690000, 6700, 8.700000, 7500, -2.630000, -0.235000
1476367818364, 8.695000, 8.690000, 6600, 8.700000, 7700, -2.630000, -0.235000
1476367819332, 8.695000, 8.690000, 6600, 8.700000, 7700, -2.630000, -0.235000
1476367822325, 8.695000, 8.690000, 6600, 8.700000, 6900, -2.630000, -0.235000
1476367824317, 8.695000, 8.690000, 6600, 8.700000, 6800, -2.630000, -0.235000
1476367826329, 8.690000, 8.690000, 6700, 8.700000, 6800, -2.690000, -0.240000
1476367828336, 8.690000, 8.690000, 6700, 8.700000, 6800, -2.690000, -0.240000
1476367830326, 8.690000, 8.690000, 6700, 8.700000, 6800, -2.690000, -0.240000
1476367832334, 8.690000, 8.690000, 6700, 8.700000, 6800, -2.690000, -0.240000
1476367834336, 8.690000, 8.690000, 6700, 8.700000, 5700, -2.690000, -0.240000
1476367836339, 8.690000, 8.690000, 6700, 8.700000, 5600, -2.690000, -0.240000
1476367837834, 8.690000, 8.690000, 6700, 8.700000, 6000, -2.690000, -0.240000
1476367840369, 8.690000, 8.690000, 6700, 8.700000, 6000, -2.690000, -0.240000
1476367842335, 8.690000, 8.690000, 6700, 8.700000, 5600, -2.690000, -0.240000
1476367844331, 8.690000, 8.690000, 6600, 8.700000, 5800, -2.690000, -0.240000
1476367846339, 8.695200, 8.690000, 6600, 8.700000, 8900, -2.630000, -0.234800
1476367848330, 8.695200, 8.690000, 6600, 8.700000, 8900, -2.630000, -0.234800
1476367850337, 8.695200, 8.690000, 6600, 8.700000, 8900, -2.630000, -0.234800
1476367852341, 8.700000, 8.690000, 6600, 8.700000, 8900, -2.580000, -0.230000
1476367854348, 8.700000, 8.690000, 6600, 8.700000, 8900, -2.580000, -0.230000
1476367856349, 8.700000, 8.690000, 6600, 8.700000, 8000, -2.580000, -0.230000
1476367858336, 8.696800, 8.690000, 6600, 8.700000, 8000, -2.610000, -0.233200
1476367860338, 8.696800, 8.690000, 6600, 8.700000, 8000, -2.610000, -0.233200
1476367862378, 8.690100, 8.690000, 6600, 8.700000, 8000, -2.690000, -0.239900
1476367864336, 8.680100, 8.680000, 6600, 8.690000, 8900, -2.800000, -0.249900
1476367866361, 8.690000, 8.680000, 6200, 8.690000, 8500, -2.690000, -0.240000
1476367868343, 8.690000, 8.680000, 6000, 8.690000, 8100, -2.690000, -0.240000
1476367870342, 8.690000, 8.680000, 5700, 8.690000, 8700, -2.690000, -0.240000
1476367871876, 8.690000, 8.680000, 5700, 8.690000, 10200, -2.690000, -0.240000
1476367874354, 8.690000, 8.680000, 6100, 8.690000, 11100, -2.690000, -0.240000
1476367876364, 8.690000, 8.680000, 6000, 8.690000, 10500, -2.690000, -0.240000
1476367878418, 8.690000, 8.680000, 6000, 8.690000, 10500, -2.690000, -0.240000
1476367880342, 8.689000, 8.680000, 5700, 8.690000, 10500, -2.700000, -0.241000
1476367882355, 8.689000, 8.680000, 5800, 8.690000, 11000, -2.700000, -0.241000
1476367884346, 8.689000, 8.680000, 6100, 8.690000, 10600, -2.700000, -0.241000
1476367886358, 8.689000, 8.680000, 6600, 8.690000, 9300, -2.700000, -0.241000
1476367888346, 8.689000, 8.680000, 6100, 8.690000, 9200, -2.700000, -0.241000
1476367890357, 8.689000, 8.680000, 6000, 8.690000, 9200, -2.700000, -0.241000
1476367892383, 8.689000, 8.680000, 7400, 8.690000, 9700, -2.700000, -0.241000
1476367894359, 8.689000, 8.680000, 6000, 8.690000, 9800, -2.700000, -0.241000
1476367896369, 8.689000, 8.680000, 6000, 8.690000, 9800, -2.700000, -0.241000
1476367898363, 8.685300, 8.680000, 6000, 8.690000, 9900, -2.740000, -0.244700
1476367900371, 8.685300, 8.680000, 6000, 8.690000, 9900, -2.740000, -0.244700
1476367902352, 8.685300, 8.680000, 6000, 8.690000, 9900, -2.740000, -0.244700
1476367904364, 8.680000, 8.680000, 6100, 8.690000, 9700, -2.800000, -0.250000
1476367906358, 8.680000, 8.680000, 4600, 8.690000, 15800, -2.800000, -0.250000
1476367908362, 8.685300, 8.680000, 4700, 8.690000, 10900, -2.740000, -0.244700
1476367910369, 8.690000, 8.680000, 7800, 8.690000, 4300, -2.690000, -0.240000
1476367912357, 8.690000, 8.680000, 12100, 8.690000, 4000, -2.690000, -0.240000
1476367913853, 8.690000, 8.680000, 12100, 8.690000, 4000, -2.690000, -0.240000
1476367916373, 8.690000, 8.680000, 12200, 8.690000, 3900, -2.690000, -0.240000
1476367918360, 8.690000, 8.680000, 12200, 8.690000, 3900, -2.690000, -0.240000
1476367920389, 8.680000, 8.680000, 6000, 8.690000, 4600, -2.800000, -0.250000
1476367922393, 8.681600, 8.680000, 6800, 8.690000, 7200, -2.780000, -0.248400
1476367924375, 8.680100, 8.680000, 7000, 8.690000, 7600, -2.800000, -0.249900
1476367926362, 8.685000, 8.680000, 2600, 8.690000, 8100, -2.740000, -0.245000
1476367928380, 8.685000, 8.680000, 2600, 8.690000, 8100, -2.740000, -0.245000
1476367930371, 8.685000, 8.680000, 2600, 8.690000, 8200, -2.740000, -0.245000
1476367932365, 8.680000, 8.680000, 6500, 8.690000, 8300, -2.800000, -0.250000
1476367934358, 8.680000, 8.680000, 7000, 8.690000, 8100, -2.800000, -0.250000
1476367936376, 8.680000, 8.680000, 7000, 8.690000, 8200, -2.800000, -0.250000
1476367938405, 8.680000, 8.680000, 7000, 8.690000, 8200, -2.800000, -0.250000
1476367939892, 8.680000, 8.680000, 7000, 8.690000, 7900, -2.800000, -0.250000
1476367942379, 8.689900, 8.680000, 7000, 8.690000, 8000, -2.690000, -0.240100
1476367943631, 8.689900, 8.680000, 7000, 8.690000, 8300, -2.690000, -0.240100
1476367946291, 8.685000, 8.680000, 6700, 8.690000, 8000, -2.740000, -0.245000
1476367948259, 8.685000, 8.680000, 7000, 8.690000, 7900, -2.740000, -0.245000
1476367950286, 8.685600, 8.680000, 7000, 8.690000, 7900, -2.740000, -0.244400
1476367951790, 8.681000, 8.680000, 7000, 8.690000, 7800, -2.790000, -0.249000
1476367954258, 8.685000, 8.680000, 7000, 8.690000, 7900, -2.740000, -0.245000
1476367956260, 8.685000, 8.680000, 7200, 8.690000, 7900, -2.740000, -0.245000
1476367958266, 8.680000, 8.680000, 7500, 8.690000, 10700, -2.800000, -0.250000
1476367960267, 8.680000, 8.680000, 7500, 8.690000, 12000, -2.800000, -0.250000
1476367962268, 8.680000, 8.680000, 7700, 8.690000, 12000, -2.800000, -0.250000
1476367964264, 8.681000, 8.680000, 7100, 8.690000, 11900, -2.790000, -0.249000
1476367966287, 8.681000, 8.680000, 7100, 8.690000, 12400, -2.790000, -0.249000
1476367968263, 8.681000, 8.680000, 7100, 8.690000, 12400, -2.790000, -0.249000
1476367970271, 8.681000, 8.680000, 7600, 8.690000, 12200, -2.790000, -0.249000
1476367972266, 8.681000, 8.680000, 7600, 8.690000, 11900, -2.790000, -0.249000
1476367974311, 8.681000, 8.680000, 7600, 8.690000, 11800, -2.790000, -0.249000
1476367976271, 8.680100, 8.680000, 3300, 8.690000, 12700, -2.800000, -0.249900
1476367978274, 8.685000, 8.680000, 3000, 8.690000, 12300, -2.740000, -0.245000
1476367980273, 8.685000, 8.680000, 3000, 8.690000, 12200, -2.740000, -0.245000
1476367982316, 8.685000, 8.680000, 3000, 8.690000, 12900, -2.740000, -0.245000
1476367984282, 8.685000, 8.680000, 3000, 8.690000, 12400, -2.740000, -0.245000
1476367986282, 8.685000, 8.680000, 3000, 8.690000, 13300, -2.740000, -0.245000
1476367988274, 8.680000, 8.680000, 3000, 8.690000, 13400, -2.800000, -0.250000
1476367990287, 8.690000, 8.680000, 3000, 8.690000, 12200, -2.690000, -0.240000
1476367992275, 8.690000, 8.680000, 3000, 8.690000, 11900, -2.690000, -0.240000
1476367994284, 8.689000, 8.680000, 3000, 8.690000, 12000, -2.700000, -0.241000
1476367996352, 8.670000, 8.660000, 13000, 8.670000, 15400, -2.910000, -0.260000
1476367998275, 8.660000, 8.670000, 7500, 8.680000, 4100, -3.020000, -0.270000
1476368000285, 8.660000, 8.670000, 6900, 8.680000, 4700, -3.020000, -0.270000
1476368002281, 8.670000, 8.670000, 3400, 8.680000, 9000, -2.910000, -0.260000
1476368004285, 8.670000, 8.660000, 12800, 8.670000, 6200, -2.910000, -0.260000
1476368006278, 8.670000, 8.660000, 13400, 8.670000, 1800, -2.910000, -0.260000
1476368008301, 8.665000, 8.660000, 12500, 8.670000, 2900, -2.970000, -0.265000
1476368010291, 8.665000, 8.660000, 13000, 8.670000, 2000, -2.970000, -0.265000
1476368012320, 8.670000, 8.670000, 2300, 8.680000, 11900, -2.910000, -0.260000
1476368014288, 8.670000, 8.660000, 5200, 8.670000, 7800, -2.910000, -0.260000
1476368016288, 8.660000, 8.660000, 5200, 8.670000, 7700, -3.020000, -0.270000
1476368018289, 8.660000, 8.660000, 5000, 8.670000, 7700, -3.020000, -0.270000
1476368020291, 8.660000, 8.660000, 5000, 8.670000, 8600, -3.020000, -0.270000
1476368022291, 8.660000, 8.660000, 6900, 8.670000, 4100, -3.020000, -0.270000
1476368024292, 8.660000, 8.660000, 7100, 8.670000, 4000, -3.020000, -0.270000
1476368025815, 8.660000, 8.660000, 7100, 8.670000, 4000, -3.020000, -0.270000
1476368028286, 8.665000, 8.660000, 8700, 8.670000, 2100, -2.970000, -0.265000
1476368030292, 8.665000, 8.660000, 12800, 8.670000, 2100, -2.970000, -0.265000
1476368032288, 8.665000, 8.660000, 12800, 8.670000, 2100, -2.970000, -0.265000
1476368034303, 8.670000, 8.660000, 14000, 8.670000, 2100, -2.910000, -0.260000
1476368036285, 8.670000, 8.660000, 14200, 8.670000, 2100, -2.910000, -0.260000
1476368038326, 8.670000, 8.660000, 14900, 8.670000, 1900, -2.910000, -0.260000
1476368039298, 8.670000, 8.660000, 14900, 8.670000, 1900, -2.910000, -0.260000
1476368042296, 8.670000, 8.670000, 5200, 8.680000, 6800, -2.910000, -0.260000
1476368044353, 8.670000, 8.670000, 3600, 8.680000, 11100, -2.910000, -0.260000
1476368046300, 8.670000, 8.660000, 18400, 8.670000, 1700, -2.910000, -0.260000
1476368048301, 8.665000, 8.660000, 13100, 8.670000, 1700, -2.970000, -0.265000
1476368050300, 8.665000, 8.660000, 13100, 8.670000, 2900, -2.970000, -0.265000
1476368052342, 8.670000, 8.670000, 5000, 8.680000, 7100, -2.910000, -0.260000
1476368054321, 8.671000, 8.670000, 4600, 8.680000, 7000, -2.900000, -0.259000
1476368056320, 8.671000, 8.670000, 4600, 8.680000, 7000, -2.900000, -0.259000
1476368058302, 8.671000, 8.670000, 4600, 8.680000, 7000, -2.900000, -0.259000
1476368060305, 8.671000, 8.670000, 8800, 8.680000, 6900, -2.900000, -0.259000
1476368062313, 8.671000, 8.670000, 9000, 8.680000, 6300, -2.900000, -0.259000
1476368064306, 8.680000, 8.670000, 8800, 8.680000, 7200, -2.800000, -0.250000
1476368066319, 8.670000, 8.670000, 7800, 8.680000, 10300, -2.910000, -0.260000
1476368068307, 8.670000, 8.670000, 8000, 8.680000, 9800, -2.910000, -0.260000
1476368069814, 8.671000, 8.670000, 7800, 8.680000, 9800, -2.900000, -0.259000
1476368072312, 8.670000, 8.670000, 8000, 8.680000, 9900, -2.910000, -0.260000
1476368074312, 8.675000, 8.670000, 8000, 8.680000, 9700, -2.860000, -0.255000
1476368076349, 8.675000, 8.670000, 3400, 8.680000, 9600, -2.860000, -0.255000
1476368078314, 8.675000, 8.670000, 3300, 8.680000, 9700, -2.860000, -0.255000
1476368080317, 8.675000, 8.670000, 3200, 8.680000, 8300, -2.860000, -0.255000
1476368082324, 8.675000, 8.670000, 3200, 8.680000, 8200, -2.860000, -0.255000
1476368084322, 8.675000, 8.670000, 3200, 8.680000, 8200, -2.860000, -0.255000
1476368085813, 8.675000, 8.670000, 3200, 8.680000, 8200, -2.860000, -0.255000
1476368087322, 8.675000, 8.670000, 3200, 8.680000, 8100, -2.860000, -0.255000
1476368090320, 8.675000, 8.670000, 3200, 8.680000, 8200, -2.860000, -0.255000
1476368092324, 8.670000, 8.670000, 3200, 8.680000, 6600, -2.910000, -0.260000
1476368094326, 8.670000, 8.670000, 3200, 8.680000, 6600, -2.910000, -0.260000
1476368096328, 8.670000, 8.670000, 3400, 8.680000, 6600, -2.910000, -0.260000
1476368098313, 8.670000, 8.670000, 3400, 8.680000, 6600, -2.910000, -0.260000
1476368100322, 8.670000, 8.670000, 3400, 8.680000, 6600, -2.910000, -0.260000
1476368101812, 8.680000, 8.680000, 7900, 8.690000, 1900, -2.800000, -0.250000
1476368104332, 8.680000, 8.680000, 4500, 8.690000, 4800, -2.800000, -0.250000
1476368106334, 8.685000, 8.680000, 4700, 8.690000, 5200, -2.740000, -0.245000
1476368108342, 8.685000, 8.680000, 4700, 8.690000, 5200, -2.740000, -0.245000
1476368110376, 8.685000, 8.680000, 4700, 8.690000, 4800, -2.740000, -0.245000
1476368112365, 8.689000, 8.680000, 4700, 8.690000, 4100, -2.700000, -0.241000
1476368114315, 8.689000, 8.680000, 4900, 8.690000, 4100, -2.700000, -0.241000
1476368116325, 8.689000, 8.680000, 5000, 8.690000, 4100, -2.700000, -0.241000
1476368118323, 8.690000, 8.680000, 8800, 8.690000, 2300, -2.690000, -0.240000
1476368120323, 8.690000, 8.680000, 6000, 8.690000, 3500, -2.690000, -0.240000
1476368122333, 8.690000, 8.680000, 7800, 8.690000, 2000, -2.690000, -0.240000
1476368124340, 8.690000, 8.680000, 7700, 8.690000, 2000, -2.690000, -0.240000
1476368126330, 8.685000, 8.680000, 7700, 8.690000, 2300, -2.740000, -0.245000
1476368128325, 8.690000, 8.680000, 7400, 8.690000, 2000, -2.690000, -0.240000
1476368130324, 8.690000, 8.680000, 6000, 8.690000, 2400, -2.690000, -0.240000
1476368132326, 8.690000, 8.680000, 5500, 8.690000, 4000, -2.690000, -0.240000
1476368134370, 8.690000, 8.680000, 5900, 8.690000, 3800, -2.690000, -0.240000
1476368136324, 8.690000, 8.680000, 5500, 8.690000, 3800, -2.690000, -0.240000
1476368138329, 8.690000, 8.680000, 5500, 8.690000, 3700, -2.690000, -0.240000
1476368140342, 8.690000, 8.680000, 5700, 8.690000, 3400, -2.690000, -0.240000
1476368142335, 8.690000, 8.680000, 5600, 8.690000, 3400, -2.690000, -0.240000
1476368144339, 8.690000, 8.680000, 5700, 8.690000, 3400, -2.690000, -0.240000
1476368146331, 8.690000, 8.680000, 5500, 8.690000, 3400, -2.690000, -0.240000
1476368148339, 8.690000, 8.680000, 17700, 8.690000, 700, -2.690000, -0.240000
1476368150386, 8.690000, 8.680000, 17800, 8.690000, 700, -2.690000, -0.240000
1476368152360, 8.690000, 8.680000, 16700, 8.690000, 1600, -2.690000, -0.240000
1476368154360, 8.690000, 8.680000, 15700, 8.690000, 700, -2.690000, -0.240000
1476368156358, 8.690000, 8.680000, 15800, 8.690000, 700, -2.690000, -0.240000
1476368158331, 8.690000, 8.680000, 15100, 8.690000, 800, -2.690000, -0.240000
1476368160352, 8.690000, 8.680000, 14700, 8.690000, 1000, -2.690000, -0.240000
1476368162341, 8.690000, 8.680000, 14000, 8.690000, 1000, -2.690000, -0.240000
1476368164355, 8.690000, 8.680000, 11200, 8.690000, 4100, -2.690000, -0.240000
1476368166378, 8.690000, 8.680000, 11200, 8.690000, 4900, -2.690000, -0.240000
1476368168364, 8.690000, 8.680000, 11400, 8.690000, 4200, -2.690000, -0.240000
1476368170350, 8.690000, 8.680000, 11400, 8.690000, 4900, -2.690000, -0.240000
1476368172350, 8.690000, 8.680000, 11400, 8.690000, 5800, -2.690000, -0.240000
1476368174350, 8.690000, 8.680000, 10800, 8.690000, 5600, -2.690000, -0.240000
1476368176351, 8.690000, 8.680000, 12700, 8.690000, 5200, -2.690000, -0.240000
1476368178358, 8.690000, 8.680000, 5700, 8.690000, 4700, -2.690000, -0.240000
1476368180358, 8.690000, 8.680000, 5800, 8.690000, 6800, -2.690000, -0.240000
1476368182373, 8.690000, 8.680000, 5800, 8.690000, 6800, -2.690000, -0.240000
1476368184351, 8.690000, 8.680000, 7700, 8.690000, 3700, -2.690000, -0.240000
1476368186356, 8.690000, 8.680000, 11000, 8.690000, 700, -2.690000, -0.240000
1476368188350, 8.690000, 8.680000, 10800, 8.690000, 700, -2.690000, -0.240000
1476368190357, 8.690000, 8.680000, 10900, 8.690000, 1600, -2.690000, -0.240000
1476368192415, 8.690000, 8.680000, 11100, 8.690000, 600, -2.690000, -0.240000
1476368194359, 8.690000, 8.680000, 12100, 8.690000, 700, -2.690000, -0.240000
1476368196360, 8.690000, 8.690000, 10600, 8.700000, 5800, -2.690000, -0.240000
1476368198353, 8.690000, 8.690000, 10200, 8.700000, 7700, -2.690000, -0.240000
1476368200359, 8.690000, 8.690000, 10900, 8.700000, 6900, -2.690000, -0.240000
1476368202364, 8.695000, 8.690000, 10600, 8.700000, 1600, -2.630000, -0.235000
1476368204380, 8.709000, 8.700000, 6500, 8.710000, 11700, -2.470000, -0.221000
1476368206378, 8.708700, 8.700000, 5100, 8.710000, 12600, -2.480000, -0.221300
1476368208353, 8.708700, 8.700000, 5100, 8.710000, 13100, -2.480000, -0.221300
1476368210370, 8.708700, 8.700000, 5200, 8.710000, 13100, -2.480000, -0.221300
1476368212415, 8.708700, 8.700000, 5200, 8.710000, 13000, -2.480000, -0.221300
1476368214356, 8.710000, 8.700000, 10100, 8.710000, 4300, -2.460000, -0.220000
1476368216353, 8.710000, 8.700000, 14600, 8.710000, 1400, -2.460000, -0.220000
1476368218378, 8.710000, 8.700000, 14700, 8.710000, 600, -2.460000, -0.220000
1476368220365, 8.710000, 8.700000, 14400, 8.710000, 2300, -2.460000, -0.220000
1476368222359, 8.710000, 8.700000, 15000, 8.710000, 1300, -2.460000, -0.220000
1476368224385, 8.710000, 8.710000, 11100, 8.720000, 1300, -2.460000, -0.220000
1476368226413, 8.730000, 8.720000, 8100, 8.730000, 1500, -2.240000, -0.200000
1476368228756, 8.730000, 8.720000, 7300, 8.730000, 1500, -2.240000, -0.200000
1476368230752, 8.730000, 8.720000, 8000, 8.730000, 1400, -2.240000, -0.200000
1476368232751, 8.730000, 8.720000, 10400, 8.730000, 1000, -2.240000, -0.200000
1476368234756, 8.730000, 8.720000, 10400, 8.730000, 1000, -2.240000, -0.200000
1476368236762, 8.730000, 8.720000, 7600, 8.730000, 1000, -2.240000, -0.200000
1476368238762, 8.730000, 8.720000, 6900, 8.730000, 1900, -2.240000, -0.200000
1476368240760, 8.730000, 8.720000, 6900, 8.730000, 1900, -2.240000, -0.200000
1476368242756, 8.725000, 8.720000, 7800, 8.730000, 1900, -2.300000, -0.205000
1476368244759, 8.730000, 8.720000, 10400, 8.730000, 1900, -2.240000, -0.200000
1476368246760, 8.730000, 8.720000, 6100, 8.730000, 2100, -2.240000, -0.200000
1476368248766, 8.730000, 8.720000, 6100, 8.730000, 2300, -2.240000, -0.200000
1476368250760, 8.730000, 8.720000, 6100, 8.730000, 2700, -2.240000, -0.200000
1476368252765, 8.729900, 8.720000, 6100, 8.730000, 2700, -2.240000, -0.200100
1476368254768, 8.730000, 8.720000, 8600, 8.730000, 2000, -2.240000, -0.200000
1476368256797, 8.730000, 8.720000, 6000, 8.730000, 2000, -2.240000, -0.200000
1476368258763, 8.730000, 8.720000, 6000, 8.730000, 2000, -2.240000, -0.200000
1476368260764, 8.730000, 8.720000, 6000, 8.730000, 2000, -2.240000, -0.200000
1476368262763, 8.729900, 8.720000, 8600, 8.730000, 1900, -2.240000, -0.200100
1476368264762, 8.729000, 8.720000, 6200, 8.730000, 2100, -2.250000, -0.201000
1476368266765, 8.729000, 8.720000, 6100, 8.730000, 3500, -2.250000, -0.201000
1476368268772, 8.729000, 8.720000, 6100, 8.730000, 3500, -2.250000, -0.201000
1476368270768, 8.729000, 8.720000, 6100, 8.730000, 3500, -2.250000, -0.201000
1476368272810, 8.729000, 8.720000, 6200, 8.730000, 3500, -2.250000, -0.201000
1476368274775, 8.729000, 8.720000, 6200, 8.730000, 3500, -2.250000, -0.201000
1476368276771, 8.729000, 8.720000, 6100, 8.730000, 3500, -2.250000, -0.201000
1476368278774, 8.730000, 8.720000, 10200, 8.730000, 1900, -2.240000, -0.200000
1476368280778, 8.730000, 8.720000, 18000, 8.730000, 1900, -2.240000, -0.200000
1476368282771, 8.730000, 8.720000, 15300, 8.730000, 2900, -2.240000, -0.200000
1476368284785, 8.730000, 8.720000, 12500, 8.730000, 3000, -2.240000, -0.200000
1476368286794, 8.730000, 8.720000, 13400, 8.730000, 3000, -2.240000, -0.200000
1476368288786, 8.730000, 8.720000, 18000, 8.730000, 1900, -2.240000, -0.200000
1476368290774, 8.730000, 8.720000, 18700, 8.730000, 1900, -2.240000, -0.200000
1476368292775, 8.730000, 8.720000, 18200, 8.730000, 1800, -2.240000, -0.200000
1476368294781, 8.729900, 8.720000, 14300, 8.730000, 1800, -2.240000, -0.200100
1476368296795, 8.730000, 8.720000, 13600, 8.730000, 1800, -2.240000, -0.200000
1476368298811, 8.730000, 8.720000, 10300, 8.730000, 1800, -2.240000, -0.200000
1476368300780, 8.740000, 8.730000, 11400, 8.740000, 700, -2.130000, -0.190000
1476368302792, 8.750000, 8.740000, 9200, 8.750000, 1800, -2.020000, -0.180000
1476368304792, 8.735000, 8.730000, 7300, 8.740000, 3400, -2.180000, -0.195000
1476368306797, 8.740000, 8.730000, 5600, 8.740000, 5200, -2.130000, -0.190000
1476368308787, 8.738000, 8.730000, 7500, 8.740000, 3600, -2.150000, -0.192000
1476368310789, 8.738000, 8.730000, 4200, 8.740000, 4200, -2.150000, -0.192000
1476368312797, 8.738000, 8.730000, 4300, 8.740000, 4000, -2.150000, -0.192000
1476368314811, 8.735000, 8.730000, 7100, 8.740000, 3600, -2.180000, -0.195000
1476368316791, 8.740000, 8.730000, 7800, 8.740000, 2400, -2.130000, -0.190000
1476368318789, 8.740000, 8.730000, 9200, 8.740000, 2400, -2.130000, -0.190000
1476368320784, 8.740000, 8.730000, 7800, 8.740000, 2100, -2.130000, -0.190000
1476368322798, 8.740000, 8.730000, 7600, 8.740000, 2300, -2.130000, -0.190000
1476368324798, 8.740000, 8.730000, 8000, 8.740000, 2500, -2.130000, -0.190000
1476368326827, 8.740000, 8.730000, 7800, 8.740000, 2500, -2.130000, -0.190000
1476368328805, 8.740000, 8.730000, 4800, 8.740000, 3800, -2.130000, -0.190000
1476368330798, 8.740000, 8.730000, 4800, 8.740000, 3800, -2.130000, -0.190000
1476368332299, 8.738700, 8.730000, 4800, 8.740000, 3800, -2.140000, -0.191300
1476368334790, 8.730000, 8.730000, 4100, 8.740000, 4400, -2.240000, -0.200000
1476368336797, 8.730000, 8.730000, 3800, 8.740000, 3900, -2.240000, -0.200000
1476368338800, 8.730000, 8.730000, 3800, 8.740000, 3900, -2.240000, -0.200000
1476368340816, 8.736500, 8.730000, 3900, 8.740000, 3900, -2.170000, -0.193500
1476368342311, 8.736500, 8.730000, 3900, 8.740000, 3900, -2.170000, -0.193500
1476368344794, 8.740000, 8.730000, 1600, 8.740000, 6900, -2.130000, -0.190000
1476368346812, 8.740000, 8.730000, 1800, 8.740000, 4200, -2.130000, -0.190000
1476368348818, 8.740000, 8.730000, 2400, 8.740000, 4200, -2.130000, -0.190000
1476368350813, 8.730000, 8.720000, 3900, 8.730000, 4800, -2.240000, -0.200000
1476368352337, 8.730000, 8.720000, 4200, 8.730000, 4100, -2.240000, -0.200000
1476368354837, 8.730000, 8.720000, 4100, 8.730000, 4200, -2.240000, -0.200000
1476368356809, 8.720000, 8.720000, 4100, 8.730000, 4200, -2.350000, -0.210000
1476368358808, 8.720000, 8.720000, 4000, 8.730000, 4200, -2.350000, -0.210000
1476368360808, 8.720000, 8.720000, 3600, 8.730000, 4200, -2.350000, -0.210000
1476368362815, 8.725000, 8.720000, 3600, 8.730000, 4200, -2.300000, -0.205000
1476368364311, 8.728900, 8.720000, 3600, 8.730000, 4200, -2.250000, -0.201100
1476368366819, 8.725000, 8.720000, 3600, 8.730000, 4200, -2.300000, -0.205000
1476368368809, 8.725000, 8.720000, 3600, 8.730000, 4200, -2.300000, -0.205000
1476368370348, 8.725000, 8.720000, 3600, 8.730000, 4200, -2.300000, -0.205000
1476368372352, 8.725000, 8.720000, 3600, 8.730000, 4200, -2.300000, -0.205000
1476368374333, 8.725000, 8.720000, 3100, 8.730000, 4200, -2.300000, -0.205000
1476368376817, 8.740000, 8.730000, 5300, 8.740000, 2800, -2.130000, -0.190000
1476368378825, 8.740000, 8.730000, 5200, 8.740000, 4300, -2.130000, -0.190000
1476368380821, 8.740000, 8.730000, 6000, 8.740000, 2800, -2.130000, -0.190000
1476368382816, 8.740000, 8.730000, 5700, 8.740000, 2900, -2.130000, -0.190000
1476368384835, 8.739900, 8.730000, 6300, 8.740000, 3000, -2.130000, -0.190100
1476368386344, 8.740000, 8.730000, 6300, 8.740000, 3200, -2.130000, -0.190000
1476368388832, 8.740000, 8.730000, 6400, 8.740000, 3200, -2.130000, -0.190000
1476368390821, 8.740000, 8.730000, 6400, 8.740000, 3200, -2.130000, -0.190000
1476368392321, 8.736500, 8.730000, 6400, 8.740000, 3200, -2.170000, -0.193500
1476368394819, 8.736500, 8.730000, 6400, 8.740000, 3200, -2.170000, -0.193500
1476368396824, 8.731400, 8.730000, 5600, 8.740000, 4100, -2.220000, -0.198600
1476368398824, 8.735000, 8.730000, 5800, 8.740000, 4300, -2.180000, -0.195000
1476368400336, 8.735000, 8.730000, 5800, 8.740000, 4300, -2.180000, -0.195000
1476368402829, 8.735000, 8.730000, 5900, 8.740000, 4500, -2.180000, -0.195000
1476368404819, 8.735000, 8.730000, 6000, 8.740000, 4500, -2.180000, -0.195000
1476368406821, 8.740000, 8.730000, 9800, 8.740000, 1500, -2.130000, -0.190000
1476368408837, 8.740000, 8.730000, 14900, 8.740000, 1700, -2.130000, -0.190000
1476368410831, 8.740000, 8.730000, 14500, 8.740000, 1700, -2.130000, -0.190000
1476368412871, 8.735000, 8.730000, 15300, 8.740000, 1700, -2.180000, -0.195000
1476368414312, 8.740000, 8.730000, 15500, 8.740000, 1900, -2.130000, -0.190000
1476368416819, 8.748000, 8.740000, 1600, 8.750000, 9300, -2.040000, -0.182000
1476368418830, 8.740000, 8.740000, 2200, 8.750000, 10000, -2.130000, -0.190000
1476368420346, 8.740000, 8.740000, 3000, 8.750000, 9800, -2.130000, -0.190000
1476368422826, 8.740000, 8.740000, 2700, 8.750000, 10000, -2.130000, -0.190000
1476368424841, 8.740000, 8.740000, 2400, 8.750000, 10000, -2.130000, -0.190000
1476368426835, 8.740000, 8.740000, 2500, 8.750000, 9800, -2.130000, -0.190000
1476368428861, 8.740000, 8.740000, 2400, 8.750000, 9600, -2.130000, -0.190000
1476368430810, 8.740000, 8.740000, 2400, 8.750000, 9900, -2.130000, -0.190000
1476368432831, 8.740000, 8.740000, 2400, 8.750000, 9900, -2.130000, -0.190000
1476368434834, 8.740000, 8.740000, 2600, 8.750000, 9100, -2.130000, -0.190000
1476368436852, 8.740000, 8.740000, 2600, 8.750000, 9100, -2.130000, -0.190000
1476368438832, 8.740000, 8.740000, 2600, 8.750000, 9100, -2.130000, -0.190000
1476368440836, 8.745000, 8.740000, 1800, 8.750000, 9100, -2.070000, -0.185000
1476368442901, 8.740000, 8.740000, 2300, 8.750000, 9100, -2.130000, -0.190000
1476368444892, 8.741300, 8.740000, 2100, 8.750000, 9100, -2.110000, -0.188700
1476368446835, 8.740000, 8.740000, 2300, 8.750000, 9100, -2.130000, -0.190000
1476368448840, 8.740000, 8.740000, 1100, 8.750000, 10500, -2.130000, -0.190000
1476368450844, 8.740000, 8.740000, 1100, 8.750000, 9400, -2.130000, -0.190000
1476368452852, 8.740000, 8.740000, 1100, 8.750000, 9700, -2.130000, -0.190000
1476368454840, 8.735000, 8.730000, 8300, 8.740000, 5300, -2.180000, -0.195000
1476368456853, 8.735000, 8.730000, 8400, 8.740000, 6700, -2.180000, -0.195000
1476368458343, 8.735000, 8.730000, 5300, 8.740000, 7800, -2.180000, -0.195000
1476368460846, 8.735000, 8.730000, 5100, 8.740000, 7100, -2.180000, -0.195000
1476368462855, 8.740000, 8.730000, 5100, 8.740000, 6800, -2.130000, -0.190000
1476368464850, 8.740000, 8.730000, 5100, 8.740000, 6800, -2.130000, -0.190000
1476368466854, 8.740000, 8.730000, 5100, 8.740000, 6800, -2.130000, -0.190000
1476368468856, 8.740000, 8.730000, 4800, 8.740000, 6800, -2.130000, -0.190000
1476368470855, 8.730000, 8.730000, 4100, 8.740000, 7100, -2.240000, -0.200000
1476368472865, 8.730000, 8.730000, 4100, 8.740000, 6500, -2.240000, -0.200000
1476368474860, 8.740000, 8.730000, 2600, 8.740000, 6600, -2.130000, -0.190000
1476368476852, 8.740000, 8.730000, 2500, 8.740000, 6800, -2.130000, -0.190000
1476368478855, 8.730000, 8.720000, 2900, 8.730000, 10200, -2.240000, -0.200000
1476368480361, 8.725300, 8.720000, 1500, 8.730000, 8900, -2.290000, -0.204700
1476368482857, 8.726200, 8.720000, 1500, 8.730000, 9000, -2.280000, -0.203800
1476368484864, 8.720000, 8.720000, 1600, 8.730000, 8400, -2.350000, -0.210000
1476368486870, 8.730000, 8.720000, 9100, 8.730000, 2900, -2.240000, -0.200000
1476368488895, 8.730000, 8.720000, 9500, 8.730000, 2800, -2.240000, -0.200000
1476368490865, 8.730000, 8.720000, 7400, 8.730000, 4500, -2.240000, -0.200000
1476368492853, 8.730000, 8.720000, 8400, 8.730000, 2600, -2.240000, -0.200000
1476368494863, 8.730000, 8.720000, 8400, 8.730000, 2800, -2.240000, -0.200000
1476368496856, 8.730000, 8.720000, 8400, 8.730000, 2800, -2.240000, -0.200000
1476368498868, 8.730000, 8.720000, 8400, 8.730000, 2800, -2.240000, -0.200000
1476368500870, 8.730000, 8.720000, 8400, 8.730000, 2800, -2.240000, -0.200000
1476368502383, 8.730000, 8.720000, 8200, 8.730000, 2600, -2.240000, -0.200000
1476368504362, 8.730000, 8.720000, 8200, 8.730000, 2600, -2.240000, -0.200000
1476368506873, 8.730000, 8.720000, 8200, 8.730000, 2700, -2.240000, -0.200000
1476368508865, 8.730000, 8.720000, 8200, 8.730000, 2600, -2.240000, -0.200000
1476368510870, 8.730000, 8.720000, 8200, 8.730000, 2600, -2.240000, -0.200000
1476368512882, 8.730000, 8.720000, 8400, 8.730000, 2600, -2.240000, -0.200000
1476368514866, 8.730000, 8.720000, 8400, 8.730000, 2600, -2.240000, -0.200000
1476368516773, 8.730000, 8.720000, 8200, 8.730000, 2600, -2.240000, -0.200000
1476368518262, 8.730000, 8.720000, 8200, 8.730000, 2700, -2.240000, -0.200000
1476368520755, 8.730000, 8.720000, 7000, 8.730000, 2700, -2.240000, -0.200000
1476368522759, 8.730000, 8.720000, 7000, 8.730000, 2700, -2.240000, -0.200000
1476368524762, 8.730000, 8.720000, 7000, 8.730000, 2700, -2.240000, -0.200000
1476368526763, 8.730000, 8.720000, 7100, 8.730000, 5400, -2.240000, -0.200000
1476368528759, 8.730000, 8.720000, 7100, 8.730000, 5400, -2.240000, -0.200000
1476368530264, 8.730000, 8.720000, 7500, 8.730000, 5200, -2.240000, -0.200000
1476368532787, 8.730000, 8.720000, 9300, 8.730000, 2900, -2.240000, -0.200000
1476368534786, 8.725000, 8.720000, 9300, 8.730000, 2900, -2.300000, -0.205000
1476368536758, 8.725000, 8.720000, 9300, 8.730000, 2900, -2.300000, -0.205000
1476368538271, 8.730000, 8.720000, 9300, 8.730000, 2800, -2.240000, -0.200000
1476368540767, 8.720000, 8.720000, 9300, 8.730000, 2800, -2.350000, -0.210000
1476368542766, 8.726700, 8.720000, 9900, 8.730000, 2800, -2.280000, -0.203300
1476368544762, 8.726700, 8.720000, 9900, 8.730000, 2700, -2.280000, -0.203300
1476368546772, 8.730000, 8.720000, 9900, 8.730000, 2400, -2.240000, -0.200000
1476368548779, 8.730000, 8.720000, 10500, 8.730000, 2500, -2.240000, -0.200000
1476368550804, 8.730000, 8.720000, 9900, 8.730000, 2500, -2.240000, -0.200000
1476368552760, 8.730000, 8.720000, 9900, 8.730000, 2500, -2.240000, -0.200000
1476368554773, 8.730000, 8.720000, 9900, 8.730000, 2500, -2.240000, -0.200000
1476368556772, 8.730000, 8.720000, 10400, 8.730000, 2100, -2.240000, -0.200000
1476368558777, 8.730000, 8.720000, 10400, 8.730000, 1700, -2.240000, -0.200000
1476368560777, 8.740000, 8.730000, 9500, 8.740000, 3300, -2.130000, -0.190000
1476368562790, 8.740000, 8.730000, 9500, 8.740000, 3300, -2.130000, -0.190000
1476368564778, 8.740000, 8.730000, 9600, 8.740000, 3300, -2.130000, -0.190000
1476368566806, 8.740000, 8.730000, 9400, 8.740000, 3300, -2.130000, -0.190000
1476368568778, 8.740000, 8.730000, 9100, 8.740000, 3300, -2.130000, -0.190000
1476368570771, 8.739900, 8.730000, 7400, 8.740000, 3300, -2.130000, -0.190100
1476368572776, 8.739900, 8.730000, 7000, 8.740000, 3300, -2.130000, -0.190100
1476368574768, 8.739900, 8.730000, 7100, 8.740000, 3300, -2.130000, -0.190100
1476368576778, 8.739900, 8.730000, 6500, 8.740000, 3400, -2.130000, -0.190100
1476368578777, 8.739900, 8.730000, 7200, 8.740000, 3400, -2.130000, -0.190100
1476368580281, 8.739900, 8.730000, 6800, 8.740000, 5600, -2.130000, -0.190100
1476368582775, 8.739900, 8.730000, 6800, 8.740000, 5600, -2.130000, -0.190100
1476368584777, 8.730000, 8.730000, 4900, 8.740000, 7100, -2.240000, -0.200000
1476368586783, 8.739900, 8.730000, 6000, 8.740000, 6200, -2.130000, -0.190100
1476368588782, 8.730000, 8.730000, 5900, 8.740000, 6100, -2.240000, -0.200000
1476368590805, 8.730000, 8.730000, 5800, 8.740000, 5500, -2.240000, -0.200000
1476368592826, 8.730000, 8.730000, 5900, 8.740000, 5500, -2.240000, -0.200000
1476368594780, 8.730000, 8.730000, 5900, 8.740000, 5900, -2.240000, -0.200000
1476368596789, 8.730000, 8.730000, 5800, 8.740000, 6300, -2.240000, -0.200000
1476368598787, 8.730000, 8.730000, 5000, 8.740000, 5600, -2.240000, -0.200000
1476368600793, 8.730000, 8.730000, 5000, 8.740000, 6400, -2.240000, -0.200000
1476368602794, 8.730000, 8.730000, 4300, 8.740000, 6300, -2.240000, -0.200000
1476368604799, 8.739000, 8.730000, 4300, 8.740000, 6800, -2.140000, -0.191000
1476368606294, 8.739000, 8.730000, 4200, 8.740000, 7000, -2.140000, -0.191000
1476368608785, 8.730000, 8.730000, 4200, 8.740000, 6500, -2.240000, -0.200000
1476368610804, 8.730000, 8.730000, 4200, 8.740000, 5500, -2.240000, -0.200000
1476368612797, 8.730000, 8.730000, 4200, 8.740000, 6300, -2.240000, -0.200000
1476368614789, 8.730000, 8.730000, 4200, 8.740000, 6300, -2.240000, -0.200000
1476368616795, 8.739000, 8.730000, 4200, 8.740000, 6300, -2.140000, -0.191000
1476368618833, 8.739000, 8.730000, 4200, 8.740000, 6400, -2.140000, -0.191000
1476368620806, 8.739000, 8.730000, 4200, 8.740000, 6400, -2.140000, -0.191000
1476368622796, 8.739000, 8.730000, 3100, 8.740000, 6800, -2.140000, -0.191000
1476368624802, 8.739000, 8.730000, 2900, 8.740000, 6800, -2.140000, -0.191000
1476368626802, 8.739000, 8.730000, 2900, 8.740000, 7100, -2.140000, -0.191000
1476368628800, 8.739000, 8.730000, 2900, 8.740000, 7800, -2.140000, -0.191000
1476368630805, 8.735200, 8.730000, 2900, 8.740000, 7200, -2.180000, -0.194800
1476368632806, 8.735000, 8.730000, 3000, 8.740000, 8000, -2.180000, -0.195000
1476368634814, 8.735000, 8.730000, 2900, 8.740000, 7900, -2.180000, -0.195000
1476368636807, 8.739600, 8.730000, 1900, 8.740000, 11300, -2.130000, -0.190400
1476368638813, 8.739600, 8.730000, 1900, 8.740000, 11300, -2.130000, -0.190400
1476368640824, 8.730000, 8.720000, 10400, 8.730000, 2600, -2.240000, -0.200000
1476368642811, 8.730000, 8.720000, 19300, 8.730000, 2500, -2.240000, -0.200000
1476368644814, 8.730000, 8.720000, 21000, 8.730000, 2500, -2.240000, -0.200000
1476368646817, 8.730000, 8.720000, 20900, 8.730000, 2500, -2.240000, -0.200000
1476368648852, 8.730000, 8.720000, 20900, 8.730000, 1800, -2.240000, -0.200000
1476368650851, 8.730000, 8.720000, 20100, 8.730000, 2600, -2.240000, -0.200000
1476368652320, 8.730000, 8.720000, 19100, 8.730000, 2600, -2.240000, -0.200000
1476368654819, 8.730000, 8.720000, 19300, 8.730000, 2600, -2.240000, -0.200000
1476368656805, 8.730000, 8.720000, 15400, 8.730000, 2900, -2.240000, -0.200000
1476368658824, 8.730000, 8.720000, 15200, 8.730000, 2900, -2.240000, -0.200000
1476368660814, 8.730000, 8.720000, 15200, 8.730000, 2900, -2.240000, -0.200000
1476368662823, 8.730000, 8.720000, 15200, 8.730000, 2700, -2.240000, -0.200000
1476368664816, 8.730000, 8.720000, 15200, 8.730000, 2900, -2.240000, -0.200000
1476368666857, 8.730000, 8.720000, 15400, 8.730000, 2700, -2.240000, -0.200000
1476368668819, 8.726200, 8.720000, 15500, 8.730000, 2700, -2.280000, -0.203800
1476368670821, 8.730000, 8.720000, 15500, 8.730000, 2700, -2.240000, -0.200000
1476368672828, 8.730000, 8.720000, 10200, 8.730000, 4800, -2.240000, -0.200000
1476368674825, 8.730000, 8.720000, 10000, 8.730000, 2900, -2.240000, -0.200000
1476368676841, 8.730000, 8.720000, 10000, 8.730000, 2900, -2.240000, -0.200000
1476368678825, 8.730000, 8.720000, 10000, 8.730000, 3900, -2.240000, -0.200000
1476368680817, 8.730000, 8.720000, 9800, 8.730000, 5100, -2.240000, -0.200000
1476368682818, 8.725000, 8.720000, 6800, 8.730000, 7600, -2.300000, -0.205000
1476368684822, 8.725000, 8.720000, 4600, 8.730000, 7700, -2.300000, -0.205000
1476368686832, 8.724700, 8.720000, 4600, 8.730000, 7700, -2.300000, -0.205300
1476368688833, 8.725000, 8.720000, 4600, 8.730000, 7700, -2.300000, -0.205000
1476368690825, 8.725000, 8.720000, 4600, 8.730000, 7700, -2.300000, -0.205000
1476368692842, 8.725000, 8.720000, 4500, 8.730000, 7700, -2.300000, -0.205000
1476368694838, 8.729900, 8.720000, 3300, 8.730000, 7600, -2.240000, -0.200100
1476368696820, 8.729900, 8.720000, 3300, 8.730000, 7600, -2.240000, -0.200100
1476368698825, 8.720000, 8.720000, 3300, 8.730000, 7600, -2.350000, -0.210000
1476368700833, 8.725000, 8.720000, 2500, 8.730000, 7700, -2.300000, -0.205000
1476368702846, 8.725000, 8.720000, 2500, 8.730000, 7700, -2.300000, -0.205000
1476368704855, 8.725000, 8.720000, 2500, 8.730000, 7700, -2.300000, -0.205000
1476368706866, 8.725000, 8.720000, 2500, 8.730000, 7800, -2.300000, -0.205000
1476368708858, 8.729000, 8.720000, 2500, 8.730000, 5300, -2.250000, -0.201000
1476368710826, 8.720000, 8.720000, 1000, 8.730000, 13600, -2.350000, -0.210000
1476368712835, 8.720000, 8.720000, 1100, 8.730000, 12600, -2.350000, -0.210000
1476368714842, 8.720000, 8.720000, 1100, 8.730000, 13200, -2.350000, -0.210000
1476368716825, 8.720000, 8.710000, 4900, 8.720000, 5600, -2.350000, -0.210000
1476368718851, 8.720000, 8.710000, 5500, 8.720000, 4700, -2.350000, -0.210000
1476368720838, 8.720000, 8.710000, 5300, 8.720000, 5200, -2.350000, -0.210000
1476368722876, 8.720000, 8.710000, 5300, 8.720000, 5200, -2.350000, -0.210000
1476368724840, 8.710000, 8.710000, 5300, 8.720000, 5200, -2.460000, -0.220000
1476368726829, 8.710000, 8.710000, 5400, 8.720000, 7100, -2.460000, -0.220000
1476368728840, 8.710000, 8.710000, 5600, 8.720000, 7200, -2.460000, -0.220000
1476368730880, 8.720000, 8.710000, 5400, 8.720000, 7100, -2.350000, -0.210000
1476368732840, 8.720000, 8.710000, 5300, 8.720000, 7100, -2.350000, -0.210000
1476368734830, 8.720000, 8.710000, 5300, 8.720000, 7200, -2.350000, -0.210000
1476368736864, 8.720000, 8.710000, 5300, 8.720000, 7200, -2.350000, -0.210000
1476368738846, 8.720000, 8.710000, 5300, 8.720000, 7200, -2.350000, -0.210000
1476368740844, 8.720000, 8.710000, 5500, 8.720000, 7400, -2.350000, -0.210000
1476368742860, 8.720000, 8.710000, 5400, 8.720000, 7400, -2.350000, -0.210000
1476368744846, 8.720000, 8.710000, 5400, 8.720000, 7400, -2.350000, -0.210000
1476368746879, 8.720000, 8.710000, 5400, 8.720000, 7400, -2.350000, -0.210000
1476368748863, 8.720000, 8.710000, 5400, 8.720000, 7400, -2.350000, -0.210000
1476368750858, 8.710000, 8.700000, 9000, 8.710000, 2800, -2.460000, -0.220000
1476368752852, 8.710000, 8.700000, 14300, 8.710000, 2800, -2.460000, -0.220000
1476368754844, 8.710000, 8.700000, 14400, 8.710000, 3800, -2.460000, -0.220000
1476368756860, 8.710000, 8.700000, 13900, 8.710000, 5900, -2.460000, -0.220000
1476368758845, 8.710000, 8.700000, 13800, 8.710000, 5900, -2.460000, -0.220000
1476368760874, 8.700100, 8.700000, 13500, 8.710000, 9300, -2.570000, -0.229900
1476368762922, 8.700100, 8.700000, 13500, 8.710000, 9400, -2.570000, -0.229900
1476368764891, 8.700100, 8.700000, 13500, 8.710000, 9500, -2.570000, -0.229900
1476368766857, 8.705000, 8.700000, 13600, 8.710000, 9500, -2.520000, -0.225000
1476368768849, 8.705000, 8.700000, 13600, 8.710000, 9200, -2.520000, -0.225000
1476368770849, 8.700000, 8.700000, 12400, 8.710000, 9800, -2.580000, -0.230000
1476368772866, 8.700000, 8.700000, 12200, 8.710000, 9900, -2.580000, -0.230000
1476368774863, 8.700000, 8.700000, 12400, 8.710000, 9700, -2.580000, -0.230000
1476368776898, 8.700000, 8.700000, 12400, 8.710000, 9500, -2.580000, -0.230000
1476368777868, 8.700000, 8.700000, 11800, 8.710000, 9700, -2.580000, -0.230000
1476368780864, 8.700000, 8.700000, 9800, 8.710000, 9700, -2.580000, -0.230000
1476368782858, 8.700000, 8.700000, 7000, 8.710000, 9400, -2.580000, -0.230000
1476368784861, 8.700000, 8.700000, 7000, 8.710000, 9400, -2.580000, -0.230000
1476368786867, 8.700000, 8.700000, 7000, 8.710000, 9400, -2.580000, -0.230000
1476368788908, 8.705000, 8.700000, 7000, 8.710000, 9500, -2.520000, -0.225000
1476368790900, 8.700000, 8.700000, 7000, 8.710000, 9400, -2.580000, -0.230000
1476368792881, 8.700000, 8.700000, 7000, 8.710000, 9400, -2.580000, -0.230000
1476368794869, 8.700000, 8.700000, 7100, 8.710000, 9500, -2.580000, -0.230000
1476368796863, 8.700000, 8.700000, 7100, 8.710000, 9400, -2.580000, -0.230000
1476368798872, 8.700000, 8.700000, 7100, 8.710000, 9400, -2.580000, -0.230000
1476368800869, 8.705000, 8.700000, 7100, 8.710000, 12800, -2.520000, -0.225000
1476368802865, 8.705000, 8.700000, 7100, 8.710000, 12800, -2.520000, -0.225000
1476368804913, 8.700000, 8.700000, 7100, 8.710000, 12800, -2.580000, -0.230000
1476368806752, 8.700000, 8.700000, 7100, 8.710000, 12800, -2.580000, -0.230000
1476368808758, 8.705000, 8.700000, 7100, 8.710000, 13100, -2.520000, -0.225000
1476368810749, 8.705000, 8.700000, 8000, 8.710000, 12300, -2.520000, -0.225000
1476368812753, 8.710000, 8.700000, 9500, 8.710000, 10700, -2.460000, -0.220000
1476368814754, 8.710000, 8.700000, 9100, 8.710000, 9900, -2.460000, -0.220000
1476368815795, 8.710000, 8.700000, 9900, 8.710000, 10000, -2.460000, -0.220000
1476368817756, 8.710000, 8.700000, 9800, 8.710000, 10000, -2.460000, -0.220000
1476368820757, 8.710000, 8.720000, 1400, 8.730000, 6300, -2.460000, -0.220000
1476368822259, 8.710000, 8.720000, 1400, 8.730000, 7200, -2.460000, -0.220000
1476368824757, 8.720000, 8.720000, 2200, 8.730000, 7200, -2.350000, -0.210000
1476368827259, 8.720000, 8.720000, 3100, 8.730000, 7000, -2.350000, -0.210000
1476368828762, 8.720000, 8.720000, 3300, 8.730000, 7000, -2.350000, -0.210000
1476368830761, 8.720000, 8.720000, 3500, 8.730000, 7000, -2.350000, -0.210000
1476368832760, 8.720000, 8.720000, 3800, 8.730000, 7000, -2.350000, -0.210000
1476368834755, 8.720000, 8.720000, 3800, 8.730000, 7100, -2.350000, -0.210000
1476368836775, 8.720000, 8.720000, 3800, 8.730000, 7100, -2.350000, -0.210000
1476368838765, 8.720000, 8.720000, 3800, 8.730000, 7100, -2.350000, -0.210000
1476368840758, 8.720000, 8.720000, 3800, 8.730000, 7100, -2.350000, -0.210000
1476368842766, 8.720000, 8.720000, 3300, 8.730000, 7200, -2.350000, -0.210000
1476368844800, 8.729000, 8.720000, 4500, 8.730000, 7100, -2.250000, -0.201000
1476368846272, 8.730000, 8.720000, 9100, 8.730000, 1200, -2.240000, -0.200000
1476368848805, 8.720000, 8.720000, 3900, 8.730000, 6200, -2.350000, -0.210000
1476368850771, 8.720000, 8.720000, 3900, 8.730000, 6000, -2.350000, -0.210000
1476368852763, 8.720000, 8.720000, 3900, 8.730000, 6200, -2.350000, -0.210000
1476368854808, 8.720000, 8.720000, 4900, 8.730000, 6100, -2.350000, -0.210000
1476368856266, 8.720000, 8.720000, 4900, 8.730000, 6100, -2.350000, -0.210000
1476368858772, 8.720000, 8.720000, 4700, 8.730000, 6400, -2.350000, -0.210000
1476368860773, 8.720000, 8.720000, 4300, 8.730000, 6400, -2.350000, -0.210000
1476368862778, 8.720000, 8.720000, 4000, 8.730000, 6400, -2.350000, -0.210000
1476368864790, 8.720000, 8.720000, 4000, 8.730000, 6400, -2.350000, -0.210000
1476368866775, 8.720000, 8.710000, 9600, 8.720000, 2600, -2.350000, -0.210000
1476368868781, 8.715000, 8.710000, 10600, 8.720000, 3700, -2.410000, -0.215000
1476368870824, 8.715000, 8.710000, 10700, 8.720000, 4900, -2.410000, -0.215000
1476368872780, 8.715000, 8.710000, 10600, 8.720000, 4200, -2.410000, -0.215000
1476368874778, 8.715000, 8.710000, 10600, 8.720000, 4200, -2.410000, -0.215000
1476368876799, 8.710000, 8.710000, 10400, 8.720000, 5200, -2.460000, -0.220000
1476368878324, 8.710000, 8.710000, 10400, 8.720000, 5200, -2.460000, -0.220000
1476368880783, 8.710000, 8.710000, 10000, 8.720000, 6700, -2.460000, -0.220000
1476368882790, 8.710000, 8.710000, 9800, 8.720000, 6700, -2.460000, -0.220000
1476368884779, 8.710000, 8.710000, 9500, 8.720000, 6900, -2.460000, -0.220000
1476368886782, 8.710000, 8.710000, 9600, 8.720000, 6000, -2.460000, -0.220000
1476368888782, 8.710000, 8.710000, 9100, 8.720000, 6000, -2.460000, -0.220000
1476368890787, 8.716900, 8.710000, 8800, 8.720000, 6000, -2.390000, -0.213100
1476368892798, 8.716900, 8.710000, 8600, 8.720000, 6000, -2.390000, -0.213100
1476368894788, 8.716900, 8.710000, 8500, 8.720000, 6000, -2.390000, -0.213100
1476368896789, 8.716900, 8.710000, 8500, 8.720000, 6000, -2.390000, -0.213100
1476368898790, 8.720000, 8.710000, 8600, 8.720000, 6000, -2.350000, -0.210000
1476368900787, 8.715000, 8.710000, 8400, 8.720000, 6700, -2.410000, -0.215000
1476368902799, 8.715000, 8.710000, 7700, 8.720000, 6700, -2.410000, -0.215000
1476368904799, 8.710000, 8.710000, 7700, 8.720000, 6700, -2.460000, -0.220000
1476368906815, 8.710000, 8.710000, 7700, 8.720000, 7000, -2.460000, -0.220000
1476368908798, 8.710000, 8.710000, 7700, 8.720000, 7000, -2.460000, -0.220000
1476368910802, 8.710000, 8.710000, 7700, 8.720000, 6800, -2.460000, -0.220000
1476368912805, 8.710000, 8.710000, 7700, 8.720000, 6800, -2.460000, -0.220000
1476368914791, 8.710000, 8.710000, 7600, 8.720000, 7000, -2.460000, -0.220000
1476368916817, 8.710000, 8.710000, 7600, 8.720000, 7000, -2.460000, -0.220000
1476368919278, 8.710000, 8.710000, 7600, 8.720000, 7000, -2.460000, -0.220000
1476368920793, 8.720000, 8.710000, 7600, 8.720000, 7000, -2.350000, -0.210000
1476368922807, 8.720000, 8.710000, 7600, 8.720000, 7000, -2.350000, -0.210000
1476368924818, 8.710000, 8.710000, 7600, 8.720000, 7000, -2.460000, -0.220000
1476368926807, 8.710000, 8.710000, 7600, 8.720000, 7000, -2.460000, -0.220000
1476368928807, 8.715000, 8.710000, 9700, 8.720000, 6800, -2.410000, -0.215000
1476368930812, 8.715000, 8.710000, 9200, 8.720000, 6800, -2.410000, -0.215000
1476368932800, 8.715000, 8.710000, 9100, 8.720000, 6800, -2.410000, -0.215000
1476368934811, 8.715000, 8.710000, 7600, 8.720000, 6800, -2.410000, -0.215000
1476368936809, 8.710000, 8.710000, 7600, 8.720000, 6800, -2.460000, -0.220000
1476368938811, 8.710000, 8.710000, 7600, 8.720000, 6800, -2.460000, -0.220000
1476368941302, 8.715000, 8.710000, 7400, 8.720000, 7200, -2.410000, -0.215000
1476368942823, 8.715000, 8.710000, 7400, 8.720000, 7300, -2.410000, -0.215000
1476368944808, 8.715000, 8.710000, 7400, 8.720000, 7300, -2.410000, -0.215000
1476368946836, 8.715000, 8.710000, 7400, 8.720000, 7200, -2.410000, -0.215000
1476368948859, 8.718700, 8.710000, 7400, 8.720000, 7100, -2.370000, -0.211300
1476368950818, 8.715000, 8.710000, 7400, 8.720000, 7100, -2.410000, -0.215000
1476368953315, 8.715300, 8.710000, 7400, 8.720000, 7100, -2.400000, -0.214700
1476368954812, 8.710000, 8.710000, 7400, 8.720000, 7200, -2.460000, -0.220000
1476368956814, 8.710000, 8.710000, 7400, 8.720000, 7500, -2.460000, -0.220000
1476368959312, 8.710000, 8.710000, 7400, 8.720000, 7500, -2.460000, -0.220000
1476368960818, 8.710000, 8.710000, 7900, 8.720000, 7200, -2.460000, -0.220000
1476368962812, 8.710000, 8.710000, 7900, 8.720000, 7200, -2.460000, -0.220000
1476368965324, 8.710000, 8.710000, 7500, 8.720000, 7200, -2.460000, -0.220000
1476368966814, 8.715000, 8.710000, 7500, 8.720000, 7700, -2.410000, -0.215000
1476368968824, 8.710000, 8.710000, 6800, 8.720000, 7700, -2.460000, -0.220000
1476368970820, 8.710000, 8.710000, 6800, 8.720000, 7700, -2.460000, -0.220000
1476368972821, 8.710000, 8.710000, 6500, 8.720000, 15000, -2.460000, -0.220000
1476368974863, 8.715000, 8.710000, 6500, 8.720000, 13000, -2.410000, -0.215000
1476368976837, 8.715000, 8.710000, 6500, 8.720000, 13000, -2.410000, -0.215000
1476368978832, 8.710000, 8.710000, 6200, 8.720000, 15600, -2.460000, -0.220000
1476368980861, 8.715000, 8.710000, 6200, 8.720000, 13700, -2.410000, -0.215000
1476368982823, 8.715000, 8.710000, 6200, 8.720000, 13700, -2.410000, -0.215000
1476368984830, 8.715000, 8.710000, 6200, 8.720000, 13700, -2.410000, -0.215000
1476368987321, 8.710000, 8.710000, 6200, 8.720000, 13600, -2.460000, -0.220000
1476368988850, 8.710000, 8.700000, 17600, 8.710000, 3400, -2.460000, -0.220000
1476368990837, 8.705000, 8.700000, 17200, 8.710000, 4300, -2.520000, -0.225000
1476368992837, 8.705000, 8.700000, 14600, 8.710000, 6500, -2.520000, -0.225000
1476368994828, 8.705000, 8.700000, 14600, 8.710000, 5900, -2.520000, -0.225000
1476368996871, 8.705000, 8.700000, 14200, 8.710000, 5800, -2.520000, -0.225000
1476368998838, 8.710000, 8.700000, 15500, 8.710000, 3000, -2.460000, -0.220000
1476369000834, 8.710000, 8.700000, 15400, 8.710000, 4600, -2.460000, -0.220000
1476369002825, 8.710000, 8.700000, 15300, 8.710000, 4600, -2.460000, -0.220000
1476369004837, 8.710000, 8.700000, 13900, 8.710000, 4600, -2.460000, -0.220000
1476369006345, 8.710000, 8.700000, 14800, 8.710000, 4600, -2.460000, -0.220000
1476369008838, 8.710000, 8.700000, 14700, 8.710000, 4600, -2.460000, -0.220000
1476369011347, 8.705000, 8.700000, 14900, 8.710000, 5800, -2.520000, -0.225000
1476369012843, 8.705000, 8.700000, 13200, 8.710000, 5800, -2.520000, -0.225000
1476369014847, 8.705000, 8.700000, 10900, 8.710000, 6900, -2.520000, -0.225000
1476369016849, 8.704500, 8.700000, 10900, 8.710000, 6900, -2.530000, -0.225500
1476369018842, 8.705000, 8.700000, 9300, 8.710000, 8400, -2.520000, -0.225000
1476369020846, 8.705000, 8.700000, 9300, 8.710000, 8400, -2.520000, -0.225000
1476369022852, 8.700000, 8.700000, 8900, 8.710000, 7400, -2.580000, -0.230000
1476369024857, 8.705000, 8.700000, 8900, 8.710000, 7400, -2.520000, -0.225000
1476369026851, 8.705000, 8.700000, 8900, 8.710000, 8000, -2.520000, -0.225000
1476369028848, 8.705000, 8.700000, 8900, 8.710000, 7500, -2.520000, -0.225000
1476369030854, 8.700000, 8.700000, 8900, 8.710000, 8500, -2.580000, -0.230000
1476369032849, 8.700000, 8.700000, 8100, 8.710000, 8600, -2.580000, -0.230000
1476369034851, 8.700000, 8.700000, 8200, 8.710000, 7600, -2.580000, -0.230000
1476369037343, 8.710000, 8.700000, 18100, 8.710000, 4000, -2.460000, -0.220000
1476369038914, 8.710000, 8.700000, 15100, 8.710000, 4000, -2.460000, -0.220000
1476369040848, 8.720000, 8.710000, 3500, 8.720000, 5200, -2.350000, -0.210000
1476369042858, 8.720000, 8.710000, 3400, 8.720000, 5200, -2.350000, -0.210000
1476369045356, 8.710000, 8.710000, 2700, 8.720000, 5300, -2.460000, -0.220000
1476369047347, 8.710000, 8.710000, 2700, 8.720000, 5800, -2.460000, -0.220000
1476369048854, 8.710000, 8.710000, 2700, 8.720000, 5800, -2.460000, -0.220000
1476369050382, 8.718000, 8.710000, 2800, 8.720000, 5800, -2.370000, -0.212000
1476369053360, 8.718000, 8.710000, 3200, 8.720000, 8200, -2.370000, -0.212000
1476369054901, 8.710000, 8.710000, 4200, 8.720000, 7900, -2.460000, -0.220000
1476369057355, 8.713300, 8.710000, 3500, 8.720000, 7900, -2.430000, -0.216700
1476369058840, 8.713300, 8.710000, 3400, 8.720000, 7900, -2.430000, -0.216700
1476369061347, 8.710000, 8.700000, 13700, 8.710000, 4100, -2.460000, -0.220000
1476369062863, 8.710000, 8.700000, 13700, 8.710000, 4100, -2.460000, -0.220000
1476369064850, 8.705000, 8.700000, 13800, 8.710000, 3100, -2.520000, -0.225000
1476369066891, 8.705000, 8.700000, 14100, 8.710000, 3400, -2.520000, -0.225000
1476369068867, 8.705000, 8.700000, 13800, 8.710000, 3700, -2.520000, -0.225000
1476369070864, 8.705000, 8.700000, 14000, 8.710000, 2800, -2.520000, -0.225000
1476369072865, 8.705000, 8.700000, 13900, 8.710000, 2900, -2.520000, -0.225000
1476369074864, 8.705000, 8.700000, 14100, 8.710000, 2800, -2.520000, -0.225000
1476369076915, 8.705000, 8.700000, 14100, 8.710000, 3400, -2.520000, -0.225000
1476369078866, 8.710000, 8.700000, 15900, 8.710000, 1800, -2.460000, -0.220000
1476369080914, 8.710000, 8.700000, 15900, 8.710000, 2000, -2.460000, -0.220000
1476369082868, 8.710000, 8.700000, 15100, 8.710000, 2000, -2.460000, -0.220000
1476369084870, 8.710000, 8.700000, 15000, 8.710000, 1800, -2.460000, -0.220000
1476369087389, 8.710000, 8.700000, 15000, 8.710000, 2500, -2.460000, -0.220000
1476369088878, 8.700000, 8.700000, 14000, 8.710000, 2600, -2.580000, -0.230000
1476369090883, 8.700000, 8.700000, 14100, 8.710000, 2700, -2.580000, -0.230000
1476369092925, 8.700000, 8.700000, 14100, 8.710000, 2700, -2.580000, -0.230000
1476369094894, 8.700000, 8.700000, 13900, 8.710000, 2700, -2.580000, -0.230000
1476369096413, 8.710000, 8.700000, 14400, 8.710000, 2200, -2.460000, -0.220000
1476369098885, 8.705000, 8.700000, 14900, 8.710000, 5600, -2.520000, -0.225000
1476369101255, 8.705000, 8.700000, 13800, 8.710000, 5800, -2.520000, -0.225000
1476369103256, 8.705000, 8.700000, 12400, 8.710000, 5800, -2.520000, -0.225000
1476369105256, 8.705000, 8.700000, 11100, 8.710000, 5800, -2.520000, -0.225000
1476369107259, 8.708600, 8.700000, 12200, 8.710000, 5800, -2.480000, -0.221400
1476369109270, 8.705000, 8.700000, 11800, 8.710000, 6000, -2.520000, -0.225000
1476369111283, 8.701000, 8.700000, 11500, 8.710000, 7700, -2.560000, -0.229000
1476369113260, 8.701000, 8.700000, 11400, 8.710000, 7700, -2.560000, -0.229000
1476369115262, 8.701000, 8.700000, 10200, 8.710000, 7700, -2.560000, -0.229000
1476369117260, 8.700000, 8.700000, 18100, 8.710000, 5800, -2.580000, -0.230000
1476369119267, 8.700000, 8.700000, 17100, 8.710000, 5700, -2.580000, -0.230000
1476369121269, 8.710000, 8.700000, 15400, 8.710000, 5600, -2.460000, -0.220000
1476369123274, 8.705000, 8.700000, 15300, 8.710000, 5400, -2.520000, -0.225000
1476369124771, 8.705000, 8.700000, 15300, 8.710000, 5400, -2.520000, -0.225000
1476369127290, 8.705000, 8.700000, 20400, 8.710000, 5600, -2.520000, -0.225000
1476369129275, 8.705000, 8.700000, 19700, 8.710000, 5900, -2.520000, -0.225000
1476369131274, 8.705000, 8.700000, 18100, 8.710000, 5700, -2.520000, -0.225000
1476369133285, 8.705600, 8.700000, 18000, 8.710000, 8600, -2.510000, -0.224400
1476369135303, 8.705600, 8.700000, 15500, 8.710000, 8500, -2.510000, -0.224400
1476369136774, 8.705600, 8.700000, 15400, 8.710000, 8500, -2.510000, -0.224400
1476369139277, 8.710000, 8.700000, 20200, 8.710000, 5400, -2.460000, -0.220000
1476369141309, 8.710000, 8.700000, 23500, 8.710000, 1600, -2.460000, -0.220000
1476369143287, 8.710000, 8.700000, 19700, 8.710000, 1600, -2.460000, -0.220000
1476369145279, 8.710000, 8.700000, 18200, 8.710000, 1600, -2.460000, -0.220000
1476369147281, 8.710000, 8.700000, 18100, 8.710000, 1600, -2.460000, -0.220000
1476369149280, 8.710000, 8.700000, 19100, 8.710000, 1600, -2.460000, -0.220000
1476369151282, 8.710000, 8.700000, 17600, 8.710000, 1600, -2.460000, -0.220000
1476369153316, 8.710000, 8.700000, 15000, 8.710000, 1600, -2.460000, -0.220000
1476369155281, 8.710000, 8.700000, 20000, 8.710000, 2900, -2.460000, -0.220000
1476369156784, 8.710000, 8.700000, 24000, 8.710000, 2900, -2.460000, -0.220000
1476369159297, 8.710000, 8.700000, 21300, 8.710000, 2800, -2.460000, -0.220000
1476369161286, 8.710000, 8.700000, 20800, 8.710000, 2800, -2.460000, -0.220000
1476369163290, 8.710000, 8.700000, 21000, 8.710000, 2800, -2.460000, -0.220000
1476369165294, 8.710000, 8.700000, 21000, 8.710000, 3400, -2.460000, -0.220000
1476369167291, 8.740000, 8.730000, 5300, 8.740000, 4500, -2.130000, -0.190000
1476369169294, 8.735000, 8.730000, 7000, 8.740000, 4700, -2.180000, -0.195000
1476369171283, 8.740000, 8.730000, 9800, 8.740000, 2500, -2.130000, -0.190000
1476369173292, 8.740000, 8.730000, 8400, 8.740000, 2500, -2.130000, -0.190000
1476369175297, 8.740000, 8.730000, 8400, 8.740000, 2500, -2.130000, -0.190000
1476369177294, 8.740000, 8.730000, 8200, 8.740000, 2500, -2.130000, -0.190000
1476369179300, 8.740000, 8.730000, 8200, 8.740000, 2500, -2.130000, -0.190000
1476369181299, 8.740000, 8.730000, 8600, 8.740000, 2500, -2.130000, -0.190000
1476369183309, 8.735000, 8.730000, 8600, 8.740000, 2600, -2.180000, -0.195000
1476369185297, 8.740000, 8.730000, 8400, 8.740000, 2600, -2.130000, -0.190000
1476369187306, 8.740000, 8.730000, 8700, 8.740000, 2600, -2.130000, -0.190000
1476369189301, 8.740000, 8.730000, 8600, 8.740000, 2600, -2.130000, -0.190000
1476369191298, 8.740000, 8.730000, 11100, 8.740000, 2600, -2.130000, -0.190000
1476369193304, 8.740000, 8.730000, 11100, 8.740000, 2600, -2.130000, -0.190000
1476369195310, 8.740000, 8.730000, 11100, 8.740000, 2600, -2.130000, -0.190000
1476369197297, 8.740000, 8.730000, 10100, 8.740000, 2600, -2.130000, -0.190000
1476369199305, 8.740000, 8.730000, 13600, 8.740000, 1600, -2.130000, -0.190000
1476369201303, 8.740000, 8.730000, 9600, 8.740000, 1600, -2.130000, -0.190000
1476369203310, 8.740000, 8.730000, 10600, 8.740000, 1600, -2.130000, -0.190000
1476369205312, 8.740000, 8.730000, 11200, 8.740000, 1600, -2.130000, -0.190000
1476369207294, 8.740000, 8.730000, 10400, 8.740000, 1600, -2.130000, -0.190000
1476369208840, 8.740000, 8.730000, 10400, 8.740000, 1600, -2.130000, -0.190000
1476369210808, 8.740000, 8.730000, 10700, 8.740000, 1600, -2.130000, -0.190000
1476369213363, 8.740000, 8.730000, 10700, 8.740000, 1600, -2.130000, -0.190000
1476369215319, 8.740000, 8.730000, 10500, 8.740000, 1600, -2.130000, -0.190000
1476369217347, 8.740000, 8.730000, 10500, 8.740000, 1600, -2.130000, -0.190000
1476369219327, 8.740000, 8.730000, 10500, 8.740000, 1600, -2.130000, -0.190000
1476369221312, 8.740000, 8.730000, 11000, 8.740000, 1600, -2.130000, -0.190000
1476369223309, 8.740000, 8.730000, 11100, 8.740000, 1600, -2.130000, -0.190000
1476369225341, 8.740000, 8.730000, 16500, 8.740000, 1600, -2.130000, -0.190000
1476369227315, 8.740000, 8.730000, 15300, 8.740000, 1600, -2.130000, -0.190000
1476369229303, 8.740000, 8.730000, 14600, 8.740000, 1600, -2.130000, -0.190000
1476369231315, 8.750000, 8.740000, 12900, 8.750000, 5600, -2.020000, -0.180000
1476369233332, 8.750000, 8.740000, 13000, 8.750000, 5600, -2.020000, -0.180000
1476369235322, 8.750000, 8.740000, 11800, 8.750000, 5600, -2.020000, -0.180000
1476369237320, 8.746300, 8.740000, 10500, 8.750000, 5600, -2.060000, -0.183700
1476369239321, 8.750000, 8.740000, 12900, 8.750000, 5700, -2.020000, -0.180000
1476369241338, 8.745000, 8.740000, 10500, 8.750000, 5700, -2.070000, -0.185000
1476369243326, 8.745000, 8.740000, 10500, 8.750000, 5700, -2.070000, -0.185000
1476369245361, 8.745000, 8.740000, 10500, 8.750000, 5700, -2.070000, -0.185000
1476369247330, 8.750000, 8.740000, 10400, 8.750000, 5700, -2.020000, -0.180000
1476369310880, 8.760000, 8.760000, 15800, 8.770000, 3500, -1.900000, -0.170000
1476369310880, 8.760000, 8.760000, 15800, 8.770000, 3500, -1.900000, -0.170000
1476369311887, 8.760000, 8.760000, 15200, 8.770000, 3800, -1.900000, -0.170000
1476369313878, 8.760000, 8.760000, 15000, 8.770000, 4100, -1.900000, -0.170000
1476369315885, 8.760000, 8.760000, 14600, 8.770000, 4200, -1.900000, -0.170000
1476369317858, 8.760000, 8.760000, 14600, 8.770000, 4300, -1.900000, -0.170000
1476369319873, 8.760000, 8.760000, 14600, 8.770000, 4600, -1.900000, -0.170000
1476369321900, 8.760000, 8.760000, 8400, 8.770000, 5700, -1.900000, -0.170000
1476369323866, 8.760000, 8.760000, 9400, 8.770000, 5600, -1.900000, -0.170000
1476369325887, 8.760000, 8.760000, 9400, 8.770000, 5200, -1.900000, -0.170000
1476369327381, 8.764400, 8.760000, 15000, 8.770000, 3400, -1.850000, -0.165600
1476369329850, 8.764400, 8.760000, 14000, 8.770000, 4100, -1.850000, -0.165600
1476369331864, 8.769900, 8.760000, 13800, 8.770000, 5100, -1.790000, -0.160100
1476369333866, 8.769900, 8.760000, 14900, 8.770000, 2300, -1.790000, -0.160100
1476369335871, 8.769900, 8.760000, 15000, 8.770000, 2500, -1.790000, -0.160100
1476369337866, 8.770000, 8.760000, 18100, 8.770000, 1700, -1.790000, -0.160000
1476369339862, 8.770000, 8.760000, 18000, 8.770000, 1700, -1.790000, -0.160000
1476369341868, 8.770000, 8.770000, 4500, 8.780000, 9200, -1.790000, -0.160000
1476369343897, 8.770000, 8.760000, 8300, 8.770000, 10800, -1.790000, -0.160000
1476369345861, 8.761000, 8.760000, 5900, 8.770000, 8900, -1.890000, -0.169000
1476369347871, 8.761000, 8.760000, 6200, 8.770000, 8900, -1.890000, -0.169000
1476369349870, 8.761000, 8.760000, 5800, 8.770000, 8900, -1.890000, -0.169000
1476369351874, 8.769900, 8.760000, 5800, 8.770000, 9700, -1.790000, -0.160100
1476369353871, 8.765000, 8.760000, 4800, 8.770000, 8700, -1.850000, -0.165000
1476369355905, 8.765000, 8.760000, 4800, 8.770000, 8000, -1.850000, -0.165000
1476369357854, 8.765000, 8.760000, 5600, 8.770000, 7600, -1.850000, -0.165000
1476369359895, 8.765000, 8.760000, 6700, 8.770000, 7200, -1.850000, -0.165000
1476369361878, 8.765000, 8.760000, 5900, 8.770000, 8600, -1.850000, -0.165000
1476369363875, 8.765000, 8.760000, 4800, 8.770000, 9200, -1.850000, -0.165000
1476369365872, 8.766000, 8.760000, 4200, 8.770000, 10200, -1.840000, -0.164000
1476369367878, 8.766000, 8.760000, 4200, 8.770000, 10300, -1.840000, -0.164000
1476369369887, 8.765000, 8.760000, 4200, 8.770000, 10700, -1.850000, -0.165000
1476369371935, 8.765000, 8.760000, 4400, 8.770000, 9500, -1.850000, -0.165000
1476369373878, 8.765000, 8.760000, 4200, 8.770000, 10200, -1.850000, -0.165000
1476369375927, 8.770000, 8.760000, 6200, 8.770000, 9400, -1.790000, -0.160000
1476369377464, 8.770000, 8.760000, 6200, 8.770000, 9400, -1.790000, -0.160000
1476369379755, 8.770000, 8.760000, 5100, 8.770000, 9400, -1.790000, -0.160000
1476369381751, 8.770000, 8.760000, 5000, 8.770000, 9400, -1.790000, -0.160000
1476369383755, 8.770000, 8.760000, 13100, 8.770000, 5300, -1.790000, -0.160000
1476369385757, 8.770000, 8.760000, 13900, 8.770000, 5100, -1.790000, -0.160000
1476369387759, 8.770000, 8.760000, 17100, 8.770000, 5100, -1.790000, -0.160000
1476369389788, 8.770000, 8.760000, 17100, 8.770000, 5100, -1.790000, -0.160000
1476369391761, 8.770000, 8.760000, 19800, 8.770000, 2800, -1.790000, -0.160000
1476369393763, 8.770000, 8.770000, 8900, 8.780000, 3600, -1.790000, -0.160000
1476369395762, 8.770000, 8.770000, 9400, 8.780000, 1700, -1.790000, -0.160000
1476369397778, 8.780000, 8.770000, 9900, 8.780000, 1700, -1.680000, -0.150000
1476369399758, 8.780000, 8.770000, 17900, 8.780000, 1300, -1.680000, -0.150000
1476369401766, 8.775000, 8.770000, 18100, 8.780000, 1300, -1.740000, -0.155000
1476369403752, 8.780000, 8.770000, 18100, 8.780000, 1200, -1.680000, -0.150000
1476369405774, 8.780000, 8.770000, 8300, 8.780000, 8600, -1.680000, -0.150000
1476369407811, 8.774400, 8.770000, 15300, 8.780000, 3500, -1.740000, -0.155600
1476369409782, 8.780000, 8.770000, 13400, 8.780000, 3200, -1.680000, -0.150000
1476369411770, 8.775000, 8.770000, 13200, 8.780000, 3400, -1.740000, -0.155000
1476369413765, 8.775000, 8.770000, 2800, 8.780000, 7400, -1.740000, -0.155000
1476369415777, 8.775000, 8.770000, 2900, 8.780000, 7400, -1.740000, -0.155000
1476369417776, 8.775000, 8.770000, 2600, 8.780000, 11900, -1.740000, -0.155000
1476369419805, 8.775000, 8.770000, 2000, 8.780000, 11900, -1.740000, -0.155000
1476369421769, 8.775000, 8.770000, 1200, 8.780000, 11800, -1.740000, -0.155000
1476369423777, 8.775000, 8.770000, 1400, 8.780000, 11800, -1.740000, -0.155000
1476369425774, 8.770000, 8.770000, 1300, 8.780000, 11800, -1.790000, -0.160000
1476369427783, 8.765000, 8.760000, 7300, 8.770000, 10100, -1.850000, -0.165000
1476369429784, 8.770000, 8.770000, 9100, 8.780000, 7900, -1.790000, -0.160000
1476369431784, 8.770000, 8.770000, 5100, 8.780000, 6400, -1.790000, -0.160000
1476369433776, 8.780000, 8.770000, 5200, 8.780000, 7600, -1.680000, -0.150000
1476369435841, 8.780000, 8.770000, 5200, 8.780000, 7800, -1.680000, -0.150000
1476369437784, 8.780000, 8.770000, 4500, 8.780000, 6900, -1.680000, -0.150000
1476369439784, 8.780000, 8.770000, 4600, 8.780000, 6800, -1.680000, -0.150000
1476369441777, 8.780000, 8.770000, 7200, 8.780000, 6600, -1.680000, -0.150000
1476369443788, 8.780000, 8.770000, 6800, 8.780000, 6700, -1.680000, -0.150000
1476369445794, 8.771000, 8.770000, 7200, 8.780000, 6700, -1.780000, -0.159000
1476369447802, 8.770000, 8.770000, 3500, 8.780000, 8600, -1.790000, -0.160000
1476369449792, 8.770000, 8.770000, 5000, 8.780000, 7600, -1.790000, -0.160000
1476369451780, 8.770000, 8.770000, 4900, 8.780000, 7600, -1.790000, -0.160000
1476369453793, 8.770000, 8.770000, 4900, 8.780000, 7600, -1.790000, -0.160000
1476369455791, 8.775000, 8.770000, 2200, 8.780000, 10100, -1.740000, -0.155000
1476369457791, 8.775000, 8.770000, 2400, 8.780000, 10100, -1.740000, -0.155000
1476369459837, 8.770000, 8.770000, 1400, 8.780000, 9900, -1.790000, -0.160000
1476369461823, 8.770000, 8.770000, 1800, 8.780000, 9700, -1.790000, -0.160000
1476369463797, 8.770000, 8.770000, 1800, 8.780000, 9700, -1.790000, -0.160000
1476369465837, 8.770100, 8.770000, 1800, 8.780000, 9700, -1.790000, -0.159900
1476369467300, 8.770100, 8.770000, 1800, 8.780000, 9600, -1.790000, -0.159900
1476369469805, 8.770100, 8.770000, 1800, 8.780000, 9600, -1.790000, -0.159900
1476369471852, 8.770100, 8.770000, 1800, 8.780000, 9600, -1.790000, -0.159900
1476369473807, 8.770100, 8.770000, 1900, 8.780000, 9600, -1.790000, -0.159900
1476369475802, 8.770100, 8.770000, 1900, 8.780000, 9600, -1.790000, -0.159900
1476369477817, 8.770100, 8.770000, 1800, 8.780000, 11500, -1.790000, -0.159900
1476369479810, 8.770100, 8.770000, 1800, 8.780000, 11500, -1.790000, -0.159900
1476369481797, 8.770100, 8.770000, 1800, 8.780000, 11600, -1.790000, -0.159900
1476369483791, 8.770100, 8.770000, 1800, 8.780000, 11600, -1.790000, -0.159900
1476369485804, 8.770100, 8.770000, 1800, 8.780000, 9600, -1.790000, -0.159900
1476369487815, 8.770100, 8.770000, 1800, 8.780000, 9600, -1.790000, -0.159900
1476369489814, 8.770100, 8.770000, 1800, 8.780000, 8900, -1.790000, -0.159900
1476369491826, 8.770100, 8.770000, 1800, 8.780000, 8900, -1.790000, -0.159900
1476369493847, 8.770000, 8.770000, 1800, 8.780000, 8900, -1.790000, -0.160000
1476369495815, 8.770000, 8.770000, 1800, 8.780000, 8900, -1.790000, -0.160000
1476369497816, 8.770000, 8.770000, 1900, 8.780000, 8900, -1.790000, -0.160000
1476369499818, 8.770000, 8.770000, 1900, 8.780000, 8900, -1.790000, -0.160000
1476369501817, 8.770000, 8.770000, 1900, 8.780000, 8900, -1.790000, -0.160000
1476369503812, 8.770000, 8.770000, 1900, 8.780000, 9100, -1.790000, -0.160000
1476369505827, 8.770000, 8.770000, 1900, 8.780000, 9100, -1.790000, -0.160000
1476369507822, 8.770000, 8.770000, 1900, 8.780000, 9000, -1.790000, -0.160000
1476369509822, 8.770000, 8.770000, 1900, 8.780000, 9100, -1.790000, -0.160000
1476369511857, 8.770000, 8.770000, 1900, 8.780000, 8900, -1.790000, -0.160000
1476369513818, 8.770000, 8.770000, 1900, 8.780000, 8900, -1.790000, -0.160000
1476369515819, 8.770000, 8.770000, 1900, 8.780000, 8900, -1.790000, -0.160000
1476369517814, 8.770000, 8.770000, 1900, 8.780000, 8900, -1.790000, -0.160000
1476369519831, 8.770000, 8.770000, 1900, 8.780000, 8900, -1.790000, -0.160000
1476369521882, 8.770000, 8.770000, 1900, 8.780000, 8800, -1.790000, -0.160000
1476369523330, 8.770000, 8.770000, 1900, 8.780000, 8900, -1.790000, -0.160000
1476369525821, 8.770000, 8.770000, 1900, 8.780000, 8900, -1.790000, -0.160000
1476369527835, 8.770000, 8.770000, 3600, 8.780000, 8100, -1.790000, -0.160000
1476369529832, 8.770000, 8.770000, 5000, 8.780000, 8100, -1.790000, -0.160000
1476369531820, 8.770000, 8.770000, 5700, 8.780000, 7800, -1.790000, -0.160000
1476369533820, 8.770000, 8.770000, 5700, 8.780000, 7800, -1.790000, -0.160000
1476369535336, 8.770000, 8.770000, 3200, 8.780000, 7800, -1.790000, -0.160000
1476369537821, 8.770000, 8.770000, 3000, 8.780000, 7800, -1.790000, -0.160000
1476369539831, 8.770000, 8.770000, 3700, 8.780000, 7800, -1.790000, -0.160000
1476369541821, 8.775000, 8.770000, 3800, 8.780000, 7800, -1.740000, -0.155000
1476369543836, 8.775000, 8.770000, 3800, 8.780000, 7800, -1.740000, -0.155000
1476369545855, 8.775000, 8.770000, 4500, 8.780000, 7800, -1.740000, -0.155000
1476369547818, 8.775000, 8.770000, 4500, 8.780000, 7800, -1.740000, -0.155000
1476369549837, 8.775000, 8.770000, 4400, 8.780000, 7800, -1.740000, -0.155000
1476369551878, 8.775000, 8.770000, 4500, 8.780000, 7800, -1.740000, -0.155000
1476369553838, 8.775000, 8.770000, 4500, 8.780000, 7800, -1.740000, -0.155000
1476369555847, 8.775000, 8.770000, 4500, 8.780000, 7800, -1.740000, -0.155000
1476369557841, 8.775000, 8.770000, 4500, 8.780000, 7800, -1.740000, -0.155000
1476369559843, 8.775000, 8.770000, 4500, 8.780000, 7800, -1.740000, -0.155000
1476369561823, 8.775600, 8.770000, 4500, 8.780000, 7800, -1.730000, -0.154400
1476369563857, 8.775600, 8.770000, 4500, 8.780000, 7800, -1.730000, -0.154400
1476369565856, 8.775600, 8.770000, 4500, 8.780000, 7800, -1.730000, -0.154400
1476369567855, 8.775600, 8.770000, 4500, 8.780000, 7800, -1.730000, -0.154400
1476369569842, 8.775000, 8.770000, 6300, 8.780000, 7800, -1.740000, -0.155000
1476369571831, 8.775000, 8.770000, 6300, 8.780000, 7800, -1.740000, -0.155000
1476369573826, 8.775000, 8.770000, 5900, 8.780000, 7800, -1.740000, -0.155000
1476369575832, 8.775000, 8.770000, 5700, 8.780000, 7800, -1.740000, -0.155000
1476369577853, 8.771000, 8.770000, 6700, 8.780000, 9400, -1.780000, -0.159000
1476369579901, 8.771000, 8.770000, 6400, 8.780000, 9200, -1.780000, -0.159000
1476369581853, 8.770000, 8.770000, 6200, 8.780000, 9200, -1.790000, -0.160000
1476369583841, 8.775000, 8.770000, 6300, 8.780000, 9200, -1.740000, -0.155000
1476369585848, 8.780000, 8.770000, 8200, 8.780000, 6400, -1.680000, -0.150000
1476369587839, 8.780000, 8.770000, 8100, 8.780000, 6400, -1.680000, -0.150000
1476369589848, 8.780000, 8.770000, 11000, 8.780000, 5800, -1.680000, -0.150000
1476369591847, 8.780000, 8.770000, 9900, 8.780000, 5800, -1.680000, -0.150000
1476369593893, 8.790000, 8.780000, 11300, 8.790000, 4100, -1.570000, -0.140000
1476369595844, 8.789500, 8.780000, 13500, 8.790000, 900, -1.570000, -0.140500
1476369597859, 8.789500, 8.780000, 13500, 8.790000, 900, -1.570000, -0.140500
1476369599851, 8.789500, 8.780000, 11100, 8.790000, 600, -1.570000, -0.140500
1476369601875, 8.795000, 8.790000, 9900, 8.800000, 5600, -1.510000, -0.135000
1476369603864, 8.795000, 8.790000, 7900, 8.800000, 9200, -1.510000, -0.135000
1476369605885, 8.790000, 8.780000, 3200, 8.790000, 10200, -1.570000, -0.140000
1476369607897, 8.781100, 8.780000, 3000, 8.790000, 15000, -1.670000, -0.148900
1476369609849, 8.781100, 8.780000, 3000, 8.790000, 15000, -1.670000, -0.148900
1476369611862, 8.785000, 8.780000, 2700, 8.790000, 15700, -1.620000, -0.145000
1476369613855, 8.785000, 8.780000, 2700, 8.790000, 13100, -1.620000, -0.145000
1476369615855, 8.785000, 8.780000, 2700, 8.790000, 12900, -1.620000, -0.145000
1476369617851, 8.790000, 8.780000, 5400, 8.790000, 10600, -1.570000, -0.140000
1476369619840, 8.790000, 8.780000, 5400, 8.790000, 6000, -1.570000, -0.140000
1476369621856, 8.790000, 8.780000, 5400, 8.790000, 5200, -1.570000, -0.140000
1476369623966, 8.795000, 8.790000, 4800, 8.800000, 8300, -1.510000, -0.135000
1476369625876, 8.795000, 8.790000, 4500, 8.800000, 7900, -1.510000, -0.135000
1476369627855, 8.800000, 8.790000, 5500, 8.800000, 2000, -1.460000, -0.130000
1476369629850, 8.800000, 8.790000, 5500, 8.800000, 2000, -1.460000, -0.130000
1476369631889, 8.800000, 8.790000, 5500, 8.800000, 2000, -1.460000, -0.130000
1476369633870, 8.800000, 8.790000, 5500, 8.800000, 2000, -1.460000, -0.130000
1476369635881, 8.800000, 8.790000, 6300, 8.800000, 1900, -1.460000, -0.130000
1476369637882, 8.800000, 8.790000, 6300, 8.800000, 1900, -1.460000, -0.130000
1476369639966, 8.800000, 8.790000, 6300, 8.800000, 1900, -1.460000, -0.130000
1476369641863, 8.800000, 8.790000, 6300, 8.800000, 1900, -1.460000, -0.130000
1476369643870, 8.790000, 8.790000, 6300, 8.800000, 1900, -1.570000, -0.140000
1476369645874, 8.800000, 8.790000, 6700, 8.800000, 1900, -1.460000, -0.130000
1476369647872, 8.800000, 8.790000, 6700, 8.800000, 2000, -1.460000, -0.130000
1476369649863, 8.800000, 8.790000, 6500, 8.800000, 2000, -1.460000, -0.130000
1476369651899, 8.800000, 8.790000, 6500, 8.800000, 2000, -1.460000, -0.130000
1476369653900, 8.800000, 8.790000, 6500, 8.800000, 2000, -1.460000, -0.130000
1476369655877, 8.800000, 8.790000, 6500, 8.800000, 1900, -1.460000, -0.130000
1476369657874, 8.800000, 8.790000, 7500, 8.800000, 2000, -1.460000, -0.130000
1476369659869, 8.790000, 8.790000, 6500, 8.800000, 2000, -1.570000, -0.140000
1476369662257, 8.790000, 8.790000, 6500, 8.800000, 2100, -1.570000, -0.140000
1476369664253, 8.790000, 8.790000, 6500, 8.800000, 2700, -1.570000, -0.140000
1476369665760, 8.790000, 8.790000, 6200, 8.800000, 3000, -1.570000, -0.140000
1476369667758, 8.790000, 8.790000, 5400, 8.800000, 5400, -1.570000, -0.140000
1476369670256, 8.790000, 8.790000, 5400, 8.800000, 6400, -1.570000, -0.140000
1476369672263, 8.790000, 8.790000, 5400, 8.800000, 6500, -1.570000, -0.140000
1476369674262, 8.790000, 8.790000, 5400, 8.800000, 6400, -1.570000, -0.140000
1476369676261, 8.790000, 8.790000, 5400, 8.800000, 6300, -1.570000, -0.140000
1476369678263, 8.790000, 8.790000, 5400, 8.800000, 6300, -1.570000, -0.140000
1476369678763, 8.790000, 8.790000, 5400, 8.800000, 6300, -1.570000, -0.140000
1476369681265, 8.790000, 8.790000, 3500, 8.800000, 6800, -1.570000, -0.140000
1476369684260, 8.795000, 8.790000, 2900, 8.800000, 12000, -1.510000, -0.135000
1476369685760, 8.795000, 8.790000, 2900, 8.800000, 12000, -1.510000, -0.135000
1476369688269, 8.795000, 8.790000, 2900, 8.800000, 11900, -1.510000, -0.135000
1476369690266, 8.795000, 8.790000, 2900, 8.800000, 11800, -1.510000, -0.135000
1476369692268, 8.795000, 8.790000, 2900, 8.800000, 11900, -1.510000, -0.135000
1476369693766, 8.795000, 8.790000, 2900, 8.800000, 11900, -1.510000, -0.135000
1476369695774, 8.795000, 8.790000, 2900, 8.800000, 11900, -1.510000, -0.135000
1476369698273, 8.792400, 8.790000, 2900, 8.800000, 11400, -1.540000, -0.137600
1476369700277, 8.795000, 8.790000, 4000, 8.800000, 7100, -1.510000, -0.135000
1476369702281, 8.795000, 8.790000, 4000, 8.800000, 6200, -1.510000, -0.135000
1476369704276, 8.795000, 8.790000, 4000, 8.800000, 6200, -1.510000, -0.135000
1476369706283, 8.795000, 8.790000, 3400, 8.800000, 6200, -1.510000, -0.135000
1476369708281, 8.795000, 8.790000, 3900, 8.800000, 6400, -1.510000, -0.135000
1476369709823, 8.794400, 8.790000, 3800, 8.800000, 6400, -1.520000, -0.135600
1476369711775, 8.790000, 8.790000, 2700, 8.800000, 12900, -1.570000, -0.140000
1476369714285, 8.790000, 8.790000, 2900, 8.800000, 12000, -1.570000, -0.140000
1476369716288, 8.790000, 8.790000, 2700, 8.800000, 11800, -1.570000, -0.140000
1476369718276, 8.790000, 8.790000, 2900, 8.800000, 11800, -1.570000, -0.140000
1476369719780, 8.795000, 8.790000, 3100, 8.800000, 9100, -1.510000, -0.135000
1476369721781, 8.795000, 8.790000, 3100, 8.800000, 9100, -1.510000, -0.135000
1476369724284, 8.790000, 8.790000, 2800, 8.800000, 9100, -1.570000, -0.140000
1476369725783, 8.790000, 8.790000, 2800, 8.800000, 9100, -1.570000, -0.140000
1476369727782, 8.800000, 8.790000, 2000, 8.800000, 9500, -1.460000, -0.130000
1476369729291, 8.800000, 8.790000, 2100, 8.800000, 9100, -1.460000, -0.130000
1476369732287, 8.795000, 8.790000, 3800, 8.800000, 7700, -1.510000, -0.135000
1476369733805, 8.795000, 8.790000, 3800, 8.800000, 7600, -1.510000, -0.135000
1476369735794, 8.794900, 8.790000, 3700, 8.800000, 7600, -1.510000, -0.135100
1476369738303, 8.795000, 8.790000, 2500, 8.800000, 9100, -1.510000, -0.135000
1476369739788, 8.795000, 8.790000, 2500, 8.800000, 9100, -1.510000, -0.135000
1476369742301, 8.795000, 8.790000, 2500, 8.800000, 9100, -1.510000, -0.135000
1476369744295, 8.795000, 8.790000, 2500, 8.800000, 8700, -1.510000, -0.135000
1476369746297, 8.795000, 8.790000, 2500, 8.800000, 8700, -1.510000, -0.135000
1476369748298, 8.799900, 8.790000, 2500, 8.800000, 8700, -1.460000, -0.130100
1476369750298, 8.799900, 8.790000, 2700, 8.800000, 8700, -1.460000, -0.130100
1476369752304, 8.799900, 8.790000, 2700, 8.800000, 8600, -1.460000, -0.130100
1476369753834, 8.795600, 8.790000, 2700, 8.800000, 9800, -1.510000, -0.134400
1476369756303, 8.795600, 8.790000, 2700, 8.800000, 9900, -1.510000, -0.134400
1476369758302, 8.795000, 8.790000, 2600, 8.800000, 8700, -1.510000, -0.135000
1476369760302, 8.795000, 8.790000, 2600, 8.800000, 8700, -1.510000, -0.135000
1476369761795, 8.795000, 8.790000, 2600, 8.800000, 8700, -1.510000, -0.135000
1476369764306, 8.795000, 8.790000, 2600, 8.800000, 8700, -1.510000, -0.135000
1476369765816, 8.799000, 8.790000, 2600, 8.800000, 8700, -1.470000, -0.131000
1476369768306, 8.800000, 8.790000, 4700, 8.800000, 8300, -1.460000, -0.130000
1476369770301, 8.800000, 8.790000, 4500, 8.800000, 8300, -1.460000, -0.130000
1476369772302, 8.800000, 8.790000, 3000, 8.800000, 8300, -1.460000, -0.130000
1476369774308, 8.800000, 8.790000, 3000, 8.800000, 7500, -1.460000, -0.130000
1476369776313, 8.796500, 8.790000, 3900, 8.800000, 5900, -1.490000, -0.133500
1476369778313, 8.800000, 8.790000, 3900, 8.800000, 5900, -1.460000, -0.130000
1476369779808, 8.795000, 8.790000, 3900, 8.800000, 5900, -1.510000, -0.135000
1476369781838, 8.795000, 8.790000, 3900, 8.800000, 6700, -1.510000, -0.135000
1476369784316, 8.795000, 8.780000, 2700, 8.790000, 10300, -1.510000, -0.135000
1476369786308, 8.795000, 8.780000, 3800, 8.790000, 9800, -1.510000, -0.135000
1476369788309, 8.795000, 8.780000, 4000, 8.790000, 9900, -1.510000, -0.135000
1476369789810, 8.795000, 8.780000, 4000, 8.790000, 9900, -1.510000, -0.135000
1476369792302, 8.795000, 8.780000, 5200, 8.790000, 9600, -1.510000, -0.135000
1476369793808, 8.795000, 8.780000, 5200, 8.790000, 9800, -1.510000, -0.135000
1476369795812, 8.795000, 8.780000, 5200, 8.790000, 9800, -1.510000, -0.135000
1476369798305, 8.795000, 8.780000, 5200, 8.790000, 9800, -1.510000, -0.135000
1476369800320, 8.795000, 8.780000, 5200, 8.790000, 9800, -1.510000, -0.135000
1476369802313, 8.795000, 8.780000, 5200, 8.790000, 9300, -1.510000, -0.135000
1476369804318, 8.795000, 8.780000, 5100, 8.790000, 9300, -1.510000, -0.135000
1476369806315, 8.795000, 8.780000, 5100, 8.790000, 9400, -1.510000, -0.135000
1476369808313, 8.785000, 8.780000, 2900, 8.790000, 13100, -1.620000, -0.145000
1476369809819, 8.785000, 8.780000, 2900, 8.790000, 13100, -1.620000, -0.145000
1476369812326, 8.780000, 8.780000, 2500, 8.790000, 12600, -1.680000, -0.150000
1476369813815, 8.780000, 8.770000, 5800, 8.780000, 6000, -1.680000, -0.150000
1476369815818, 8.780000, 8.770000, 2800, 8.780000, 11200, -1.680000, -0.150000
1476369817820, 8.770000, 8.770000, 1100, 8.780000, 14400, -1.790000, -0.160000
1476369820330, 8.770000, 8.770000, 1000, 8.780000, 13400, -1.790000, -0.160000
1476369822337, 8.770000, 8.770000, 1000, 8.780000, 13400, -1.790000, -0.160000
1476369824323, 8.770000, 8.770000, 1100, 8.780000, 14300, -1.790000, -0.160000
1476369826327, 8.770000, 8.770000, 3900, 8.780000, 9800, -1.790000, -0.160000
1476369828327, 8.770000, 8.770000, 3800, 8.780000, 9700, -1.790000, -0.160000
1476369830326, 8.770000, 8.770000, 3800, 8.780000, 9700, -1.790000, -0.160000
1476369831861, 8.770000, 8.770000, 3800, 8.780000, 9800, -1.790000, -0.160000
1476369834332, 8.770000, 8.770000, 3800, 8.780000, 9700, -1.790000, -0.160000
1476369836330, 8.770000, 8.760000, 9400, 8.770000, 7100, -1.790000, -0.160000
1476369838331, 8.770000, 8.760000, 9500, 8.770000, 6900, -1.790000, -0.160000
1476369839838, 8.770000, 8.760000, 9500, 8.770000, 6600, -1.790000, -0.160000
1476369842331, 8.762500, 8.760000, 9000, 8.770000, 7800, -1.880000, -0.167500
1476369843829, 8.762500, 8.760000, 8900, 8.770000, 9300, -1.880000, -0.167500
1476369846327, 8.762500, 8.760000, 8900, 8.770000, 9000, -1.880000, -0.167500
1476369848323, 8.760000, 8.760000, 3200, 8.770000, 14100, -1.900000, -0.170000
1476369850333, 8.760000, 8.760000, 3100, 8.770000, 12800, -1.900000, -0.170000
1476369852334, 8.760000, 8.760000, 3000, 8.770000, 13000, -1.900000, -0.170000
1476369854345, 8.760000, 8.760000, 3000, 8.770000, 13600, -1.900000, -0.170000
1476369856338, 8.760000, 8.760000, 2900, 8.770000, 14400, -1.900000, -0.170000
1476369858339, 8.760000, 8.760000, 2900, 8.770000, 13500, -1.900000, -0.170000
1476369859825, 8.760000, 8.760000, 2800, 8.770000, 13500, -1.900000, -0.170000
1476369861868, 8.755000, 8.750000, 3400, 8.760000, 11500, -1.960000, -0.175000
1476369864339, 8.750000, 8.750000, 3600, 8.760000, 10800, -2.020000, -0.180000
1476369866339, 8.750000, 8.750000, 3400, 8.760000, 11100, -2.020000, -0.180000
1476369867841, 8.754400, 8.750000, 2800, 8.760000, 10700, -1.970000, -0.175600
1476369870337, 8.754400, 8.750000, 2800, 8.760000, 10700, -1.970000, -0.175600
1476369872342, 8.754400, 8.750000, 3000, 8.760000, 10700, -1.970000, -0.175600
1476369873862, 8.754400, 8.750000, 2800, 8.760000, 10700, -1.970000, -0.175600
1476369875848, 8.750000, 8.750000, 2800, 8.760000, 10700, -2.020000, -0.180000
1476369878343, 8.750000, 8.750000, 2300, 8.760000, 10800, -2.020000, -0.180000
1476369879841, 8.750000, 8.750000, 2500, 8.760000, 10800, -2.020000, -0.180000
1476369882351, 8.750000, 8.750000, 2500, 8.760000, 10700, -2.020000, -0.180000
1476369883837, 8.750000, 8.750000, 2900, 8.760000, 10800, -2.020000, -0.180000
1476369886353, 8.750000, 8.750000, 3800, 8.760000, 10600, -2.020000, -0.180000
1476369887860, 8.750000, 8.750000, 3800, 8.760000, 10600, -2.020000, -0.180000
1476369889850, 8.750000, 8.750000, 3800, 8.760000, 10600, -2.020000, -0.180000
1476369891854, 8.755000, 8.750000, 4500, 8.760000, 9900, -1.960000, -0.175000
1476369894351, 8.750000, 8.750000, 4500, 8.760000, 9900, -2.020000, -0.180000
1476369896348, 8.755000, 8.750000, 1800, 8.760000, 14900, -1.960000, -0.175000
1476369898350, 8.755000, 8.750000, 1700, 8.760000, 11400, -1.960000, -0.175000
1476369900359, 8.755000, 8.750000, 1400, 8.760000, 14500, -1.960000, -0.175000
1476369902349, 8.750000, 8.750000, 1000, 8.760000, 14700, -2.020000, -0.180000
1476369904370, 8.750000, 8.750000, 400, 8.760000, 14600, -2.020000, -0.180000
1476369905857, 8.750000, 8.740000, 7000, 8.750000, 9500, -2.020000, -0.180000
1476369907859, 8.750000, 8.740000, 5500, 8.750000, 9600, -2.020000, -0.180000
1476369910363, 8.740000, 8.740000, 3200, 8.750000, 13500, -2.130000, -0.190000
1476369911863, 8.745000, 8.740000, 3200, 8.750000, 12900, -2.070000, -0.185000
1476369913876, 8.740000, 8.740000, 2600, 8.750000, 12900, -2.130000, -0.190000
1476369916355, 8.740000, 8.740000, 2500, 8.750000, 12800, -2.130000, -0.190000
1476369918365, 8.740000, 8.740000, 2400, 8.750000, 12800, -2.130000, -0.190000
1476369920377, 8.740000, 8.740000, 2400, 8.750000, 12900, -2.130000, -0.190000
1476369921907, 8.740000, 8.740000, 2400, 8.750000, 12900, -2.130000, -0.190000
1476369924365, 8.740000, 8.740000, 2400, 8.750000, 12900, -2.130000, -0.190000
1476369926360, 8.740000, 8.740000, 2400, 8.750000, 12900, -2.130000, -0.190000
1476369927874, 8.740000, 8.730000, 8200, 8.740000, 3200, -2.130000, -0.190000
1476369930362, 8.740000, 8.730000, 12200, 8.740000, 1200, -2.130000, -0.190000
1476369932364, 8.740000, 8.740000, 3800, 8.750000, 9000, -2.130000, -0.190000
1476369934367, 8.749900, 8.740000, 3500, 8.750000, 9100, -2.020000, -0.180100
1476369936387, 8.740000, 8.730000, 7700, 8.740000, 6300, -2.130000, -0.190000
1476369938394, 8.735000, 8.730000, 11100, 8.740000, 1700, -2.180000, -0.195000
1476369940385, 8.735000, 8.730000, 11100, 8.740000, 1700, -2.180000, -0.195000
1476369942388, 8.750000, 8.740000, 8100, 8.750000, 7200, -2.020000, -0.180000
1476369943865, 8.747300, 8.740000, 8500, 8.750000, 7300, -2.050000, -0.182700
1476369946258, 8.745000, 8.740000, 8800, 8.750000, 7100, -2.070000, -0.185000
1476369948252, 8.755000, 8.750000, 3900, 8.760000, 7000, -1.960000, -0.175000
1476369950253, 8.755000, 8.750000, 4000, 8.760000, 7100, -1.960000, -0.175000
1476369952255, 8.755000, 8.750000, 6100, 8.760000, 6700, -1.960000, -0.175000
1476369954250, 8.755000, 8.750000, 7800, 8.760000, 8800, -1.960000, -0.175000
1476369956259, 8.755000, 8.750000, 7800, 8.760000, 8800, -1.960000, -0.175000
1476369958258, 8.755000, 8.750000, 7800, 8.760000, 8800, -1.960000, -0.175000
1476369960266, 8.755000, 8.750000, 7800, 8.760000, 8800, -1.960000, -0.175000
1476369962263, 8.755000, 8.750000, 7800, 8.760000, 8800, -1.960000, -0.175000
1476369964259, 8.755000, 8.750000, 9200, 8.760000, 8700, -1.960000, -0.175000
1476369966263, 8.755000, 8.750000, 9200, 8.760000, 8800, -1.960000, -0.175000
1476369968266, 8.755000, 8.750000, 9200, 8.760000, 8800, -1.960000, -0.175000
1476369969765, 8.755000, 8.740000, 8600, 8.750000, 7600, -1.960000, -0.175000
1476369972313, 8.744900, 8.740000, 7200, 8.750000, 6400, -2.070000, -0.185100
1476369974268, 8.744900, 8.740000, 7300, 8.750000, 6300, -2.070000, -0.185100
1476369976273, 8.745000, 8.740000, 7400, 8.750000, 6200, -2.070000, -0.185000
1476369978264, 8.745000, 8.740000, 7500, 8.750000, 6200, -2.070000, -0.185000
1476369980293, 8.745000, 8.740000, 7500, 8.750000, 6200, -2.070000, -0.185000
1476369982288, 8.745000, 8.740000, 7500, 8.750000, 6300, -2.070000, -0.185000
1476369984269, 8.745000, 8.740000, 7300, 8.750000, 6300, -2.070000, -0.185000
1476369986272, 8.749000, 8.740000, 7300, 8.750000, 6300, -2.030000, -0.181000
1476369988275, 8.749000, 8.740000, 7300, 8.750000, 6300, -2.030000, -0.181000
1476369990272, 8.749000, 8.740000, 7300, 8.750000, 6300, -2.030000, -0.181000
1476369992275, 8.749000, 8.740000, 7300, 8.750000, 6300, -2.030000, -0.181000
1476369994270, 8.755000, 8.750000, 9600, 8.760000, 2500, -1.960000, -0.175000
1476369996300, 8.755000, 8.750000, 9600, 8.760000, 2800, -1.960000, -0.175000
1476369998279, 8.755000, 8.750000, 9600, 8.760000, 3200, -1.960000, -0.175000
1476370000318, 8.755000, 8.750000, 8800, 8.760000, 3300, -1.960000, -0.175000
1476370002292, 8.760000, 8.750000, 9600, 8.760000, 1500, -1.900000, -0.170000
1476370004281, 8.760000, 8.750000, 9000, 8.760000, 2200, -1.900000, -0.170000
1476370006282, 8.760000, 8.750000, 9000, 8.760000, 2100, -1.900000, -0.170000
1476370008296, 8.760000, 8.750000, 8700, 8.760000, 2000, -1.900000, -0.170000
1476370010299, 8.760000, 8.750000, 8000, 8.760000, 5800, -1.900000, -0.170000
1476370012324, 8.760000, 8.750000, 8300, 8.760000, 5600, -1.900000, -0.170000
1476370014290, 8.760000, 8.750000, 7100, 8.760000, 5600, -1.900000, -0.170000
1476370016286, 8.760000, 8.750000, 6600, 8.760000, 5600, -1.900000, -0.170000
1476370018278, 8.755000, 8.750000, 6600, 8.760000, 5800, -1.960000, -0.175000
1476370020295, 8.755000, 8.750000, 11100, 8.760000, 1700, -1.960000, -0.175000
1476370022291, 8.755000, 8.750000, 10900, 8.760000, 1700, -1.960000, -0.175000
1476370024291, 8.755000, 8.750000, 10900, 8.760000, 2000, -1.960000, -0.175000
1476370026302, 8.755000, 8.750000, 9400, 8.760000, 1700, -1.960000, -0.175000
1476370028293, 8.755000, 8.750000, 6800, 8.760000, 5300, -1.960000, -0.175000
1476370030282, 8.755000, 8.750000, 2700, 8.760000, 6000, -1.960000, -0.175000
1476370032293, 8.755000, 8.750000, 7500, 8.760000, 6300, -1.960000, -0.175000
1476370034297, 8.755000, 8.750000, 7100, 8.760000, 6300, -1.960000, -0.175000
1476370036296, 8.755000, 8.750000, 7200, 8.760000, 6200, -1.960000, -0.175000
1476370038311, 8.755000, 8.750000, 7200, 8.760000, 6200, -1.960000, -0.175000
1476370039831, 8.755000, 8.750000, 7200, 8.760000, 5700, -1.960000, -0.175000
1476370042314, 8.755000, 8.750000, 7200, 8.760000, 5900, -1.960000, -0.175000
1476370044299, 8.755000, 8.750000, 7100, 8.760000, 6000, -1.960000, -0.175000
1476370046309, 8.760000, 8.750000, 4100, 8.760000, 6200, -1.900000, -0.170000
1476370048299, 8.760000, 8.750000, 3800, 8.760000, 6200, -1.900000, -0.170000
1476370050295, 8.755000, 8.750000, 7800, 8.760000, 4400, -1.960000, -0.175000
1476370052301, 8.755000, 8.750000, 8500, 8.760000, 4400, -1.960000, -0.175000
1476370054325, 8.755000, 8.750000, 6800, 8.760000, 5900, -1.960000, -0.175000
1476370056320, 8.755000, 8.750000, 6800, 8.760000, 5900, -1.960000, -0.175000
1476370058309, 8.755000, 8.750000, 8800, 8.760000, 5800, -1.960000, -0.175000
1476370060304, 8.755000, 8.750000, 8800, 8.760000, 5500, -1.960000, -0.175000
1476370062347, 8.750000, 8.750000, 4200, 8.760000, 6200, -2.020000, -0.180000
1476370064310, 8.750000, 8.750000, 4000, 8.760000, 6200, -2.020000, -0.180000
1476370066306, 8.750000, 8.750000, 3500, 8.760000, 6200, -2.020000, -0.180000
1476370068307, 8.750000, 8.750000, 3400, 8.760000, 6200, -2.020000, -0.180000
1476370070298, 8.750000, 8.750000, 2600, 8.760000, 8600, -2.020000, -0.180000
1476370072311, 8.740000, 8.740000, 1500, 8.750000, 6300, -2.130000, -0.190000
1476370074307, 8.740000, 8.740000, 1500, 8.750000, 6300, -2.130000, -0.190000
1476370076308, 8.740000, 8.740000, 1700, 8.750000, 6300, -2.130000, -0.190000
1476370078311, 8.740000, 8.740000, 2700, 8.750000, 6100, -2.130000, -0.190000
1476370080317, 8.740000, 8.740000, 2800, 8.750000, 6100, -2.130000, -0.190000
1476370081821, 8.740000, 8.740000, 3000, 8.750000, 6100, -2.130000, -0.190000
1476370083855, 8.740000, 8.740000, 400, 8.750000, 12900, -2.130000, -0.190000
1476370086335, 8.740000, 8.740000, 200, 8.750000, 12200, -2.130000, -0.190000
1476370088318, 8.740000, 8.740000, 400, 8.750000, 9500, -2.130000, -0.190000
1476370090317, 8.740000, 8.740000, 400, 8.750000, 13000, -2.130000, -0.190000
1476370092311, 8.740000, 8.740000, 400, 8.750000, 12100, -2.130000, -0.190000
1476370094319, 8.740000, 8.740000, 400, 8.750000, 12000, -2.130000, -0.190000
1476370096323, 8.740000, 8.730000, 900, 8.740000, 6400, -2.130000, -0.190000
1476370098358, 8.730000, 8.730000, 900, 8.740000, 7800, -2.240000, -0.200000
1476370100321, 8.735000, 8.730000, 7000, 8.740000, 4900, -2.180000, -0.195000
1476370102302, 8.735000, 8.730000, 4600, 8.740000, 5900, -2.180000, -0.195000
1476370104314, 8.730000, 8.730000, 900, 8.740000, 12300, -2.240000, -0.200000
1476370106313, 8.730000, 8.730000, 800, 8.740000, 9800, -2.240000, -0.200000
1476370108362, 8.730000, 8.730000, 900, 8.740000, 11600, -2.240000, -0.200000
1476370110333, 8.730000, 8.730000, 3000, 8.740000, 8300, -2.240000, -0.200000
1476370112337, 8.730000, 8.730000, 2400, 8.740000, 10700, -2.240000, -0.200000
1476370114307, 8.730000, 8.730000, 700, 8.740000, 8800, -2.240000, -0.200000
1476370116331, 8.730000, 8.730000, 600, 8.740000, 9200, -2.240000, -0.200000
1476370118324, 8.730000, 8.730000, 500, 8.740000, 9300, -2.240000, -0.200000
1476370120328, 8.730000, 8.730000, 400, 8.740000, 9300, -2.240000, -0.200000
1476370122319, 8.730000, 8.730000, 500, 8.740000, 12100, -2.240000, -0.200000
1476370124332, 8.730000, 8.730000, 5700, 8.740000, 5000, -2.240000, -0.200000
1476370126334, 8.735000, 8.730000, 5800, 8.740000, 5000, -2.180000, -0.195000
1476370128329, 8.735000, 8.730000, 5800, 8.740000, 5000, -2.180000, -0.195000
1476370130338, 8.735000, 8.730000, 4900, 8.740000, 5100, -2.180000, -0.195000
1476370132338, 8.735000, 8.730000, 4900, 8.740000, 5100, -2.180000, -0.195000
1476370134348, 8.735000, 8.730000, 5500, 8.740000, 5200, -2.180000, -0.195000
1476370136333, 8.739200, 8.730000, 3800, 8.740000, 11800, -2.140000, -0.190800
1476370138328, 8.735000, 8.730000, 4000, 8.740000, 8500, -2.180000, -0.195000
1476370140333, 8.735000, 8.730000, 7000, 8.740000, 5200, -2.180000, -0.195000
1476370142401, 8.735000, 8.730000, 6900, 8.740000, 5200, -2.180000, -0.195000
1476370144344, 8.735000, 8.730000, 6900, 8.740000, 5100, -2.180000, -0.195000
1476370146330, 8.735000, 8.730000, 6900, 8.740000, 5100, -2.180000, -0.195000
1476370148332, 8.730000, 8.730000, 6500, 8.740000, 5500, -2.240000, -0.200000
1476370150336, 8.730000, 8.730000, 3800, 8.740000, 10200, -2.240000, -0.200000
1476370152344, 8.730000, 8.730000, 1900, 8.740000, 11900, -2.240000, -0.200000
1476370154337, 8.730000, 8.730000, 2600, 8.740000, 14200, -2.240000, -0.200000
1476370155860, 8.730000, 8.730000, 2400, 8.740000, 13700, -2.240000, -0.200000
1476370157833, 8.730000, 8.730000, 3200, 8.740000, 13000, -2.240000, -0.200000
1476370160351, 8.735000, 8.730000, 8300, 8.740000, 8900, -2.180000, -0.195000
1476370162334, 8.735000, 8.730000, 8600, 8.740000, 8700, -2.180000, -0.195000
1476370164390, 8.735000, 8.730000, 8400, 8.740000, 9200, -2.180000, -0.195000
1476370166342, 8.735000, 8.730000, 8400, 8.740000, 9300, -2.180000, -0.195000
1476370168340, 8.739900, 8.730000, 8400, 8.740000, 9400, -2.130000, -0.190100
1476370170381, 8.739900, 8.730000, 7400, 8.740000, 9400, -2.130000, -0.190100
1476370172363, 8.739900, 8.730000, 6200, 8.740000, 10300, -2.130000, -0.190100
1476370174357, 8.739900, 8.730000, 6200, 8.740000, 10300, -2.130000, -0.190100
1476370175842, 8.739900, 8.730000, 6200, 8.740000, 10300, -2.130000, -0.190100
1476370178351, 8.730000, 8.730000, 900, 8.740000, 14800, -2.240000, -0.200000
1476370180351, 8.730000, 8.730000, 1000, 8.740000, 14600, -2.240000, -0.200000
1476370182350, 8.730000, 8.730000, 1400, 8.740000, 14700, -2.240000, -0.200000
1476370184384, 8.730000, 8.730000, 1400, 8.740000, 14700, -2.240000, -0.200000
1476370186416, 8.730000, 8.730000, 1400, 8.740000, 14700, -2.240000, -0.200000
1476370188346, 8.730000, 8.730000, 1400, 8.740000, 14700, -2.240000, -0.200000
1476370190362, 8.730000, 8.720000, 4700, 8.730000, 7300, -2.240000, -0.200000
1476370192357, 8.730000, 8.720000, 7300, 8.730000, 6300, -2.240000, -0.200000
1476370194359, 8.730000, 8.720000, 6900, 8.730000, 6800, -2.240000, -0.200000
1476370196364, 8.730000, 8.720000, 4600, 8.730000, 8600, -2.240000, -0.200000
1476370198378, 8.730000, 8.720000, 4600, 8.730000, 8700, -2.240000, -0.200000
1476370200374, 8.720000, 8.720000, 4600, 8.730000, 9300, -2.350000, -0.210000
1476370201938, 8.720000, 8.720000, 4300, 8.730000, 9300, -2.350000, -0.210000
1476370204362, 8.720000, 8.720000, 500, 8.730000, 13700, -2.350000, -0.210000
1476370206365, 8.720000, 8.720000, 700, 8.730000, 12700, -2.350000, -0.210000
1476370208355, 8.720000, 8.720000, 700, 8.730000, 12200, -2.350000, -0.210000
1476370210369, 8.720000, 8.720000, 700, 8.730000, 12400, -2.350000, -0.210000
1476370212375, 8.720000, 8.720000, 900, 8.730000, 12400, -2.350000, -0.210000
1476370214459, 8.720000, 8.720000, 900, 8.730000, 12100, -2.350000, -0.210000
1476370216395, 8.720000, 8.720000, 900, 8.730000, 12300, -2.350000, -0.210000
1476370218356, 8.720000, 8.720000, 3800, 8.730000, 9200, -2.350000, -0.210000
1476370220374, 8.720700, 8.720000, 3800, 8.730000, 11700, -2.340000, -0.209300
1476370222365, 8.720000, 8.720000, 3800, 8.730000, 11700, -2.350000, -0.210000
1476370224354, 8.720000, 8.720000, 900, 8.730000, 14500, -2.350000, -0.210000
1476370226256, 8.720000, 8.720000, 900, 8.730000, 13900, -2.350000, -0.210000
1476370227759, 8.720000, 8.720000, 900, 8.730000, 15000, -2.350000, -0.210000
1476370230253, 8.720000, 8.720000, 700, 8.730000, 15200, -2.350000, -0.210000
1476370232258, 8.720000, 8.720000, 700, 8.730000, 15400, -2.350000, -0.210000
1476370234256, 8.720000, 8.720000, 700, 8.730000, 14200, -2.350000, -0.210000
1476370236260, 8.720000, 8.720000, 700, 8.730000, 14500, -2.350000, -0.210000
1476370238267, 8.720000, 8.720000, 700, 8.730000, 14100, -2.350000, -0.210000
1476370240262, 8.720000, 8.720000, 900, 8.730000, 12700, -2.350000, -0.210000
1476370242260, 8.720000, 8.720000, 1000, 8.730000, 13500, -2.350000, -0.210000
1476370243774, 8.720000, 8.720000, 1000, 8.730000, 13000, -2.350000, -0.210000
1476370246267, 8.720000, 8.720000, 900, 8.730000, 12900, -2.350000, -0.210000
1476370248259, 8.720000, 8.720000, 900, 8.730000, 12800, -2.350000, -0.210000
1476370250266, 8.726000, 8.720000, 400, 8.730000, 14600, -2.280000, -0.204000
1476370251257, 8.726000, 8.720000, 400, 8.730000, 13200, -2.280000, -0.204000
1476370254268, 8.726000, 8.720000, 400, 8.730000, 12900, -2.280000, -0.204000
1476370256271, 8.720000, 8.720000, 600, 8.730000, 13100, -2.350000, -0.210000
1476370258272, 8.720000, 8.720000, 400, 8.730000, 13200, -2.350000, -0.210000
1476370260273, 8.720000, 8.710000, 11100, 8.720000, 3400, -2.350000, -0.210000
1476370261779, 8.715000, 8.710000, 11100, 8.720000, 4200, -2.410000, -0.215000
1476370264269, 8.715000, 8.710000, 10600, 8.720000, 4300, -2.410000, -0.215000
1476370266275, 8.715000, 8.710000, 10600, 8.720000, 4300, -2.410000, -0.215000
1476370268272, 8.710000, 8.710000, 8800, 8.720000, 7400, -2.460000, -0.220000
1476370270298, 8.710000, 8.710000, 8100, 8.720000, 8300, -2.460000, -0.220000
1476370272320, 8.715000, 8.710000, 11000, 8.720000, 5700, -2.410000, -0.215000
1476370274297, 8.712500, 8.710000, 10100, 8.720000, 8400, -2.440000, -0.217500
1476370276292, 8.710000, 8.710000, 9900, 8.720000, 8500, -2.460000, -0.220000
1476370278277, 8.715000, 8.710000, 8100, 8.720000, 9100, -2.410000, -0.215000
1476370280275, 8.715000, 8.710000, 8100, 8.720000, 8900, -2.410000, -0.215000
1476370282283, 8.710000, 8.700000, 12600, 8.710000, 5500, -2.460000, -0.220000
1476370284279, 8.710000, 8.700000, 14200, 8.710000, 3000, -2.460000, -0.220000
1476370286289, 8.710000, 8.700000, 13400, 8.710000, 2400, -2.460000, -0.220000
1476370288288, 8.710000, 8.700000, 13800, 8.710000, 2300, -2.460000, -0.220000
1476370290278, 8.710000, 8.700000, 12400, 8.710000, 4600, -2.460000, -0.220000
1476370292285, 8.705000, 8.700000, 13700, 8.710000, 5000, -2.520000, -0.225000
1476370294280, 8.705000, 8.700000, 13400, 8.710000, 4600, -2.520000, -0.225000
1476370296287, 8.710000, 8.700000, 13900, 8.710000, 4800, -2.460000, -0.220000
1476370298295, 8.710000, 8.700000, 14000, 8.710000, 5000, -2.460000, -0.220000
1476370300289, 8.710000, 8.700000, 15100, 8.710000, 5000, -2.460000, -0.220000
1476370301802, 8.710000, 8.700000, 15100, 8.710000, 5100, -2.460000, -0.220000
1476370304271, 8.710000, 8.700000, 14600, 8.710000, 4600, -2.460000, -0.220000
1476370306290, 8.710000, 8.700000, 14700, 8.710000, 4800, -2.460000, -0.220000
1476370308296, 8.710000, 8.700000, 14000, 8.710000, 5000, -2.460000, -0.220000
1476370310295, 8.705000, 8.700000, 14000, 8.710000, 5000, -2.520000, -0.225000
1476370312292, 8.705000, 8.700000, 14100, 8.710000, 5000, -2.520000, -0.225000
1476370314299, 8.700000, 8.700000, 14500, 8.710000, 4700, -2.580000, -0.230000
1476370316341, 8.700000, 8.700000, 13500, 8.710000, 4700, -2.580000, -0.230000
1476370318315, 8.700000, 8.700000, 11200, 8.710000, 4500, -2.580000, -0.230000
1476370319819, 8.705000, 8.700000, 11200, 8.710000, 5400, -2.520000, -0.225000
1476370322290, 8.710000, 8.700000, 15400, 8.710000, 4500, -2.460000, -0.220000
1476370324304, 8.705000, 8.700000, 15300, 8.710000, 4300, -2.520000, -0.225000
1476370326287, 8.705000, 8.700000, 15800, 8.710000, 4700, -2.520000, -0.225000
1476370328292, 8.705000, 8.700000, 15800, 8.710000, 4700, -2.520000, -0.225000
1476370330301, 8.700000, 8.700000, 15800, 8.710000, 4800, -2.580000, -0.230000
1476370332317, 8.705000, 8.700000, 14500, 8.710000, 7100, -2.520000, -0.225000
1476370334302, 8.705800, 8.700000, 14100, 8.710000, 7400, -2.510000, -0.224200
1476370336298, 8.705000, 8.700000, 11500, 8.710000, 7400, -2.520000, -0.225000
1476370338300, 8.705000, 8.700000, 11500, 8.710000, 7100, -2.520000, -0.225000
1476370340296, 8.705000, 8.700000, 14200, 8.710000, 9700, -2.520000, -0.225000
1476370342311, 8.705000, 8.700000, 12900, 8.710000, 8900, -2.520000, -0.225000
1476370344309, 8.705000, 8.700000, 11500, 8.710000, 12000, -2.520000, -0.225000
1476370346297, 8.710000, 8.700000, 11500, 8.710000, 10300, -2.460000, -0.220000
1476370348304, 8.705000, 8.700000, 11500, 8.710000, 7600, -2.520000, -0.225000
1476370350304, 8.709000, 8.700000, 11500, 8.710000, 7700, -2.470000, -0.221000
1476370352306, 8.709000, 8.700000, 11500, 8.710000, 8800, -2.470000, -0.221000
1476370354319, 8.705000, 8.700000, 11500, 8.710000, 10000, -2.520000, -0.225000
1476370356312, 8.705000, 8.700000, 11500, 8.710000, 10300, -2.520000, -0.225000
1476370358368, 8.705000, 8.700000, 10800, 8.710000, 12800, -2.520000, -0.225000
1476370360327, 8.705000, 8.700000, 10800, 8.710000, 12500, -2.520000, -0.225000
1476370362324, 8.705000, 8.700000, 10800, 8.710000, 12400, -2.520000, -0.225000
1476370364317, 8.700000, 8.700000, 11500, 8.710000, 11800, -2.580000, -0.230000
1476370366323, 8.700000, 8.700000, 11500, 8.710000, 11700, -2.580000, -0.230000
1476370368327, 8.700000, 8.700000, 10900, 8.710000, 11800, -2.580000, -0.230000
1476370370315, 8.700000, 8.700000, 10900, 8.710000, 11700, -2.580000, -0.230000
1476370372326, 8.700000, 8.700000, 10900, 8.710000, 11300, -2.580000, -0.230000
1476370374318, 8.700000, 8.700000, 10900, 8.710000, 11300, -2.580000, -0.230000
1476370376354, 8.700000, 8.700000, 10900, 8.710000, 11900, -2.580000, -0.230000
1476370378331, 8.700000, 8.700000, 11600, 8.710000, 11900, -2.580000, -0.230000
1476370380365, 8.705600, 8.700000, 11600, 8.710000, 11000, -2.510000, -0.224400
1476370382318, 8.705600, 8.700000, 11600, 8.710000, 11800, -2.510000, -0.224400
1476370383819, 8.700000, 8.700000, 10900, 8.710000, 12100, -2.580000, -0.230000
1476370386337, 8.705000, 8.700000, 10900, 8.710000, 12100, -2.520000, -0.225000
1476370388335, 8.706500, 8.700000, 10900, 8.710000, 12000, -2.500000, -0.223500
1476370390324, 8.706500, 8.700000, 10900, 8.710000, 11900, -2.500000, -0.223500
1476370392351, 8.706500, 8.700000, 11700, 8.710000, 10900, -2.500000, -0.223500
1476370394334, 8.705000, 8.700000, 11700, 8.710000, 12200, -2.520000, -0.225000
1476370396329, 8.703000, 8.700000, 11700, 8.710000, 12200, -2.540000, -0.227000
1476370398330, 8.703000, 8.700000, 11000, 8.710000, 12200, -2.540000, -0.227000
1476370400325, 8.700000, 8.700000, 11000, 8.710000, 12300, -2.580000, -0.230000
1476370402332, 8.700000, 8.700000, 11000, 8.710000, 12400, -2.580000, -0.230000
1476370404337, 8.700000, 8.700000, 11000, 8.710000, 12400, -2.580000, -0.230000
1476370406338, 8.705000, 8.700000, 11000, 8.710000, 12400, -2.520000, -0.225000
1476370408379, 8.700000, 8.700000, 10700, 8.710000, 12500, -2.580000, -0.230000
1476370410325, 8.700000, 8.700000, 10700, 8.710000, 12400, -2.580000, -0.230000
1476370412342, 8.705000, 8.690000, 21500, 8.700000, 8000, -2.520000, -0.225000
1476370414326, 8.700000, 8.690000, 21400, 8.700000, 10800, -2.580000, -0.230000
1476370416338, 8.695000, 8.690000, 21100, 8.700000, 11700, -2.630000, -0.235000
1476370418337, 8.695000, 8.690000, 17000, 8.700000, 13000, -2.630000, -0.235000
1476370420359, 8.685000, 8.680000, 17500, 8.690000, 2300, -2.740000, -0.245000
1476370422350, 8.685000, 8.680000, 16400, 8.690000, 3200, -2.740000, -0.245000
1476370424331, 8.685000, 8.680000, 16700, 8.690000, 3700, -2.740000, -0.245000
1476370426337, 8.685000, 8.680000, 14700, 8.690000, 5700, -2.740000, -0.245000
1476370428336, 8.685000, 8.680000, 8000, 8.690000, 7600, -2.740000, -0.245000
1476370430334, 8.685000, 8.680000, 8000, 8.690000, 7300, -2.740000, -0.245000
1476370432339, 8.685000, 8.680000, 9600, 8.690000, 7300, -2.740000, -0.245000
1476370434357, 8.685800, 8.680000, 6500, 8.690000, 8700, -2.730000, -0.244200
1476370436393, 8.685800, 8.680000, 6700, 8.690000, 5800, -2.730000, -0.244200
1476370438346, 8.685800, 8.680000, 6700, 8.690000, 6500, -2.730000, -0.244200
1476370440342, 8.680000, 8.680000, 6400, 8.690000, 9600, -2.800000, -0.250000
1476370442344, 8.685000, 8.680000, 6300, 8.690000, 7900, -2.740000, -0.245000
1476370444330, 8.685000, 8.680000, 6200, 8.690000, 7000, -2.740000, -0.245000
1476370446349, 8.680000, 8.680000, 3800, 8.690000, 15200, -2.800000, -0.250000
1476370448368, 8.680000, 8.680000, 3800, 8.690000, 15000, -2.800000, -0.250000
1476370450358, 8.680000, 8.680000, 3800, 8.690000, 16000, -2.800000, -0.250000
1476370452359, 8.680000, 8.680000, 3800, 8.690000, 15400, -2.800000, -0.250000
1476370454349, 8.680000, 8.680000, 3800, 8.690000, 14400, -2.800000, -0.250000
1476370456356, 8.695000, 8.690000, 4900, 8.700000, 12500, -2.630000, -0.235000
1476370458347, 8.695000, 8.690000, 4100, 8.700000, 12500, -2.630000, -0.235000
1476370460350, 8.690000, 8.690000, 5700, 8.700000, 12300, -2.690000, -0.240000
1476370462383, 8.690000, 8.690000, 6900, 8.700000, 14900, -2.690000, -0.240000
1476370463859, 8.690000, 8.690000, 6000, 8.700000, 15300, -2.690000, -0.240000
1476370466365, 8.690000, 8.690000, 5900, 8.700000, 14400, -2.690000, -0.240000
1476370468354, 8.690000, 8.690000, 5900, 8.700000, 14400, -2.690000, -0.240000
1476370470360, 8.690000, 8.690000, 5900, 8.700000, 11800, -2.690000, -0.240000
1476370472358, 8.695000, 8.690000, 5900, 8.700000, 12400, -2.630000, -0.235000
1476370474362, 8.695000, 8.690000, 5900, 8.700000, 14900, -2.630000, -0.235000
1476370475847, 8.690000, 8.690000, 5900, 8.700000, 15000, -2.690000, -0.240000
1476370478394, 8.690000, 8.690000, 5900, 8.700000, 15000, -2.690000, -0.240000
1476370480382, 8.690000, 8.690000, 5600, 8.700000, 15000, -2.690000, -0.240000
1476370482354, 8.699900, 8.690000, 5600, 8.700000, 15100, -2.580000, -0.230100
1476370484360, 8.699900, 8.690000, 5600, 8.700000, 15100, -2.580000, -0.230100
1476370486353, 8.699900, 8.690000, 5700, 8.700000, 15200, -2.580000, -0.230100
1476370488858, 8.685000, 8.680000, 10100, 8.690000, 7900, -2.740000, -0.245000
1476370490357, 8.685000, 8.680000, 10100, 8.690000, 7700, -2.740000, -0.245000
1476370492385, 8.685000, 8.680000, 10200, 8.690000, 7900, -2.740000, -0.245000
1476370494366, 8.685000, 8.680000, 8600, 8.690000, 8100, -2.740000, -0.245000
1476370496375, 8.685000, 8.680000, 7400, 8.690000, 8000, -2.740000, -0.245000
1476370498361, 8.690000, 8.680000, 7700, 8.690000, 8300, -2.690000, -0.240000
1476370500361, 8.690000, 8.680000, 7800, 8.690000, 7800, -2.690000, -0.240000
1476370502365, 8.685400, 8.680000, 7800, 8.690000, 5900, -2.740000, -0.244600
1476370504365, 8.687400, 8.680000, 7800, 8.690000, 5900, -2.720000, -0.242600
1476370506752, 8.690000, 8.680000, 13200, 8.690000, 3900, -2.690000, -0.240000
1476370508758, 8.690000, 8.680000, 12900, 8.690000, 4000, -2.690000, -0.240000
1476370510754, 8.690000, 8.680000, 12700, 8.690000, 4000, -2.690000, -0.240000
1476370512756, 8.690000, 8.680000, 12500, 8.690000, 4000, -2.690000, -0.240000
1476370514754, 8.690000, 8.680000, 12400, 8.690000, 4700, -2.690000, -0.240000
1476370516256, 8.685000, 8.680000, 12800, 8.690000, 7600, -2.740000, -0.245000
1476370518760, 8.685000, 8.680000, 11400, 8.690000, 9700, -2.740000, -0.245000
1476370519765, 8.685000, 8.680000, 11400, 8.690000, 9700, -2.740000, -0.245000
1476370522784, 8.685000, 8.680000, 10800, 8.690000, 9300, -2.740000, -0.245000
1476370524797, 8.685000, 8.680000, 10800, 8.690000, 9300, -2.740000, -0.245000
1476370526763, 8.685000, 8.680000, 10200, 8.690000, 9300, -2.740000, -0.245000
1476370528763, 8.685000, 8.680000, 10300, 8.690000, 6600, -2.740000, -0.245000
1476370530766, 8.685000, 8.680000, 11200, 8.690000, 6400, -2.740000, -0.245000
1476370532762, 8.685000, 8.680000, 10900, 8.690000, 5400, -2.740000, -0.245000
1476370534785, 8.685000, 8.680000, 10700, 8.690000, 4800, -2.740000, -0.245000
1476370536294, 8.685000, 8.680000, 8300, 8.690000, 6500, -2.740000, -0.245000
1476370538766, 8.685000, 8.680000, 7800, 8.690000, 5800, -2.740000, -0.245000
1476370540774, 8.684000, 8.680000, 7700, 8.690000, 6300, -2.750000, -0.246000
1476370542766, 8.684000, 8.680000, 7500, 8.690000, 6500, -2.750000, -0.246000
1476370544762, 8.684000, 8.680000, 7500, 8.690000, 6600, -2.750000, -0.246000
1476370546770, 8.685000, 8.680000, 7600, 8.690000, 6600, -2.740000, -0.245000
1476370548776, 8.685000, 8.680000, 7600, 8.690000, 6600, -2.740000, -0.245000
1476370550805, 8.685000, 8.680000, 7500, 8.690000, 6600, -2.740000, -0.245000
1476370552763, 8.685000, 8.680000, 7500, 8.690000, 6600, -2.740000, -0.245000
1476370554776, 8.685000, 8.680000, 7600, 8.690000, 6400, -2.740000, -0.245000
1476370556785, 8.685000, 8.680000, 7800, 8.690000, 6400, -2.740000, -0.245000
1476370558774, 8.680000, 8.680000, 7700, 8.690000, 7400, -2.800000, -0.250000
1476370560773, 8.680000, 8.680000, 7700, 8.690000, 7400, -2.800000, -0.250000
1476370562777, 8.690000, 8.680000, 12900, 8.690000, 4000, -2.690000, -0.240000
1476370564787, 8.690000, 8.680000, 12800, 8.690000, 4000, -2.690000, -0.240000
1476370565782, 8.690000, 8.680000, 12800, 8.690000, 4000, -2.690000, -0.240000
1476370568766, 8.690000, 8.680000, 11500, 8.690000, 4000, -2.690000, -0.240000
1476370570786, 8.690000, 8.680000, 11100, 8.690000, 6900, -2.690000, -0.240000
1476370572770, 8.690000, 8.680000, 10200, 8.690000, 6200, -2.690000, -0.240000
1476370574785, 8.685000, 8.680000, 10200, 8.690000, 6200, -2.740000, -0.245000
1476370576282, 8.685000, 8.680000, 10200, 8.690000, 6200, -2.740000, -0.245000
1476370578781, 8.680000, 8.680000, 10200, 8.690000, 6100, -2.800000, -0.250000
1476370580282, 8.680000, 8.680000, 10200, 8.690000, 6100, -2.800000, -0.250000
1476370582788, 8.680000, 8.680000, 9600, 8.690000, 6100, -2.800000, -0.250000
1476370584791, 8.680000, 8.680000, 9600, 8.690000, 6100, -2.800000, -0.250000
1476370586783, 8.689900, 8.680000, 7600, 8.690000, 6100, -2.690000, -0.240100
1476370588779, 8.680000, 8.680000, 7300, 8.690000, 7600, -2.800000, -0.250000
1476370590785, 8.682500, 8.680000, 7400, 8.690000, 7600, -2.770000, -0.247500
1476370592804, 8.682500, 8.680000, 7400, 8.690000, 7600, -2.770000, -0.247500
1476370594811, 8.682500, 8.680000, 7400, 8.690000, 7600, -2.770000, -0.247500
1476370596791, 8.682500, 8.680000, 7400, 8.690000, 7600, -2.770000, -0.247500
1476370598797, 8.682500, 8.680000, 7600, 8.690000, 7600, -2.770000, -0.247500
1476370600791, 8.682500, 8.680000, 5700, 8.690000, 7600, -2.770000, -0.247500
1476370602830, 8.682500, 8.680000, 5700, 8.690000, 7600, -2.770000, -0.247500
1476370604790, 8.685000, 8.680000, 5500, 8.690000, 8600, -2.740000, -0.245000
1476370606293, 8.685000, 8.680000, 5500, 8.690000, 8600, -2.740000, -0.245000
1476370608855, 8.685000, 8.680000, 6300, 8.690000, 8600, -2.740000, -0.245000
1476370610800, 8.685000, 8.680000, 6300, 8.690000, 8600, -2.740000, -0.245000
1476370612787, 8.690000, 8.680000, 6300, 8.690000, 8600, -2.690000, -0.240000
1476370614796, 8.685000, 8.680000, 5100, 8.690000, 8600, -2.740000, -0.245000
1476370616806, 8.680000, 8.670000, 14600, 8.680000, 11200, -2.800000, -0.250000
1476370618790, 8.680000, 8.670000, 16300, 8.680000, 7900, -2.800000, -0.250000
1476370620786, 8.678900, 8.670000, 14600, 8.680000, 8800, -2.810000, -0.251100
1476370622824, 8.678900, 8.670000, 12700, 8.680000, 8800, -2.810000, -0.251100
1476370624804, 8.665000, 8.660000, 8400, 8.670000, 13000, -2.970000, -0.265000
1476370626808, 8.660000, 8.660000, 8400, 8.670000, 13400, -3.020000, -0.270000
1476370628808, 8.660000, 8.660000, 8400, 8.670000, 13700, -3.020000, -0.270000
1476370630802, 8.655000, 8.650000, 18600, 8.660000, 4100, -3.080000, -0.275000
1476370632801, 8.660000, 8.650000, 24000, 8.660000, 4200, -3.020000, -0.270000
1476370634807, 8.660000, 8.660000, 10000, 8.670000, 6200, -3.020000, -0.270000
1476370636803, 8.670000, 8.660000, 7000, 8.670000, 7800, -2.910000, -0.260000
1476370638806, 8.665000, 8.660000, 6900, 8.670000, 10400, -2.970000, -0.265000
1476370640801, 8.661000, 8.660000, 7800, 8.670000, 10300, -3.010000, -0.269000
1476370642807, 8.661000, 8.660000, 8100, 8.670000, 10000, -3.010000, -0.269000
1476370644816, 8.665000, 8.660000, 8200, 8.670000, 7600, -2.970000, -0.265000
1476370646809, 8.661000, 8.660000, 8100, 8.670000, 7600, -3.010000, -0.269000
1476370648806, 8.670000, 8.670000, 12000, 8.680000, 8200, -2.910000, -0.260000
1476370650817, 8.670000, 8.670000, 12700, 8.680000, 11400, -2.910000, -0.260000
1476370652835, 8.675800, 8.670000, 11800, 8.680000, 10200, -2.850000, -0.254200
1476370654856, 8.670000, 8.670000, 11500, 8.680000, 9600, -2.910000, -0.260000
1476370656818, 8.680000, 8.670000, 8800, 8.680000, 10800, -2.800000, -0.250000
1476370658828, 8.680000, 8.670000, 8800, 8.680000, 10700, -2.800000, -0.250000
1476370660812, 8.677900, 8.670000, 12500, 8.680000, 7800, -2.820000, -0.252100
1476370662816, 8.675000, 8.670000, 14900, 8.680000, 5400, -2.860000, -0.255000
1476370664803, 8.675000, 8.670000, 15000, 8.680000, 5600, -2.860000, -0.255000
1476370666825, 8.675000, 8.670000, 15500, 8.680000, 3100, -2.860000, -0.255000
1476370668823, 8.680000, 8.670000, 15700, 8.680000, 2900, -2.800000, -0.250000
1476370670812, 8.680000, 8.670000, 24100, 8.680000, 1700, -2.800000, -0.250000
1476370672810, 8.675000, 8.670000, 23100, 8.680000, 1600, -2.860000, -0.255000
1476370674864, 8.673000, 8.670000, 21000, 8.680000, 1600, -2.880000, -0.257000
1476370676819, 8.673000, 8.670000, 20500, 8.680000, 1600, -2.880000, -0.257000
1476370678307, 8.673000, 8.670000, 20300, 8.680000, 1600, -2.880000, -0.257000
1476370680814, 8.675000, 8.670000, 17100, 8.680000, 1500, -2.860000, -0.255000
1476370682823, 8.675000, 8.670000, 16700, 8.680000, 1500, -2.860000, -0.255000
1476370684822, 8.680000, 8.670000, 21300, 8.680000, 1500, -2.800000, -0.250000
1476370686821, 8.680000, 8.670000, 23200, 8.680000, 1300, -2.800000, -0.250000
1476370688815, 8.680000, 8.670000, 21500, 8.680000, 1300, -2.800000, -0.250000
1476370690834, 8.685000, 8.680000, 11300, 8.690000, 6400, -2.740000, -0.245000
1476370692311, 8.685000, 8.680000, 9400, 8.690000, 8300, -2.740000, -0.245000
1476370694319, 8.685000, 8.680000, 8600, 8.690000, 8300, -2.740000, -0.245000
1476370696844, 8.690000, 8.680000, 9600, 8.690000, 8100, -2.690000, -0.240000
1476370698831, 8.690000, 8.680000, 9600, 8.690000, 8100, -2.690000, -0.240000
1476370700814, 8.690000, 8.680000, 9600, 8.690000, 8100, -2.690000, -0.240000
1476370702339, 8.690000, 8.680000, 9700, 8.690000, 8000, -2.690000, -0.240000
1476370704832, 8.690000, 8.680000, 8100, 8.690000, 7900, -2.690000, -0.240000
1476370706342, 8.685000, 8.680000, 8100, 8.690000, 7800, -2.740000, -0.245000
1476370708839, 8.690000, 8.680000, 9400, 8.690000, 5600, -2.690000, -0.240000
1476370710825, 8.690000, 8.680000, 9400, 8.690000, 5600, -2.690000, -0.240000
1476370712820, 8.685000, 8.680000, 15300, 8.690000, 1400, -2.740000, -0.245000
1476370714834, 8.690000, 8.680000, 16700, 8.690000, 1500, -2.690000, -0.240000
1476370716833, 8.690000, 8.680000, 23500, 8.690000, 1100, -2.690000, -0.240000
1476370718854, 8.690000, 8.680000, 20300, 8.690000, 1400, -2.690000, -0.240000
1476370720836, 8.685000, 8.680000, 21100, 8.690000, 600, -2.740000, -0.245000
1476370722839, 8.695000, 8.690000, 5500, 8.700000, 8400, -2.630000, -0.235000
1476370724843, 8.695000, 8.690000, 4600, 8.700000, 8600, -2.630000, -0.235000
1476370726877, 8.695000, 8.690000, 6300, 8.700000, 9000, -2.630000, -0.235000
1476370728841, 8.695000, 8.690000, 6200, 8.700000, 9000, -2.630000, -0.235000
1476370730832, 8.690000, 8.680000, 10200, 8.690000, 2400, -2.690000, -0.240000
1476370732854, 8.680000, 8.680000, 9400, 8.690000, 3500, -2.800000, -0.250000
1476370734838, 8.680000, 8.680000, 9300, 8.690000, 4500, -2.800000, -0.250000
1476370736848, 8.685000, 8.680000, 10400, 8.690000, 5800, -2.740000, -0.245000
1476370738896, 8.685000, 8.680000, 10400, 8.690000, 5800, -2.740000, -0.245000
1476370740861, 8.685000, 8.680000, 10100, 8.690000, 7100, -2.740000, -0.245000
1476370742850, 8.685000, 8.680000, 10300, 8.690000, 7000, -2.740000, -0.245000
1476370744843, 8.685000, 8.680000, 10200, 8.690000, 7100, -2.740000, -0.245000
1476370746849, 8.685000, 8.680000, 9000, 8.690000, 6600, -2.740000, -0.245000
1476370748849, 8.684800, 8.680000, 9000, 8.690000, 6900, -2.750000, -0.245200
1476370750350, 8.685000, 8.680000, 6500, 8.690000, 5200, -2.740000, -0.245000
1476370752860, 8.688000, 8.680000, 6500, 8.690000, 6300, -2.710000, -0.242000
1476370754854, 8.688000, 8.680000, 6500, 8.690000, 6300, -2.710000, -0.242000
1476370756855, 8.688000, 8.680000, 6500, 8.690000, 4800, -2.710000, -0.242000
1476370758365, 8.680000, 8.680000, 6500, 8.690000, 4800, -2.800000, -0.250000
1476370760853, 8.680000, 8.680000, 6700, 8.690000, 5800, -2.800000, -0.250000
1476370762846, 8.685000, 8.680000, 12900, 8.690000, 7500, -2.740000, -0.245000
1476370764858, 8.685000, 8.680000, 12900, 8.690000, 7200, -2.740000, -0.245000
1476370766878, 8.685000, 8.680000, 12900, 8.690000, 7100, -2.740000, -0.245000
1476370768867, 8.685000, 8.680000, 11700, 8.690000, 6700, -2.740000, -0.245000
1476370770861, 8.685000, 8.680000, 12200, 8.690000, 7100, -2.740000, -0.245000
1476370772858, 8.690000, 8.680000, 12200, 8.690000, 7200, -2.690000, -0.240000
1476370774851, 8.685000, 8.680000, 11400, 8.690000, 7200, -2.740000, -0.245000
1476370776856, 8.685000, 8.680000, 6200, 8.690000, 7300, -2.740000, -0.245000
1476370778851, 8.685000, 8.680000, 6200, 8.690000, 6800, -2.740000, -0.245000
1476370780876, 8.685600, 8.680000, 6200, 8.690000, 6800, -2.740000, -0.244400
1476370782850, 8.685600, 8.680000, 6200, 8.690000, 6800, -2.740000, -0.244400
1476370784860, 8.685600, 8.680000, 11300, 8.690000, 6800, -2.740000, -0.244400
1476370786848, 8.685000, 8.680000, 12500, 8.690000, 7000, -2.740000, -0.245000
1476370788876, 8.690000, 8.680000, 12500, 8.690000, 1900, -2.690000, -0.240000
1476370790853, 8.690000, 8.680000, 16700, 8.690000, 1400, -2.690000, -0.240000
1476370792855, 8.690000, 8.680000, 18700, 8.690000, 1400, -2.690000, -0.240000
1476370794901, 8.690000, 8.680000, 18200, 8.690000, 1400, -2.690000, -0.240000
1476370796843, 8.690000, 8.680000, 16000, 8.690000, 1400, -2.690000, -0.240000
1476370798869, 8.700000, 8.690000, 9000, 8.700000, 3400, -2.580000, -0.230000
1476370800860, 8.700000, 8.690000, 15500, 8.700000, 2900, -2.580000, -0.230000
1476370802364, 8.700000, 8.690000, 12400, 8.700000, 2900, -2.580000, -0.230000
1476370804750, 8.695000, 8.690000, 6200, 8.700000, 11000, -2.630000, -0.235000
1476370806753, 8.700000, 8.690000, 8100, 8.700000, 10800, -2.580000, -0.230000
1476370808755, 8.690000, 8.690000, 7700, 8.700000, 10200, -2.690000, -0.240000
1476370810748, 8.690000, 8.690000, 8400, 8.700000, 7900, -2.690000, -0.240000
1476370812752, 8.690000, 8.690000, 8000, 8.700000, 7600, -2.690000, -0.240000
1476370814754, 8.690000, 8.690000, 2000, 8.700000, 8200, -2.690000, -0.240000
1476370816756, 8.690000, 8.690000, 2200, 8.700000, 8300, -2.690000, -0.240000
1476370818757, 8.690000, 8.690000, 2200, 8.700000, 8300, -2.690000, -0.240000
1476370820757, 8.697300, 8.690000, 6400, 8.700000, 8300, -2.610000, -0.232700
1476370822754, 8.697300, 8.690000, 7100, 8.700000, 8400, -2.610000, -0.232700
1476370824778, 8.690000, 8.690000, 600, 8.700000, 12400, -2.690000, -0.240000
1476370826765, 8.690000, 8.690000, 600, 8.700000, 13100, -2.690000, -0.240000
1476370828758, 8.690000, 8.690000, 600, 8.700000, 11200, -2.690000, -0.240000
1476370830760, 8.690000, 8.690000, 600, 8.700000, 11400, -2.690000, -0.240000
1476370832771, 8.690000, 8.690000, 600, 8.700000, 11100, -2.690000, -0.240000
1476370834764, 8.690000, 8.690000, 600, 8.700000, 9500, -2.690000, -0.240000
1476370836262, 8.690000, 8.690000, 600, 8.700000, 9500, -2.690000, -0.240000
1476370838758, 8.690000, 8.690000, 600, 8.700000, 10000, -2.690000, -0.240000
1476370840763, 8.685000, 8.680000, 8200, 8.690000, 2100, -2.740000, -0.245000
1476370841766, 8.690000, 8.680000, 8300, 8.690000, 2100, -2.690000, -0.240000
1476370844774, 8.690000, 8.680000, 8500, 8.690000, 1900, -2.690000, -0.240000
1476370846805, 8.690000, 8.680000, 8500, 8.690000, 2800, -2.690000, -0.240000
1476370848768, 8.690000, 8.680000, 8100, 8.690000, 6200, -2.690000, -0.240000
1476370850781, 8.690000, 8.680000, 8100, 8.690000, 6100, -2.690000, -0.240000
1476370852776, 8.685000, 8.680000, 8100, 8.690000, 6000, -2.740000, -0.245000
1476370854772, 8.690000, 8.680000, 9200, 8.690000, 5300, -2.690000, -0.240000
1476370856817, 8.690000, 8.680000, 8200, 8.690000, 5100, -2.690000, -0.240000
1476370858784, 8.690000, 8.680000, 8200, 8.690000, 6000, -2.690000, -0.240000
1476370860773, 8.689900, 8.680000, 8400, 8.690000, 5700, -2.690000, -0.240100
1476370862774, 8.689900, 8.680000, 13800, 8.690000, 4500, -2.690000, -0.240100
1476370864798, 8.690000, 8.680000, 22300, 8.690000, 1400, -2.690000, -0.240000
1476370866774, 8.682500, 8.680000, 20500, 8.690000, 1400, -2.770000, -0.247500
1476370868772, 8.690000, 8.680000, 20500, 8.690000, 1400, -2.690000, -0.240000
1476370870771, 8.685000, 8.680000, 20500, 8.690000, 1700, -2.740000, -0.245000
1476370872778, 8.690000, 8.680000, 18400, 8.690000, 1400, -2.690000, -0.240000
1476370874780, 8.690000, 8.680000, 17000, 8.690000, 1400, -2.690000, -0.240000
1476370876787, 8.690000, 8.690000, 6800, 8.700000, 4500, -2.690000, -0.240000
1476370878777, 8.699000, 8.690000, 6600, 8.700000, 5800, -2.590000, -0.231000
1476370880786, 8.699000, 8.690000, 6800, 8.700000, 6900, -2.590000, -0.231000
1476370882850, 8.699000, 8.690000, 6400, 8.700000, 9300, -2.590000, -0.231000
1476370884790, 8.685000, 8.680000, 8700, 8.690000, 4800, -2.740000, -0.245000
1476370886790, 8.680000, 8.680000, 8600, 8.690000, 4900, -2.800000, -0.250000
1476370888784, 8.680000, 8.680000, 8700, 8.690000, 4900, -2.800000, -0.250000
1476370890284, 8.685000, 8.680000, 8700, 8.690000, 5300, -2.740000, -0.245000
1476370892793, 8.690000, 8.680000, 8500, 8.690000, 5200, -2.690000, -0.240000
1476370894854, 8.690000, 8.680000, 8500, 8.690000, 4800, -2.690000, -0.240000
1476370896831, 8.685000, 8.680000, 11700, 8.690000, 2800, -2.740000, -0.245000
1476370898797, 8.685000, 8.680000, 9500, 8.690000, 2800, -2.740000, -0.245000
1476370900794, 8.685000, 8.680000, 9500, 8.690000, 4000, -2.740000, -0.245000
1476370902786, 8.685000, 8.680000, 9500, 8.690000, 4000, -2.740000, -0.245000
1476370904785, 8.685000, 8.680000, 9500, 8.690000, 4000, -2.740000, -0.245000
1476370906284, 8.685000, 8.680000, 9500, 8.690000, 4000, -2.740000, -0.245000
1476370908818, 8.685000, 8.680000, 9300, 8.690000, 4500, -2.740000, -0.245000
1476370910788, 8.685000, 8.680000, 5600, 8.690000, 5500, -2.740000, -0.245000
1476370912798, 8.685000, 8.680000, 8200, 8.690000, 5100, -2.740000, -0.245000
1476370914792, 8.685000, 8.680000, 8200, 8.690000, 5300, -2.740000, -0.245000
1476370916804, 8.685000, 8.680000, 8200, 8.690000, 5100, -2.740000, -0.245000
1476370918793, 8.685000, 8.680000, 8200, 8.690000, 4500, -2.740000, -0.245000
1476370920784, 8.685000, 8.680000, 8300, 8.690000, 4900, -2.740000, -0.245000
1476370922292, 8.685000, 8.680000, 8500, 8.690000, 3900, -2.740000, -0.245000
1476370924791, 8.689900, 8.680000, 8600, 8.690000, 5700, -2.690000, -0.240100
1476370926849, 8.685000, 8.680000, 8500, 8.690000, 6500, -2.740000, -0.245000
1476370928805, 8.685000, 8.680000, 8700, 8.690000, 6500, -2.740000, -0.245000
1476370930795, 8.690000, 8.680000, 12800, 8.690000, 1800, -2.690000, -0.240000
1476370932806, 8.685000, 8.680000, 9300, 8.690000, 3600, -2.740000, -0.245000
1476370934802, 8.685000, 8.680000, 7800, 8.690000, 5100, -2.740000, -0.245000
1476370936806, 8.682000, 8.680000, 8000, 8.690000, 5900, -2.780000, -0.248000
1476370938832, 8.690000, 8.680000, 9300, 8.690000, 3900, -2.690000, -0.240000
1476370940803, 8.690000, 8.680000, 9200, 8.690000, 3900, -2.690000, -0.240000
1476370942297, 8.690000, 8.680000, 8700, 8.690000, 5500, -2.690000, -0.240000
1476370944804, 8.690000, 8.680000, 8700, 8.690000, 5900, -2.690000, -0.240000
1476370946794, 8.690000, 8.680000, 8900, 8.690000, 5600, -2.690000, -0.240000
1476370947810, 8.690000, 8.680000, 8900, 8.690000, 5800, -2.690000, -0.240000
1476370950813, 8.690000, 8.680000, 9000, 8.690000, 5500, -2.690000, -0.240000
1476370952849, 8.680000, 8.680000, 3800, 8.690000, 5600, -2.800000, -0.250000
1476370954839, 8.680000, 8.680000, 3200, 8.690000, 8200, -2.800000, -0.250000
1476370956811, 8.680000, 8.680000, 3300, 8.690000, 8200, -2.800000, -0.250000
1476370958814, 8.680000, 8.680000, 3300, 8.690000, 7800, -2.800000, -0.250000
1476370960810, 8.680000, 8.680000, 3300, 8.690000, 7800, -2.800000, -0.250000
1476370962818, 8.681000, 8.680000, 3300, 8.690000, 8200, -2.790000, -0.249000
1476370964855, 8.671000, 8.670000, 7200, 8.680000, 8100, -2.900000, -0.259000
1476370966846, 8.680000, 8.670000, 11500, 8.680000, 8200, -2.800000, -0.250000
1476370968810, 8.670000, 8.670000, 10000, 8.680000, 12500, -2.910000, -0.260000
1476370970824, 8.670000, 8.670000, 900, 8.680000, 14500, -2.910000, -0.260000
1476370972817, 8.670000, 8.670000, 1000, 8.680000, 15400, -2.910000, -0.260000
1476370974812, 8.670000, 8.670000, 1200, 8.680000, 15200, -2.910000, -0.260000
1476370976817, 8.670000, 8.670000, 1000, 8.680000, 15800, -2.910000, -0.260000
1476370978798, 8.670000, 8.670000, 900, 8.680000, 14200, -2.910000, -0.260000
1476370979807, 8.670000, 8.670000, 900, 8.680000, 13700, -2.910000, -0.260000
1476370982825, 8.670000, 8.670000, 800, 8.680000, 14000, -2.910000, -0.260000
1476370984824, 8.660000, 8.660000, 6400, 8.670000, 7400, -3.020000, -0.270000
1476370986863, 8.660000, 8.660000, 4100, 8.670000, 7500, -3.020000, -0.270000
1476370988813, 8.660000, 8.660000, 1200, 8.670000, 14900, -3.020000, -0.270000
1476370990863, 8.660000, 8.660000, 900, 8.670000, 12500, -3.020000, -0.270000
1476370992811, 8.660000, 8.660000, 400, 8.670000, 14500, -3.020000, -0.270000
1476370994330, 8.660000, 8.660000, 3900, 8.670000, 12600, -3.020000, -0.270000
1476370996813, 8.660000, 8.660000, 1100, 8.670000, 13500, -3.020000, -0.270000
1476370998816, 8.660000, 8.660000, 1200, 8.670000, 11100, -3.020000, -0.270000
1476371000823, 8.660000, 8.660000, 1200, 8.670000, 10400, -3.020000, -0.270000
1476371002828, 8.660000, 8.660000, 700, 8.670000, 10700, -3.020000, -0.270000
1476371004821, 8.660000, 8.660000, 700, 8.670000, 10600, -3.020000, -0.270000
1476371006326, 8.668200, 8.660000, 700, 8.670000, 9700, -2.930000, -0.261800
1476371008837, 8.660000, 8.660000, 800, 8.670000, 10600, -3.020000, -0.270000
1476371010831, 8.660000, 8.650000, 21900, 8.660000, 6400, -3.020000, -0.270000
1476371012844, 8.655000, 8.650000, 21900, 8.660000, 4800, -3.080000, -0.275000
1476371014827, 8.655000, 8.650000, 22000, 8.660000, 6800, -3.080000, -0.275000
1476371016831, 8.650000, 8.650000, 21300, 8.660000, 11000, -3.140000, -0.280000
1476371018826, 8.656500, 8.650000, 21300, 8.660000, 11000, -3.060000, -0.273500
1476371020838, 8.650000, 8.650000, 21300, 8.660000, 4700, -3.140000, -0.280000
1476371022839, 8.650000, 8.650000, 21300, 8.660000, 4700, -3.140000, -0.280000
1476371024832, 8.650000, 8.650000, 21300, 8.660000, 4700, -3.140000, -0.280000
1476371026826, 8.650000, 8.650000, 21300, 8.660000, 4700, -3.140000, -0.280000
1476371028845, 8.650000, 8.650000, 21300, 8.660000, 4700, -3.140000, -0.280000
1476371030834, 8.650000, 8.650000, 21300, 8.660000, 6000, -3.140000, -0.280000
1476371032832, 8.650000, 8.650000, 21300, 8.660000, 6000, -3.140000, -0.280000
1476371034846, 8.654500, 8.650000, 21300, 8.660000, 6000, -3.090000, -0.275500
1476371036847, 8.656500, 8.650000, 21300, 8.660000, 5800, -3.060000, -0.273500
1476371038834, 8.656500, 8.650000, 21300, 8.660000, 5900, -3.060000, -0.273500
1476371040861, 8.656500, 8.650000, 21300, 8.660000, 5900, -3.060000, -0.273500
1476371042830, 8.656500, 8.650000, 21300, 8.660000, 5900, -3.060000, -0.273500
1476371044834, 8.656500, 8.650000, 21300, 8.660000, 5900, -3.060000, -0.273500
1476371046888, 8.650000, 8.650000, 21000, 8.660000, 9600, -3.140000, -0.280000
1476371048832, 8.659900, 8.650000, 21000, 8.660000, 9300, -3.020000, -0.270100
1476371050845, 8.650000, 8.650000, 21000, 8.660000, 9200, -3.140000, -0.280000
1476371052833, 8.650000, 8.650000, 16000, 8.660000, 6200, -3.140000, -0.280000
1476371054835, 8.650000, 8.650000, 16000, 8.660000, 6200, -3.140000, -0.280000
1476371056855, 8.655800, 8.650000, 16000, 8.660000, 9900, -3.070000, -0.274200
1476371058843, 8.660000, 8.650000, 16000, 8.660000, 8900, -3.020000, -0.270000
1476371060847, 8.660000, 8.650000, 16000, 8.660000, 8900, -3.020000, -0.270000
1476371062847, 8.650000, 8.650000, 16000, 8.660000, 13200, -3.140000, -0.280000
1476371064844, 8.650000, 8.650000, 16000, 8.660000, 13200, -3.140000, -0.280000
1476371066841, 8.650000, 8.650000, 16000, 8.660000, 13200, -3.140000, -0.280000
1476371068860, 8.650000, 8.650000, 16100, 8.660000, 11900, -3.140000, -0.280000
1476371070845, 8.650000, 8.650000, 16100, 8.660000, 11600, -3.140000, -0.280000
1476371072835, 8.650000, 8.650000, 16100, 8.660000, 11000, -3.140000, -0.280000
1476371074842, 8.650000, 8.650000, 16100, 8.660000, 11100, -3.140000, -0.280000
1476371076864, 8.640000, 8.630000, 5900, 8.640000, 8700, -3.250000, -0.290000
1476371078846, 8.635000, 8.630000, 10400, 8.640000, 4100, -3.300000, -0.295000
1476371080845, 8.630000, 8.630000, 8200, 8.640000, 7100, -3.360000, -0.300000
1476371082851, 8.630000, 8.630000, 8300, 8.640000, 7700, -3.360000, -0.300000
1476371084864, 8.630800, 8.630000, 7600, 8.640000, 7700, -3.350000, -0.299200
1476371086416, 8.639000, 8.630000, 6800, 8.640000, 9200, -3.260000, -0.291000
1476371088838, 8.639000, 8.630000, 5400, 8.640000, 9000, -3.260000, -0.291000
1476371090856, 8.635000, 8.630000, 10100, 8.640000, 6400, -3.300000, -0.295000
1476371092903, 8.635000, 8.630000, 9700, 8.640000, 5100, -3.300000, -0.295000
1476371094861, 8.635000, 8.630000, 9700, 8.640000, 5100, -3.300000, -0.295000
1476371096863, 8.630000, 8.630000, 8200, 8.640000, 5700, -3.360000, -0.300000
1476371098862, 8.630000, 8.630000, 7400, 8.640000, 5100, -3.360000, -0.300000
1476371100883, 8.630000, 8.630000, 7400, 8.640000, 5100, -3.360000, -0.300000
1476371102901, 8.630000, 8.630000, 7100, 8.640000, 5100, -3.360000, -0.300000
1476371104860, 8.640000, 8.630000, 7900, 8.640000, 4900, -3.250000, -0.290000
1476371107253, 8.645000, 8.640000, 4300, 8.650000, 8500, -3.190000, -0.285000
1476371109296, 8.645000, 8.640000, 5200, 8.650000, 8700, -3.190000, -0.285000
1476371111255, 8.645000, 8.640000, 4900, 8.650000, 8700, -3.190000, -0.285000
1476371113260, 8.647200, 8.640000, 4700, 8.650000, 8700, -3.170000, -0.282800
1476371115257, 8.645000, 8.640000, 6600, 8.650000, 6300, -3.190000, -0.285000
1476371117257, 8.645000, 8.640000, 5700, 8.650000, 6300, -3.190000, -0.285000
1476371118755, 8.645000, 8.640000, 8700, 8.650000, 5700, -3.190000, -0.285000
1476371121254, 8.645000, 8.640000, 8700, 8.650000, 5600, -3.190000, -0.285000
1476371123259, 8.640000, 8.640000, 8500, 8.650000, 6000, -3.250000, -0.290000
1476371125260, 8.640000, 8.640000, 8400, 8.650000, 6000, -3.250000, -0.290000
1476371127258, 8.640000, 8.640000, 8900, 8.650000, 6100, -3.250000, -0.290000
1476371129258, 8.640000, 8.640000, 8900, 8.650000, 6100, -3.250000, -0.290000
1476371131280, 8.650000, 8.640000, 8800, 8.650000, 6100, -3.140000, -0.280000
1476371133267, 8.649900, 8.640000, 6000, 8.650000, 6500, -3.140000, -0.280100
1476371135266, 8.649900, 8.640000, 6000, 8.650000, 6500, -3.140000, -0.280100
1476371137271, 8.649900, 8.640000, 4600, 8.650000, 6300, -3.140000, -0.280100
1476371139260, 8.649900, 8.640000, 4600, 8.650000, 6300, -3.140000, -0.280100
1476371141268, 8.649900, 8.640000, 5500, 8.650000, 6300, -3.140000, -0.280100
1476371143263, 8.645000, 8.640000, 5500, 8.650000, 6300, -3.190000, -0.285000
1476371145265, 8.645000, 8.640000, 7600, 8.650000, 6300, -3.190000, -0.285000
1476371147261, 8.645000, 8.640000, 8400, 8.650000, 6100, -3.190000, -0.285000
1476371149266, 8.645000, 8.640000, 7800, 8.650000, 5300, -3.190000, -0.285000
1476371151267, 8.645000, 8.640000, 7700, 8.650000, 5300, -3.190000, -0.285000
1476371153267, 8.645000, 8.640000, 7700, 8.650000, 5300, -3.190000, -0.285000
1476371155274, 8.645000, 8.640000, 7500, 8.650000, 5300, -3.190000, -0.285000
1476371156773, 8.645000, 8.640000, 7500, 8.650000, 5300, -3.190000, -0.285000
1476371159271, 8.645000, 8.640000, 7500, 8.650000, 5300, -3.190000, -0.285000
1476371161278, 8.645000, 8.640000, 6500, 8.650000, 6100, -3.190000, -0.285000
1476371163275, 8.645000, 8.640000, 6500, 8.650000, 6100, -3.190000, -0.285000
1476371164781, 8.645000, 8.640000, 6500, 8.650000, 6100, -3.190000, -0.285000
1476371167288, 8.650000, 8.640000, 14300, 8.650000, 3000, -3.140000, -0.280000
1476371169287, 8.645000, 8.640000, 13800, 8.650000, 3000, -3.190000, -0.285000
1476371171279, 8.650000, 8.640000, 10800, 8.650000, 2100, -3.140000, -0.280000
1476371173275, 8.650000, 8.640000, 10900, 8.650000, 2100, -3.140000, -0.280000
1476371175282, 8.650000, 8.640000, 15300, 8.650000, 2100, -3.140000, -0.280000
1476371177282, 8.645000, 8.640000, 15300, 8.650000, 2300, -3.190000, -0.285000
1476371178815, 8.650000, 8.650000, 10500, 8.660000, 2700, -3.140000, -0.280000
1476371181288, 8.650000, 8.650000, 10400, 8.660000, 5600, -3.140000, -0.280000
1476371183281, 8.650000, 8.650000, 10100, 8.660000, 5400, -3.140000, -0.280000
1476371185288, 8.650000, 8.650000, 9500, 8.660000, 6800, -3.140000, -0.280000
1476371187279, 8.653800, 8.650000, 9500, 8.660000, 6700, -3.090000, -0.276200
1476371189298, 8.655000, 8.650000, 7300, 8.660000, 7000, -3.080000, -0.275000
1476371191314, 8.655000, 8.650000, 7300, 8.660000, 7000, -3.080000, -0.275000
1476371193293, 8.660000, 8.650000, 14800, 8.660000, 1700, -3.020000, -0.270000
1476371195285, 8.660000, 8.650000, 12400, 8.660000, 1700, -3.020000, -0.270000
1476371197293, 8.660000, 8.650000, 15100, 8.660000, 3000, -3.020000, -0.270000
1476371199284, 8.655000, 8.650000, 11300, 8.660000, 4200, -3.080000, -0.275000
1476371201295, 8.655000, 8.650000, 10400, 8.660000, 4200, -3.080000, -0.275000
1476371203296, 8.655000, 8.650000, 8400, 8.660000, 4300, -3.080000, -0.275000
1476371205299, 8.655000, 8.650000, 7700, 8.660000, 10800, -3.080000, -0.275000
1476371207291, 8.655000, 8.650000, 7700, 8.660000, 10800, -3.080000, -0.275000
1476371209297, 8.655000, 8.650000, 11600, 8.660000, 10000, -3.080000, -0.275000
1476371211296, 8.650000, 8.650000, 11300, 8.660000, 9400, -3.140000, -0.280000
1476371213297, 8.650000, 8.650000, 11300, 8.660000, 9400, -3.140000, -0.280000
1476371215294, 8.650000, 8.650000, 11200, 8.660000, 9300, -3.140000, -0.280000
1476371217323, 8.650000, 8.650000, 10700, 8.660000, 9300, -3.140000, -0.280000
1476371219303, 8.650000, 8.650000, 10600, 8.660000, 9400, -3.140000, -0.280000
1476371221300, 8.650000, 8.650000, 10800, 8.660000, 9300, -3.140000, -0.280000
1476371223300, 8.655000, 8.650000, 8200, 8.660000, 12200, -3.080000, -0.275000
1476371225306, 8.655000, 8.650000, 8200, 8.660000, 12200, -3.080000, -0.275000
1476371227300, 8.655000, 8.650000, 8200, 8.660000, 12100, -3.080000, -0.275000
1476371229297, 8.655000, 8.650000, 8200, 8.660000, 12100, -3.080000, -0.275000
1476371231295, 8.660000, 8.650000, 11600, 8.660000, 7400, -3.020000, -0.270000
1476371233298, 8.660000, 8.650000, 17900, 8.660000, 7100, -3.020000, -0.270000
1476371235314, 8.660000, 8.650000, 22100, 8.660000, 6800, -3.020000, -0.270000
1476371236799, 8.655000, 8.650000, 22200, 8.660000, 6900, -3.080000, -0.275000
1476371239299, 8.660000, 8.660000, 10500, 8.660000, 300, -3.020000, -0.270000
1476371241348, 8.670000, 8.660000, 5600, 8.670000, 6600, -2.910000, -0.260000
1476371243317, 8.670000, 8.660000, 9200, 8.670000, 5800, -2.910000, -0.260000
1476371245326, 8.665000, 8.660000, 7300, 8.670000, 5800, -2.970000, -0.265000
1476371247336, 8.669900, 8.660000, 7300, 8.670000, 5000, -2.910000, -0.260100
1476371249311, 8.660000, 8.660000, 5100, 8.670000, 7800, -3.020000, -0.270000
1476371251307, 8.660000, 8.660000, 5200, 8.670000, 7500, -3.020000, -0.270000
1476371253315, 8.660000, 8.660000, 5200, 8.670000, 7800, -3.020000, -0.270000
1476371255302, 8.660000, 8.660000, 5200, 8.670000, 6900, -3.020000, -0.270000
1476371257320, 8.660000, 8.660000, 6200, 8.670000, 7100, -3.020000, -0.270000
1476371259330, 8.660000, 8.660000, 5200, 8.670000, 6900, -3.020000, -0.270000
1476371261323, 8.660000, 8.660000, 4900, 8.670000, 7200, -3.020000, -0.270000
1476371263310, 8.660000, 8.660000, 5800, 8.670000, 6000, -3.020000, -0.270000
1476371265321, 8.660000, 8.660000, 4700, 8.670000, 7000, -3.020000, -0.270000
1476371267319, 8.660000, 8.660000, 4700, 8.670000, 7000, -3.020000, -0.270000
1476371269325, 8.660000, 8.660000, 5700, 8.670000, 7000, -3.020000, -0.270000
1476371271311, 8.660000, 8.660000, 4700, 8.670000, 7000, -3.020000, -0.270000
1476371273324, 8.666500, 8.660000, 4700, 8.670000, 7000, -2.950000, -0.263500
1476371275323, 8.666500, 8.660000, 4700, 8.670000, 7100, -2.950000, -0.263500
1476371277320, 8.666500, 8.660000, 4700, 8.670000, 6600, -2.950000, -0.263500
1476371279308, 8.666500, 8.660000, 5700, 8.670000, 6500, -2.950000, -0.263500
1476371281342, 8.665000, 8.660000, 4700, 8.670000, 6400, -2.970000, -0.265000
1476371283329, 8.669900, 8.660000, 4700, 8.670000, 6400, -2.910000, -0.260100
1476371285322, 8.669900, 8.660000, 4700, 8.670000, 6300, -2.910000, -0.260100
1476371287348, 8.660000, 8.660000, 4700, 8.670000, 13700, -3.020000, -0.270000
1476371289335, 8.660000, 8.660000, 4600, 8.670000, 11700, -3.020000, -0.270000
1476371291308, 8.660000, 8.660000, 4600, 8.670000, 11200, -3.020000, -0.270000
1476371293341, 8.660000, 8.660000, 4600, 8.670000, 11200, -3.020000, -0.270000
1476371295364, 8.660000, 8.660000, 5500, 8.670000, 10800, -3.020000, -0.270000
1476371297321, 8.660000, 8.660000, 5100, 8.670000, 8000, -3.020000, -0.270000
1476371299320, 8.660000, 8.660000, 5200, 8.670000, 8000, -3.020000, -0.270000
1476371301369, 8.665000, 8.660000, 5200, 8.670000, 7300, -2.970000, -0.265000
1476371303309, 8.665000, 8.660000, 5700, 8.670000, 7100, -2.970000, -0.265000
1476371305331, 8.665000, 8.660000, 5700, 8.670000, 7100, -2.970000, -0.265000
1476371307329, 8.666600, 8.660000, 5300, 8.670000, 7200, -2.950000, -0.263400
1476371309340, 8.662900, 8.660000, 5300, 8.670000, 7500, -2.990000, -0.267100
1476371311332, 8.662900, 8.660000, 5300, 8.670000, 7500, -2.990000, -0.267100
1476371313329, 8.662900, 8.660000, 5300, 8.670000, 7700, -2.990000, -0.267100
1476371315335, 8.662900, 8.660000, 5300, 8.670000, 6800, -2.990000, -0.267100
1476371317336, 8.662900, 8.660000, 5300, 8.670000, 4300, -2.990000, -0.267100
1476371319320, 8.662900, 8.660000, 5300, 8.670000, 4300, -2.990000, -0.267100
1476371321340, 8.661000, 8.660000, 5300, 8.670000, 5000, -3.010000, -0.269000
1476371323345, 8.661000, 8.660000, 5300, 8.670000, 5000, -3.010000, -0.269000
1476371325332, 8.665400, 8.660000, 5300, 8.670000, 4400, -2.960000, -0.264600
1476371326839, 8.665400, 8.660000, 5300, 8.670000, 4400, -2.960000, -0.264600
1476371329341, 8.665400, 8.660000, 5300, 8.670000, 4700, -2.960000, -0.264600
1476371331334, 8.665400, 8.660000, 5300, 8.670000, 4700, -2.960000, -0.264600
1476371333357, 8.665400, 8.660000, 5300, 8.670000, 4900, -2.960000, -0.264600
1476371335340, 8.665400, 8.660000, 5300, 8.670000, 4900, -2.960000, -0.264600
1476371337338, 8.665400, 8.660000, 5300, 8.670000, 4400, -2.960000, -0.264600
1476371338843, 8.665400, 8.660000, 5800, 8.670000, 4400, -2.960000, -0.264600
1476371341346, 8.660000, 8.660000, 5400, 8.670000, 7600, -3.020000, -0.270000
1476371343340, 8.660000, 8.660000, 5400, 8.670000, 7800, -3.020000, -0.270000
1476371345331, 8.660000, 8.660000, 5400, 8.670000, 7700, -3.020000, -0.270000
1476371347344, 8.660000, 8.660000, 5400, 8.670000, 11700, -3.020000, -0.270000
1476371349349, 8.660000, 8.660000, 5400, 8.670000, 12700, -3.020000, -0.270000
1476371351352, 8.660000, 8.660000, 5400, 8.670000, 11400, -3.020000, -0.270000
1476371353339, 8.660000, 8.660000, 5400, 8.670000, 11400, -3.020000, -0.270000
1476371355343, 8.660000, 8.660000, 5400, 8.670000, 11500, -3.020000, -0.270000
1476371357344, 8.660000, 8.660000, 5400, 8.670000, 13600, -3.020000, -0.270000
1476371359339, 8.669000, 8.660000, 5400, 8.670000, 12100, -2.920000, -0.261000
1476371361350, 8.665000, 8.660000, 5400, 8.670000, 12700, -2.970000, -0.265000
1476371363365, 8.665000, 8.660000, 5400, 8.670000, 11200, -2.970000, -0.265000
1476371365343, 8.669000, 8.660000, 5500, 8.670000, 11300, -2.920000, -0.261000
1476371367353, 8.669000, 8.660000, 5500, 8.670000, 10900, -2.920000, -0.261000
1476371369397, 8.669000, 8.660000, 5500, 8.670000, 11000, -2.920000, -0.261000
1476371371362, 8.660000, 8.650000, 17600, 8.660000, 8900, -3.020000, -0.270000
1476371373351, 8.660000, 8.650000, 17500, 8.660000, 8600, -3.020000, -0.270000
1476371375354, 8.655000, 8.650000, 15200, 8.660000, 8600, -3.080000, -0.275000
1476371377398, 8.655000, 8.650000, 10800, 8.660000, 10900, -3.080000, -0.275000
1476371379401, 8.655000, 8.650000, 10800, 8.660000, 11000, -3.080000, -0.275000
1476371381375, 8.656200, 8.650000, 10800, 8.660000, 11400, -3.070000, -0.273800
1476371383361, 8.650100, 8.650000, 11000, 8.660000, 8200, -3.130000, -0.279900
1476371385361, 8.650100, 8.650000, 11000, 8.660000, 8200, -3.130000, -0.279900
1476371387343, 8.650100, 8.650000, 11000, 8.660000, 8200, -3.130000, -0.279900
1476371389397, 8.650100, 8.650000, 10800, 8.660000, 8300, -3.130000, -0.279900
1476371391380, 8.655000, 8.650000, 11000, 8.660000, 8300, -3.080000, -0.275000
1476371393365, 8.659900, 8.650000, 11000, 8.660000, 8300, -3.020000, -0.270100
1476371395361, 8.659900, 8.650000, 10800, 8.660000, 5300, -3.020000, -0.270100
1476371397357, 8.659900, 8.650000, 10800, 8.660000, 5300, -3.020000, -0.270100
1476371399401, 8.650400, 8.650000, 11100, 8.660000, 6200, -3.130000, -0.279600
1476371401357, 8.650400, 8.650000, 10400, 8.660000, 8900, -3.130000, -0.279600
1476371403363, 8.650400, 8.650000, 11100, 8.660000, 6500, -3.130000, -0.279600
1476371405380, 8.650400, 8.650000, 11200, 8.660000, 8900, -3.130000, -0.279600
1476371407398, 8.655000, 8.650000, 11200, 8.660000, 8900, -3.080000, -0.275000
1476371409431, 8.655000, 8.650000, 12100, 8.660000, 6400, -3.080000, -0.275000
1476371411254, 8.655000, 8.650000, 18500, 8.660000, 4800, -3.080000, -0.275000
1476371413277, 8.655000, 8.650000, 20100, 8.660000, 5500, -3.080000, -0.275000
1476371415253, 8.655000, 8.650000, 18100, 8.660000, 5500, -3.080000, -0.275000
1476371417251, 8.655000, 8.650000, 16000, 8.660000, 8500, -3.080000, -0.275000
1476371419256, 8.655000, 8.650000, 15600, 8.660000, 8600, -3.080000, -0.275000
1476371421256, 8.655000, 8.650000, 13600, 8.660000, 7600, -3.080000, -0.275000
1476371423299, 8.655000, 8.650000, 11400, 8.660000, 7500, -3.080000, -0.275000
1476371425256, 8.655000, 8.650000, 11400, 8.660000, 7300, -3.080000, -0.275000
1476371427258, 8.655000, 8.650000, 12600, 8.660000, 7200, -3.080000, -0.275000
1476371428757, 8.655000, 8.650000, 12600, 8.660000, 7200, -3.080000, -0.275000
1476371431262, 8.655000, 8.650000, 10700, 8.660000, 7300, -3.080000, -0.275000
1476371433259, 8.655000, 8.650000, 11400, 8.660000, 6400, -3.080000, -0.275000
1476371435277, 8.655000, 8.650000, 13100, 8.660000, 6500, -3.080000, -0.275000
1476371437263, 8.655000, 8.650000, 13200, 8.660000, 6400, -3.080000, -0.275000
1476371439269, 8.650000, 8.650000, 12200, 8.660000, 9200, -3.140000, -0.280000
1476371441271, 8.659900, 8.650000, 12300, 8.660000, 9300, -3.020000, -0.270100
1476371443266, 8.650000, 8.650000, 11200, 8.660000, 8500, -3.140000, -0.280000
1476371445266, 8.656200, 8.650000, 11400, 8.660000, 6400, -3.070000, -0.273800
1476371446769, 8.656200, 8.650000, 11400, 8.660000, 6400, -3.070000, -0.273800
1476371449272, 8.656200, 8.650000, 12900, 8.660000, 6300, -3.070000, -0.273800
1476371451280, 8.650000, 8.650000, 12700, 8.660000, 7400, -3.140000, -0.280000
1476371453270, 8.650000, 8.650000, 12800, 8.660000, 6400, -3.140000, -0.280000
1476371454767, 8.650000, 8.650000, 12700, 8.660000, 6500, -3.140000, -0.280000
1476371457270, 8.650000, 8.650000, 12700, 8.660000, 6500, -3.140000, -0.280000
1476371459279, 8.650000, 8.650000, 13400, 8.660000, 9300, -3.140000, -0.280000
1476371461276, 8.650000, 8.650000, 12700, 8.660000, 9300, -3.140000, -0.280000
1476371463277, 8.650000, 8.650000, 13000, 8.660000, 8600, -3.140000, -0.280000
1476371464794, 8.655000, 8.650000, 14600, 8.660000, 5400, -3.080000, -0.275000
1476371467291, 8.655000, 8.650000, 19300, 8.660000, 7700, -3.080000, -0.275000
1476371469281, 8.655000, 8.650000, 15100, 8.660000, 6400, -3.080000, -0.275000
1476371471278, 8.655000, 8.650000, 14700, 8.660000, 6300, -3.080000, -0.275000
1476371473322, 8.659000, 8.650000, 14600, 8.660000, 6300, -3.030000, -0.271000
1476371475278, 8.659000, 8.650000, 14600, 8.660000, 6300, -3.030000, -0.271000
1476371476781, 8.659000, 8.650000, 14600, 8.660000, 6300, -3.030000, -0.271000
1476371479285, 8.659000, 8.650000, 14300, 8.660000, 6500, -3.030000, -0.271000
1476371481283, 8.650100, 8.650000, 14300, 8.660000, 6500, -3.130000, -0.279900
1476371483281, 8.650100, 8.650000, 14300, 8.660000, 6500, -3.130000, -0.279900
1476371485287, 8.650100, 8.650000, 14400, 8.660000, 6600, -3.130000, -0.279900
1476371487291, 8.650100, 8.650000, 14400, 8.660000, 6700, -3.130000, -0.279900
1476371489296, 8.650100, 8.650000, 14600, 8.660000, 6600, -3.130000, -0.279900
1476371491286, 8.660000, 8.650000, 23300, 8.660000, 1900, -3.020000, -0.270000
1476371493313, 8.652500, 8.650000, 22200, 8.660000, 5800, -3.110000, -0.277500
1476371495305, 8.652500, 8.650000, 21900, 8.660000, 5400, -3.110000, -0.277500
1476371497287, 8.652500, 8.650000, 22000, 8.660000, 5400, -3.110000, -0.277500
1476371499293, 8.660000, 8.650000, 21400, 8.660000, 5200, -3.020000, -0.270000
1476371501292, 8.660000, 8.650000, 20500, 8.660000, 5100, -3.020000, -0.270000
1476371503291, 8.660000, 8.650000, 24600, 8.660000, 2500, -3.020000, -0.270000
1476371505298, 8.660000, 8.650000, 23600, 8.660000, 2600, -3.020000, -0.270000
1476371507290, 8.660000, 8.650000, 22500, 8.660000, 2600, -3.020000, -0.270000
1476371508817, 8.660000, 8.650000, 22000, 8.660000, 2600, -3.020000, -0.270000
1476371511303, 8.660000, 8.650000, 21600, 8.660000, 5100, -3.020000, -0.270000
1476371513291, 8.660000, 8.650000, 24700, 8.660000, 4000, -3.020000, -0.270000
1476371515301, 8.660000, 8.650000, 23600, 8.660000, 4000, -3.020000, -0.270000
1476371517291, 8.660000, 8.650000, 28300, 8.660000, 4000, -3.020000, -0.270000
1476371519304, 8.659900, 8.650000, 21300, 8.660000, 4000, -3.020000, -0.270100
1476371521290, 8.660000, 8.650000, 20100, 8.660000, 4000, -3.020000, -0.270000
1476371523288, 8.660000, 8.650000, 21700, 8.660000, 4100, -3.020000, -0.270000
1476371525314, 8.660000, 8.650000, 23200, 8.660000, 4000, -3.020000, -0.270000
1476371527308, 8.660000, 8.650000, 23900, 8.660000, 4000, -3.020000, -0.270000
1476371528800, 8.670000, 8.660000, 10000, 8.670000, 11100, -2.910000, -0.260000
1476371531308, 8.660000, 8.650000, 13400, 8.660000, 7100, -3.020000, -0.270000
1476371533301, 8.650000, 8.650000, 11300, 8.660000, 8900, -3.140000, -0.280000
1476371535297, 8.652000, 8.650000, 11000, 8.660000, 11300, -3.110000, -0.278000
1476371537311, 8.652000, 8.650000, 11000, 8.660000, 11400, -3.110000, -0.278000
1476371539331, 8.650000, 8.650000, 11000, 8.660000, 9700, -3.140000, -0.280000
1476371541290, 8.650000, 8.650000, 11000, 8.660000, 9700, -3.140000, -0.280000
1476371543302, 8.650000, 8.650000, 11000, 8.660000, 9700, -3.140000, -0.280000
1476371545308, 8.650000, 8.650000, 11000, 8.660000, 9700, -3.140000, -0.280000
1476371547308, 8.650000, 8.650000, 11000, 8.660000, 9400, -3.140000, -0.280000
1476371548810, 8.650000, 8.650000, 11800, 8.660000, 5800, -3.140000, -0.280000
1476371551342, 8.650000, 8.650000, 11200, 8.660000, 5800, -3.140000, -0.280000
1476371553307, 8.650000, 8.650000, 11900, 8.660000, 5800, -3.140000, -0.280000
1476371555328, 8.650000, 8.650000, 11900, 8.660000, 4900, -3.140000, -0.280000
1476371557311, 8.650000, 8.650000, 11300, 8.660000, 4900, -3.140000, -0.280000
1476371559322, 8.650000, 8.650000, 11300, 8.660000, 4900, -3.140000, -0.280000
1476371561307, 8.657600, 8.650000, 11100, 8.660000, 5300, -3.050000, -0.272400
1476371563315, 8.657600, 8.650000, 11100, 8.660000, 5300, -3.050000, -0.272400
1476371565304, 8.657600, 8.650000, 11100, 8.660000, 5400, -3.050000, -0.272400
1476371567353, 8.657600, 8.650000, 11300, 8.660000, 4800, -3.050000, -0.272400
1476371569332, 8.657600, 8.650000, 11300, 8.660000, 4800, -3.050000, -0.272400
1476371571317, 8.657600, 8.650000, 11300, 8.660000, 4800, -3.050000, -0.272400
1476371573325, 8.657600, 8.650000, 11300, 8.660000, 4700, -3.050000, -0.272400
1476371575325, 8.657600, 8.650000, 11300, 8.660000, 4700, -3.050000, -0.272400
1476371577316, 8.657600, 8.650000, 11300, 8.660000, 4600, -3.050000, -0.272400
1476371579306, 8.657600, 8.650000, 11300, 8.660000, 5600, -3.050000, -0.272400
1476371581373, 8.657600, 8.650000, 11300, 8.660000, 5500, -3.050000, -0.272400
1476371583319, 8.657600, 8.650000, 11300, 8.660000, 5600, -3.050000, -0.272400
1476371585317, 8.655000, 8.650000, 11300, 8.660000, 4700, -3.080000, -0.275000
1476371587358, 8.654500, 8.650000, 11300, 8.660000, 4700, -3.090000, -0.275500
1476371589323, 8.660000, 8.650000, 11300, 8.660000, 5600, -3.020000, -0.270000
1476371591321, 8.655000, 8.650000, 11300, 8.660000, 6100, -3.080000, -0.275000
1476371593327, 8.655000, 8.650000, 11300, 8.660000, 5600, -3.080000, -0.275000
1476371595319, 8.655000, 8.650000, 11300, 8.660000, 5600, -3.080000, -0.275000
1476371597377, 8.655000, 8.650000, 11300, 8.660000, 5500, -3.080000, -0.275000
1476371599339, 8.655000, 8.650000, 11300, 8.660000, 5400, -3.080000, -0.275000
1476371600817, 8.659100, 8.650000, 11600, 8.660000, 4500, -3.030000, -0.270900
1476371603326, 8.659100, 8.650000, 11800, 8.660000, 5300, -3.030000, -0.270900
1476371605329, 8.659100, 8.650000, 11700, 8.660000, 5400, -3.030000, -0.270900
1476371607324, 8.655000, 8.650000, 11500, 8.660000, 5500, -3.080000, -0.275000
1476371609328, 8.660000, 8.650000, 21900, 8.660000, 1200, -3.020000, -0.270000
1476371611336, 8.660000, 8.660000, 4900, 8.670000, 7900, -3.020000, -0.270000
1476371613337, 8.665000, 8.660000, 5900, 8.670000, 5900, -2.970000, -0.265000
1476371615328, 8.665000, 8.660000, 5900, 8.670000, 5500, -2.970000, -0.265000
1476371617327, 8.660000, 8.660000, 4100, 8.670000, 11100, -3.020000, -0.270000
1476371619320, 8.665000, 8.660000, 4100, 8.670000, 11300, -2.970000, -0.265000
1476371621328, 8.665000, 8.660000, 3700, 8.670000, 11200, -2.970000, -0.265000
1476371623330, 8.665000, 8.660000, 3700, 8.670000, 10500, -2.970000, -0.265000
1476371625327, 8.665000, 8.660000, 3700, 8.670000, 10500, -2.970000, -0.265000
1476371627333, 8.662600, 8.660000, 3900, 8.670000, 10500, -2.990000, -0.267400
1476371629329, 8.662600, 8.660000, 3900, 8.670000, 10500, -2.990000, -0.267400
1476371631328, 8.670000, 8.660000, 3900, 8.670000, 10400, -2.910000, -0.260000
1476371633334, 8.670000, 8.660000, 4200, 8.670000, 10500, -2.910000, -0.260000
1476371635330, 8.660000, 8.660000, 3900, 8.670000, 11100, -3.020000, -0.270000
1476371637334, 8.660000, 8.660000, 4100, 8.670000, 10600, -3.020000, -0.270000
1476371639329, 8.663800, 8.660000, 4100, 8.670000, 10600, -2.980000, -0.266200
1476371640838, 8.663800, 8.660000, 4100, 8.670000, 10600, -2.980000, -0.266200
1476371643331, 8.663800, 8.660000, 4300, 8.670000, 10500, -2.980000, -0.266200
1476371645315, 8.663800, 8.660000, 4300, 8.670000, 10400, -2.980000, -0.266200
1476371647381, 8.660000, 8.650000, 13400, 8.660000, 6400, -3.020000, -0.270000
1476371649340, 8.660000, 8.650000, 11900, 8.660000, 6400, -3.020000, -0.270000
1476371651343, 8.660000, 8.650000, 11700, 8.660000, 5000, -3.020000, -0.270000
1476371653346, 8.660000, 8.650000, 11700, 8.660000, 5000, -3.020000, -0.270000
1476371655345, 8.660000, 8.650000, 11700, 8.660000, 5000, -3.020000, -0.270000
1476371657339, 8.660000, 8.650000, 11700, 8.660000, 5000, -3.020000, -0.270000
1476371659338, 8.660000, 8.650000, 11700, 8.660000, 5100, -3.020000, -0.270000
1476371661331, 8.660000, 8.650000, 11700, 8.660000, 5100, -3.020000, -0.270000
1476371663344, 8.660000, 8.650000, 11700, 8.660000, 5100, -3.020000, -0.270000
1476371665350, 8.655000, 8.650000, 11700, 8.660000, 5600, -3.080000, -0.275000
1476371667337, 8.655000, 8.650000, 16200, 8.660000, 5100, -3.080000, -0.275000
1476371669350, 8.650000, 8.650000, 15200, 8.660000, 5100, -3.140000, -0.280000
1476371671388, 8.650000, 8.650000, 11700, 8.660000, 4300, -3.140000, -0.280000
1476371673352, 8.650000, 8.650000, 11700, 8.660000, 4300, -3.140000, -0.280000
1476371675344, 8.650000, 8.650000, 11700, 8.660000, 4300, -3.140000, -0.280000
1476371677340, 8.650000, 8.650000, 11700, 8.660000, 4300, -3.140000, -0.280000
1476371679341, 8.652000, 8.650000, 11700, 8.660000, 4300, -3.110000, -0.278000
1476371681350, 8.652000, 8.650000, 11700, 8.660000, 4400, -3.110000, -0.278000
1476371683353, 8.652000, 8.650000, 11700, 8.660000, 4500, -3.110000, -0.278000
1476371685343, 8.650000, 8.650000, 11700, 8.660000, 4600, -3.140000, -0.280000
1476371687342, 8.650000, 8.650000, 11700, 8.660000, 4400, -3.140000, -0.280000
1476371689348, 8.660000, 8.650000, 18900, 8.660000, 4800, -3.020000, -0.270000
1476371691350, 8.660000, 8.650000, 17200, 8.660000, 4500, -3.020000, -0.270000
1476371693354, 8.660000, 8.650000, 17200, 8.660000, 4500, -3.020000, -0.270000
1476371695392, 8.655000, 8.650000, 16300, 8.660000, 4500, -3.080000, -0.275000
1476371697344, 8.655000, 8.650000, 16300, 8.660000, 4500, -3.080000, -0.275000
1476371699395, 8.670000, 8.660000, 11200, 8.670000, 3600, -2.910000, -0.260000
1476371701346, 8.668800, 8.660000, 6900, 8.670000, 3900, -2.920000, -0.261200
1476371702844, 8.660000, 8.660000, 6000, 8.670000, 2600, -3.020000, -0.270000
1476371705342, 8.670000, 8.660000, 8200, 8.670000, 2200, -2.910000, -0.260000
1476371707358, 8.670000, 8.660000, 11200, 8.670000, 1700, -2.910000, -0.260000
1476371709331, 8.670000, 8.660000, 16700, 8.670000, 1300, -2.910000, -0.260000
1476371711379, 8.680000, 8.670000, 2500, 8.680000, 13200, -2.800000, -0.250000
1476371713360, 8.675000, 8.670000, 2100, 8.680000, 15500, -2.860000, -0.255000
1476371715347, 8.670000, 8.670000, 2300, 8.680000, 15700, -2.910000, -0.260000
1476371717251, 8.670000, 8.670000, 2500, 8.680000, 15700, -2.910000, -0.260000
1476371719751, 8.670000, 8.670000, 2500, 8.680000, 15700, -2.910000, -0.260000
1476371721751, 8.670000, 8.670000, 2500, 8.680000, 15700, -2.910000, -0.260000
1476371723755, 8.670000, 8.670000, 2300, 8.680000, 15700, -2.910000, -0.260000
1476371725749, 8.677800, 8.670000, 2200, 8.680000, 15700, -2.820000, -0.252200
1476371727758, 8.677800, 8.670000, 2200, 8.680000, 15700, -2.820000, -0.252200
1476371729258, 8.677800, 8.670000, 1500, 8.680000, 15700, -2.820000, -0.252200
1476371731763, 8.677800, 8.670000, 1600, 8.680000, 15800, -2.820000, -0.252200
1476371733756, 8.677800, 8.670000, 1600, 8.680000, 15800, -2.820000, -0.252200
1476371735257, 8.677800, 8.670000, 1600, 8.680000, 15800, -2.820000, -0.252200
1476371737758, 8.675000, 8.670000, 1400, 8.680000, 16200, -2.860000, -0.255000
1476371739760, 8.672000, 8.670000, 1400, 8.680000, 15500, -2.890000, -0.258000
1476371741261, 8.672000, 8.670000, 1600, 8.680000, 15500, -2.890000, -0.258000
1476371743763, 8.680000, 8.670000, 1600, 8.680000, 15400, -2.800000, -0.250000
1476371745761, 8.680000, 8.670000, 1200, 8.680000, 15300, -2.800000, -0.250000
1476371747762, 8.680000, 8.670000, 1200, 8.680000, 15300, -2.800000, -0.250000
1476371749758, 8.670000, 8.670000, 1200, 8.680000, 15000, -2.910000, -0.260000
1476371751761, 8.670000, 8.670000, 1400, 8.680000, 15000, -2.910000, -0.260000
1476371753769, 8.670000, 8.670000, 1400, 8.680000, 15000, -2.910000, -0.260000
1476371755788, 8.670000, 8.670000, 1200, 8.680000, 13300, -2.910000, -0.260000
1476371757778, 8.665000, 8.660000, 9700, 8.670000, 7300, -2.970000, -0.265000
1476371759769, 8.670000, 8.660000, 8900, 8.670000, 5800, -2.910000, -0.260000
1476371761767, 8.670000, 8.660000, 8900, 8.670000, 5800, -2.910000, -0.260000
1476371763773, 8.665800, 8.660000, 8900, 8.670000, 6100, -2.960000, -0.264200
1476371765768, 8.665800, 8.660000, 8800, 8.670000, 5900, -2.960000, -0.264200
1476371767767, 8.665800, 8.660000, 8900, 8.670000, 6100, -2.960000, -0.264200
1476371769753, 8.665800, 8.660000, 8900, 8.670000, 6300, -2.960000, -0.264200
1476371771788, 8.665800, 8.660000, 8500, 8.670000, 6300, -2.960000, -0.264200
1476371773778, 8.665800, 8.660000, 7500, 8.670000, 5000, -2.960000, -0.264200
1476371775775, 8.670000, 8.660000, 7500, 8.670000, 4700, -2.910000, -0.260000
1476371777773, 8.670000, 8.660000, 7500, 8.670000, 4700, -2.910000, -0.260000
1476371779776, 8.670000, 8.660000, 8400, 8.670000, 4500, -2.910000, -0.260000
1476371781776, 8.670000, 8.660000, 8400, 8.670000, 4500, -2.910000, -0.260000
1476371783774, 8.670000, 8.660000, 8300, 8.670000, 4600, -2.910000, -0.260000
1476371785817, 8.670000, 8.660000, 7500, 8.670000, 5300, -2.910000, -0.260000
1476371787780, 8.670000, 8.660000, 7500, 8.670000, 5400, -2.910000, -0.260000
1476371789778, 8.670000, 8.660000, 6700, 8.670000, 5500, -2.910000, -0.260000
1476371791784, 8.670000, 8.660000, 6600, 8.670000, 5200, -2.910000, -0.260000
1476371793775, 8.660000, 8.660000, 900, 8.670000, 12300, -3.020000, -0.270000
1476371795780, 8.660000, 8.660000, 800, 8.670000, 11100, -3.020000, -0.270000
1476371797776, 8.660000, 8.660000, 800, 8.670000, 11100, -3.020000, -0.270000
1476371799852, 8.660000, 8.660000, 800, 8.670000, 11300, -3.020000, -0.270000
1476371801783, 8.660000, 8.660000, 900, 8.670000, 10500, -3.020000, -0.270000
1476371803290, 8.660000, 8.660000, 900, 8.670000, 10600, -3.020000, -0.270000
1476371805817, 8.660000, 8.660000, 1900, 8.670000, 10500, -3.020000, -0.270000
1476371807792, 8.660000, 8.660000, 2400, 8.670000, 10000, -3.020000, -0.270000
1476371809778, 8.660000, 8.660000, 2400, 8.670000, 9900, -3.020000, -0.270000
1476371811790, 8.660000, 8.660000, 2600, 8.670000, 9900, -3.020000, -0.270000
1476371813784, 8.660000, 8.660000, 2500, 8.670000, 10000, -3.020000, -0.270000
1476371815800, 8.665000, 8.660000, 2400, 8.670000, 11000, -2.970000, -0.265000
1476371817785, 8.665000, 8.660000, 2800, 8.670000, 5700, -2.970000, -0.265000
1476371819771, 8.665000, 8.660000, 3800, 8.670000, 5200, -2.970000, -0.265000
1476371821828, 8.665000, 8.660000, 4200, 8.670000, 4400, -2.970000, -0.265000
1476371823790, 8.665000, 8.660000, 4300, 8.670000, 4400, -2.970000, -0.265000
1476371825789, 8.670000, 8.670000, 5300, 8.680000, 10000, -2.910000, -0.260000
1476371827287, 8.670000, 8.670000, 8500, 8.680000, 9800, -2.910000, -0.260000
1476371829797, 8.670000, 8.670000, 7400, 8.680000, 9000, -2.910000, -0.260000
1476371831829, 8.670000, 8.670000, 7500, 8.680000, 9100, -2.910000, -0.260000
1476371833798, 8.670000, 8.670000, 7600, 8.680000, 8400, -2.910000, -0.260000
1476371835789, 8.679900, 8.670000, 5100, 8.680000, 9400, -2.800000, -0.250100
1476371837793, 8.679900, 8.670000, 5000, 8.680000, 9400, -2.800000, -0.250100
1476371839793, 8.679900, 8.670000, 4300, 8.680000, 9500, -2.800000, -0.250100
1476371841829, 8.679900, 8.670000, 4300, 8.680000, 9400, -2.800000, -0.250100
1476371843786, 8.679900, 8.670000, 4300, 8.680000, 9200, -2.800000, -0.250100
1476371845802, 8.675000, 8.670000, 6700, 8.680000, 9100, -2.860000, -0.255000
1476371847804, 8.675000, 8.670000, 5800, 8.680000, 8800, -2.860000, -0.255000
1476371849805, 8.675000, 8.670000, 5900, 8.680000, 9800, -2.860000, -0.255000
1476371851803, 8.675000, 8.670000, 5700, 8.680000, 9700, -2.860000, -0.255000
1476371853806, 8.670000, 8.670000, 8800, 8.680000, 12400, -2.910000, -0.260000
1476371855808, 8.675000, 8.670000, 2400, 8.680000, 14400, -2.860000, -0.255000
1476371857814, 8.675000, 8.670000, 2400, 8.680000, 14500, -2.860000, -0.255000
1476371859803, 8.665000, 8.660000, 12400, 8.670000, 2800, -2.970000, -0.265000
1476371861813, 8.680000, 8.670000, 6200, 8.680000, 11400, -2.800000, -0.250000
1476371863793, 8.675000, 8.670000, 5600, 8.680000, 11900, -2.860000, -0.255000
1476371865805, 8.670000, 8.660000, 11000, 8.670000, 4000, -2.910000, -0.260000
1476371867802, 8.670000, 8.660000, 11000, 8.670000, 4000, -2.910000, -0.260000
1476371869807, 8.670000, 8.660000, 11100, 8.670000, 4100, -2.910000, -0.260000
1476371871812, 8.670000, 8.670000, 11800, 8.680000, 8900, -2.910000, -0.260000
1476371873812, 8.680000, 8.670000, 7500, 8.680000, 11800, -2.800000, -0.250000
1476371875824, 8.680000, 8.670000, 7700, 8.680000, 11700, -2.800000, -0.250000
1476371877812, 8.680000, 8.670000, 8100, 8.680000, 10400, -2.800000, -0.250000
1476371879817, 8.680000, 8.670000, 7800, 8.680000, 10500, -2.800000, -0.250000
1476371881821, 8.680000, 8.670000, 10600, 8.680000, 6700, -2.800000, -0.250000
1476371883870, 8.680000, 8.670000, 11500, 8.680000, 2200, -2.800000, -0.250000
1476371885812, 8.675000, 8.670000, 12500, 8.680000, 6500, -2.860000, -0.255000
1476371887833, 8.680000, 8.680000, 6900, 8.690000, 2300, -2.800000, -0.250000
1476371889830, 8.690000, 8.680000, 8500, 8.690000, 900, -2.690000, -0.240000
1476371891818, 8.685000, 8.680000, 7700, 8.690000, 3300, -2.740000, -0.245000
1476371893813, 8.690000, 8.680000, 8900, 8.690000, 2200, -2.690000, -0.240000
1476371895826, 8.685000, 8.680000, 3600, 8.690000, 7000, -2.740000, -0.245000
1476371897834, 8.685000, 8.680000, 7400, 8.690000, 3300, -2.740000, -0.245000
1476371899828, 8.689900, 8.680000, 10200, 8.690000, 2900, -2.690000, -0.240100
1476371901826, 8.689900, 8.680000, 10200, 8.690000, 2800, -2.690000, -0.240100
1476371903829, 8.689900, 8.680000, 10000, 8.690000, 3100, -2.690000, -0.240100
1476371905820, 8.686500, 8.680000, 11300, 8.690000, 1100, -2.730000, -0.243500
1476371907820, 8.700000, 8.690000, 6600, 8.700000, 6900, -2.580000, -0.230000
1476371909817, 8.700000, 8.690000, 6600, 8.700000, 2000, -2.580000, -0.230000
1476371911831, 8.700000, 8.690000, 4300, 8.700000, 5000, -2.580000, -0.230000
1476371913861, 8.700000, 8.690000, 5300, 8.700000, 4600, -2.580000, -0.230000
1476371915820, 8.700000, 8.690000, 5200, 8.700000, 4700, -2.580000, -0.230000
1476371917837, 8.698500, 8.690000, 5200, 8.700000, 3500, -2.590000, -0.231500
1476371919820, 8.698500, 8.690000, 5200, 8.700000, 3500, -2.590000, -0.231500
1476371921826, 8.698500, 8.690000, 10800, 8.700000, 2000, -2.590000, -0.231500
1476371923827, 8.690000, 8.690000, 10300, 8.700000, 4100, -2.690000, -0.240000
1476371925834, 8.690000, 8.690000, 10300, 8.700000, 4500, -2.690000, -0.240000
1476371927828, 8.690000, 8.690000, 9300, 8.700000, 5800, -2.690000, -0.240000
1476371929844, 8.700000, 8.690000, 9300, 8.700000, 5800, -2.580000, -0.230000
1476371931831, 8.700000, 8.690000, 9300, 8.700000, 5800, -2.580000, -0.230000
1476371933824, 8.700000, 8.690000, 9300, 8.700000, 5800, -2.580000, -0.230000
1476371935836, 8.700000, 8.690000, 9300, 8.700000, 5800, -2.580000, -0.230000
1476371937833, 8.690000, 8.690000, 2800, 8.700000, 7100, -2.690000, -0.240000
1476371939842, 8.695000, 8.690000, 2400, 8.700000, 7000, -2.630000, -0.235000
1476371941846, 8.690000, 8.680000, 7100, 8.690000, 5700, -2.690000, -0.240000
1476371943874, 8.680500, 8.680000, 7100, 8.690000, 7700, -2.790000, -0.249500
1476371945835, 8.690000, 8.680000, 7200, 8.690000, 7200, -2.690000, -0.240000
1476371947843, 8.690000, 8.680000, 7300, 8.690000, 6900, -2.690000, -0.240000
1476371949844, 8.690000, 8.680000, 14400, 8.690000, 2200, -2.690000, -0.240000
1476371951836, 8.690000, 8.680000, 13800, 8.690000, 2300, -2.690000, -0.240000
1476371953848, 8.690000, 8.680000, 12000, 8.690000, 2300, -2.690000, -0.240000
1476371955848, 8.690000, 8.680000, 15000, 8.690000, 1700, -2.690000, -0.240000
1476371957869, 8.690000, 8.680000, 15400, 8.690000, 1700, -2.690000, -0.240000
1476371959851, 8.690000, 8.680000, 13500, 8.690000, 1700, -2.690000, -0.240000
1476371961840, 8.690000, 8.680000, 11600, 8.690000, 2500, -2.690000, -0.240000
1476371963341, 8.690000, 8.680000, 10600, 8.690000, 2500, -2.690000, -0.240000
1476371965888, 8.680000, 8.680000, 6700, 8.690000, 4800, -2.800000, -0.250000
1476371967840, 8.680000, 8.680000, 6700, 8.690000, 4900, -2.800000, -0.250000
1476371969842, 8.685000, 8.680000, 6700, 8.690000, 4700, -2.740000, -0.245000
1476371971844, 8.685000, 8.680000, 6900, 8.690000, 3300, -2.740000, -0.245000
1476371973843, 8.685000, 8.680000, 6900, 8.690000, 3100, -2.740000, -0.245000
1476371975845, 8.681000, 8.680000, 9500, 8.690000, 3400, -2.790000, -0.249000
1476371977856, 8.687500, 8.680000, 9600, 8.690000, 3100, -2.720000, -0.242500
1476371979849, 8.680000, 8.680000, 8700, 8.690000, 5800, -2.800000, -0.250000
1476371981854, 8.690000, 8.680000, 8700, 8.690000, 7100, -2.690000, -0.240000
1476371983845, 8.688700, 8.680000, 8700, 8.690000, 7900, -2.700000, -0.241300
1476371985392, 8.688700, 8.680000, 8700, 8.690000, 7900, -2.700000, -0.241300
1476371987848, 8.688700, 8.680000, 8600, 8.690000, 7900, -2.700000, -0.241300
1476371989847, 8.688700, 8.680000, 6800, 8.690000, 5500, -2.700000, -0.241300
1476371991860, 8.685600, 8.680000, 6800, 8.690000, 5500, -2.740000, -0.244400
1476371993855, 8.685500, 8.680000, 14100, 8.690000, 4100, -2.740000, -0.244500
1476371995839, 8.693700, 8.690000, 6300, 8.700000, 5000, -2.650000, -0.236300
1476371997851, 8.690000, 8.680000, 13200, 8.690000, 1800, -2.690000, -0.240000
1476371999849, 8.690000, 8.690000, 5200, 8.700000, 4200, -2.690000, -0.240000
1476372001855, 8.690000, 8.690000, 6500, 8.700000, 4100, -2.690000, -0.240000
1476372003863, 8.700000, 8.700000, 2400, 8.710000, 6800, -2.580000, -0.230000
1476372005887, 8.705000, 8.700000, 1900, 8.710000, 7000, -2.520000, -0.225000
1476372007860, 8.710000, 8.700000, 5400, 8.710000, 4600, -2.460000, -0.220000
1476372009862, 8.710000, 8.700000, 5400, 8.710000, 4600, -2.460000, -0.220000
1476372011873, 8.700000, 8.700000, 1100, 8.710000, 5300, -2.580000, -0.230000
1476372013361, 8.700000, 8.700000, 1100, 8.710000, 5300, -2.580000, -0.230000
1476372015753, 8.690000, 8.690000, 4100, 8.700000, 6400, -2.690000, -0.240000
1476372017252, 8.690000, 8.690000, 3800, 8.700000, 6300, -2.690000, -0.240000
1476372019257, 8.690000, 8.690000, 4000, 8.700000, 5500, -2.690000, -0.240000
1476372021252, 8.690000, 8.690000, 4100, 8.700000, 4900, -2.690000, -0.240000
1476372023754, 8.690000, 8.690000, 3200, 8.700000, 4900, -2.690000, -0.240000
1476372025752, 8.690000, 8.690000, 3000, 8.700000, 4900, -2.690000, -0.240000
1476372027760, 8.695000, 8.690000, 2700, 8.700000, 5400, -2.630000, -0.235000
1476372029758, 8.695000, 8.690000, 2600, 8.700000, 5400, -2.630000, -0.235000
1476372031758, 8.695000, 8.690000, 2900, 8.700000, 5400, -2.630000, -0.235000
1476372033261, 8.695000, 8.690000, 2900, 8.700000, 5300, -2.630000, -0.235000
1476372035762, 8.695000, 8.690000, 3700, 8.700000, 5300, -2.630000, -0.235000
1476372037763, 8.695000, 8.690000, 3400, 8.700000, 5300, -2.630000, -0.235000
1476372039767, 8.690000, 8.690000, 3300, 8.700000, 5300, -2.690000, -0.240000
1476372041758, 8.690000, 8.690000, 5200, 8.700000, 5300, -2.690000, -0.240000
1476372043765, 8.695000, 8.690000, 5300, 8.700000, 5200, -2.630000, -0.235000
1476372045766, 8.695000, 8.690000, 5300, 8.700000, 5900, -2.630000, -0.235000
1476372047782, 8.695000, 8.690000, 5300, 8.700000, 6100, -2.630000, -0.235000
1476372049760, 8.700000, 8.690000, 5800, 8.700000, 5400, -2.580000, -0.230000
1476372051768, 8.700000, 8.690000, 5800, 8.700000, 5300, -2.580000, -0.230000
1476372053775, 8.700000, 8.690000, 5800, 8.700000, 5300, -2.580000, -0.230000
1476372055767, 8.700000, 8.690000, 5800, 8.700000, 5300, -2.580000, -0.230000
1476372057769, 8.700000, 8.690000, 5800, 8.700000, 5300, -2.580000, -0.230000
1476372059776, 8.700000, 8.690000, 5800, 8.700000, 4800, -2.580000, -0.230000
1476372061775, 8.700000, 8.690000, 5800, 8.700000, 4800, -2.580000, -0.230000
1476372063768, 8.700000, 8.690000, 5800, 8.700000, 4800, -2.580000, -0.230000
1476372065267, 8.700000, 8.690000, 5800, 8.700000, 4800, -2.580000, -0.230000
1476372067771, 8.700000, 8.690000, 5800, 8.700000, 4900, -2.580000, -0.230000
1476372069777, 8.700000, 8.690000, 2900, 8.700000, 4900, -2.580000, -0.230000
1476372071776, 8.690000, 8.690000, 2200, 8.700000, 8100, -2.690000, -0.240000
1476372073806, 8.690000, 8.690000, 1800, 8.700000, 6700, -2.690000, -0.240000
1476372075775, 8.690000, 8.690000, 1800, 8.700000, 6700, -2.690000, -0.240000
1476372077289, 8.690000, 8.690000, 2200, 8.700000, 9400, -2.690000, -0.240000
1476372079780, 8.695000, 8.690000, 1600, 8.700000, 6800, -2.630000, -0.235000
1476372081780, 8.690000, 8.690000, 1500, 8.700000, 9000, -2.690000, -0.240000
1476372083773, 8.690000, 8.690000, 1500, 8.700000, 9800, -2.690000, -0.240000
1476372085780, 8.690000, 8.690000, 1800, 8.700000, 12000, -2.690000, -0.240000
1476372087783, 8.690000, 8.690000, 2800, 8.700000, 7300, -2.690000, -0.240000
1476372089796, 8.690000, 8.690000, 2800, 8.700000, 7200, -2.690000, -0.240000
1476372091801, 8.700000, 8.700000, 6400, 8.710000, 2900, -2.580000, -0.230000
1476372093790, 8.700000, 8.700000, 6300, 8.710000, 2900, -2.580000, -0.230000
1476372095320, 8.702000, 8.700000, 4900, 8.710000, 3000, -2.550000, -0.228000
1476372097790, 8.702000, 8.700000, 4900, 8.710000, 3000, -2.550000, -0.228000
1476372099787, 8.702000, 8.700000, 4900, 8.710000, 4200, -2.550000, -0.228000
1476372101798, 8.709900, 8.700000, 4900, 8.710000, 4100, -2.460000, -0.220100
1476372103796, 8.709900, 8.700000, 4900, 8.710000, 4600, -2.460000, -0.220100
1476372105809, 8.709900, 8.700000, 4900, 8.710000, 4700, -2.460000, -0.220100
1476372107793, 8.709900, 8.700000, 4900, 8.710000, 4500, -2.460000, -0.220100
1476372109799, 8.709900, 8.700000, 4900, 8.710000, 4500, -2.460000, -0.220100
1476372111796, 8.709900, 8.700000, 4900, 8.710000, 4500, -2.460000, -0.220100
1476372113792, 8.710000, 8.700000, 11600, 8.710000, 2800, -2.460000, -0.220000
1476372115796, 8.710000, 8.700000, 11500, 8.710000, 1900, -2.460000, -0.220000
1476372117788, 8.710000, 8.700000, 5600, 8.710000, 2500, -2.460000, -0.220000
1476372119823, 8.710000, 8.700000, 13100, 8.710000, 1200, -2.460000, -0.220000
1476372121794, 8.710000, 8.700000, 11600, 8.710000, 1200, -2.460000, -0.220000
1476372123795, 8.710000, 8.700000, 9200, 8.710000, 1200, -2.460000, -0.220000
1476372125805, 8.710000, 8.700000, 9000, 8.710000, 1200, -2.460000, -0.220000
1476372127797, 8.705000, 8.700000, 9000, 8.710000, 1200, -2.520000, -0.225000
1476372129793, 8.705000, 8.700000, 9000, 8.710000, 1200, -2.520000, -0.225000
1476372131798, 8.710000, 8.700000, 10000, 8.710000, 1200, -2.460000, -0.220000
1476372133816, 8.710000, 8.710000, 3100, 8.720000, 8400, -2.460000, -0.220000
1476372135805, 8.714200, 8.710000, 3100, 8.720000, 8300, -2.420000, -0.215800
1476372137798, 8.714200, 8.710000, 4500, 8.720000, 8400, -2.420000, -0.215800
1476372139805, 8.714200, 8.710000, 4500, 8.720000, 8700, -2.420000, -0.215800
1476372141816, 8.710000, 8.710000, 4000, 8.720000, 5700, -2.460000, -0.220000
1476372143802, 8.730000, 8.720000, 4500, 8.730000, 6000, -2.240000, -0.200000
1476372145804, 8.720000, 8.720000, 3200, 8.730000, 9100, -2.350000, -0.210000
1476372147827, 8.720000, 8.710000, 6100, 8.720000, 3500, -2.350000, -0.210000
1476372149803, 8.720000, 8.710000, 5700, 8.720000, 3600, -2.350000, -0.210000
1476372151807, 8.720000, 8.710000, 5700, 8.720000, 3600, -2.350000, -0.210000
1476372153802, 8.720000, 8.710000, 5700, 8.720000, 3500, -2.350000, -0.210000
1476372155801, 8.720000, 8.710000, 5700, 8.720000, 3300, -2.350000, -0.210000
1476372157806, 8.720000, 8.710000, 5400, 8.720000, 3300, -2.350000, -0.210000
1476372159808, 8.720000, 8.710000, 12700, 8.720000, 1500, -2.350000, -0.210000
1476372161800, 8.720000, 8.720000, 4000, 8.730000, 12300, -2.350000, -0.210000
1476372163813, 8.730000, 8.720000, 5100, 8.730000, 6200, -2.240000, -0.200000
1476372165805, 8.730000, 8.720000, 5100, 8.730000, 6300, -2.240000, -0.200000
1476372167808, 8.725000, 8.720000, 4200, 8.730000, 8300, -2.300000, -0.205000
1476372169810, 8.720000, 8.720000, 4000, 8.730000, 8100, -2.350000, -0.210000
1476372171311, 8.720000, 8.720000, 4100, 8.730000, 8100, -2.350000, -0.210000
1476372173810, 8.725000, 8.720000, 4300, 8.730000, 8100, -2.300000, -0.205000
1476372175809, 8.720000, 8.720000, 4000, 8.730000, 12000, -2.350000, -0.210000
1476372177828, 8.720000, 8.720000, 4000, 8.730000, 8400, -2.350000, -0.210000
1476372179804, 8.720000, 8.720000, 4000, 8.730000, 12500, -2.350000, -0.210000
1476372181808, 8.725000, 8.720000, 4000, 8.730000, 12200, -2.300000, -0.205000
1476372183319, 8.725000, 8.720000, 4000, 8.730000, 11000, -2.300000, -0.205000
1476372185319, 8.725000, 8.720000, 4000, 8.730000, 8400, -2.300000, -0.205000
1476372187818, 8.725000, 8.720000, 4100, 8.730000, 8400, -2.300000, -0.205000
1476372189815, 8.725000, 8.720000, 4100, 8.730000, 8400, -2.300000, -0.205000
1476372191343, 8.725000, 8.720000, 4000, 8.730000, 8500, -2.300000, -0.205000
1476372193854, 8.726300, 8.720000, 4100, 8.730000, 8500, -2.280000, -0.203700
1476372195814, 8.726300, 8.720000, 4100, 8.730000, 8500, -2.280000, -0.203700
1476372197819, 8.726300, 8.720000, 4000, 8.730000, 8500, -2.280000, -0.203700
1476372199818, 8.726300, 8.720000, 4000, 8.730000, 8500, -2.280000, -0.203700
1476372201807, 8.726300, 8.720000, 4000, 8.730000, 8500, -2.280000, -0.203700
1476372203820, 8.726300, 8.720000, 4000, 8.730000, 8500, -2.280000, -0.203700
1476372205827, 8.726300, 8.720000, 4000, 8.730000, 8500, -2.280000, -0.203700
1476372207798, 8.726300, 8.720000, 4000, 8.730000, 8500, -2.280000, -0.203700
1476372209853, 8.726300, 8.720000, 4000, 8.730000, 8500, -2.280000, -0.203700
1476372211835, 8.726300, 8.720000, 4000, 8.730000, 8500, -2.280000, -0.203700
1476372213825, 8.726300, 8.720000, 4000, 8.730000, 8500, -2.280000, -0.203700
1476372215817, 8.726300, 8.720000, 4000, 8.730000, 8500, -2.280000, -0.203700
1476372217815, 8.720000, 8.720000, 4100, 8.730000, 8500, -2.350000, -0.210000
1476372219824, 8.720000, 8.720000, 4100, 8.730000, 8500, -2.350000, -0.210000
1476372221825, 8.720000, 8.720000, 200, 8.730000, 19400, -2.350000, -0.210000
1476372223832, 8.715000, 8.710000, 1100, 8.720000, 8800, -2.410000, -0.215000
1476372225834, 8.714900, 8.710000, 1300, 8.720000, 12200, -2.410000, -0.215100
1476372227866, 8.710000, 8.710000, 1200, 8.720000, 12800, -2.460000, -0.220000
1476372229834, 8.710000, 8.710000, 1200, 8.720000, 11000, -2.460000, -0.220000
1476372231840, 8.710000, 8.710000, 2400, 8.720000, 6200, -2.460000, -0.220000
1476372233332, 8.705000, 8.700000, 4100, 8.710000, 7200, -2.520000, -0.225000
1476372235839, 8.705000, 8.700000, 3300, 8.710000, 8500, -2.520000, -0.225000
1476372237861, 8.710000, 8.700000, 5500, 8.710000, 3300, -2.460000, -0.220000
1476372239858, 8.710000, 8.700000, 5500, 8.710000, 3800, -2.460000, -0.220000
1476372241837, 8.710000, 8.700000, 5500, 8.710000, 4500, -2.460000, -0.220000
1476372243840, 8.710000, 8.700000, 5500, 8.710000, 4600, -2.460000, -0.220000
1476372245836, 8.710000, 8.700000, 8800, 8.710000, 200, -2.460000, -0.220000
1476372247847, 8.710000, 8.710000, 2400, 8.720000, 10100, -2.460000, -0.220000
1476372249848, 8.716500, 8.710000, 2700, 8.720000, 10000, -2.390000, -0.213500
1476372251859, 8.716500, 8.710000, 2700, 8.720000, 8500, -2.390000, -0.213500
1476372253841, 8.716500, 8.710000, 2900, 8.720000, 8500, -2.390000, -0.213500
1476372255837, 8.715000, 8.710000, 3600, 8.720000, 11200, -2.410000, -0.215000
1476372257835, 8.715000, 8.710000, 3300, 8.720000, 11700, -2.410000, -0.215000
1476372259827, 8.710000, 8.710000, 2500, 8.720000, 12100, -2.460000, -0.220000
1476372261836, 8.710000, 8.710000, 2500, 8.720000, 12800, -2.460000, -0.220000
1476372263892, 8.710000, 8.710000, 2400, 8.720000, 8800, -2.460000, -0.220000
1476372265855, 8.710000, 8.710000, 2200, 8.720000, 9400, -2.460000, -0.220000
1476372267849, 8.710000, 8.710000, 2200, 8.720000, 9400, -2.460000, -0.220000
1476372269849, 8.720000, 8.710000, 2600, 8.720000, 8800, -2.350000, -0.210000
1476372271848, 8.720000, 8.710000, 2700, 8.720000, 8700, -2.350000, -0.210000
1476372273840, 8.720000, 8.710000, 2800, 8.720000, 8500, -2.350000, -0.210000
1476372275857, 8.710000, 8.710000, 2700, 8.720000, 9200, -2.460000, -0.220000
1476372277843, 8.714300, 8.710000, 2700, 8.720000, 8700, -2.420000, -0.215700
1476372279872, 8.714300, 8.710000, 2700, 8.720000, 8200, -2.420000, -0.215700
1476372281878, 8.714300, 8.710000, 2700, 8.720000, 8100, -2.420000, -0.215700
1476372283857, 8.714300, 8.710000, 4200, 8.720000, 5400, -2.420000, -0.215700
1476372285852, 8.714300, 8.710000, 4200, 8.720000, 5400, -2.420000, -0.215700
1476372287850, 8.714300, 8.710000, 4200, 8.720000, 5400, -2.420000, -0.215700
1476372289857, 8.714300, 8.710000, 4200, 8.720000, 5400, -2.420000, -0.215700
1476372291854, 8.714300, 8.710000, 2800, 8.720000, 5400, -2.420000, -0.215700
1476372293855, 8.714300, 8.710000, 4200, 8.720000, 5500, -2.420000, -0.215700
1476372295838, 8.715000, 8.710000, 4400, 8.720000, 4800, -2.410000, -0.215000
1476372297878, 8.715000, 8.710000, 4300, 8.720000, 5200, -2.410000, -0.215000
1476372299852, 8.715000, 8.710000, 4300, 8.720000, 5300, -2.410000, -0.215000
1476372301854, 8.715000, 8.710000, 2300, 8.720000, 5300, -2.410000, -0.215000
1476372303868, 8.715000, 8.710000, 2300, 8.720000, 5500, -2.410000, -0.215000
1476372305851, 8.720000, 8.710000, 2300, 8.720000, 5600, -2.350000, -0.210000
1476372307853, 8.720000, 8.710000, 2300, 8.720000, 5700, -2.350000, -0.210000
1476372309871, 8.712000, 8.710000, 3000, 8.720000, 5600, -2.440000, -0.218000
1476372311873, 8.720000, 8.710000, 3000, 8.720000, 5700, -2.350000, -0.210000
1476372313870, 8.715000, 8.710000, 11700, 8.720000, 3300, -2.410000, -0.215000
1476372315359, 8.720000, 8.710000, 15200, 8.720000, 3200, -2.350000, -0.210000
1476372318252, 8.720000, 8.710000, 14800, 8.720000, 3000, -2.350000, -0.210000
1476372320259, 8.720000, 8.710000, 14800, 8.720000, 2900, -2.350000, -0.210000
1476372322283, 8.720000, 8.710000, 13800, 8.720000, 2900, -2.350000, -0.210000
1476372324254, 8.720000, 8.710000, 13800, 8.720000, 2900, -2.350000, -0.210000
1476372325756, 8.720000, 8.710000, 13800, 8.720000, 3100, -2.350000, -0.210000
1476372328256, 8.720000, 8.710000, 11900, 8.720000, 3100, -2.350000, -0.210000
1476372330256, 8.715000, 8.710000, 11800, 8.720000, 3300, -2.410000, -0.215000
1476372332258, 8.715000, 8.710000, 11700, 8.720000, 3900, -2.410000, -0.215000
1476372334259, 8.720000, 8.710000, 11700, 8.720000, 3300, -2.350000, -0.210000
1476372336264, 8.710000, 8.710000, 11100, 8.720000, 3300, -2.460000, -0.220000
1476372338260, 8.710000, 8.710000, 10700, 8.720000, 3900, -2.460000, -0.220000
1476372340262, 8.710000, 8.710000, 10700, 8.720000, 3900, -2.460000, -0.220000
1476372342260, 8.710000, 8.710000, 3300, 8.720000, 4400, -2.460000, -0.220000
1476372344263, 8.710000, 8.710000, 3500, 8.720000, 4600, -2.460000, -0.220000
1476372346264, 8.710000, 8.710000, 3500, 8.720000, 4800, -2.460000, -0.220000
1476372348264, 8.710000, 8.710000, 3500, 8.720000, 4800, -2.460000, -0.220000
1476372350258, 8.710000, 8.710000, 3400, 8.720000, 4800, -2.460000, -0.220000
1476372352257, 8.710000, 8.710000, 3500, 8.720000, 6700, -2.460000, -0.220000
1476372354268, 8.710000, 8.710000, 3600, 8.720000, 6600, -2.460000, -0.220000
1476372356271, 8.710000, 8.710000, 3600, 8.720000, 5300, -2.460000, -0.220000
1476372358268, 8.715400, 8.710000, 5600, 8.720000, 4500, -2.400000, -0.214600
1476372360273, 8.715400, 8.710000, 5600, 8.720000, 4500, -2.400000, -0.214600
1476372362315, 8.715400, 8.710000, 5600, 8.720000, 3900, -2.400000, -0.214600
1476372364268, 8.715400, 8.710000, 5600, 8.720000, 3900, -2.400000, -0.214600
1476372366277, 8.720000, 8.710000, 4600, 8.720000, 6100, -2.350000, -0.210000
1476372368307, 8.720000, 8.710000, 4600, 8.720000, 6100, -2.350000, -0.210000
1476372370272, 8.720000, 8.710000, 4600, 8.720000, 5800, -2.350000, -0.210000
1476372372282, 8.720000, 8.710000, 4600, 8.720000, 5800, -2.350000, -0.210000
1476372374278, 8.715000, 8.710000, 6100, 8.720000, 6200, -2.410000, -0.215000
1476372376278, 8.715000, 8.710000, 6000, 8.720000, 3700, -2.410000, -0.215000
1476372378290, 8.715000, 8.710000, 3500, 8.720000, 6900, -2.410000, -0.215000
1476372380303, 8.720000, 8.710000, 4600, 8.720000, 7400, -2.350000, -0.210000
1476372382274, 8.719900, 8.710000, 4600, 8.720000, 7400, -2.350000, -0.210100
1476372384298, 8.719900, 8.710000, 4600, 8.720000, 7300, -2.350000, -0.210100
1476372386284, 8.719900, 8.710000, 4600, 8.720000, 7300, -2.350000, -0.210100
1476372388290, 8.720000, 8.710000, 4600, 8.720000, 7300, -2.350000, -0.210000
1476372390286, 8.720000, 8.710000, 4600, 8.720000, 7000, -2.350000, -0.210000
1476372392286, 8.720000, 8.710000, 4600, 8.720000, 7000, -2.350000, -0.210000
1476372394283, 8.720000, 8.710000, 4500, 8.720000, 7100, -2.350000, -0.210000
1476372396288, 8.720000, 8.710000, 4500, 8.720000, 7100, -2.350000, -0.210000
1476372398290, 8.720000, 8.710000, 5200, 8.720000, 7000, -2.350000, -0.210000
1476372400319, 8.720000, 8.710000, 4600, 8.720000, 7000, -2.350000, -0.210000
1476372402286, 8.720000, 8.710000, 4600, 8.720000, 7000, -2.350000, -0.210000
1476372404293, 8.720000, 8.710000, 4600, 8.720000, 7000, -2.350000, -0.210000
1476372406296, 8.720000, 8.710000, 4500, 8.720000, 7100, -2.350000, -0.210000
1476372408291, 8.720000, 8.710000, 4600, 8.720000, 6100, -2.350000, -0.210000
1476372410300, 8.720000, 8.710000, 4600, 8.720000, 6100, -2.350000, -0.210000
1476372412293, 8.720000, 8.710000, 4600, 8.720000, 6100, -2.350000, -0.210000
1476372414295, 8.720000, 8.710000, 4600, 8.720000, 6100, -2.350000, -0.210000
1476372416289, 8.710000, 8.710000, 4600, 8.720000, 6100, -2.460000, -0.220000
1476372418300, 8.710000, 8.710000, 4500, 8.720000, 6100, -2.460000, -0.220000
1476372420328, 8.710000, 8.710000, 4400, 8.720000, 6100, -2.460000, -0.220000
1476372422311, 8.715000, 8.710000, 4400, 8.720000, 6100, -2.410000, -0.215000
1476372424294, 8.715000, 8.710000, 4400, 8.720000, 6100, -2.410000, -0.215000
1476372426305, 8.715000, 8.710000, 4400, 8.720000, 6100, -2.410000, -0.215000
1476372428296, 8.715000, 8.710000, 4400, 8.720000, 6100, -2.410000, -0.215000
1476372430306, 8.715000, 8.710000, 2700, 8.720000, 6200, -2.410000, -0.215000
1476372432294, 8.715000, 8.710000, 2700, 8.720000, 6200, -2.410000, -0.215000
1476372434336, 8.715000, 8.710000, 2700, 8.720000, 6200, -2.410000, -0.215000
1476372436305, 8.715000, 8.710000, 2200, 8.720000, 6200, -2.410000, -0.215000
1476372438306, 8.719000, 8.710000, 2200, 8.720000, 6200, -2.360000, -0.211000
1476372440300, 8.719000, 8.710000, 1900, 8.720000, 6200, -2.360000, -0.211000
1476372442307, 8.719000, 8.710000, 1900, 8.720000, 6400, -2.360000, -0.211000
1476372444302, 8.719000, 8.710000, 1900, 8.720000, 6400, -2.360000, -0.211000
1476372446307, 8.710000, 8.700000, 6400, 8.710000, 7000, -2.460000, -0.220000
1476372448311, 8.710000, 8.700000, 6300, 8.710000, 6900, -2.460000, -0.220000
1476372450300, 8.710000, 8.700000, 6200, 8.710000, 7800, -2.460000, -0.220000
1476372452319, 8.710000, 8.700000, 6200, 8.710000, 8800, -2.460000, -0.220000
1476372454309, 8.710000, 8.700000, 6200, 8.710000, 8800, -2.460000, -0.220000
1476372456306, 8.710000, 8.700000, 6300, 8.710000, 8700, -2.460000, -0.220000
1476372458324, 8.710000, 8.700000, 6300, 8.710000, 8900, -2.460000, -0.220000
1476372460319, 8.705000, 8.700000, 6300, 8.710000, 8700, -2.520000, -0.225000
1476372462311, 8.705000, 8.700000, 6300, 8.710000, 8800, -2.520000, -0.225000
1476372464367, 8.705000, 8.700000, 6300, 8.710000, 7800, -2.520000, -0.225000
1476372466369, 8.705000, 8.700000, 6300, 8.710000, 7900, -2.520000, -0.225000
1476372468312, 8.700000, 8.700000, 5500, 8.710000, 11000, -2.580000, -0.230000
1476372470309, 8.700000, 8.700000, 5400, 8.710000, 11400, -2.580000, -0.230000
1476372472305, 8.709000, 8.700000, 5400, 8.710000, 11500, -2.470000, -0.221000
1476372474317, 8.710000, 8.700000, 5400, 8.710000, 11800, -2.460000, -0.220000
1476372476321, 8.710000, 8.700000, 5400, 8.710000, 11800, -2.460000, -0.220000
1476372478342, 8.710000, 8.700000, 5300, 8.710000, 11800, -2.460000, -0.220000
1476372480326, 8.710000, 8.700000, 5300, 8.710000, 11700, -2.460000, -0.220000
1476372482322, 8.710000, 8.700000, 5300, 8.710000, 9200, -2.460000, -0.220000
1476372484325, 8.710000, 8.700000, 5700, 8.710000, 8600, -2.460000, -0.220000
1476372485819, 8.710000, 8.700000, 5700, 8.710000, 8600, -2.460000, -0.220000
1476372488321, 8.705000, 8.700000, 5700, 8.710000, 8800, -2.520000, -0.225000
1476372490311, 8.705000, 8.700000, 5700, 8.710000, 8600, -2.520000, -0.225000
1476372492351, 8.705000, 8.700000, 6000, 8.710000, 8600, -2.520000, -0.225000
1476372494310, 8.710000, 8.700000, 6000, 8.710000, 8600, -2.460000, -0.220000
1476372496317, 8.710000, 8.700000, 6100, 8.710000, 8700, -2.460000, -0.220000
1476372498320, 8.710000, 8.700000, 6800, 8.710000, 8600, -2.460000, -0.220000
1476372500323, 8.710000, 8.700000, 6500, 8.710000, 8700, -2.460000, -0.220000
1476372502315, 8.710000, 8.700000, 6300, 8.710000, 8800, -2.460000, -0.220000
1476372504332, 8.705000, 8.700000, 6300, 8.710000, 8700, -2.520000, -0.225000
1476372506355, 8.705000, 8.700000, 5600, 8.710000, 9200, -2.520000, -0.225000
1476372508325, 8.705000, 8.700000, 5600, 8.710000, 8800, -2.520000, -0.225000
1476372509830, 8.705000, 8.700000, 5700, 8.710000, 8500, -2.520000, -0.225000
1476372512325, 8.700000, 8.700000, 5200, 8.710000, 8400, -2.580000, -0.230000
1476372514379, 8.700000, 8.700000, 5200, 8.710000, 8400, -2.580000, -0.230000
1476372516326, 8.700000, 8.700000, 3300, 8.710000, 8800, -2.580000, -0.230000
1476372518330, 8.700000, 8.700000, 3300, 8.710000, 8700, -2.580000, -0.230000
1476372520361, 8.700000, 8.700000, 3300, 8.710000, 8700, -2.580000, -0.230000
1476372522332, 8.700000, 8.700000, 3300, 8.710000, 8700, -2.580000, -0.230000
1476372524332, 8.700000, 8.700000, 3300, 8.710000, 8700, -2.580000, -0.230000
1476372526337, 8.700000, 8.700000, 3300, 8.710000, 8700, -2.580000, -0.230000
1476372528336, 8.705000, 8.700000, 3300, 8.710000, 8700, -2.520000, -0.225000
1476372530333, 8.705000, 8.700000, 3300, 8.710000, 8700, -2.520000, -0.225000
1476372532340, 8.706800, 8.700000, 3300, 8.710000, 8800, -2.500000, -0.223200
1476372534337, 8.705000, 8.700000, 4600, 8.710000, 8900, -2.520000, -0.225000
1476372536336, 8.705000, 8.700000, 4600, 8.710000, 8900, -2.520000, -0.225000
1476372538327, 8.705000, 8.700000, 4900, 8.710000, 8200, -2.520000, -0.225000
1476372540344, 8.700000, 8.700000, 3300, 8.710000, 11200, -2.580000, -0.230000
1476372542328, 8.705000, 8.700000, 3300, 8.710000, 11300, -2.520000, -0.225000
1476372544340, 8.705000, 8.700000, 3300, 8.710000, 11400, -2.520000, -0.225000
1476372546353, 8.705000, 8.700000, 3300, 8.710000, 11100, -2.520000, -0.225000
1476372548336, 8.700000, 8.700000, 3200, 8.710000, 11100, -2.580000, -0.230000
1476372550353, 8.700000, 8.700000, 3200, 8.710000, 11000, -2.580000, -0.230000
1476372551855, 8.700000, 8.700000, 3200, 8.710000, 11000, -2.580000, -0.230000
1476372554348, 8.700000, 8.700000, 2000, 8.710000, 12500, -2.580000, -0.230000
1476372556358, 8.700000, 8.700000, 1900, 8.710000, 17100, -2.580000, -0.230000
1476372558347, 8.700000, 8.700000, 1900, 8.710000, 17100, -2.580000, -0.230000
1476372560342, 8.700000, 8.700000, 2000, 8.710000, 17300, -2.580000, -0.230000
1476372562347, 8.700000, 8.700000, 2000, 8.710000, 17300, -2.580000, -0.230000
1476372564381, 8.700000, 8.700000, 2000, 8.710000, 15700, -2.580000, -0.230000
1476372565865, 8.700000, 8.700000, 2000, 8.710000, 15000, -2.580000, -0.230000
1476372568363, 8.700000, 8.700000, 2000, 8.710000, 17200, -2.580000, -0.230000
1476372570347, 8.710000, 8.710000, 3700, 8.720000, 7300, -2.460000, -0.220000
1476372571862, 8.710000, 8.710000, 4200, 8.720000, 7300, -2.460000, -0.220000
1476372574350, 8.710000, 8.710000, 4200, 8.720000, 7400, -2.460000, -0.220000
1476372576339, 8.710000, 8.710000, 3600, 8.720000, 8700, -2.460000, -0.220000
1476372578350, 8.715000, 8.710000, 3600, 8.720000, 9000, -2.410000, -0.215000
1476372580394, 8.715000, 8.710000, 3600, 8.720000, 8700, -2.410000, -0.215000
1476372582359, 8.715000, 8.710000, 3700, 8.720000, 8400, -2.410000, -0.215000
1476372584365, 8.715000, 8.710000, 3700, 8.720000, 8400, -2.410000, -0.215000
1476372586359, 8.715000, 8.710000, 3100, 8.720000, 8400, -2.410000, -0.215000
1476372588365, 8.715000, 8.710000, 3100, 8.720000, 7600, -2.410000, -0.215000
1476372590407, 8.715000, 8.710000, 3700, 8.720000, 7400, -2.410000, -0.215000
1476372592364, 8.715000, 8.710000, 3800, 8.720000, 7400, -2.410000, -0.215000
1476372594369, 8.719000, 8.710000, 3800, 8.720000, 7400, -2.360000, -0.211000
1476372596363, 8.710000, 8.710000, 3700, 8.720000, 7400, -2.460000, -0.220000
1476372598366, 8.710000, 8.710000, 3700, 8.720000, 7400, -2.460000, -0.220000
1476372600362, 8.715000, 8.710000, 3700, 8.720000, 7400, -2.410000, -0.215000
1476372602365, 8.715000, 8.710000, 2800, 8.720000, 7600, -2.410000, -0.215000
1476372603862, 8.715000, 8.710000, 2600, 8.720000, 7400, -2.410000, -0.215000
1476372606393, 8.720000, 8.710000, 3900, 8.720000, 4900, -2.350000, -0.210000
1476372608366, 8.720000, 8.710000, 3900, 8.720000, 4900, -2.350000, -0.210000
1476372610397, 8.720000, 8.710000, 4200, 8.720000, 4900, -2.350000, -0.210000
1476372612395, 8.720000, 8.710000, 4200, 8.720000, 5000, -2.350000, -0.210000
1476372614366, 8.720000, 8.710000, 4200, 8.720000, 5000, -2.350000, -0.210000
1476372616371, 8.720000, 8.710000, 4200, 8.720000, 4900, -2.350000, -0.210000
1476372618362, 8.720000, 8.710000, 4200, 8.720000, 5000, -2.350000, -0.210000
1476372620370, 8.715000, 8.710000, 4600, 8.720000, 5000, -2.410000, -0.215000
1476372622368, 8.715000, 8.710000, 5200, 8.720000, 4500, -2.410000, -0.215000
1476372624270, 8.715000, 8.710000, 5200, 8.720000, 4900, -2.410000, -0.215000
1476372626255, 8.715000, 8.710000, 5200, 8.720000, 5200, -2.410000, -0.215000
1476372628255, 8.715000, 8.710000, 4600, 8.720000, 5100, -2.410000, -0.215000
1476372630254, 8.715000, 8.710000, 4600, 8.720000, 5200, -2.410000, -0.215000
1476372632259, 8.715000, 8.710000, 4600, 8.720000, 5300, -2.410000, -0.215000
1476372634257, 8.715000, 8.710000, 4600, 8.720000, 5300, -2.410000, -0.215000
1476372636310, 8.715000, 8.710000, 4600, 8.720000, 5300, -2.410000, -0.215000
1476372638257, 8.715000, 8.710000, 4600, 8.720000, 5300, -2.410000, -0.215000
1476372640258, 8.716500, 8.710000, 4600, 8.720000, 5400, -2.390000, -0.213500
1476372642261, 8.716500, 8.710000, 4600, 8.720000, 5400, -2.390000, -0.213500
1476372643760, 8.716500, 8.710000, 4400, 8.720000, 5600, -2.390000, -0.213500
1476372646266, 8.725000, 8.720000, 8600, 8.730000, 7400, -2.300000, -0.205000
1476372648260, 8.725000, 8.720000, 7700, 8.730000, 8300, -2.300000, -0.205000
1476372650260, 8.725000, 8.720000, 7800, 8.730000, 7700, -2.300000, -0.205000
1476372652259, 8.725000, 8.720000, 8300, 8.730000, 7600, -2.300000, -0.205000
1476372654266, 8.725000, 8.720000, 8300, 8.730000, 7600, -2.300000, -0.205000
1476372656282, 8.725000, 8.720000, 8900, 8.730000, 7400, -2.300000, -0.205000
1476372657769, 8.725000, 8.720000, 8600, 8.730000, 7400, -2.300000, -0.205000
1476372660268, 8.725800, 8.720000, 8600, 8.730000, 5800, -2.290000, -0.204200
1476372662271, 8.725800, 8.720000, 8600, 8.730000, 5800, -2.290000, -0.204200
1476372664269, 8.725800, 8.720000, 8600, 8.730000, 5800, -2.290000, -0.204200
1476372666271, 8.730000, 8.720000, 8900, 8.730000, 2500, -2.240000, -0.200000
1476372668279, 8.726100, 8.720000, 14400, 8.730000, 1500, -2.280000, -0.203900
1476372670289, 8.720000, 8.720000, 14100, 8.730000, 2400, -2.350000, -0.210000
1476372672272, 8.720000, 8.720000, 14100, 8.730000, 2400, -2.350000, -0.210000
1476372674282, 8.720000, 8.720000, 15100, 8.730000, 3300, -2.350000, -0.210000
1476372676276, 8.720000, 8.720000, 15400, 8.730000, 3600, -2.350000, -0.210000
1476372678269, 8.720000, 8.720000, 15000, 8.730000, 4000, -2.350000, -0.210000
1476372680271, 8.725000, 8.720000, 15000, 8.730000, 3600, -2.300000, -0.205000
1476372682275, 8.730000, 8.720000, 13100, 8.730000, 800, -2.240000, -0.200000
1476372684263, 8.730000, 8.720000, 13100, 8.730000, 600, -2.240000, -0.200000
1476372686277, 8.730000, 8.720000, 18700, 8.730000, 600, -2.240000, -0.200000
1476372688290, 8.724800, 8.720000, 19600, 8.730000, 600, -2.300000, -0.205200
1476372690279, 8.730000, 8.720000, 16500, 8.730000, 500, -2.240000, -0.200000
1476372692272, 8.735000, 8.730000, 10900, 8.740000, 5300, -2.180000, -0.195000
1476372694273, 8.740000, 8.730000, 13500, 8.740000, 4400, -2.130000, -0.190000
1476372696281, 8.730000, 8.730000, 13500, 8.740000, 4400, -2.240000, -0.200000
1476372698298, 8.730000, 8.730000, 10600, 8.740000, 4400, -2.240000, -0.200000
1476372700286, 8.730000, 8.730000, 10400, 8.740000, 3700, -2.240000, -0.200000
1476372702290, 8.730000, 8.730000, 10500, 8.740000, 3800, -2.240000, -0.200000
1476372704270, 8.730000, 8.730000, 10500, 8.740000, 3800, -2.240000, -0.200000
1476372706287, 8.730000, 8.730000, 10500, 8.740000, 3800, -2.240000, -0.200000
1476372708288, 8.735900, 8.730000, 12900, 8.740000, 3800, -2.170000, -0.194100
1476372710281, 8.735900, 8.730000, 12900, 8.740000, 3800, -2.170000, -0.194100
1476372712283, 8.740000, 8.730000, 16000, 8.740000, 2300, -2.130000, -0.190000
1476372714290, 8.740000, 8.730000, 16000, 8.740000, 1900, -2.130000, -0.190000
1476372716286, 8.740000, 8.730000, 16800, 8.740000, 1200, -2.130000, -0.190000
1476372718290, 8.740000, 8.740000, 10500, 8.750000, 5300, -2.130000, -0.190000
1476372720289, 8.740000, 8.740000, 10800, 8.750000, 5700, -2.130000, -0.190000
1476372722300, 8.750000, 8.740000, 12700, 8.750000, 5200, -2.020000, -0.180000
1476372724300, 8.750000, 8.740000, 13400, 8.750000, 5200, -2.020000, -0.180000
1476372726291, 8.745000, 8.740000, 13100, 8.750000, 5200, -2.070000, -0.185000
1476372728324, 8.760000, 8.750000, 8800, 8.760000, 9200, -1.900000, -0.170000
1476372729812, 8.755000, 8.750000, 8200, 8.760000, 8200, -1.960000, -0.175000
1476372732286, 8.740000, 8.730000, 5600, 8.740000, 2900, -2.130000, -0.190000
1476372734297, 8.740000, 8.730000, 5800, 8.740000, 3100, -2.130000, -0.190000
1476372736307, 8.750000, 8.740000, 6700, 8.750000, 11000, -2.020000, -0.180000
1476372738300, 8.750000, 8.740000, 7600, 8.750000, 11500, -2.020000, -0.180000
1476372740302, 8.750000, 8.740000, 9100, 8.750000, 3000, -2.020000, -0.180000
1476372742337, 8.750000, 8.740000, 9100, 8.750000, 2700, -2.020000, -0.180000
1476372744306, 8.750000, 8.740000, 8700, 8.750000, 3800, -2.020000, -0.180000
1476372746302, 8.750000, 8.740000, 8700, 8.750000, 2800, -2.020000, -0.180000
1476372748312, 8.750000, 8.740000, 8900, 8.750000, 2500, -2.020000, -0.180000
1476372750309, 8.750000, 8.740000, 9000, 8.750000, 2700, -2.020000, -0.180000
1476372752308, 8.750000, 8.740000, 9000, 8.750000, 2700, -2.020000, -0.180000
1476372754307, 8.750000, 8.740000, 8800, 8.750000, 3200, -2.020000, -0.180000
1476372756311, 8.750000, 8.740000, 8700, 8.750000, 4500, -2.020000, -0.180000
1476372758332, 8.750000, 8.740000, 8700, 8.750000, 5000, -2.020000, -0.180000
1476372760314, 8.750000, 8.740000, 8700, 8.750000, 5000, -2.020000, -0.180000
1476372762306, 8.750000, 8.740000, 8600, 8.750000, 5200, -2.020000, -0.180000
1476372764312, 8.750000, 8.740000, 8600, 8.750000, 5200, -2.020000, -0.180000
1476372766312, 8.750000, 8.740000, 8600, 8.750000, 5200, -2.020000, -0.180000
1476372768313, 8.750000, 8.740000, 9100, 8.750000, 1400, -2.020000, -0.180000
1476372770359, 8.750000, 8.740000, 11100, 8.750000, 2000, -2.020000, -0.180000
1476372772315, 8.750000, 8.740000, 10600, 8.750000, 3000, -2.020000, -0.180000
1476372774382, 8.750000, 8.740000, 10600, 8.750000, 2300, -2.020000, -0.180000
1476372776297, 8.750000, 8.740000, 11000, 8.750000, 1400, -2.020000, -0.180000
1476372778311, 8.750000, 8.740000, 10900, 8.750000, 1400, -2.020000, -0.180000
1476372780315, 8.750000, 8.740000, 10300, 8.750000, 2600, -2.020000, -0.180000
1476372782302, 8.750000, 8.740000, 10400, 8.750000, 2600, -2.020000, -0.180000
1476372783817, 8.750000, 8.740000, 10400, 8.750000, 2700, -2.020000, -0.180000
1476372786324, 8.750000, 8.740000, 11000, 8.750000, 1300, -2.020000, -0.180000
1476372788335, 8.750000, 8.750000, 8100, 8.760000, 5100, -2.020000, -0.180000
1476372790324, 8.755000, 8.750000, 8900, 8.760000, 4800, -1.960000, -0.175000
1476372792326, 8.760000, 8.750000, 8900, 8.760000, 4600, -1.900000, -0.170000
1476372794362, 8.760000, 8.750000, 8000, 8.760000, 4400, -1.900000, -0.170000
1476372796327, 8.760000, 8.750000, 8000, 8.760000, 5600, -1.900000, -0.170000
1476372798331, 8.760000, 8.750000, 8100, 8.760000, 5600, -1.900000, -0.170000
1476372800324, 8.760000, 8.750000, 8100, 8.760000, 5100, -1.900000, -0.170000
1476372802330, 8.760000, 8.750000, 8100, 8.760000, 5400, -1.900000, -0.170000
1476372804321, 8.760000, 8.750000, 8100, 8.760000, 5400, -1.900000, -0.170000
1476372806335, 8.755000, 8.750000, 4100, 8.760000, 7300, -1.960000, -0.175000
1476372808332, 8.755000, 8.750000, 3900, 8.760000, 6900, -1.960000, -0.175000
1476372810327, 8.755000, 8.750000, 3800, 8.760000, 7000, -1.960000, -0.175000
1476372812335, 8.760000, 8.750000, 3400, 8.760000, 7000, -1.900000, -0.170000
1476372814321, 8.760000, 8.750000, 3400, 8.760000, 7000, -1.900000, -0.170000
1476372816319, 8.760000, 8.750000, 3400, 8.760000, 7000, -1.900000, -0.170000
1476372817846, 8.760000, 8.750000, 5500, 8.760000, 6200, -1.900000, -0.170000
1476372820344, 8.750000, 8.750000, 4600, 8.760000, 5500, -2.020000, -0.180000
1476372822332, 8.750000, 8.750000, 4600, 8.760000, 5500, -2.020000, -0.180000
1476372824328, 8.750000, 8.750000, 4600, 8.760000, 5500, -2.020000, -0.180000
1476372826330, 8.750000, 8.750000, 4600, 8.760000, 5500, -2.020000, -0.180000
1476372827845, 8.750000, 8.750000, 4600, 8.760000, 5500, -2.020000, -0.180000
1476372830337, 8.760000, 8.750000, 4600, 8.760000, 5400, -1.900000, -0.170000
1476372832331, 8.760000, 8.750000, 4600, 8.760000, 5400, -1.900000, -0.170000
1476372834318, 8.760000, 8.750000, 6400, 8.760000, 5400, -1.900000, -0.170000
1476372836340, 8.760000, 8.750000, 6400, 8.760000, 5400, -1.900000, -0.170000
1476372838338, 8.760000, 8.750000, 5800, 8.760000, 5400, -1.900000, -0.170000
1476372840331, 8.760000, 8.750000, 6400, 8.760000, 5400, -1.900000, -0.170000
1476372842332, 8.760000, 8.750000, 5600, 8.760000, 5400, -1.900000, -0.170000
1476372844351, 8.760000, 8.750000, 5600, 8.760000, 5400, -1.900000, -0.170000
1476372846352, 8.755000, 8.750000, 3700, 8.760000, 5800, -1.960000, -0.175000
1476372848377, 8.755000, 8.750000, 6200, 8.760000, 6600, -1.960000, -0.175000
1476372850387, 8.755000, 8.750000, 6600, 8.760000, 3700, -1.960000, -0.175000
1476372852358, 8.754200, 8.750000, 6600, 8.760000, 3700, -1.970000, -0.175800
1476372854345, 8.754200, 8.750000, 5700, 8.760000, 3700, -1.970000, -0.175800
1476372856342, 8.754200, 8.750000, 5600, 8.760000, 3700, -1.970000, -0.175800
1476372858352, 8.754200, 8.750000, 5600, 8.760000, 3700, -1.970000, -0.175800
1476372860351, 8.754200, 8.750000, 5600, 8.760000, 3700, -1.970000, -0.175800
1476372862377, 8.754200, 8.750000, 5600, 8.760000, 3700, -1.970000, -0.175800
1476372864353, 8.754200, 8.750000, 6300, 8.760000, 3700, -1.970000, -0.175800
1476372866344, 8.754200, 8.750000, 6200, 8.760000, 3700, -1.970000, -0.175800
1476372868342, 8.754200, 8.750000, 5600, 8.760000, 3800, -1.970000, -0.175800
1476372870393, 8.754200, 8.750000, 5600, 8.760000, 4000, -1.970000, -0.175800
1476372872357, 8.755000, 8.750000, 5600, 8.760000, 4000, -1.960000, -0.175000
1476372874358, 8.755000, 8.750000, 5600, 8.760000, 4000, -1.960000, -0.175000
1476372876353, 8.755000, 8.750000, 6600, 8.760000, 2100, -1.960000, -0.175000
1476372878360, 8.755000, 8.750000, 6500, 8.760000, 2500, -1.960000, -0.175000
1476372880365, 8.754300, 8.750000, 6500, 8.760000, 2600, -1.970000, -0.175700
1476372882369, 8.754300, 8.750000, 6500, 8.760000, 2700, -1.970000, -0.175700
1476372884360, 8.760000, 8.750000, 6500, 8.760000, 2700, -1.900000, -0.170000
1476372886350, 8.760000, 8.750000, 6500, 8.760000, 2700, -1.900000, -0.170000
1476372888366, 8.760000, 8.750000, 6500, 8.760000, 2700, -1.900000, -0.170000
1476372890370, 8.755000, 8.750000, 6400, 8.760000, 3700, -1.960000, -0.175000
1476372892371, 8.755000, 8.750000, 5600, 8.760000, 3700, -1.960000, -0.175000
1476372894351, 8.755000, 8.750000, 6600, 8.760000, 3600, -1.960000, -0.175000
1476372896363, 8.755000, 8.750000, 6500, 8.760000, 3700, -1.960000, -0.175000
1476372898364, 8.755300, 8.750000, 6600, 8.760000, 3700, -1.960000, -0.174700
1476372900355, 8.755300, 8.750000, 6000, 8.760000, 3700, -1.960000, -0.174700
1476372902369, 8.755300, 8.750000, 6600, 8.760000, 3700, -1.960000, -0.174700
1476372904367, 8.755300, 8.750000, 6600, 8.760000, 3700, -1.960000, -0.174700
1476372906423, 8.755300, 8.750000, 6600, 8.760000, 4600, -1.960000, -0.174700
1476372908363, 8.760000, 8.750000, 6000, 8.760000, 4400, -1.900000, -0.170000
1476372910361, 8.760000, 8.750000, 6600, 8.760000, 4400, -1.900000, -0.170000
1476372912363, 8.760000, 8.750000, 6600, 8.760000, 4400, -1.900000, -0.170000
1476372914373, 8.760000, 8.750000, 6500, 8.760000, 4400, -1.900000, -0.170000
1476372916371, 8.755000, 8.750000, 6500, 8.760000, 4200, -1.960000, -0.175000
1476372918367, 8.755000, 8.750000, 6500, 8.760000, 4200, -1.960000, -0.175000
1476372920357, 8.755000, 8.750000, 6500, 8.760000, 4200, -1.960000, -0.175000
1476372922361, 8.750000, 8.740000, 2200, 8.750000, 6900, -2.020000, -0.180000
1476372924376, 8.745000, 8.740000, 1300, 8.750000, 9800, -2.070000, -0.185000
1476372925872, 8.740000, 8.740000, 1200, 8.750000, 11500, -2.130000, -0.190000
1476372928254, 8.735000, 8.730000, 4200, 8.740000, 8100, -2.180000, -0.195000
1476372930755, 8.735000, 8.730000, 3000, 8.740000, 8100, -2.180000, -0.195000
1476372932252, 8.735000, 8.730000, 3000, 8.740000, 7400, -2.180000, -0.195000
1476372934772, 8.740000, 8.730000, 4000, 8.740000, 6300, -2.130000, -0.190000
1476372936746, 8.740000, 8.730000, 3100, 8.740000, 6900, -2.130000, -0.190000
1476372937756, 8.730000, 8.730000, 1700, 8.740000, 9600, -2.240000, -0.200000
1476372940751, 8.730000, 8.730000, 1700, 8.740000, 9600, -2.240000, -0.200000
1476372942792, 8.730000, 8.730000, 1700, 8.740000, 9700, -2.240000, -0.200000
1476372944770, 8.730000, 8.730000, 1600, 8.740000, 15600, -2.240000, -0.200000
1476372946760, 8.730000, 8.730000, 1000, 8.740000, 15800, -2.240000, -0.200000
1476372948261, 8.730000, 8.730000, 1000, 8.740000, 15800, -2.240000, -0.200000
1476372950756, 8.730000, 8.730000, 1000, 8.740000, 16600, -2.240000, -0.200000
1476372952281, 8.730000, 8.730000, 1000, 8.740000, 16600, -2.240000, -0.200000
1476372954765, 8.730000, 8.730000, 1000, 8.740000, 16800, -2.240000, -0.200000
1476372956758, 8.730000, 8.730000, 1000, 8.740000, 16900, -2.240000, -0.200000
1476372958770, 8.730000, 8.730000, 1000, 8.740000, 16800, -2.240000, -0.200000
1476372960263, 8.730000, 8.730000, 1000, 8.740000, 16000, -2.240000, -0.200000
1476372962771, 8.730000, 8.730000, 1200, 8.740000, 17600, -2.240000, -0.200000
1476372964792, 8.730000, 8.730000, 1200, 8.740000, 16500, -2.240000, -0.200000
1476372966778, 8.735000, 8.730000, 1100, 8.740000, 17600, -2.180000, -0.195000
1476372968768, 8.735000, 8.730000, 1200, 8.740000, 16600, -2.180000, -0.195000
1476372970771, 8.735000, 8.730000, 1200, 8.740000, 16600, -2.180000, -0.195000
1476372972756, 8.730000, 8.730000, 700, 8.740000, 16700, -2.240000, -0.200000
1476372974270, 8.730000, 8.730000, 700, 8.740000, 16700, -2.240000, -0.200000
1476372976767, 8.730000, 8.730000, 700, 8.740000, 16700, -2.240000, -0.200000
1476372978769, 8.730000, 8.730000, 700, 8.740000, 16700, -2.240000, -0.200000
1476372980774, 8.730000, 8.730000, 1400, 8.740000, 16000, -2.240000, -0.200000
1476372982285, 8.730000, 8.730000, 1400, 8.740000, 16000, -2.240000, -0.200000
1476372984780, 8.730000, 8.730000, 1400, 8.740000, 16000, -2.240000, -0.200000
1476372986787, 8.730000, 8.730000, 1400, 8.740000, 16000, -2.240000, -0.200000
1476372988769, 8.730000, 8.730000, 1400, 8.740000, 16000, -2.240000, -0.200000
1476372990772, 8.730000, 8.730000, 1400, 8.740000, 16000, -2.240000, -0.200000
1476372992783, 8.730000, 8.730000, 1400, 8.740000, 16000, -2.240000, -0.200000
1476372994778, 8.730000, 8.730000, 1400, 8.740000, 14700, -2.240000, -0.200000
1476372996784, 8.730000, 8.730000, 700, 8.740000, 19200, -2.240000, -0.200000
1476372998781, 8.730000, 8.730000, 700, 8.740000, 19600, -2.240000, -0.200000
1476373000783, 8.730000, 8.730000, 700, 8.740000, 18600, -2.240000, -0.200000
1476373002781, 8.730000, 8.730000, 700, 8.740000, 18600, -2.240000, -0.200000
1476373004789, 8.730000, 8.730000, 1300, 8.740000, 17300, -2.240000, -0.200000
1476373006791, 8.730000, 8.730000, 1300, 8.740000, 16400, -2.240000, -0.200000
1476373008783, 8.730000, 8.730000, 800, 8.740000, 20600, -2.240000, -0.200000
1476373010797, 8.730000, 8.730000, 900, 8.740000, 19900, -2.240000, -0.200000
1476373012789, 8.730000, 8.730000, 1000, 8.740000, 20000, -2.240000, -0.200000
1476373014787, 8.730000, 8.730000, 1000, 8.740000, 19000, -2.240000, -0.200000
1476373016776, 8.730000, 8.730000, 1000, 8.740000, 19000, -2.240000, -0.200000
1476373018790, 8.730000, 8.730000, 1000, 8.740000, 17900, -2.240000, -0.200000
1476373020785, 8.730000, 8.730000, 1000, 8.740000, 19100, -2.240000, -0.200000
1476373022825, 8.730000, 8.730000, 1500, 8.740000, 17800, -2.240000, -0.200000
1476373024796, 8.730000, 8.730000, 1500, 8.740000, 16200, -2.240000, -0.200000
1476373026872, 8.740000, 8.730000, 2100, 8.740000, 15900, -2.130000, -0.190000
1476373028818, 8.730000, 8.730000, 2000, 8.740000, 16200, -2.240000, -0.200000
1476373030793, 8.730000, 8.730000, 1900, 8.740000, 16300, -2.240000, -0.200000
1476373032788, 8.730000, 8.730000, 1900, 8.740000, 16300, -2.240000, -0.200000
1476373034802, 8.730000, 8.730000, 1800, 8.740000, 16200, -2.240000, -0.200000
1476373036833, 8.730000, 8.730000, 1800, 8.740000, 15200, -2.240000, -0.200000
1476373038792, 8.730000, 8.730000, 1800, 8.740000, 15200, -2.240000, -0.200000
1476373040785, 8.730000, 8.730000, 1800, 8.740000, 15200, -2.240000, -0.200000
1476373042817, 8.730000, 8.730000, 1800, 8.740000, 15200, -2.240000, -0.200000
1476373044295, 8.730000, 8.730000, 1800, 8.740000, 15200, -2.240000, -0.200000
1476373046790, 8.730000, 8.730000, 1100, 8.740000, 16100, -2.240000, -0.200000
1476373048801, 8.730000, 8.730000, 1100, 8.740000, 18200, -2.240000, -0.200000
1476373050799, 8.730000, 8.730000, 1300, 8.740000, 17300, -2.240000, -0.200000
1476373052297, 8.730000, 8.730000, 1300, 8.740000, 17300, -2.240000, -0.200000
1476373054807, 8.730000, 8.730000, 1300, 8.740000, 17300, -2.240000, -0.200000
1476373056806, 8.730000, 8.730000, 1300, 8.740000, 17300, -2.240000, -0.200000
1476373058798, 8.730000, 8.720000, 5900, 8.730000, 7400, -2.240000, -0.200000
1476373060809, 8.720000, 8.720000, 6100, 8.730000, 9400, -2.350000, -0.210000
1476373062801, 8.725700, 8.720000, 6900, 8.730000, 8500, -2.290000, -0.204300
1476373064814, 8.725700, 8.720000, 6900, 8.730000, 7400, -2.290000, -0.204300
1476373066799, 8.725700, 8.720000, 6900, 8.730000, 9300, -2.290000, -0.204300
1476373068811, 8.725700, 8.720000, 6900, 8.730000, 9300, -2.290000, -0.204300
1476373069885, 8.720000, 8.720000, 6900, 8.730000, 9300, -2.350000, -0.210000
1476373072796, 8.720000, 8.720000, 6900, 8.730000, 9300, -2.350000, -0.210000
1476373074802, 8.728500, 8.720000, 7800, 8.730000, 9200, -2.260000, -0.201500
1476373076803, 8.730000, 8.720000, 9000, 8.730000, 9200, -2.240000, -0.200000
1476373078812, 8.730000, 8.720000, 9100, 8.730000, 9100, -2.240000, -0.200000
1476373080815, 8.730000, 8.720000, 9000, 8.730000, 9300, -2.240000, -0.200000
1476373082810, 8.720000, 8.720000, 8000, 8.730000, 10200, -2.350000, -0.210000
1476373084807, 8.720000, 8.720000, 8100, 8.730000, 10200, -2.350000, -0.210000
1476373086815, 8.725000, 8.720000, 9100, 8.730000, 10500, -2.300000, -0.205000
1476373088807, 8.725000, 8.720000, 8200, 8.730000, 10400, -2.300000, -0.205000
1476373090805, 8.725000, 8.720000, 8100, 8.730000, 9900, -2.300000, -0.205000
1476373092816, 8.725000, 8.720000, 8100, 8.730000, 9900, -2.300000, -0.205000
1476373094812, 8.725000, 8.720000, 8100, 8.730000, 9900, -2.300000, -0.205000
1476373096818, 8.720000, 8.720000, 5400, 8.730000, 9900, -2.350000, -0.210000
1476373098349, 8.720000, 8.720000, 5400, 8.730000, 9900, -2.350000, -0.210000
1476373100895, 8.720000, 8.720000, 5400, 8.730000, 9800, -2.350000, -0.210000
1476373102818, 8.720000, 8.720000, 5400, 8.730000, 9800, -2.350000, -0.210000
1476373104816, 8.720000, 8.720000, 5400, 8.730000, 9400, -2.350000, -0.210000
1476373106822, 8.720000, 8.720000, 5500, 8.730000, 9400, -2.350000, -0.210000
1476373108822, 8.720000, 8.720000, 5500, 8.730000, 9300, -2.350000, -0.210000
1476373110814, 8.720000, 8.720000, 5500, 8.730000, 9300, -2.350000, -0.210000
1476373112317, 8.720000, 8.720000, 5500, 8.730000, 9300, -2.350000, -0.210000
1476373114815, 8.720000, 8.720000, 5500, 8.730000, 9000, -2.350000, -0.210000
1476373116814, 8.720000, 8.720000, 5500, 8.730000, 9000, -2.350000, -0.210000
1476373118812, 8.720000, 8.720000, 5500, 8.730000, 9000, -2.350000, -0.210000
1476373120822, 8.720000, 8.720000, 5500, 8.730000, 9000, -2.350000, -0.210000
1476373122828, 8.720000, 8.720000, 5500, 8.730000, 9000, -2.350000, -0.210000
1476373124868, 8.720000, 8.720000, 5500, 8.730000, 9000, -2.350000, -0.210000
1476373126815, 8.720000, 8.720000, 6200, 8.730000, 9100, -2.350000, -0.210000
1476373128834, 8.725000, 8.720000, 6200, 8.730000, 9100, -2.300000, -0.205000
1476373130844, 8.725000, 8.720000, 6200, 8.730000, 9100, -2.300000, -0.205000
1476373132844, 8.720000, 8.720000, 5000, 8.730000, 11100, -2.350000, -0.210000
1476373134821, 8.720000, 8.720000, 4700, 8.730000, 14000, -2.350000, -0.210000
1476373136835, 8.720000, 8.720000, 4700, 8.730000, 13100, -2.350000, -0.210000
1476373138830, 8.720000, 8.720000, 4700, 8.730000, 13000, -2.350000, -0.210000
1476373140832, 8.720000, 8.720000, 4700, 8.730000, 13000, -2.350000, -0.210000
1476373142830, 8.720000, 8.720000, 4700, 8.730000, 13000, -2.350000, -0.210000
1476373144827, 8.725000, 8.720000, 4700, 8.730000, 13000, -2.300000, -0.205000
1476373146827, 8.725000, 8.720000, 4700, 8.730000, 13000, -2.300000, -0.205000
1476373148819, 8.725000, 8.720000, 4700, 8.730000, 13000, -2.300000, -0.205000
1476373150835, 8.722000, 8.720000, 4700, 8.730000, 13100, -2.330000, -0.208000
1476373152839, 8.722000, 8.720000, 4700, 8.730000, 13100, -2.330000, -0.208000
1476373154841, 8.722000, 8.720000, 4700, 8.730000, 12100, -2.330000, -0.208000
1476373156832, 8.720000, 8.720000, 4900, 8.730000, 12100, -2.350000, -0.210000
1476373158830, 8.720000, 8.720000, 4900, 8.730000, 12100, -2.350000, -0.210000
1476373160855, 8.720000, 8.720000, 4900, 8.730000, 12100, -2.350000, -0.210000
1476373162821, 8.727400, 8.720000, 4900, 8.730000, 12000, -2.270000, -0.202600
1476373164842, 8.727400, 8.720000, 4900, 8.730000, 12000, -2.270000, -0.202600
1476373166840, 8.720000, 8.720000, 4900, 8.730000, 12000, -2.350000, -0.210000
1476373168844, 8.725000, 8.720000, 4900, 8.730000, 9700, -2.300000, -0.205000
1476373170831, 8.725000, 8.720000, 4900, 8.730000, 9500, -2.300000, -0.205000
1476373172836, 8.720000, 8.720000, 4900, 8.730000, 9500, -2.350000, -0.210000
1476373174847, 8.720000, 8.720000, 4900, 8.730000, 9500, -2.350000, -0.210000
1476373176843, 8.720000, 8.720000, 4900, 8.730000, 9300, -2.350000, -0.210000
1476373178838, 8.730000, 8.720000, 6400, 8.730000, 7700, -2.240000, -0.200000
1476373180840, 8.730000, 8.720000, 6500, 8.730000, 7000, -2.240000, -0.200000
1476373182840, 8.730000, 8.720000, 6600, 8.730000, 6900, -2.240000, -0.200000
1476373184838, 8.730000, 8.720000, 6600, 8.730000, 6900, -2.240000, -0.200000
1476373186842, 8.725000, 8.720000, 6600, 8.730000, 6900, -2.300000, -0.205000
1476373188850, 8.725000, 8.720000, 6600, 8.730000, 6900, -2.300000, -0.205000
1476373190848, 8.725000, 8.720000, 6600, 8.730000, 6900, -2.300000, -0.205000
1476373192841, 8.728800, 8.720000, 6600, 8.730000, 6900, -2.250000, -0.201200
1476373194850, 8.720000, 8.720000, 6600, 8.730000, 6900, -2.350000, -0.210000
1476373196845, 8.720000, 8.720000, 6400, 8.730000, 7000, -2.350000, -0.210000
1476373198849, 8.725000, 8.720000, 6400, 8.730000, 7000, -2.300000, -0.205000
1476373200853, 8.725000, 8.720000, 6500, 8.730000, 7000, -2.300000, -0.205000
1476373202849, 8.720000, 8.720000, 6700, 8.730000, 6900, -2.350000, -0.210000
1476373204851, 8.720000, 8.720000, 6700, 8.730000, 6900, -2.350000, -0.210000
1476373206861, 8.726800, 8.720000, 6700, 8.730000, 6900, -2.280000, -0.203200
1476373208861, 8.726800, 8.720000, 6400, 8.730000, 7000, -2.280000, -0.203200
1476373210860, 8.726800, 8.720000, 6400, 8.730000, 7000, -2.280000, -0.203200
1476373212845, 8.726800, 8.720000, 6400, 8.730000, 7000, -2.280000, -0.203200
1476373214867, 8.726800, 8.720000, 6400, 8.730000, 6900, -2.280000, -0.203200
1476373216853, 8.726800, 8.720000, 6400, 8.730000, 6900, -2.280000, -0.203200
1476373218940, 8.726800, 8.720000, 6400, 8.730000, 6900, -2.280000, -0.203200
1476373220871, 8.726800, 8.720000, 6400, 8.730000, 6900, -2.280000, -0.203200
1476373222859, 8.720000, 8.720000, 6400, 8.730000, 6900, -2.350000, -0.210000
1476373224870, 8.720000, 8.720000, 6400, 8.730000, 6900, -2.350000, -0.210000
1476373226862, 8.720000, 8.720000, 6300, 8.730000, 6900, -2.350000, -0.210000
1476373228866, 8.720000, 8.720000, 6300, 8.730000, 6900, -2.350000, -0.210000
1476373230861, 8.720000, 8.720000, 6500, 8.730000, 6900, -2.350000, -0.210000
1476373232896, 8.730000, 8.720000, 6500, 8.730000, 6900, -2.240000, -0.200000
1476373234849, 8.730000, 8.720000, 6500, 8.730000, 6900, -2.240000, -0.200000
1476373236856, 8.720000, 8.720000, 6500, 8.730000, 6900, -2.350000, -0.210000
1476373238867, 8.720000, 8.720000, 6500, 8.730000, 6900, -2.350000, -0.210000
1476373240253, 8.720000, 8.720000, 6500, 8.730000, 6900, -2.350000, -0.210000
1476373242753, 8.725900, 8.720000, 6600, 8.730000, 6900, -2.290000, -0.204100
1476373244755, 8.725900, 8.720000, 6500, 8.730000, 6900, -2.290000, -0.204100
1476373246753, 8.725000, 8.720000, 6600, 8.730000, 6900, -2.300000, -0.205000
1476373248751, 8.725000, 8.720000, 6600, 8.730000, 6900, -2.300000, -0.205000
1476373250753, 8.720000, 8.720000, 6600, 8.730000, 6900, -2.350000, -0.210000
1476373252761, 8.720000, 8.720000, 6600, 8.730000, 6900, -2.350000, -0.210000
1476373254766, 8.720000, 8.720000, 6500, 8.730000, 6900, -2.350000, -0.210000
1476373256753, 8.720000, 8.720000, 6500, 8.730000, 6900, -2.350000, -0.210000
1476373258759, 8.720000, 8.720000, 6500, 8.730000, 6900, -2.350000, -0.210000
1476373260818, 8.720000, 8.720000, 6500, 8.730000, 6900, -2.350000, -0.210000
1476373262770, 8.720000, 8.720000, 6500, 8.730000, 6900, -2.350000, -0.210000
1476373264767, 8.720000, 8.720000, 6500, 8.730000, 6900, -2.350000, -0.210000
1476373266759, 8.720000, 8.720000, 6500, 8.730000, 6900, -2.350000, -0.210000
1476373268768, 8.720000, 8.720000, 6500, 8.730000, 6900, -2.350000, -0.210000
1476373270762, 8.729900, 8.720000, 6500, 8.730000, 6900, -2.240000, -0.200100
1476373272262, 8.720000, 8.720000, 3800, 8.730000, 13000, -2.350000, -0.210000
1476373274760, 8.715000, 8.710000, 6200, 8.720000, 6600, -2.410000, -0.215000
1476373276774, 8.714100, 8.710000, 6400, 8.720000, 6600, -2.420000, -0.215900
1476373278768, 8.714100, 8.710000, 6500, 8.720000, 6600, -2.420000, -0.215900
1476373280767, 8.710000, 8.710000, 6400, 8.720000, 7000, -2.460000, -0.220000
1476373282767, 8.710000, 8.710000, 6400, 8.720000, 7000, -2.460000, -0.220000
1476373284771, 8.715000, 8.710000, 6300, 8.720000, 7000, -2.410000, -0.215000
1476373286768, 8.715000, 8.710000, 6300, 8.720000, 7000, -2.410000, -0.215000
1476373288762, 8.715000, 8.710000, 6200, 8.720000, 7000, -2.410000, -0.215000
1476373290778, 8.715000, 8.710000, 6200, 8.720000, 7000, -2.410000, -0.215000
1476373292814, 8.715000, 8.710000, 6200, 8.720000, 7000, -2.410000, -0.215000
1476373294777, 8.715000, 8.710000, 4200, 8.720000, 7400, -2.410000, -0.215000
1476373296775, 8.716100, 8.710000, 5200, 8.720000, 6600, -2.400000, -0.213900
1476373298776, 8.715000, 8.710000, 5200, 8.720000, 6400, -2.410000, -0.215000
1476373300271, 8.715000, 8.710000, 5300, 8.720000, 6400, -2.410000, -0.215000
1476373302776, 8.715000, 8.710000, 5100, 8.720000, 6400, -2.410000, -0.215000
1476373304775, 8.715000, 8.710000, 5100, 8.720000, 6400, -2.410000, -0.215000
1476373306787, 8.710000, 8.710000, 5100, 8.720000, 6400, -2.460000, -0.220000
1476373308808, 8.710000, 8.710000, 5100, 8.720000, 6400, -2.460000, -0.220000
1476373310780, 8.715000, 8.710000, 5100, 8.720000, 6400, -2.410000, -0.215000
1476373312775, 8.715000, 8.710000, 5100, 8.720000, 6400, -2.410000, -0.215000
1476373314769, 8.715000, 8.710000, 5100, 8.720000, 6400, -2.410000, -0.215000
1476373316783, 8.715000, 8.710000, 5100, 8.720000, 6600, -2.410000, -0.215000
1476373318277, 8.715000, 8.710000, 5100, 8.720000, 6600, -2.410000, -0.215000
1476373320795, 8.715000, 8.710000, 5100, 8.720000, 6600, -2.410000, -0.215000
1476373322783, 8.715000, 8.710000, 5100, 8.720000, 6600, -2.410000, -0.215000
1476373324780, 8.715000, 8.710000, 5100, 8.720000, 7800, -2.410000, -0.215000
1476373326814, 8.715000, 8.710000, 5100, 8.720000, 7800, -2.410000, -0.215000
1476373328777, 8.715000, 8.710000, 5100, 8.720000, 7800, -2.410000, -0.215000
1476373330788, 8.710000, 8.710000, 5100, 8.720000, 7800, -2.460000, -0.220000
1476373332784, 8.710000, 8.710000, 4000, 8.720000, 7800, -2.460000, -0.220000
1476373334301, 8.715000, 8.710000, 5400, 8.720000, 8300, -2.410000, -0.215000
1476373336816, 8.715000, 8.710000, 5400, 8.720000, 8100, -2.410000, -0.215000
1476373338791, 8.715000, 8.710000, 5600, 8.720000, 7400, -2.410000, -0.215000
1476373340792, 8.715000, 8.710000, 5600, 8.720000, 7400, -2.410000, -0.215000
1476373342294, 8.715000, 8.710000, 5600, 8.720000, 7400, -2.410000, -0.215000
1476373344791, 8.715000, 8.710000, 5500, 8.720000, 7600, -2.410000, -0.215000
1476373346787, 8.715000, 8.710000, 5500, 8.720000, 7600, -2.410000, -0.215000
1476373348802, 8.715100, 8.710000, 5500, 8.720000, 7600, -2.410000, -0.214900
1476373350817, 8.710000, 8.710000, 5500, 8.720000, 7700, -2.460000, -0.220000
1476373352823, 8.710000, 8.710000, 5500, 8.720000, 7700, -2.460000, -0.220000
1476373354797, 8.710000, 8.710000, 5600, 8.720000, 7600, -2.460000, -0.220000
1476373356787, 8.715000, 8.710000, 5400, 8.720000, 7600, -2.410000, -0.215000
1476373358832, 8.715000, 8.710000, 4700, 8.720000, 7600, -2.410000, -0.215000
1476373360795, 8.715000, 8.710000, 4700, 8.720000, 7600, -2.410000, -0.215000
1476373362795, 8.715000, 8.710000, 4700, 8.720000, 7600, -2.410000, -0.215000
1476373364807, 8.715000, 8.710000, 4600, 8.720000, 7600, -2.410000, -0.215000
1476373366808, 8.715000, 8.710000, 4700, 8.720000, 7600, -2.410000, -0.215000
1476373368793, 8.715000, 8.710000, 4700, 8.720000, 7600, -2.410000, -0.215000
1476373370295, 8.715000, 8.710000, 4700, 8.720000, 7600, -2.410000, -0.215000
1476373372791, 8.715000, 8.710000, 4700, 8.720000, 7600, -2.410000, -0.215000
1476373374796, 8.715000, 8.710000, 4700, 8.720000, 7600, -2.410000, -0.215000
1476373376794, 8.715000, 8.710000, 4700, 8.720000, 7600, -2.410000, -0.215000
1476373378801, 8.715000, 8.710000, 4700, 8.720000, 7800, -2.410000, -0.215000
1476373380798, 8.715000, 8.710000, 4700, 8.720000, 7700, -2.410000, -0.215000
1476373382294, 8.715000, 8.710000, 4700, 8.720000, 7800, -2.410000, -0.215000
1476373384810, 8.715000, 8.710000, 4700, 8.720000, 7600, -2.410000, -0.215000
1476373386803, 8.715000, 8.710000, 4700, 8.720000, 6800, -2.410000, -0.215000
1476373388801, 8.715000, 8.710000, 4700, 8.720000, 6800, -2.410000, -0.215000
1476373390841, 8.715000, 8.710000, 4700, 8.720000, 6800, -2.410000, -0.215000
1476373392797, 8.715000, 8.710000, 4700, 8.720000, 6800, -2.410000, -0.215000
1476373394794, 8.715000, 8.710000, 4700, 8.720000, 6800, -2.410000, -0.215000
1476373396824, 8.715000, 8.710000, 5600, 8.720000, 6400, -2.410000, -0.215000
1476373398803, 8.715000, 8.710000, 5600, 8.720000, 6400, -2.410000, -0.215000
1476373400805, 8.715000, 8.710000, 5700, 8.720000, 6400, -2.410000, -0.215000
1476373402806, 8.715000, 8.710000, 5700, 8.720000, 6400, -2.410000, -0.215000
1476373404811, 8.715000, 8.710000, 5700, 8.720000, 6400, -2.410000, -0.215000
1476373406806, 8.715000, 8.710000, 5700, 8.720000, 6400, -2.410000, -0.215000
1476373408797, 8.715000, 8.710000, 5700, 8.720000, 6400, -2.410000, -0.215000
1476373410803, 8.715000, 8.710000, 5800, 8.720000, 6400, -2.410000, -0.215000
1476373412294, 8.715000, 8.710000, 5800, 8.720000, 6400, -2.410000, -0.215000
1476373414807, 8.720000, 8.710000, 5700, 8.720000, 5800, -2.350000, -0.210000
1476373416807, 8.720000, 8.710000, 5700, 8.720000, 5800, -2.350000, -0.210000
1476373418823, 8.720000, 8.710000, 5700, 8.720000, 7400, -2.350000, -0.210000
1476373420812, 8.720000, 8.710000, 5700, 8.720000, 7300, -2.350000, -0.210000
1476373422822, 8.720000, 8.710000, 5700, 8.720000, 6800, -2.350000, -0.210000
1476373424854, 8.715000, 8.710000, 6100, 8.720000, 6100, -2.410000, -0.215000
1476373426803, 8.715000, 8.710000, 6100, 8.720000, 5500, -2.410000, -0.215000
1476373428812, 8.715000, 8.710000, 3500, 8.720000, 8500, -2.410000, -0.215000
1476373430806, 8.715000, 8.710000, 3600, 8.720000, 7900, -2.410000, -0.215000
1476373432815, 8.715000, 8.710000, 3600, 8.720000, 7600, -2.410000, -0.215000
1476373434806, 8.715000, 8.710000, 3600, 8.720000, 7400, -2.410000, -0.215000
1476373436819, 8.715000, 8.710000, 3700, 8.720000, 7400, -2.410000, -0.215000
1476373438815, 8.715000, 8.710000, 3700, 8.720000, 7400, -2.410000, -0.215000
1476373440813, 8.715000, 8.710000, 3700, 8.720000, 7400, -2.410000, -0.215000
1476373442817, 8.720000, 8.710000, 3800, 8.720000, 7400, -2.350000, -0.210000
1476373444809, 8.715000, 8.710000, 3700, 8.720000, 8000, -2.410000, -0.215000
1476373446326, 8.715000, 8.710000, 3700, 8.720000, 8000, -2.410000, -0.215000
1476373448814, 8.715000, 8.710000, 3700, 8.720000, 7600, -2.410000, -0.215000
1476373450814, 8.715000, 8.710000, 3700, 8.720000, 7400, -2.410000, -0.215000
1476373452818, 8.720000, 8.710000, 11800, 8.720000, 3300, -2.350000, -0.210000
1476373454852, 8.730000, 8.720000, 6100, 8.730000, 5700, -2.240000, -0.200000
1476373456833, 8.725000, 8.720000, 8100, 8.730000, 5700, -2.300000, -0.205000
1476373458843, 8.725000, 8.720000, 8100, 8.730000, 5600, -2.300000, -0.205000
1476373460815, 8.725000, 8.720000, 8100, 8.730000, 5000, -2.300000, -0.205000
1476373462818, 8.720000, 8.720000, 12300, 8.730000, 3200, -2.350000, -0.210000
1476373464834, 8.730000, 8.720000, 12500, 8.730000, 3000, -2.240000, -0.200000
1476373466823, 8.730000, 8.720000, 9900, 8.730000, 3000, -2.240000, -0.200000
1476373468838, 8.730000, 8.720000, 15000, 8.730000, 3000, -2.240000, -0.200000
1476373470816, 8.730000, 8.720000, 15100, 8.730000, 3000, -2.240000, -0.200000
1476373472828, 8.730000, 8.720000, 15100, 8.730000, 3000, -2.240000, -0.200000
1476373474816, 8.730000, 8.720000, 15100, 8.730000, 3000, -2.240000, -0.200000
1476373476871, 8.730000, 8.720000, 15100, 8.730000, 3000, -2.240000, -0.200000
1476373478829, 8.725000, 8.720000, 15000, 8.730000, 4600, -2.300000, -0.205000
1476373480842, 8.725000, 8.720000, 15000, 8.730000, 4600, -2.300000, -0.205000
1476373482829, 8.725000, 8.720000, 15000, 8.730000, 3900, -2.300000, -0.205000
1476373484827, 8.725000, 8.720000, 15000, 8.730000, 3900, -2.300000, -0.205000
1476373486834, 8.725000, 8.720000, 15000, 8.730000, 3900, -2.300000, -0.205000
1476373488829, 8.725000, 8.720000, 15000, 8.730000, 6300, -2.300000, -0.205000
1476373490838, 8.725000, 8.720000, 15000, 8.730000, 6300, -2.300000, -0.205000
1476373492836, 8.725000, 8.720000, 15100, 8.730000, 5600, -2.300000, -0.205000
1476373494827, 8.720000, 8.720000, 5500, 8.730000, 14900, -2.350000, -0.210000
1476373496838, 8.720000, 8.720000, 5700, 8.730000, 14600, -2.350000, -0.210000
1476373498841, 8.720000, 8.720000, 2600, 8.730000, 14800, -2.350000, -0.210000
1476373500844, 8.720000, 8.720000, 2500, 8.730000, 14100, -2.350000, -0.210000
1476373502853, 8.720000, 8.720000, 2200, 8.730000, 17600, -2.350000, -0.210000
1476373504841, 8.720000, 8.720000, 2200, 8.730000, 15400, -2.350000, -0.210000
1476373506826, 8.720000, 8.720000, 2200, 8.730000, 16600, -2.350000, -0.210000
1476373508851, 8.720000, 8.720000, 2200, 8.730000, 17300, -2.350000, -0.210000
1476373510828, 8.720000, 8.720000, 2200, 8.730000, 15100, -2.350000, -0.210000
1476373512869, 8.720000, 8.720000, 2200, 8.730000, 12800, -2.350000, -0.210000
1476373514880, 8.725000, 8.720000, 2300, 8.730000, 12800, -2.300000, -0.205000
1476373516840, 8.728700, 8.720000, 2300, 8.730000, 12800, -2.250000, -0.201300
1476373518837, 8.728700, 8.720000, 2300, 8.730000, 12800, -2.250000, -0.201300
1476373520843, 8.720000, 8.720000, 2200, 8.730000, 12800, -2.350000, -0.210000
1476373522834, 8.720000, 8.720000, 2200, 8.730000, 12800, -2.350000, -0.210000
1476373524338, 8.720000, 8.720000, 2200, 8.730000, 12800, -2.350000, -0.210000
1476373526844, 8.720000, 8.720000, 2200, 8.730000, 12800, -2.350000, -0.210000
1476373528892, 8.725000, 8.720000, 2200, 8.730000, 12200, -2.300000, -0.205000
1476373530867, 8.725000, 8.720000, 2200, 8.730000, 12200, -2.300000, -0.205000
1476373532839, 8.720000, 8.720000, 2200, 8.730000, 12200, -2.350000, -0.210000
1476373534849, 8.720000, 8.720000, 2200, 8.730000, 12300, -2.350000, -0.210000
1476373536845, 8.720000, 8.710000, 12000, 8.720000, 7300, -2.350000, -0.210000
1476373538854, 8.720000, 8.710000, 12000, 8.720000, 7400, -2.350000, -0.210000
1476373540867, 8.720000, 8.710000, 12000, 8.720000, 7400, -2.350000, -0.210000
1476373542863, 8.720000, 8.710000, 12000, 8.720000, 7400, -2.350000, -0.210000
1476373544852, 8.715000, 8.710000, 12000, 8.720000, 7900, -2.410000, -0.215000
1476373546847, 8.715000, 8.710000, 12000, 8.720000, 8600, -2.410000, -0.215000
1476373548843, 8.715200, 8.710000, 12000, 8.720000, 8700, -2.410000, -0.214800
1476373550853, 8.715000, 8.710000, 12000, 8.720000, 8800, -2.410000, -0.215000
1476373552840, 8.715000, 8.710000, 12000, 8.720000, 8700, -2.410000, -0.215000
1476373554858, 8.715000, 8.710000, 12000, 8.720000, 8700, -2.410000, -0.215000
1476373556899, 8.715000, 8.710000, 12000, 8.720000, 8700, -2.410000, -0.215000
1476373558389, 8.715000, 8.710000, 12000, 8.720000, 8700, -2.410000, -0.215000
1476373560866, 8.715000, 8.710000, 12000, 8.720000, 8700, -2.410000, -0.215000
1476373562864, 8.715000, 8.710000, 12000, 8.720000, 7900, -2.410000, -0.215000
1476373564870, 8.715000, 8.710000, 12000, 8.720000, 7900, -2.410000, -0.215000
1476373566865, 8.715000, 8.710000, 12000, 8.720000, 7800, -2.410000, -0.215000
1476373568855, 8.715000, 8.710000, 12000, 8.720000, 7800, -2.410000, -0.215000
1476373570853, 8.715000, 8.710000, 12000, 8.720000, 7800, -2.410000, -0.215000
1476373572843, 8.715000, 8.710000, 12000, 8.720000, 7700, -2.410000, -0.215000
1476373574366, 8.710000, 8.710000, 12000, 8.720000, 7700, -2.460000, -0.220000
1476373577253, 8.710000, 8.710000, 12000, 8.720000, 7700, -2.460000, -0.220000
1476373579253, 8.710000, 8.710000, 12100, 8.720000, 7800, -2.460000, -0.220000
1476373581256, 8.710000, 8.710000, 12200, 8.720000, 7800, -2.460000, -0.220000
1476373583256, 8.710000, 8.710000, 12200, 8.720000, 7800, -2.460000, -0.220000
1476373585251, 8.710000, 8.710000, 12200, 8.720000, 7700, -2.460000, -0.220000
1476373587250, 8.710000, 8.710000, 12200, 8.720000, 7800, -2.460000, -0.220000
1476373589291, 8.710000, 8.710000, 12200, 8.720000, 7800, -2.460000, -0.220000
1476373590254, 8.710000, 8.710000, 12200, 8.720000, 7800, -2.460000, -0.220000
1476373593266, 8.720000, 8.710000, 12200, 8.720000, 7800, -2.350000, -0.210000
1476373595259, 8.720000, 8.710000, 12200, 8.720000, 7800, -2.350000, -0.210000
1476373597268, 8.720000, 8.710000, 12200, 8.720000, 7700, -2.350000, -0.210000
1476373599267, 8.720000, 8.710000, 12200, 8.720000, 7800, -2.350000, -0.210000
1476373600765, 8.720000, 8.710000, 12200, 8.720000, 7800, -2.350000, -0.210000
1476373603291, 8.710000, 8.710000, 12200, 8.720000, 7800, -2.460000, -0.220000
1476373605256, 8.720000, 8.710000, 12800, 8.720000, 3900, -2.350000, -0.210000
1476373607259, 8.720000, 8.710000, 12600, 8.720000, 4400, -2.350000, -0.210000
1476373609254, 8.715000, 8.710000, 12300, 8.720000, 4300, -2.410000, -0.215000
1476373611261, 8.715000, 8.710000, 12200, 8.720000, 6600, -2.410000, -0.215000
1476373613300, 8.715000, 8.710000, 12200, 8.720000, 6200, -2.410000, -0.215000
1476373615272, 8.715000, 8.710000, 12400, 8.720000, 6600, -2.410000, -0.215000
1476373617266, 8.720000, 8.710000, 12400, 8.720000, 6500, -2.350000, -0.210000
1476373619266, 8.713300, 8.710000, 12400, 8.720000, 6500, -2.430000, -0.216700
1476373621272, 8.713300, 8.710000, 12300, 8.720000, 7500, -2.430000, -0.216700
1476373623277, 8.713300, 8.710000, 12300, 8.720000, 7500, -2.430000, -0.216700
1476373625268, 8.713300, 8.710000, 12300, 8.720000, 7500, -2.430000, -0.216700
1476373627303, 8.713300, 8.710000, 12300, 8.720000, 7500, -2.430000, -0.216700
1476373629277, 8.710000, 8.710000, 12300, 8.720000, 7500, -2.460000, -0.220000
1476373631270, 8.710000, 8.710000, 12300, 8.720000, 7500, -2.460000, -0.220000
1476373633274, 8.710000, 8.710000, 12300, 8.720000, 7500, -2.460000, -0.220000
1476373635271, 8.710000, 8.710000, 12300, 8.720000, 7500, -2.460000, -0.220000
1476373637269, 8.710000, 8.710000, 12300, 8.720000, 7500, -2.460000, -0.220000
1476373639272, 8.719000, 8.710000, 12300, 8.720000, 7500, -2.360000, -0.211000
1476373641280, 8.720000, 8.710000, 12300, 8.720000, 7500, -2.350000, -0.210000
1476373642772, 8.715000, 8.710000, 12300, 8.720000, 7500, -2.410000, -0.215000
1476373645274, 8.715000, 8.710000, 12300, 8.720000, 7500, -2.410000, -0.215000
1476373647274, 8.715000, 8.710000, 12300, 8.720000, 7500, -2.410000, -0.215000
1476373649279, 8.715000, 8.710000, 12300, 8.720000, 7500, -2.410000, -0.215000
1476373651277, 8.715000, 8.710000, 12300, 8.720000, 8200, -2.410000, -0.215000
1476373653280, 8.715000, 8.710000, 12200, 8.720000, 8200, -2.410000, -0.215000
1476373654791, 8.715000, 8.710000, 12200, 8.720000, 8200, -2.410000, -0.215000
1476373657291, 8.715000, 8.710000, 12200, 8.720000, 8400, -2.410000, -0.215000
1476373659295, 8.715000, 8.710000, 12200, 8.720000, 8400, -2.410000, -0.215000
1476373661280, 8.715000, 8.710000, 12200, 8.720000, 8400, -2.410000, -0.215000
1476373663319, 8.715000, 8.710000, 12200, 8.720000, 8400, -2.410000, -0.215000
1476373665281, 8.715000, 8.710000, 11700, 8.720000, 15300, -2.410000, -0.215000
1476373667276, 8.710000, 8.710000, 11700, 8.720000, 14700, -2.460000, -0.220000
1476373669277, 8.710000, 8.710000, 11700, 8.720000, 14900, -2.460000, -0.220000
1476373671335, 8.710000, 8.710000, 11700, 8.720000, 14900, -2.460000, -0.220000
1476373673293, 8.710000, 8.710000, 11700, 8.720000, 15200, -2.460000, -0.220000
1476373675285, 8.710000, 8.710000, 11700, 8.720000, 15200, -2.460000, -0.220000
1476373677335, 8.710000, 8.710000, 10700, 8.720000, 15400, -2.460000, -0.220000
1476373679296, 8.710000, 8.710000, 10700, 8.720000, 15200, -2.460000, -0.220000
1476373681289, 8.710000, 8.710000, 10700, 8.720000, 15300, -2.460000, -0.220000
1476373683293, 8.710000, 8.700000, 5300, 8.710000, 12300, -2.460000, -0.220000
1476373685300, 8.710000, 8.700000, 5700, 8.710000, 10500, -2.460000, -0.220000
1476373686796, 8.706100, 8.700000, 5700, 8.710000, 12900, -2.510000, -0.223900
1476373689291, 8.706100, 8.700000, 5700, 8.710000, 13100, -2.510000, -0.223900
1476373691324, 8.706100, 8.700000, 5700, 8.710000, 13100, -2.510000, -0.223900
1476373693292, 8.706100, 8.700000, 5700, 8.710000, 13100, -2.510000, -0.223900
1476373695306, 8.706100, 8.700000, 5300, 8.710000, 13300, -2.510000, -0.223900
1476373697303, 8.706100, 8.700000, 5300, 8.710000, 13500, -2.510000, -0.223900
1476373699291, 8.706100, 8.700000, 5300, 8.710000, 13400, -2.510000, -0.223900
1476373701295, 8.700000, 8.700000, 4900, 8.710000, 13900, -2.580000, -0.230000
1476373703306, 8.700000, 8.700000, 4900, 8.710000, 14000, -2.580000, -0.230000
1476373705346, 8.700000, 8.700000, 4900, 8.710000, 14300, -2.580000, -0.230000
1476373707305, 8.700000, 8.700000, 4900, 8.710000, 14500, -2.580000, -0.230000
1476373709306, 8.700000, 8.700000, 4900, 8.710000, 14700, -2.580000, -0.230000
1476373711304, 8.700000, 8.700000, 4900, 8.710000, 14600, -2.580000, -0.230000
1476373713301, 8.700000, 8.700000, 4900, 8.710000, 16200, -2.580000, -0.230000
1476373715296, 8.700000, 8.700000, 4900, 8.710000, 16800, -2.580000, -0.230000
1476373717303, 8.700000, 8.700000, 4900, 8.710000, 16300, -2.580000, -0.230000
1476373719348, 8.705000, 8.700000, 4600, 8.710000, 16900, -2.520000, -0.225000
1476373721304, 8.705000, 8.700000, 4600, 8.710000, 16900, -2.520000, -0.225000
1476373723308, 8.700000, 8.700000, 4600, 8.710000, 16900, -2.580000, -0.230000
1476373725306, 8.700000, 8.700000, 4600, 8.710000, 17000, -2.580000, -0.230000
1476373727300, 8.700000, 8.700000, 4600, 8.710000, 16100, -2.580000, -0.230000
1476373729326, 8.704100, 8.700000, 4600, 8.710000, 16200, -2.530000, -0.225900
1476373731310, 8.704100, 8.700000, 4600, 8.710000, 16200, -2.530000, -0.225900
1476373733352, 8.709900, 8.700000, 4600, 8.710000, 16200, -2.460000, -0.220100
1476373735309, 8.709900, 8.700000, 4600, 8.710000, 15800, -2.460000, -0.220100
1476373736852, 8.709900, 8.700000, 4600, 8.710000, 14500, -2.460000, -0.220100
1476373739305, 8.709900, 8.700000, 4600, 8.710000, 14300, -2.460000, -0.220100
1476373741302, 8.700000, 8.700000, 4600, 8.710000, 14800, -2.580000, -0.230000
1476373743305, 8.700000, 8.700000, 4500, 8.710000, 19000, -2.580000, -0.230000
1476373745323, 8.700000, 8.700000, 4500, 8.710000, 18300, -2.580000, -0.230000
1476373747422, 8.700000, 8.700000, 4500, 8.710000, 16600, -2.580000, -0.230000
1476373749323, 8.700000, 8.700000, 4500, 8.710000, 16200, -2.580000, -0.230000
1476373751324, 8.700000, 8.700000, 6500, 8.710000, 16200, -2.580000, -0.230000
1476373753318, 8.700000, 8.700000, 6900, 8.710000, 16300, -2.580000, -0.230000
1476373755323, 8.700000, 8.700000, 6900, 8.710000, 16400, -2.580000, -0.230000
1476373757318, 8.709900, 8.700000, 6900, 8.710000, 15000, -2.460000, -0.220100
1476373759358, 8.705000, 8.700000, 6900, 8.710000, 15000, -2.520000, -0.225000
1476373761320, 8.705000, 8.700000, 6900, 8.710000, 15000, -2.520000, -0.225000
1476373763328, 8.704200, 8.700000, 6500, 8.710000, 15000, -2.530000, -0.225800
1476373765333, 8.700000, 8.700000, 6500, 8.710000, 15000, -2.580000, -0.230000
1476373767318, 8.700000, 8.700000, 6500, 8.710000, 15000, -2.580000, -0.230000
1476373769326, 8.700000, 8.700000, 6500, 8.710000, 15000, -2.580000, -0.230000
1476373771323, 8.700000, 8.700000, 6500, 8.710000, 15000, -2.580000, -0.230000
1476373772822, 8.700000, 8.700000, 6500, 8.710000, 14800, -2.580000, -0.230000
1476373775334, 8.709000, 8.700000, 6900, 8.710000, 12400, -2.470000, -0.221000
1476373776819, 8.709000, 8.700000, 6500, 8.710000, 14900, -2.470000, -0.221000
1476373779353, 8.709000, 8.700000, 6500, 8.710000, 14900, -2.470000, -0.221000
1476373781322, 8.709000, 8.700000, 6500, 8.710000, 14800, -2.470000, -0.221000
1476373783332, 8.709000, 8.700000, 6500, 8.710000, 14900, -2.470000, -0.221000
1476373785319, 8.700000, 8.700000, 6500, 8.710000, 15100, -2.580000, -0.230000
1476373787332, 8.700000, 8.700000, 6500, 8.710000, 15000, -2.580000, -0.230000
1476373789346, 8.700000, 8.700000, 6500, 8.710000, 15000, -2.580000, -0.230000
1476373791348, 8.700000, 8.700000, 6500, 8.710000, 15000, -2.580000, -0.230000
1476373793328, 8.700000, 8.700000, 6500, 8.710000, 15000, -2.580000, -0.230000
1476373795322, 8.700000, 8.700000, 6500, 8.710000, 15000, -2.580000, -0.230000
1476373797350, 8.700000, 8.700000, 6600, 8.710000, 15000, -2.580000, -0.230000
1476373799325, 8.700000, 8.700000, 6600, 8.710000, 15000, -2.580000, -0.230000
1476373801331, 8.710000, 8.700000, 7600, 8.710000, 13900, -2.460000, -0.220000
1476373803363, 8.710000, 8.700000, 7500, 8.710000, 13900, -2.460000, -0.220000
1476373805336, 8.710000, 8.700000, 7500, 8.710000, 14000, -2.460000, -0.220000
1476373807335, 8.710000, 8.700000, 7700, 8.710000, 14300, -2.460000, -0.220000
1476373809345, 8.710000, 8.700000, 7800, 8.710000, 14200, -2.460000, -0.220000
1476373811344, 8.710000, 8.700000, 8000, 8.710000, 11500, -2.460000, -0.220000
1476373813337, 8.707900, 8.700000, 7900, 8.710000, 13800, -2.490000, -0.222100
1476373815371, 8.710000, 8.710000, 10600, 8.720000, 10000, -2.460000, -0.220000
1476373817348, 8.710000, 8.710000, 10600, 8.720000, 13300, -2.460000, -0.220000
1476373819347, 8.710000, 8.710000, 10300, 8.720000, 13000, -2.460000, -0.220000
1476373821337, 8.710000, 8.710000, 9800, 8.720000, 15600, -2.460000, -0.220000
1476373823339, 8.710000, 8.710000, 8800, 8.720000, 15900, -2.460000, -0.220000
1476373825350, 8.719900, 8.710000, 8800, 8.720000, 13300, -2.350000, -0.210100
1476373827345, 8.719900, 8.710000, 9000, 8.720000, 13300, -2.350000, -0.210100
1476373829385, 8.719900, 8.710000, 9200, 8.720000, 13000, -2.350000, -0.210100
1476373831345, 8.719900, 8.710000, 9200, 8.720000, 13100, -2.350000, -0.210100
1476373833335, 8.719900, 8.710000, 9200, 8.720000, 13000, -2.350000, -0.210100
1476373835355, 8.715000, 8.710000, 9200, 8.720000, 13000, -2.410000, -0.215000
1476373837346, 8.720000, 8.710000, 22600, 8.720000, 3500, -2.350000, -0.210000
1476373838842, 8.715000, 8.710000, 22600, 8.720000, 3400, -2.410000, -0.215000
1476373840858, 8.715000, 8.710000, 20200, 8.720000, 3400, -2.410000, -0.215000
1476373843396, 8.715000, 8.710000, 20300, 8.720000, 5700, -2.410000, -0.215000
1476373845353, 8.715000, 8.710000, 19600, 8.720000, 5600, -2.410000, -0.215000
1476373847363, 8.715000, 8.710000, 19400, 8.720000, 5700, -2.410000, -0.215000
1476373849355, 8.715000, 8.710000, 19400, 8.720000, 5700, -2.410000, -0.215000
1476373851354, 8.715000, 8.710000, 19400, 8.720000, 5700, -2.410000, -0.215000
1476373853367, 8.715000, 8.710000, 19200, 8.720000, 5500, -2.410000, -0.215000
1476373855375, 8.715000, 8.710000, 19500, 8.720000, 4400, -2.410000, -0.215000
1476373857345, 8.715000, 8.710000, 21700, 8.720000, 3300, -2.410000, -0.215000
1476373859380, 8.712500, 8.710000, 19100, 8.720000, 4100, -2.440000, -0.217500
1476373861350, 8.712500, 8.710000, 19300, 8.720000, 4100, -2.440000, -0.217500
1476373863369, 8.712500, 8.710000, 19300, 8.720000, 4100, -2.440000, -0.217500
1476373865379, 8.712500, 8.710000, 19300, 8.720000, 4100, -2.440000, -0.217500
1476373867411, 8.716200, 8.710000, 14000, 8.720000, 4100, -2.390000, -0.213800
1476373869362, 8.716200, 8.710000, 14000, 8.720000, 4100, -2.390000, -0.213800
1476373871369, 8.716200, 8.710000, 19100, 8.720000, 4100, -2.390000, -0.213800
1476373873389, 8.716200, 8.710000, 17400, 8.720000, 4100, -2.390000, -0.213800
1476373875404, 8.716200, 8.710000, 17600, 8.720000, 4000, -2.390000, -0.213800
1476373877371, 8.716200, 8.710000, 17500, 8.720000, 4000, -2.390000, -0.213800
1476373879379, 8.716200, 8.710000, 17500, 8.720000, 4000, -2.390000, -0.213800
1476373881374, 8.716200, 8.710000, 17500, 8.720000, 4000, -2.390000, -0.213800
1476373883378, 8.716200, 8.710000, 17400, 8.720000, 5600, -2.390000, -0.213800
1476373885375, 8.716200, 8.710000, 17400, 8.720000, 5600, -2.390000, -0.213800
1476373887382, 8.720000, 8.710000, 26800, 8.720000, 1700, -2.350000, -0.210000
1476373889370, 8.715000, 8.710000, 21900, 8.720000, 1700, -2.410000, -0.215000
1476373891464, 8.720000, 8.710000, 24000, 8.720000, 1700, -2.350000, -0.210000
1476373893370, 8.720000, 8.720000, 11500, 8.730000, 5200, -2.350000, -0.210000
1476373895385, 8.720000, 8.720000, 11300, 8.730000, 5100, -2.350000, -0.210000
1476373897395, 8.720000, 8.720000, 10900, 8.730000, 4100, -2.350000, -0.210000
1476373899391, 8.720000, 8.720000, 10900, 8.730000, 4100, -2.350000, -0.210000
1476373900869, 8.720000, 8.720000, 10900, 8.730000, 3700, -2.350000, -0.210000
1476373903257, 8.720000, 8.720000, 10700, 8.730000, 3700, -2.350000, -0.210000
1476373904752, 8.720000, 8.720000, 10700, 8.730000, 3700, -2.350000, -0.210000
1476373907291, 8.720000, 8.720000, 8100, 8.730000, 9000, -2.350000, -0.210000
1476373909259, 8.720000, 8.720000, 6700, 8.730000, 8800, -2.350000, -0.210000
1476373911257, 8.721300, 8.720000, 6500, 8.730000, 8700, -2.340000, -0.208700
1476373912756, 8.721300, 8.720000, 6100, 8.730000, 8700, -2.340000, -0.208700
1476373915263, 8.721300, 8.720000, 6200, 8.730000, 8800, -2.340000, -0.208700
1476373917261, 8.721300, 8.720000, 6100, 8.730000, 8800, -2.340000, -0.208700
1476373919263, 8.721300, 8.720000, 6100, 8.730000, 8800, -2.340000, -0.208700
1476373920772, 8.721300, 8.720000, 6100, 8.730000, 8800, -2.340000, -0.208700
1476373922765, 8.721300, 8.720000, 6100, 8.730000, 8800, -2.340000, -0.208700
1476373925266, 8.721300, 8.720000, 6400, 8.730000, 8800, -2.340000, -0.208700
1476373927260, 8.730000, 8.720000, 6700, 8.730000, 8800, -2.240000, -0.200000
1476373929264, 8.730000, 8.720000, 6600, 8.730000, 8800, -2.240000, -0.200000
1476373931294, 8.730000, 8.720000, 6700, 8.730000, 7900, -2.240000, -0.200000
1476373933265, 8.730000, 8.720000, 6600, 8.730000, 7900, -2.240000, -0.200000
1476373935265, 8.730000, 8.720000, 6700, 8.730000, 7900, -2.240000, -0.200000
1476373937272, 8.730000, 8.720000, 6600, 8.730000, 7900, -2.240000, -0.200000
1476373939274, 8.725400, 8.720000, 6600, 8.730000, 7700, -2.290000, -0.204600
1476373941267, 8.725400, 8.720000, 6600, 8.730000, 7900, -2.290000, -0.204600
1476373943273, 8.725400, 8.720000, 6600, 8.730000, 7600, -2.290000, -0.204600
1476373945279, 8.725400, 8.720000, 6300, 8.730000, 7600, -2.290000, -0.204600
1476373947283, 8.725000, 8.720000, 6400, 8.730000, 7600, -2.300000, -0.205000
1476373949281, 8.725000, 8.720000, 6500, 8.730000, 7600, -2.300000, -0.205000
1476373951277, 8.725000, 8.720000, 6400, 8.730000, 7600, -2.300000, -0.205000
1476373953277, 8.725000, 8.720000, 6900, 8.730000, 7400, -2.300000, -0.205000
1476373955279, 8.725000, 8.720000, 6900, 8.730000, 7400, -2.300000, -0.205000
1476373957279, 8.725000, 8.720000, 6900, 8.730000, 7400, -2.300000, -0.205000
1476373959282, 8.725000, 8.720000, 6900, 8.730000, 7400, -2.300000, -0.205000
1476373961276, 8.725000, 8.720000, 6800, 8.730000, 7400, -2.300000, -0.205000
1476373963318, 8.725000, 8.720000, 6900, 8.730000, 7400, -2.300000, -0.205000
1476373965275, 8.725000, 8.720000, 6800, 8.730000, 7400, -2.300000, -0.205000
1476373967277, 8.725000, 8.720000, 7000, 8.730000, 7400, -2.300000, -0.205000
1476373969284, 8.725000, 8.720000, 7000, 8.730000, 7400, -2.300000, -0.205000
1476373971287, 8.725000, 8.720000, 6900, 8.730000, 7400, -2.300000, -0.205000
1476373973287, 8.725000, 8.720000, 6900, 8.730000, 7400, -2.300000, -0.205000
1476373975278, 8.725000, 8.720000, 6900, 8.730000, 7400, -2.300000, -0.205000
1476373977287, 8.729400, 8.720000, 6400, 8.730000, 7600, -2.250000, -0.200600
1476373979291, 8.730000, 8.720000, 6800, 8.730000, 7500, -2.240000, -0.200000
1476373981297, 8.730000, 8.720000, 6500, 8.730000, 7600, -2.240000, -0.200000
1476373983288, 8.730000, 8.720000, 6500, 8.730000, 7600, -2.240000, -0.200000
1476373985289, 8.730000, 8.720000, 6500, 8.730000, 7600, -2.240000, -0.200000
1476373986277, 8.730000, 8.720000, 6500, 8.730000, 7600, -2.240000, -0.200000
1476373988787, 8.730000, 8.720000, 6500, 8.730000, 7600, -2.240000, -0.200000
1476373991323, 8.730000, 8.720000, 6500, 8.730000, 7600, -2.240000, -0.200000
1476373993315, 8.730000, 8.720000, 6500, 8.730000, 7600, -2.240000, -0.200000
1476373995284, 8.730000, 8.720000, 6500, 8.730000, 7600, -2.240000, -0.200000
1476373997297, 8.730000, 8.720000, 6500, 8.730000, 7600, -2.240000, -0.200000
1476373999294, 8.720500, 8.720000, 6600, 8.730000, 7600, -2.350000, -0.209500
1476374001297, 8.725200, 8.720000, 7900, 8.730000, 7200, -2.290000, -0.204800
1476374003293, 8.725200, 8.720000, 7700, 8.730000, 7300, -2.290000, -0.204800
1476374004826, 8.725200, 8.720000, 6900, 8.730000, 7400, -2.290000, -0.204800
1476374007326, 8.722000, 8.720000, 6900, 8.730000, 7500, -2.330000, -0.208000
1476374009303, 8.725000, 8.720000, 7000, 8.730000, 7500, -2.300000, -0.205000
1476374011297, 8.725000, 8.720000, 7000, 8.730000, 7600, -2.300000, -0.205000
1476374013326, 8.725000, 8.720000, 6900, 8.730000, 7600, -2.300000, -0.205000
1476374015300, 8.725000, 8.720000, 6900, 8.730000, 7600, -2.300000, -0.205000
1476374017297, 8.725000, 8.720000, 6900, 8.730000, 7600, -2.300000, -0.205000
1476374019342, 8.725000, 8.720000, 6900, 8.730000, 7600, -2.300000, -0.205000
1476374020806, 8.725000, 8.720000, 6900, 8.730000, 7600, -2.300000, -0.205000
1476374023305, 8.725000, 8.720000, 6900, 8.730000, 7800, -2.300000, -0.205000
1476374025298, 8.725000, 8.720000, 6900, 8.730000, 7500, -2.300000, -0.205000
1476374027303, 8.726000, 8.720000, 6900, 8.730000, 7500, -2.280000, -0.204000
1476374029301, 8.726000, 8.720000, 6500, 8.730000, 7500, -2.280000, -0.204000
1476374031307, 8.726000, 8.720000, 5600, 8.730000, 7500, -2.280000, -0.204000
1476374032804, 8.726000, 8.720000, 5600, 8.730000, 7500, -2.280000, -0.204000
1476374035315, 8.720000, 8.720000, 1400, 8.730000, 15300, -2.350000, -0.210000
1476374037337, 8.720000, 8.720000, 1400, 8.730000, 14900, -2.350000, -0.210000
1476374039310, 8.725000, 8.720000, 1400, 8.730000, 13500, -2.300000, -0.205000
1476374041303, 8.720000, 8.720000, 1200, 8.730000, 16000, -2.350000, -0.210000
1476374043310, 8.720000, 8.720000, 1600, 8.730000, 14100, -2.350000, -0.210000
1476374045314, 8.722800, 8.720000, 1400, 8.730000, 14500, -2.320000, -0.207200
1476374047309, 8.720000, 8.720000, 1600, 8.730000, 15000, -2.350000, -0.210000
1476374049329, 8.720000, 8.720000, 2400, 8.730000, 14700, -2.350000, -0.210000
1476374051356, 8.720000, 8.720000, 2500, 8.730000, 12300, -2.350000, -0.210000
1476374053306, 8.720000, 8.720000, 1200, 8.730000, 17400, -2.350000, -0.210000
1476374055320, 8.720000, 8.720000, 1000, 8.730000, 17100, -2.350000, -0.210000
1476374057309, 8.720000, 8.720000, 1000, 8.730000, 17100, -2.350000, -0.210000
1476374059311, 8.720000, 8.720000, 1000, 8.730000, 17100, -2.350000, -0.210000
1476374061331, 8.720000, 8.720000, 800, 8.730000, 20700, -2.350000, -0.210000
1476374063334, 8.720000, 8.720000, 1000, 8.730000, 19900, -2.350000, -0.210000
1476374065301, 8.720000, 8.710000, 7600, 8.720000, 8700, -2.350000, -0.210000
1476374067315, 8.720000, 8.710000, 7600, 8.720000, 9300, -2.350000, -0.210000
1476374069316, 8.720000, 8.710000, 7600, 8.720000, 9300, -2.350000, -0.210000
1476374071314, 8.720000, 8.710000, 7000, 8.720000, 9600, -2.350000, -0.210000
1476374073318, 8.720000, 8.710000, 6700, 8.720000, 9600, -2.350000, -0.210000
1476374074318, 8.720000, 8.710000, 6700, 8.720000, 9600, -2.350000, -0.210000
1476374077348, 8.720000, 8.710000, 6700, 8.720000, 9200, -2.350000, -0.210000
1476374079325, 8.720000, 8.710000, 6700, 8.720000, 9200, -2.350000, -0.210000
1476374080815, 8.720000, 8.710000, 6700, 8.720000, 9200, -2.350000, -0.210000
1476374083325, 8.720000, 8.710000, 6500, 8.720000, 9200, -2.350000, -0.210000
1476374085321, 8.720000, 8.710000, 6500, 8.720000, 9200, -2.350000, -0.210000
1476374087333, 8.710000, 8.710000, 6300, 8.720000, 9200, -2.460000, -0.220000
1476374089362, 8.725000, 8.720000, 12100, 8.730000, 8600, -2.300000, -0.205000
1476374091336, 8.725000, 8.720000, 12200, 8.730000, 9100, -2.300000, -0.205000
1476374093365, 8.725000, 8.720000, 12200, 8.730000, 9100, -2.300000, -0.205000
1476374095322, 8.725000, 8.720000, 12200, 8.730000, 8800, -2.300000, -0.205000
1476374097314, 8.725000, 8.720000, 12200, 8.730000, 8300, -2.300000, -0.205000
1476374099322, 8.725000, 8.720000, 12300, 8.730000, 9200, -2.300000, -0.205000
1476374101334, 8.729000, 8.720000, 12200, 8.730000, 9200, -2.250000, -0.201000
1476374103328, 8.729000, 8.720000, 12200, 8.730000, 10000, -2.250000, -0.201000
1476374105324, 8.729000, 8.720000, 12000, 8.730000, 10000, -2.250000, -0.201000
1476374107386, 8.729000, 8.720000, 12100, 8.730000, 10100, -2.250000, -0.201000
1476374109320, 8.729000, 8.720000, 12100, 8.730000, 10300, -2.250000, -0.201000
1476374111327, 8.729000, 8.720000, 11900, 8.730000, 10300, -2.250000, -0.201000
1476374113323, 8.725000, 8.720000, 2900, 8.730000, 13300, -2.300000, -0.205000
1476374115335, 8.725000, 8.720000, 3200, 8.730000, 13200, -2.300000, -0.205000
1476374117335, 8.725000, 8.720000, 3200, 8.730000, 13200, -2.300000, -0.205000
1476374119322, 8.725000, 8.720000, 3200, 8.730000, 13200, -2.300000, -0.205000
1476374121334, 8.725000, 8.720000, 3200, 8.730000, 12800, -2.300000, -0.205000
1476374123336, 8.725000, 8.720000, 3300, 8.730000, 12700, -2.300000, -0.205000
1476374125341, 8.725000, 8.720000, 3300, 8.730000, 12700, -2.300000, -0.205000
1476374127337, 8.725000, 8.720000, 3300, 8.730000, 12700, -2.300000, -0.205000
1476374128337, 8.725000, 8.720000, 3300, 8.730000, 12700, -2.300000, -0.205000
1476374131333, 8.725000, 8.720000, 3300, 8.730000, 12700, -2.300000, -0.205000
1476374133345, 8.725800, 8.720000, 3300, 8.730000, 12700, -2.290000, -0.204200
1476374135347, 8.725800, 8.720000, 3300, 8.730000, 12400, -2.290000, -0.204200
1476374137336, 8.725800, 8.720000, 3300, 8.730000, 10600, -2.290000, -0.204200
1476374139349, 8.725800, 8.720000, 3300, 8.730000, 10500, -2.290000, -0.204200
1476374141348, 8.725800, 8.720000, 3300, 8.730000, 10500, -2.290000, -0.204200
1476374143343, 8.725800, 8.720000, 3300, 8.730000, 10400, -2.290000, -0.204200
1476374145344, 8.725800, 8.720000, 3300, 8.730000, 10500, -2.290000, -0.204200
1476374147327, 8.725800, 8.720000, 3300, 8.730000, 10500, -2.290000, -0.204200
1476374149359, 8.725800, 8.720000, 3300, 8.730000, 10500, -2.290000, -0.204200
1476374151343, 8.725800, 8.720000, 3300, 8.730000, 10500, -2.290000, -0.204200
1476374153341, 8.725800, 8.720000, 3800, 8.730000, 10400, -2.290000, -0.204200
1476374155355, 8.725800, 8.720000, 3800, 8.730000, 10400, -2.290000, -0.204200
1476374157346, 8.725800, 8.720000, 3800, 8.730000, 10400, -2.290000, -0.204200
1476374159355, 8.720000, 8.720000, 2700, 8.730000, 12700, -2.350000, -0.210000
1476374161354, 8.725000, 8.720000, 2500, 8.730000, 12700, -2.300000, -0.205000
1476374163359, 8.720000, 8.720000, 2600, 8.730000, 12700, -2.350000, -0.210000
1476374165364, 8.720000, 8.720000, 2600, 8.730000, 12700, -2.350000, -0.210000
1476374167343, 8.720000, 8.720000, 2600, 8.730000, 12600, -2.350000, -0.210000
1476374169350, 8.720000, 8.720000, 2700, 8.730000, 12600, -2.350000, -0.210000
1476374171334, 8.720000, 8.720000, 2700, 8.730000, 12600, -2.350000, -0.210000
1476374173339, 8.730000, 8.720000, 7800, 8.730000, 9700, -2.240000, -0.200000
1476374174850, 8.730000, 8.720000, 7700, 8.730000, 9700, -2.240000, -0.200000
1476374177353, 8.730000, 8.720000, 7900, 8.730000, 9300, -2.240000, -0.200000
1476374179426, 8.730000, 8.720000, 7600, 8.730000, 9300, -2.240000, -0.200000
1476374181338, 8.730000, 8.720000, 7600, 8.730000, 9300, -2.240000, -0.200000
1476374183347, 8.730000, 8.720000, 7600, 8.730000, 9300, -2.240000, -0.200000
1476374185362, 8.730000, 8.720000, 7600, 8.730000, 9300, -2.240000, -0.200000
1476374187350, 8.730000, 8.720000, 7600, 8.730000, 9700, -2.240000, -0.200000
1476374189363, 8.730000, 8.720000, 7600, 8.730000, 9700, -2.240000, -0.200000
1476374191368, 8.730000, 8.720000, 7600, 8.730000, 9700, -2.240000, -0.200000
1476374193380, 8.730000, 8.720000, 7700, 8.730000, 9600, -2.240000, -0.200000
1476374195357, 8.730000, 8.720000, 7700, 8.730000, 9600, -2.240000, -0.200000
1476374197350, 8.720000, 8.720000, 6600, 8.730000, 9600, -2.350000, -0.210000
1476374199355, 8.720000, 8.720000, 6500, 8.730000, 9600, -2.350000, -0.210000
1476374201350, 8.720000, 8.720000, 6500, 8.730000, 9600, -2.350000, -0.210000
1476374203360, 8.720000, 8.720000, 6500, 8.730000, 9600, -2.350000, -0.210000
1476374205378, 8.720000, 8.720000, 6500, 8.730000, 9600, -2.350000, -0.210000
1476374207388, 8.725000, 8.720000, 6500, 8.730000, 9600, -2.300000, -0.205000
1476374209360, 8.725000, 8.720000, 6200, 8.730000, 9700, -2.300000, -0.205000
1476374211358, 8.730000, 8.720000, 5600, 8.730000, 9700, -2.240000, -0.200000
1476374213359, 8.730000, 8.720000, 5600, 8.730000, 9700, -2.240000, -0.200000
1476374215362, 8.730000, 8.720000, 5400, 8.730000, 9900, -2.240000, -0.200000
1476374217364, 8.730000, 8.720000, 5200, 8.730000, 9900, -2.240000, -0.200000
1476374219353, 8.725200, 8.720000, 5500, 8.730000, 9900, -2.290000, -0.204800
1476374221403, 8.730000, 8.720000, 13200, 8.730000, 2300, -2.240000, -0.200000
1476374223753, 8.725000, 8.720000, 13400, 8.730000, 1300, -2.300000, -0.205000
1476374225757, 8.725000, 8.720000, 13400, 8.730000, 1300, -2.300000, -0.205000
1476374227752, 8.725000, 8.720000, 13400, 8.730000, 1500, -2.300000, -0.205000
1476374229757, 8.730000, 8.720000, 13400, 8.730000, 1300, -2.240000, -0.200000
1476374231763, 8.730000, 8.730000, 2400, 8.740000, 12400, -2.240000, -0.200000
1476374233260, 8.730000, 8.730000, 2600, 8.740000, 12000, -2.240000, -0.200000
1476374235771, 8.740000, 8.730000, 2900, 8.740000, 11100, -2.130000, -0.190000
1476374237757, 8.740000, 8.730000, 3000, 8.740000, 10100, -2.130000, -0.190000
1476374239759, 8.740000, 8.730000, 3000, 8.740000, 9500, -2.130000, -0.190000
1476374241761, 8.735000, 8.730000, 3000, 8.740000, 9300, -2.180000, -0.195000
1476374243761, 8.735000, 8.730000, 3000, 8.740000, 9900, -2.180000, -0.195000
1476374245774, 8.730000, 8.730000, 3000, 8.740000, 9300, -2.240000, -0.200000
1476374247785, 8.730000, 8.730000, 3000, 8.740000, 8900, -2.240000, -0.200000
1476374249763, 8.730000, 8.730000, 3000, 8.740000, 8900, -2.240000, -0.200000
1476374251772, 8.735000, 8.730000, 3100, 8.740000, 8900, -2.180000, -0.195000
1476374253762, 8.735000, 8.730000, 3200, 8.740000, 8900, -2.180000, -0.195000
1476374255769, 8.740000, 8.730000, 9300, 8.740000, 5000, -2.130000, -0.190000
1476374257768, 8.740000, 8.730000, 9300, 8.740000, 5000, -2.130000, -0.190000
1476374259768, 8.740000, 8.730000, 9300, 8.740000, 4800, -2.130000, -0.190000
1476374261768, 8.740000, 8.730000, 9300, 8.740000, 5000, -2.130000, -0.190000
1476374263770, 8.740000, 8.730000, 9300, 8.740000, 5000, -2.130000, -0.190000
1476374265765, 8.740000, 8.730000, 9300, 8.740000, 5000, -2.130000, -0.190000
1476374267769, 8.740000, 8.730000, 9300, 8.740000, 5000, -2.130000, -0.190000
1476374269766, 8.740000, 8.730000, 9300, 8.740000, 5000, -2.130000, -0.190000
1476374271770, 8.740000, 8.730000, 9300, 8.740000, 5000, -2.130000, -0.190000
1476374273776, 8.740000, 8.730000, 9100, 8.740000, 5100, -2.130000, -0.190000
1476374275776, 8.735000, 8.730000, 9100, 8.740000, 5100, -2.180000, -0.195000
1476374277840, 8.735000, 8.730000, 9100, 8.740000, 5100, -2.180000, -0.195000
1476374279779, 8.735000, 8.730000, 9000, 8.740000, 5200, -2.180000, -0.195000
1476374281787, 8.735000, 8.730000, 9300, 8.740000, 5100, -2.180000, -0.195000
1476374283776, 8.735000, 8.730000, 9300, 8.740000, 4800, -2.180000, -0.195000
1476374285772, 8.735000, 8.730000, 9300, 8.740000, 5000, -2.180000, -0.195000
1476374287763, 8.739900, 8.730000, 9300, 8.740000, 5000, -2.130000, -0.190100
1476374289771, 8.739900, 8.730000, 9300, 8.740000, 5000, -2.130000, -0.190100
1476374291806, 8.739900, 8.730000, 9300, 8.740000, 4800, -2.130000, -0.190100
1476374293777, 8.739900, 8.730000, 9300, 8.740000, 4800, -2.130000, -0.190100
1476374295785, 8.739900, 8.730000, 9500, 8.740000, 4800, -2.130000, -0.190100
1476374297777, 8.739900, 8.730000, 9500, 8.740000, 4900, -2.130000, -0.190100
1476374299784, 8.739900, 8.730000, 9300, 8.740000, 5100, -2.130000, -0.190100
1476374301792, 8.739900, 8.730000, 9300, 8.740000, 5100, -2.130000, -0.190100
1476374303785, 8.732500, 8.730000, 9300, 8.740000, 5100, -2.210000, -0.197500
1476374305790, 8.732500, 8.730000, 9300, 8.740000, 4900, -2.210000, -0.197500
1476374307791, 8.732500, 8.730000, 9300, 8.740000, 5100, -2.210000, -0.197500
1476374309779, 8.732500, 8.730000, 9500, 8.740000, 4900, -2.210000, -0.197500
1476374311792, 8.732500, 8.730000, 9500, 8.740000, 4900, -2.210000, -0.197500
1476374313785, 8.732500, 8.730000, 9500, 8.740000, 4900, -2.210000, -0.197500
1476374315790, 8.732500, 8.730000, 9300, 8.740000, 4900, -2.210000, -0.197500
1476374317789, 8.732500, 8.730000, 9300, 8.740000, 4900, -2.210000, -0.197500
1476374319781, 8.732500, 8.730000, 9300, 8.740000, 4900, -2.210000, -0.197500
1476374321798, 8.732500, 8.730000, 8400, 8.740000, 6000, -2.210000, -0.197500
1476374323790, 8.732500, 8.730000, 8100, 8.740000, 6100, -2.210000, -0.197500
1476374325802, 8.732500, 8.730000, 8100, 8.740000, 6100, -2.210000, -0.197500
1476374327299, 8.732500, 8.730000, 4900, 8.740000, 6700, -2.210000, -0.197500
1476374329793, 8.732500, 8.730000, 4900, 8.740000, 6700, -2.210000, -0.197500
1476374331803, 8.735000, 8.730000, 2900, 8.740000, 6300, -2.180000, -0.195000
1476374333807, 8.735000, 8.730000, 2900, 8.740000, 6300, -2.180000, -0.195000
1476374335813, 8.735000, 8.730000, 4600, 8.740000, 6300, -2.180000, -0.195000
1476374337792, 8.735000, 8.730000, 4600, 8.740000, 6300, -2.180000, -0.195000
1476374339801, 8.735000, 8.730000, 4600, 8.740000, 6300, -2.180000, -0.195000
1476374341794, 8.735000, 8.730000, 4900, 8.740000, 6300, -2.180000, -0.195000
1476374343799, 8.735000, 8.730000, 5100, 8.740000, 6300, -2.180000, -0.195000
1476374345804, 8.735000, 8.730000, 5100, 8.740000, 6700, -2.180000, -0.195000
1476374347804, 8.735000, 8.730000, 5600, 8.740000, 6700, -2.180000, -0.195000
1476374349814, 8.735000, 8.730000, 5600, 8.740000, 6700, -2.180000, -0.195000
1476374351836, 8.735000, 8.730000, 5600, 8.740000, 6200, -2.180000, -0.195000
1476374353811, 8.735000, 8.730000, 5600, 8.740000, 6200, -2.180000, -0.195000
1476374355806, 8.735900, 8.730000, 5600, 8.740000, 6200, -2.170000, -0.194100
1476374357806, 8.735900, 8.730000, 5400, 8.740000, 6200, -2.170000, -0.194100
1476374359797, 8.735900, 8.730000, 5400, 8.740000, 6200, -2.170000, -0.194100
1476374361803, 8.735900, 8.730000, 5400, 8.740000, 6200, -2.170000, -0.194100
1476374363816, 8.735900, 8.730000, 5400, 8.740000, 6200, -2.170000, -0.194100
1476374365812, 8.735900, 8.730000, 5500, 8.740000, 6200, -2.170000, -0.194100
1476374367814, 8.735900, 8.730000, 5600, 8.740000, 6200, -2.170000, -0.194100
1476374369828, 8.735900, 8.730000, 5600, 8.740000, 6200, -2.170000, -0.194100
1476374371820, 8.735900, 8.730000, 8000, 8.740000, 6200, -2.170000, -0.194100
1476374373806, 8.735900, 8.730000, 8000, 8.740000, 6200, -2.170000, -0.194100
1476374375817, 8.735900, 8.730000, 8000, 8.740000, 6200, -2.170000, -0.194100
1476374377805, 8.735900, 8.730000, 8000, 8.740000, 6000, -2.170000, -0.194100
1476374379808, 8.735900, 8.730000, 8000, 8.740000, 6000, -2.170000, -0.194100
1476374381821, 8.735900, 8.730000, 8000, 8.740000, 5900, -2.170000, -0.194100
1476374383824, 8.735900, 8.730000, 8000, 8.740000, 6000, -2.170000, -0.194100
1476374385819, 8.735900, 8.730000, 7600, 8.740000, 6000, -2.170000, -0.194100
1476374387818, 8.735900, 8.730000, 7400, 8.740000, 5600, -2.170000, -0.194100
1476374389807, 8.735900, 8.730000, 7400, 8.740000, 6000, -2.170000, -0.194100
1476374391820, 8.735900, 8.730000, 6300, 8.740000, 6000, -2.170000, -0.194100
1476374393891, 8.735900, 8.730000, 7200, 8.740000, 6000, -2.170000, -0.194100
1476374395828, 8.735000, 8.730000, 6800, 8.740000, 6000, -2.180000, -0.195000
1476374397831, 8.735000, 8.730000, 6900, 8.740000, 6000, -2.180000, -0.195000
1476374399813, 8.735000, 8.730000, 7100, 8.740000, 6000, -2.180000, -0.195000
1476374401808, 8.735000, 8.730000, 7100, 8.740000, 6100, -2.180000, -0.195000
1476374403820, 8.735000, 8.730000, 7100, 8.740000, 6100, -2.180000, -0.195000
1476374405819, 8.733000, 8.730000, 7100, 8.740000, 6100, -2.210000, -0.197000
1476374407824, 8.733000, 8.730000, 6900, 8.740000, 6100, -2.210000, -0.197000
1476374409839, 8.733000, 8.730000, 6900, 8.740000, 6100, -2.210000, -0.197000
1476374411876, 8.733000, 8.730000, 6900, 8.740000, 6100, -2.210000, -0.197000
1476374413820, 8.733000, 8.730000, 6900, 8.740000, 6100, -2.210000, -0.197000
1476374415815, 8.733000, 8.730000, 6900, 8.740000, 6100, -2.210000, -0.197000
1476374417822, 8.733000, 8.730000, 6100, 8.740000, 6100, -2.210000, -0.197000
1476374419830, 8.733000, 8.730000, 6100, 8.740000, 6100, -2.210000, -0.197000
1476374421831, 8.733000, 8.730000, 6100, 8.740000, 6100, -2.210000, -0.197000
1476374423844, 8.733000, 8.730000, 11100, 8.740000, 5800, -2.210000, -0.197000
1476374425816, 8.740000, 8.730000, 11100, 8.740000, 3100, -2.130000, -0.190000
1476374427830, 8.740000, 8.730000, 11000, 8.740000, 3600, -2.130000, -0.190000
1476374429810, 8.732500, 8.730000, 11000, 8.740000, 3600, -2.210000, -0.197500
1476374431828, 8.732500, 8.730000, 11000, 8.740000, 3600, -2.210000, -0.197500
1476374433835, 8.732500, 8.730000, 11000, 8.740000, 3600, -2.210000, -0.197500
1476374435909, 8.732500, 8.730000, 11000, 8.740000, 4700, -2.210000, -0.197500
1476374437844, 8.732500, 8.730000, 11000, 8.740000, 6100, -2.210000, -0.197500
1476374439841, 8.732500, 8.730000, 11000, 8.740000, 6000, -2.210000, -0.197500
1476374441832, 8.732500, 8.730000, 11000, 8.740000, 6000, -2.210000, -0.197500
1476374443853, 8.732500, 8.730000, 11000, 8.740000, 5300, -2.210000, -0.197500
1476374445829, 8.732500, 8.730000, 11000, 8.740000, 5500, -2.210000, -0.197500
1476374447849, 8.730000, 8.730000, 10800, 8.740000, 5800, -2.240000, -0.200000
1476374449872, 8.730000, 8.730000, 10800, 8.740000, 5800, -2.240000, -0.200000
1476374451819, 8.730000, 8.730000, 10800, 8.740000, 5800, -2.240000, -0.200000
1476374453838, 8.730000, 8.730000, 11100, 8.740000, 5800, -2.240000, -0.200000
1476374455838, 8.732500, 8.730000, 11100, 8.740000, 5800, -2.210000, -0.197500
1476374457840, 8.732500, 8.730000, 11100, 8.740000, 5800, -2.210000, -0.197500
1476374459838, 8.732500, 8.730000, 11100, 8.740000, 5800, -2.210000, -0.197500
1476374461337, 8.732500, 8.730000, 11100, 8.740000, 5800, -2.210000, -0.197500
1476374463824, 8.732500, 8.730000, 11100, 8.740000, 5800, -2.210000, -0.197500
1476374465851, 8.735000, 8.730000, 10900, 8.740000, 6400, -2.180000, -0.195000
1476374467854, 8.735000, 8.730000, 10900, 8.740000, 6300, -2.180000, -0.195000
1476374469851, 8.735000, 8.730000, 10700, 8.740000, 7300, -2.180000, -0.195000
1476374471843, 8.735000, 8.730000, 10700, 8.740000, 9800, -2.180000, -0.195000
1476374473849, 8.735000, 8.730000, 10700, 8.740000, 9200, -2.180000, -0.195000
1476374475336, 8.735000, 8.730000, 10700, 8.740000, 6500, -2.180000, -0.195000
1476374477834, 8.735000, 8.730000, 11400, 8.740000, 6500, -2.180000, -0.195000
1476374479863, 8.735000, 8.730000, 11400, 8.740000, 6500, -2.180000, -0.195000
1476374481867, 8.735000, 8.730000, 11400, 8.740000, 6500, -2.180000, -0.195000
1476374483862, 8.732500, 8.730000, 11400, 8.740000, 6500, -2.210000, -0.197500
1476374485850, 8.732500, 8.730000, 11400, 8.740000, 6500, -2.210000, -0.197500
1476374487857, 8.732500, 8.730000, 10900, 8.740000, 6500, -2.210000, -0.197500
1476374489846, 8.732500, 8.730000, 10900, 8.740000, 6500, -2.210000, -0.197500
1476374491862, 8.732500, 8.730000, 10900, 8.740000, 6500, -2.210000, -0.197500
1476374493920, 8.732500, 8.730000, 10900, 8.740000, 6500, -2.210000, -0.197500
1476374495863, 8.735000, 8.730000, 10700, 8.740000, 9100, -2.180000, -0.195000
1476374497851, 8.735000, 8.730000, 10700, 8.740000, 9100, -2.180000, -0.195000
1476374499857, 8.735000, 8.730000, 10700, 8.740000, 9100, -2.180000, -0.195000
1476374501350, 8.735000, 8.730000, 10700, 8.740000, 9200, -2.180000, -0.195000
1476374503868, 8.735000, 8.730000, 10700, 8.740000, 13000, -2.180000, -0.195000
1476374505842, 8.735000, 8.730000, 10700, 8.740000, 13000, -2.180000, -0.195000
1476374507858, 8.735000, 8.730000, 10700, 8.740000, 12200, -2.180000, -0.195000
1476374509860, 8.735000, 8.730000, 10700, 8.740000, 12200, -2.180000, -0.195000
1476374511894, 8.735000, 8.730000, 10700, 8.740000, 12200, -2.180000, -0.195000
1476374513863, 8.735000, 8.730000, 10700, 8.740000, 12200, -2.180000, -0.195000
1476374515857, 8.735000, 8.730000, 10700, 8.740000, 9600, -2.180000, -0.195000
1476374517876, 8.735000, 8.730000, 10700, 8.740000, 7600, -2.180000, -0.195000
1476374519896, 8.735000, 8.730000, 10700, 8.740000, 7600, -2.180000, -0.195000
1476374521871, 8.735000, 8.730000, 10700, 8.740000, 7000, -2.180000, -0.195000
1476374523861, 8.735000, 8.730000, 10700, 8.740000, 9400, -2.180000, -0.195000
1476374525913, 8.735000, 8.730000, 10700, 8.740000, 9400, -2.180000, -0.195000
1476374527870, 8.735000, 8.730000, 10700, 8.740000, 9400, -2.180000, -0.195000
1476374529868, 8.735000, 8.730000, 10700, 8.740000, 9400, -2.180000, -0.195000
1476374531857, 8.735000, 8.730000, 10700, 8.740000, 9500, -2.180000, -0.195000
1476374533746, 8.730000, 8.730000, 10700, 8.740000, 9500, -2.240000, -0.200000
1476374535750, 8.730000, 8.730000, 10700, 8.740000, 9500, -2.240000, -0.200000
1476374537754, 8.735000, 8.730000, 10500, 8.740000, 11100, -2.180000, -0.195000
1476374539274, 8.735000, 8.730000, 10500, 8.740000, 12700, -2.180000, -0.195000
1476374541765, 8.735000, 8.730000, 10500, 8.740000, 12800, -2.180000, -0.195000
1476374543753, 8.735000, 8.730000, 10500, 8.740000, 13500, -2.180000, -0.195000
1476374545757, 8.735000, 8.730000, 10600, 8.740000, 13500, -2.180000, -0.195000
1476374547765, 8.735000, 8.730000, 10600, 8.740000, 10300, -2.180000, -0.195000
1476374549762, 8.735000, 8.730000, 10600, 8.740000, 8000, -2.180000, -0.195000
1476374551757, 8.735000, 8.730000, 10600, 8.740000, 8100, -2.180000, -0.195000
1476374553755, 8.735000, 8.730000, 10600, 8.740000, 8100, -2.180000, -0.195000
1476374555778, 8.735000, 8.730000, 10600, 8.740000, 8100, -2.180000, -0.195000
1476374557758, 8.740000, 8.730000, 11500, 8.740000, 7000, -2.130000, -0.190000
1476374559764, 8.740000, 8.730000, 11500, 8.740000, 7100, -2.130000, -0.190000
1476374561265, 8.735000, 8.730000, 12200, 8.740000, 4200, -2.180000, -0.195000
1476374563763, 8.730000, 8.730000, 12200, 8.740000, 3800, -2.240000, -0.200000
1476374565260, 8.740000, 8.730000, 11900, 8.740000, 4300, -2.130000, -0.190000
1476374567769, 8.735000, 8.730000, 11900, 8.740000, 5900, -2.180000, -0.195000
1476374569760, 8.735000, 8.730000, 11900, 8.740000, 5800, -2.180000, -0.195000
1476374571758, 8.735000, 8.730000, 11900, 8.740000, 5700, -2.180000, -0.195000
1476374573764, 8.735000, 8.730000, 11900, 8.740000, 5700, -2.180000, -0.195000
1476374575260, 8.735000, 8.730000, 11900, 8.740000, 5700, -2.180000, -0.195000
1476374577271, 8.735000, 8.730000, 11900, 8.740000, 5300, -2.180000, -0.195000
1476374579765, 8.735000, 8.730000, 11900, 8.740000, 5700, -2.180000, -0.195000
1476374581776, 8.735000, 8.730000, 11900, 8.740000, 5700, -2.180000, -0.195000
1476374583767, 8.735000, 8.730000, 11900, 8.740000, 5800, -2.180000, -0.195000
1476374585777, 8.735000, 8.730000, 11900, 8.740000, 5800, -2.180000, -0.195000
1476374587767, 8.735000, 8.730000, 11900, 8.740000, 5800, -2.180000, -0.195000
1476374589759, 8.735000, 8.730000, 11900, 8.740000, 5800, -2.180000, -0.195000
1476374591777, 8.735000, 8.730000, 11900, 8.740000, 5800, -2.180000, -0.195000
1476374593318, 8.735000, 8.730000, 12000, 8.740000, 5800, -2.180000, -0.195000
1476374595778, 8.740000, 8.730000, 12000, 8.740000, 5800, -2.130000, -0.190000
1476374597788, 8.740000, 8.730000, 12000, 8.740000, 5800, -2.130000, -0.190000
1476374599777, 8.740000, 8.730000, 12000, 8.740000, 5800, -2.130000, -0.190000
1476374601771, 8.740000, 8.730000, 12000, 8.740000, 5800, -2.130000, -0.190000
1476374603817, 8.740000, 8.730000, 12000, 8.740000, 5800, -2.130000, -0.190000
1476374605773, 8.740000, 8.730000, 11600, 8.740000, 5800, -2.130000, -0.190000
1476374607274, 8.740000, 8.730000, 11600, 8.740000, 5800, -2.130000, -0.190000
1476374609776, 8.740000, 8.730000, 11600, 8.740000, 5800, -2.130000, -0.190000
1476374611323, 8.740000, 8.730000, 11600, 8.740000, 6200, -2.130000, -0.190000
1476374613785, 8.739900, 8.730000, 11600, 8.740000, 6100, -2.130000, -0.190100
1476374615782, 8.735000, 8.730000, 11600, 8.740000, 4200, -2.180000, -0.195000
1476374617773, 8.740000, 8.730000, 11600, 8.740000, 3800, -2.130000, -0.190000
1476374619778, 8.740000, 8.730000, 11600, 8.740000, 3800, -2.130000, -0.190000
1476374621767, 8.740000, 8.730000, 11600, 8.740000, 3800, -2.130000, -0.190000
1476374623788, 8.740000, 8.730000, 11600, 8.740000, 3800, -2.130000, -0.190000
1476374625784, 8.740000, 8.730000, 11600, 8.740000, 5100, -2.130000, -0.190000
1476374627792, 8.740000, 8.730000, 11600, 8.740000, 5100, -2.130000, -0.190000
1476374629785, 8.740000, 8.730000, 11600, 8.740000, 5200, -2.130000, -0.190000
1476374631779, 8.735000, 8.730000, 11700, 8.740000, 6100, -2.180000, -0.195000
1476374633781, 8.732000, 8.730000, 11700, 8.740000, 6600, -2.220000, -0.198000
1476374635781, 8.732000, 8.730000, 11700, 8.740000, 6600, -2.220000, -0.198000
1476374637789, 8.735000, 8.730000, 11700, 8.740000, 6100, -2.180000, -0.195000
1476374639788, 8.735000, 8.730000, 11700, 8.740000, 6100, -2.180000, -0.195000
1476374641780, 8.735000, 8.730000, 11700, 8.740000, 6100, -2.180000, -0.195000
1476374643792, 8.735000, 8.730000, 11700, 8.740000, 6100, -2.180000, -0.195000
1476374645790, 8.735000, 8.730000, 11700, 8.740000, 6100, -2.180000, -0.195000
1476374647785, 8.735000, 8.730000, 11700, 8.740000, 6100, -2.180000, -0.195000
1476374649827, 8.735000, 8.730000, 11700, 8.740000, 6100, -2.180000, -0.195000
1476374651797, 8.735000, 8.730000, 11700, 8.740000, 6100, -2.180000, -0.195000
1476374653768, 8.735000, 8.730000, 11700, 8.740000, 6200, -2.180000, -0.195000
1476374655788, 8.735000, 8.730000, 11700, 8.740000, 6200, -2.180000, -0.195000
1476374657789, 8.735000, 8.730000, 11700, 8.740000, 6200, -2.180000, -0.195000
1476374659289, 8.735000, 8.730000, 11700, 8.740000, 6200, -2.180000, -0.195000
1476374661793, 8.735000, 8.730000, 11700, 8.740000, 6200, -2.180000, -0.195000
1476374663786, 8.735000, 8.730000, 11700, 8.740000, 6200, -2.180000, -0.195000
1476374665787, 8.740000, 8.730000, 12000, 8.740000, 5200, -2.130000, -0.190000
1476374667860, 8.733000, 8.730000, 12000, 8.740000, 5200, -2.210000, -0.197000
1476374669794, 8.733000, 8.730000, 12000, 8.740000, 5200, -2.210000, -0.197000
1476374671792, 8.740000, 8.730000, 18200, 8.740000, 2100, -2.130000, -0.190000
1476374673803, 8.740000, 8.730000, 15400, 8.740000, 3000, -2.130000, -0.190000
1476374675789, 8.740000, 8.730000, 15200, 8.740000, 2500, -2.130000, -0.190000
1476374677787, 8.740000, 8.730000, 15200, 8.740000, 3000, -2.130000, -0.190000
1476374679791, 8.740000, 8.730000, 20800, 8.740000, 1700, -2.130000, -0.190000
1476374681790, 8.740000, 8.730000, 20300, 8.740000, 1700, -2.130000, -0.190000
1476374683798, 8.740000, 8.730000, 20300, 8.740000, 2500, -2.130000, -0.190000
1476374685789, 8.740000, 8.730000, 20600, 8.740000, 1600, -2.130000, -0.190000
1476374687796, 8.745000, 8.740000, 3600, 8.750000, 10000, -2.070000, -0.185000
1476374689785, 8.740000, 8.740000, 5900, 8.750000, 9100, -2.130000, -0.190000
1476374691816, 8.740000, 8.740000, 6000, 8.750000, 8800, -2.130000, -0.190000
1476374693792, 8.740000, 8.740000, 8100, 8.750000, 6400, -2.130000, -0.190000
1476374695805, 8.740000, 8.740000, 8200, 8.750000, 5100, -2.130000, -0.190000
1476374697797, 8.740000, 8.740000, 8200, 8.750000, 5000, -2.130000, -0.190000
1476374699796, 8.746000, 8.740000, 8200, 8.750000, 5000, -2.060000, -0.184000
1476374701836, 8.746000, 8.740000, 8000, 8.750000, 5000, -2.060000, -0.184000
1476374703804, 8.746000, 8.740000, 7800, 8.750000, 5000, -2.060000, -0.184000
1476374705791, 8.746000, 8.740000, 7900, 8.750000, 5000, -2.060000, -0.184000
1476374707807, 8.746000, 8.740000, 7900, 8.750000, 5000, -2.060000, -0.184000
1476374709348, 8.746000, 8.740000, 7900, 8.750000, 5000, -2.060000, -0.184000
1476374711300, 8.746000, 8.740000, 8100, 8.750000, 5000, -2.060000, -0.184000
1476374713805, 8.746000, 8.740000, 8100, 8.750000, 5000, -2.060000, -0.184000
1476374715804, 8.746000, 8.740000, 8200, 8.750000, 5000, -2.060000, -0.184000
1476374717799, 8.750000, 8.740000, 20700, 8.750000, 5400, -2.020000, -0.180000
1476374719800, 8.750000, 8.740000, 15800, 8.750000, 3800, -2.020000, -0.180000
1476374721807, 8.745000, 8.740000, 12800, 8.750000, 3800, -2.070000, -0.185000
1476374723802, 8.745000, 8.740000, 12800, 8.750000, 3900, -2.070000, -0.185000
1476374725796, 8.740000, 8.740000, 14400, 8.750000, 3800, -2.130000, -0.190000
1476374727799, 8.750000, 8.740000, 14600, 8.750000, 3800, -2.020000, -0.180000
1476374729811, 8.750000, 8.740000, 12100, 8.750000, 3900, -2.020000, -0.180000
1476374731309, 8.750000, 8.740000, 12700, 8.750000, 3800, -2.020000, -0.180000
1476374733811, 8.750000, 8.740000, 12200, 8.750000, 3900, -2.020000, -0.180000
1476374735795, 8.750000, 8.740000, 12200, 8.750000, 3900, -2.020000, -0.180000
1476374737307, 8.750000, 8.740000, 12200, 8.750000, 3900, -2.020000, -0.180000
1476374739812, 8.750000, 8.740000, 12200, 8.750000, 3900, -2.020000, -0.180000
1476374741817, 8.740000, 8.730000, 14900, 8.740000, 5300, -2.130000, -0.190000
1476374743821, 8.735000, 8.730000, 14600, 8.740000, 8000, -2.180000, -0.195000
1476374745813, 8.730000, 8.730000, 13500, 8.740000, 8600, -2.240000, -0.200000
1476374747816, 8.730000, 8.730000, 12900, 8.740000, 6900, -2.240000, -0.200000
1476374749811, 8.730000, 8.730000, 12700, 8.740000, 6900, -2.240000, -0.200000
1476374751821, 8.730000, 8.730000, 11100, 8.740000, 7000, -2.240000, -0.200000
1476374753809, 8.730000, 8.730000, 11100, 8.740000, 7000, -2.240000, -0.200000
1476374755820, 8.730000, 8.730000, 11100, 8.740000, 7000, -2.240000, -0.200000
1476374757814, 8.740000, 8.740000, 6900, 8.750000, 11800, -2.130000, -0.190000
1476374759824, 8.745000, 8.740000, 3400, 8.750000, 14800, -2.070000, -0.185000
1476374761860, 8.740000, 8.740000, 3300, 8.750000, 10800, -2.130000, -0.190000
1476374763823, 8.745000, 8.740000, 4100, 8.750000, 10800, -2.070000, -0.185000
1476374765816, 8.749900, 8.740000, 4200, 8.750000, 10800, -2.020000, -0.180100
1476374767819, 8.746300, 8.740000, 13700, 8.750000, 2700, -2.060000, -0.183700
1476374769843, 8.746300, 8.740000, 10100, 8.750000, 2900, -2.060000, -0.183700
1476374771816, 8.746300, 8.740000, 10100, 8.750000, 2900, -2.060000, -0.183700
1476374773823, 8.746300, 8.740000, 9700, 8.750000, 3000, -2.060000, -0.183700
1476374775824, 8.746300, 8.740000, 9800, 8.750000, 2900, -2.060000, -0.183700
1476374777826, 8.746300, 8.740000, 9800, 8.750000, 3000, -2.060000, -0.183700
1476374779825, 8.746300, 8.740000, 9800, 8.750000, 3000, -2.060000, -0.183700
1476374781865, 8.746300, 8.740000, 9200, 8.750000, 5500, -2.060000, -0.183700
1476374783836, 8.746300, 8.740000, 9200, 8.750000, 5900, -2.060000, -0.183700
1476374785819, 8.746300, 8.740000, 9200, 8.750000, 6100, -2.060000, -0.183700
1476374787833, 8.746300, 8.740000, 9400, 8.750000, 6100, -2.060000, -0.183700
1476374789826, 8.745000, 8.740000, 9400, 8.750000, 6100, -2.070000, -0.185000
1476374791828, 8.745000, 8.740000, 9400, 8.750000, 6100, -2.070000, -0.185000
1476374793835, 8.745000, 8.740000, 9400, 8.750000, 5700, -2.070000, -0.185000
1476374795849, 8.745000, 8.740000, 9500, 8.750000, 4600, -2.070000, -0.185000
1476374797831, 8.745000, 8.740000, 11700, 8.750000, 6800, -2.070000, -0.185000
1476374799817, 8.745000, 8.740000, 11500, 8.750000, 5900, -2.070000, -0.185000
1476374801842, 8.745000, 8.740000, 11500, 8.750000, 5700, -2.070000, -0.185000
1476374803839, 8.745000, 8.740000, 11500, 8.750000, 5600, -2.070000, -0.185000
1476374805847, 8.745000, 8.740000, 11500, 8.750000, 5500, -2.070000, -0.185000
1476374807872, 8.745000, 8.740000, 11500, 8.750000, 5400, -2.070000, -0.185000
1476374809880, 8.745000, 8.740000, 11000, 8.750000, 4700, -2.070000, -0.185000
1476374811841, 8.745000, 8.740000, 11000, 8.750000, 5200, -2.070000, -0.185000
1476374813848, 8.745000, 8.740000, 11000, 8.750000, 4800, -2.070000, -0.185000
1476374815844, 8.745000, 8.740000, 11100, 8.750000, 4800, -2.070000, -0.185000
1476374817836, 8.745000, 8.740000, 11000, 8.750000, 4800, -2.070000, -0.185000
1476374819849, 8.745000, 8.740000, 11000, 8.750000, 5300, -2.070000, -0.185000
1476374821351, 8.745000, 8.740000, 11000, 8.750000, 5300, -2.070000, -0.185000
1476374823838, 8.740000, 8.740000, 11000, 8.750000, 6100, -2.130000, -0.190000
1476374825841, 8.740000, 8.740000, 11000, 8.750000, 5300, -2.130000, -0.190000
1476374827842, 8.740000, 8.740000, 11000, 8.750000, 5300, -2.130000, -0.190000
1476374829840, 8.740000, 8.740000, 10700, 8.750000, 6500, -2.130000, -0.190000
1476374831840, 8.740000, 8.740000, 10700, 8.750000, 6500, -2.130000, -0.190000
1476374833839, 8.740000, 8.740000, 10700, 8.750000, 6500, -2.130000, -0.190000
1476374835840, 8.740000, 8.740000, 10700, 8.750000, 6500, -2.130000, -0.190000
1476374837848, 8.740000, 8.740000, 10700, 8.750000, 6500, -2.130000, -0.190000
1476374839885, 8.740000, 8.740000, 10700, 8.750000, 6500, -2.130000, -0.190000
1476374841871, 8.740000, 8.740000, 10700, 8.750000, 5700, -2.130000, -0.190000
1476374843858, 8.740000, 8.740000, 10700, 8.750000, 5700, -2.130000, -0.190000
1476374845844, 8.749900, 8.740000, 11800, 8.750000, 4400, -2.020000, -0.180100
1476374847850, 8.740000, 8.740000, 11800, 8.750000, 4300, -2.130000, -0.190000
1476374849846, 8.746200, 8.740000, 12700, 8.750000, 4300, -2.060000, -0.183800
1476374851852, 8.746200, 8.740000, 12700, 8.750000, 4300, -2.060000, -0.183800
1476374853853, 8.746200, 8.740000, 12700, 8.750000, 4300, -2.060000, -0.183800
1476374855900, 8.746200, 8.740000, 12700, 8.750000, 4300, -2.060000, -0.183800
1476374857936, 8.746200, 8.740000, 12800, 8.750000, 4300, -2.060000, -0.183800
1476374859854, 8.746200, 8.740000, 12800, 8.750000, 4300, -2.060000, -0.183800
1476374861362, 8.746200, 8.740000, 12800, 8.750000, 4300, -2.060000, -0.183800
1476374863348, 8.746200, 8.740000, 12700, 8.750000, 4300, -2.060000, -0.183800
1476374866252, 8.746200, 8.740000, 12700, 8.750000, 4300, -2.060000, -0.183800
1476374868251, 8.746200, 8.740000, 12700, 8.750000, 4300, -2.060000, -0.183800
1476374870253, 8.746200, 8.740000, 11700, 8.750000, 5700, -2.060000, -0.183800
1476374872257, 8.746200, 8.740000, 11700, 8.750000, 4900, -2.060000, -0.183800
1476374874254, 8.746200, 8.740000, 11700, 8.750000, 4900, -2.060000, -0.183800
1476374876254, 8.745000, 8.740000, 11500, 8.750000, 5300, -2.070000, -0.185000
1476374878254, 8.740000, 8.740000, 10900, 8.750000, 6000, -2.130000, -0.190000
1476374880260, 8.740000, 8.740000, 10500, 8.750000, 12000, -2.130000, -0.190000
1476374882258, 8.740000, 8.740000, 10500, 8.750000, 11000, -2.130000, -0.190000
1476374884271, 8.740000, 8.740000, 10500, 8.750000, 11000, -2.130000, -0.190000
1476374886257, 8.740000, 8.740000, 10000, 8.750000, 12800, -2.130000, -0.190000
1476374888259, 8.740000, 8.740000, 10000, 8.750000, 11500, -2.130000, -0.190000
1476374889259, 8.740000, 8.740000, 10000, 8.750000, 11500, -2.130000, -0.190000
1476374892260, 8.740000, 8.740000, 10000, 8.750000, 11500, -2.130000, -0.190000
1476374894257, 8.740000, 8.740000, 10000, 8.750000, 11500, -2.130000, -0.190000
1476374896260, 8.745000, 8.740000, 10000, 8.750000, 12200, -2.070000, -0.185000
1476374898261, 8.745000, 8.740000, 10400, 8.750000, 9000, -2.070000, -0.185000
1476374900247, 8.745000, 8.740000, 10400, 8.750000, 9100, -2.070000, -0.185000
1476374901760, 8.745000, 8.740000, 10400, 8.750000, 9100, -2.070000, -0.185000
1476374904261, 8.745000, 8.740000, 10400, 8.750000, 9100, -2.070000, -0.185000
1476374906266, 8.745000, 8.740000, 10400, 8.750000, 8800, -2.070000, -0.185000
1476374908265, 8.745000, 8.740000, 10400, 8.750000, 8800, -2.070000, -0.185000
1476374910271, 8.745000, 8.740000, 10400, 8.750000, 8700, -2.070000, -0.185000
1476374912269, 8.745000, 8.740000, 10400, 8.750000, 8700, -2.070000, -0.185000
1476374914287, 8.745000, 8.740000, 10400, 8.750000, 8700, -2.070000, -0.185000
1476374915758, 8.740000, 8.740000, 10000, 8.750000, 12700, -2.130000, -0.190000
1476374918264, 8.740000, 8.740000, 10000, 8.750000, 16800, -2.130000, -0.190000
1476374920279, 8.745000, 8.740000, 10000, 8.750000, 17000, -2.070000, -0.185000
1476374922278, 8.745000, 8.740000, 10000, 8.750000, 16300, -2.070000, -0.185000
1476374924269, 8.745000, 8.740000, 10000, 8.750000, 16300, -2.070000, -0.185000
1476374926306, 8.745000, 8.740000, 10000, 8.750000, 16000, -2.070000, -0.185000
1476374928285, 8.740000, 8.740000, 10000, 8.750000, 16700, -2.130000, -0.190000
1476374929811, 8.745000, 8.740000, 10000, 8.750000, 16300, -2.070000, -0.185000
1476374932277, 8.740000, 8.740000, 10000, 8.750000, 16300, -2.130000, -0.190000
1476374934272, 8.740000, 8.740000, 10000, 8.750000, 15900, -2.130000, -0.190000
1476374935767, 8.740000, 8.740000, 10000, 8.750000, 15900, -2.130000, -0.190000
1476374938276, 8.740000, 8.740000, 10000, 8.750000, 16700, -2.130000, -0.190000
1476374939772, 8.745000, 8.740000, 10000, 8.750000, 16900, -2.070000, -0.185000
1476374942270, 8.740000, 8.740000, 10000, 8.750000, 16000, -2.130000, -0.190000
1476374944278, 8.740000, 8.740000, 10000, 8.750000, 16300, -2.130000, -0.190000
1476374945786, 8.740000, 8.740000, 10000, 8.750000, 15400, -2.130000, -0.190000
1476374948328, 8.740000, 8.740000, 10000, 8.750000, 16000, -2.130000, -0.190000
1476374949769, 8.740000, 8.740000, 10000, 8.750000, 16200, -2.130000, -0.190000
1476374952296, 8.740000, 8.740000, 10000, 8.750000, 16800, -2.130000, -0.190000
1476374954287, 8.745000, 8.740000, 10000, 8.750000, 16100, -2.070000, -0.185000
1476374956279, 8.740000, 8.740000, 10000, 8.750000, 16000, -2.130000, -0.190000
1476374957300, 8.740000, 8.740000, 10000, 8.750000, 16000, -2.130000, -0.190000
1476374960298, 8.740000, 8.740000, 10000, 8.750000, 16000, -2.130000, -0.190000
1476374962287, 8.740000, 8.740000, 10000, 8.750000, 15900, -2.130000, -0.190000
1476374963789, 8.740000, 8.740000, 10000, 8.750000, 16000, -2.130000, -0.190000
1476374966318, 8.745000, 8.740000, 10000, 8.750000, 15300, -2.070000, -0.185000
1476374968285, 8.745000, 8.740000, 10000, 8.750000, 15300, -2.070000, -0.185000
1476374969813, 8.745000, 8.740000, 10000, 8.750000, 15200, -2.070000, -0.185000
1476374972307, 8.745000, 8.740000, 10000, 8.750000, 15200, -2.070000, -0.185000
1476374974295, 8.745000, 8.740000, 10000, 8.750000, 12200, -2.070000, -0.185000
1476374976295, 8.745000, 8.740000, 10000, 8.750000, 12400, -2.070000, -0.185000
1476374978294, 8.740000, 8.740000, 10100, 8.750000, 17500, -2.130000, -0.190000
1476374980291, 8.740000, 8.740000, 10100, 8.750000, 18000, -2.130000, -0.190000
1476374982289, 8.740000, 8.740000, 10100, 8.750000, 18000, -2.130000, -0.190000
1476374984296, 8.740000, 8.740000, 10100, 8.750000, 16900, -2.130000, -0.190000
1476374986306, 8.740000, 8.740000, 10100, 8.750000, 15900, -2.130000, -0.190000
1476374988293, 8.745000, 8.740000, 10100, 8.750000, 15900, -2.070000, -0.185000
1476374989804, 8.740000, 8.740000, 10100, 8.750000, 16600, -2.130000, -0.190000
1476374992298, 8.740000, 8.740000, 10100, 8.750000, 16500, -2.130000, -0.190000
1476374994302, 8.740000, 8.740000, 10100, 8.750000, 16200, -2.130000, -0.190000
1476374996313, 8.740000, 8.740000, 10100, 8.750000, 16200, -2.130000, -0.190000
1476374998301, 8.740000, 8.740000, 10100, 8.750000, 16300, -2.130000, -0.190000
1476375000322, 8.740000, 8.740000, 10100, 8.750000, 15500, -2.130000, -0.190000
1476375002292, 8.740000, 8.740000, 10100, 8.750000, 15600, -2.130000, -0.190000
1476375004308, 8.740000, 8.740000, 10100, 8.750000, 15500, -2.130000, -0.190000
1476375006300, 8.745000, 8.740000, 10100, 8.750000, 16500, -2.070000, -0.185000
1476375008305, 8.745000, 8.740000, 10100, 8.750000, 15700, -2.070000, -0.185000
1476375010301, 8.745000, 8.740000, 10100, 8.750000, 15300, -2.070000, -0.185000
1476375011807, 8.745000, 8.740000, 10100, 8.750000, 15300, -2.070000, -0.185000
1476375014300, 8.745000, 8.740000, 10100, 8.750000, 15300, -2.070000, -0.185000
1476375016307, 8.740000, 8.740000, 10100, 8.750000, 15400, -2.130000, -0.190000
1476375018285, 8.740000, 8.740000, 10100, 8.750000, 15400, -2.130000, -0.190000
1476375020312, 8.740000, 8.740000, 10100, 8.750000, 15400, -2.130000, -0.190000
1476375021793, 8.740000, 8.740000, 10100, 8.750000, 16600, -2.130000, -0.190000
1476375024316, 8.740000, 8.740000, 10100, 8.750000, 15300, -2.130000, -0.190000
1476375026308, 8.745000, 8.740000, 10100, 8.750000, 14900, -2.070000, -0.185000
1476375028312, 8.745000, 8.740000, 10100, 8.750000, 12500, -2.070000, -0.185000
1476375030317, 8.745000, 8.740000, 10500, 8.750000, 9300, -2.070000, -0.185000
1476375032307, 8.745000, 8.740000, 10500, 8.750000, 11700, -2.070000, -0.185000
1476375034308, 8.745000, 8.740000, 10500, 8.750000, 9300, -2.070000, -0.185000
1476375036312, 8.745000, 8.740000, 10500, 8.750000, 9300, -2.070000, -0.185000
1476375038315, 8.745000, 8.740000, 10500, 8.750000, 9300, -2.070000, -0.185000
1476375040317, 8.745000, 8.740000, 10500, 8.750000, 9300, -2.070000, -0.185000
1476375042330, 8.745000, 8.740000, 10500, 8.750000, 9300, -2.070000, -0.185000
1476375044311, 8.740000, 8.740000, 10500, 8.750000, 9100, -2.130000, -0.190000
1476375046370, 8.740000, 8.740000, 10500, 8.750000, 9100, -2.130000, -0.190000
1476375048319, 8.740000, 8.740000, 10100, 8.750000, 11700, -2.130000, -0.190000
1476375050312, 8.745000, 8.740000, 10100, 8.750000, 11600, -2.070000, -0.185000
1476375052329, 8.745000, 8.740000, 10100, 8.750000, 11600, -2.070000, -0.185000
1476375054316, 8.745000, 8.740000, 10100, 8.750000, 11600, -2.070000, -0.185000
1476375055823, 8.745000, 8.740000, 10100, 8.750000, 11600, -2.070000, -0.185000
1476375058374, 8.745000, 8.740000, 10100, 8.750000, 11700, -2.070000, -0.185000
1476375060331, 8.745000, 8.740000, 10100, 8.750000, 11700, -2.070000, -0.185000
1476375062330, 8.745000, 8.740000, 10100, 8.750000, 11700, -2.070000, -0.185000
1476375064325, 8.745000, 8.740000, 10100, 8.750000, 11700, -2.070000, -0.185000
1476375066326, 8.745000, 8.740000, 10100, 8.750000, 11700, -2.070000, -0.185000
1476375068324, 8.745000, 8.740000, 10100, 8.750000, 11700, -2.070000, -0.185000
1476375070331, 8.740000, 8.740000, 10100, 8.750000, 11700, -2.130000, -0.190000
1476375072332, 8.740000, 8.740000, 10100, 8.750000, 11800, -2.130000, -0.190000
1476375073844, 8.740000, 8.740000, 10100, 8.750000, 11800, -2.130000, -0.190000
1476375076345, 8.745000, 8.740000, 10100, 8.750000, 11800, -2.070000, -0.185000
1476375078338, 8.745000, 8.740000, 10100, 8.750000, 11800, -2.070000, -0.185000
1476375080331, 8.745000, 8.740000, 10100, 8.750000, 11800, -2.070000, -0.185000
1476375082333, 8.745000, 8.740000, 10200, 8.750000, 11800, -2.070000, -0.185000
1476375084334, 8.745000, 8.740000, 10900, 8.750000, 11500, -2.070000, -0.185000
1476375086343, 8.745000, 8.740000, 10900, 8.750000, 11400, -2.070000, -0.185000
1476375088378, 8.745000, 8.740000, 10900, 8.750000, 11500, -2.070000, -0.185000
1476375090337, 8.745000, 8.740000, 10900, 8.750000, 11600, -2.070000, -0.185000
1476375092331, 8.745000, 8.740000, 10900, 8.750000, 11600, -2.070000, -0.185000
1476375094348, 8.745000, 8.740000, 10600, 8.750000, 11600, -2.070000, -0.185000
1476375096327, 8.745000, 8.740000, 10500, 8.750000, 11600, -2.070000, -0.185000
1476375098338, 8.740000, 8.740000, 10600, 8.750000, 11400, -2.130000, -0.190000
1476375100349, 8.740000, 8.740000, 10500, 8.750000, 9000, -2.130000, -0.190000
1476375102331, 8.740000, 8.740000, 10500, 8.750000, 11400, -2.130000, -0.190000
1476375104344, 8.740000, 8.740000, 10500, 8.750000, 11600, -2.130000, -0.190000
1476375106369, 8.740000, 8.740000, 10500, 8.750000, 11600, -2.130000, -0.190000
1476375108326, 8.749000, 8.740000, 10500, 8.750000, 11600, -2.030000, -0.181000
1476375110343, 8.740000, 8.740000, 10200, 8.750000, 11900, -2.130000, -0.190000
1476375112337, 8.740000, 8.740000, 10200, 8.750000, 11900, -2.130000, -0.190000
1476375114352, 8.745400, 8.740000, 10200, 8.750000, 11700, -2.070000, -0.184600
1476375116347, 8.745400, 8.740000, 10200, 8.750000, 11800, -2.070000, -0.184600
1476375118362, 8.745000, 8.740000, 10200, 8.750000, 11900, -2.070000, -0.185000
1476375120369, 8.749000, 8.740000, 10200, 8.750000, 11900, -2.030000, -0.181000
1476375122363, 8.749000, 8.740000, 10200, 8.750000, 11900, -2.030000, -0.181000
1476375124345, 8.740000, 8.740000, 10200, 8.750000, 11900, -2.130000, -0.190000
1476375126350, 8.740000, 8.740000, 10200, 8.750000, 11900, -2.130000, -0.190000
1476375128357, 8.740000, 8.740000, 10200, 8.750000, 12300, -2.130000, -0.190000
1476375130355, 8.745000, 8.740000, 10200, 8.750000, 12500, -2.070000, -0.185000
1476375132359, 8.745000, 8.740000, 10200, 8.750000, 12500, -2.070000, -0.185000
1476375134360, 8.745000, 8.740000, 10200, 8.750000, 12300, -2.070000, -0.185000
1476375136355, 8.740000, 8.740000, 10200, 8.750000, 16000, -2.130000, -0.190000
1476375138401, 8.745000, 8.740000, 10200, 8.750000, 16000, -2.070000, -0.185000
1476375140357, 8.745000, 8.740000, 10200, 8.750000, 15500, -2.070000, -0.185000
1476375142355, 8.740000, 8.740000, 10200, 8.750000, 16400, -2.130000, -0.190000
1476375144362, 8.745000, 8.740000, 10200, 8.750000, 16500, -2.070000, -0.185000
1476375146359, 8.745000, 8.740000, 10200, 8.750000, 16200, -2.070000, -0.185000
1476375148444, 8.745000, 8.740000, 10200, 8.750000, 15600, -2.070000, -0.185000
1476375150358, 8.745000, 8.740000, 10200, 8.750000, 15800, -2.070000, -0.185000
1476375152364, 8.745000, 8.740000, 10200, 8.750000, 15800, -2.070000, -0.185000
1476375154366, 8.745000, 8.740000, 10200, 8.750000, 15900, -2.070000, -0.185000
1476375156363, 8.745000, 8.740000, 10200, 8.750000, 15900, -2.070000, -0.185000
1476375158365, 8.745000, 8.740000, 10200, 8.750000, 16000, -2.070000, -0.185000
1476375160357, 8.740000, 8.740000, 10100, 8.750000, 17000, -2.130000, -0.190000
1476375162385, 8.740000, 8.740000, 10100, 8.750000, 16000, -2.130000, -0.190000
1476375164391, 8.740000, 8.740000, 10100, 8.750000, 16000, -2.130000, -0.190000
1476375166366, 8.740000, 8.740000, 10100, 8.750000, 16000, -2.130000, -0.190000
1476375168340, 8.740000, 8.740000, 10100, 8.750000, 16000, -2.130000, -0.190000
1476375170361, 8.740000, 8.740000, 10100, 8.750000, 16200, -2.130000, -0.190000
1476375172361, 8.740000, 8.740000, 10100, 8.750000, 15600, -2.130000, -0.190000
1476375174368, 8.740000, 8.740000, 10100, 8.750000, 15600, -2.130000, -0.190000
1476375176366, 8.740000, 8.740000, 10100, 8.750000, 15600, -2.130000, -0.190000
1476375178390, 8.740000, 8.740000, 10100, 8.750000, 15600, -2.130000, -0.190000
1476375180370, 8.740000, 8.740000, 10100, 8.750000, 15700, -2.130000, -0.190000
1476375182365, 8.740000, 8.740000, 10100, 8.750000, 12300, -2.130000, -0.190000
1476375184350, 8.740000, 8.740000, 10100, 8.750000, 12300, -2.130000, -0.190000
1476375186367, 8.745000, 8.740000, 10100, 8.750000, 12300, -2.070000, -0.185000
1476375188542, 8.745000, 8.740000, 10100, 8.750000, 12300, -2.070000, -0.185000
1476375190255, 8.745000, 8.740000, 10200, 8.750000, 12400, -2.070000, -0.185000
1476375191763, 8.740000, 8.740000, 10200, 8.750000, 12400, -2.130000, -0.190000
1476375194257, 8.740000, 8.740000, 10200, 8.750000, 12400, -2.130000, -0.190000
1476375196256, 8.740000, 8.740000, 10200, 8.750000, 12400, -2.130000, -0.190000
1476375198294, 8.740000, 8.740000, 10200, 8.750000, 12300, -2.130000, -0.190000
1476375200255, 8.740000, 8.740000, 10200, 8.750000, 12400, -2.130000, -0.190000
1476375202256, 8.740000, 8.740000, 11100, 8.750000, 11500, -2.130000, -0.190000
1476375204256, 8.740000, 8.740000, 10700, 8.750000, 11500, -2.130000, -0.190000
1476375206255, 8.745000, 8.740000, 10700, 8.750000, 11800, -2.070000, -0.185000
1476375208268, 8.745000, 8.740000, 11100, 8.750000, 9400, -2.070000, -0.185000
1476375210264, 8.745000, 8.740000, 11100, 8.750000, 9400, -2.070000, -0.185000
1476375212263, 8.745000, 8.740000, 11100, 8.750000, 9300, -2.070000, -0.185000
1476375214262, 8.745000, 8.740000, 11400, 8.750000, 9000, -2.070000, -0.185000
1476375216263, 8.745000, 8.740000, 11400, 8.750000, 9100, -2.070000, -0.185000
1476375218258, 8.745000, 8.740000, 11200, 8.750000, 9100, -2.070000, -0.185000
1476375220261, 8.745000, 8.740000, 10200, 8.750000, 16100, -2.070000, -0.185000
1476375222278, 8.745000, 8.740000, 10200, 8.750000, 16100, -2.070000, -0.185000
1476375224274, 8.745000, 8.740000, 10200, 8.750000, 15500, -2.070000, -0.185000
1476375226305, 8.745000, 8.740000, 10200, 8.750000, 15400, -2.070000, -0.185000
1476375228263, 8.740000, 8.740000, 10200, 8.750000, 15400, -2.130000, -0.190000
1476375230267, 8.740000, 8.740000, 10200, 8.750000, 15400, -2.130000, -0.190000
1476375232267, 8.745500, 8.740000, 10200, 8.750000, 15400, -2.070000, -0.184500
1476375234297, 8.740000, 8.740000, 10200, 8.750000, 15400, -2.130000, -0.190000
1476375236274, 8.740000, 8.740000, 10200, 8.750000, 15300, -2.130000, -0.190000
1476375238277, 8.740000, 8.740000, 10200, 8.750000, 15300, -2.130000, -0.190000
1476375240262, 8.740000, 8.740000, 10200, 8.750000, 15300, -2.130000, -0.190000
1476375242267, 8.740000, 8.740000, 10200, 8.750000, 15400, -2.130000, -0.190000
1476375244305, 8.740000, 8.740000, 10200, 8.750000, 15400, -2.130000, -0.190000
1476375246267, 8.740000, 8.740000, 10200, 8.750000, 15900, -2.130000, -0.190000
1476375248285, 8.740000, 8.740000, 10200, 8.750000, 15900, -2.130000, -0.190000
1476375250300, 8.740000, 8.740000, 10200, 8.750000, 15900, -2.130000, -0.190000
1476375252280, 8.740000, 8.740000, 10200, 8.750000, 16000, -2.130000, -0.190000
1476375254275, 8.745000, 8.740000, 10200, 8.750000, 16000, -2.070000, -0.185000
1476375256270, 8.740000, 8.740000, 10200, 8.750000, 16200, -2.130000, -0.190000
1476375257775, 8.749900, 8.740000, 10200, 8.750000, 16000, -2.020000, -0.180100
1476375258807, 8.749900, 8.740000, 10200, 8.750000, 15900, -2.020000, -0.180100
1476375262323, 8.740000, 8.740000, 10200, 8.750000, 16000, -2.130000, -0.190000
1476375264300, 8.740000, 8.740000, 10200, 8.750000, 15700, -2.130000, -0.190000
1476375266287, 8.745000, 8.740000, 10600, 8.750000, 10800, -2.070000, -0.185000
1476375268283, 8.745000, 8.740000, 10600, 8.750000, 10800, -2.070000, -0.185000
1476375269775, 8.745000, 8.740000, 10600, 8.750000, 10800, -2.070000, -0.185000
1476375272281, 8.745000, 8.740000, 10600, 8.750000, 10100, -2.070000, -0.185000
1476375273783, 8.745000, 8.740000, 10600, 8.750000, 10100, -2.070000, -0.185000
1476375276281, 8.745000, 8.740000, 10600, 8.750000, 10100, -2.070000, -0.185000
1476375278286, 8.745000, 8.740000, 10600, 8.750000, 8100, -2.070000, -0.185000
1476375280283, 8.745000, 8.740000, 10600, 8.750000, 8100, -2.070000, -0.185000
1476375282312, 8.745000, 8.740000, 11300, 8.750000, 8100, -2.070000, -0.185000
1476375284284, 8.745000, 8.740000, 11300, 8.750000, 8100, -2.070000, -0.185000
1476375286288, 8.745000, 8.740000, 11300, 8.750000, 8200, -2.070000, -0.185000
1476375288280, 8.745000, 8.740000, 11300, 8.750000, 8200, -2.070000, -0.185000
1476375290285, 8.745000, 8.740000, 11300, 8.750000, 8300, -2.070000, -0.185000
1476375292285, 8.745000, 8.740000, 11300, 8.750000, 8300, -2.070000, -0.185000
1476375294315, 8.745000, 8.740000, 11000, 8.750000, 11700, -2.070000, -0.185000
1476375296287, 8.745000, 8.740000, 11000, 8.750000, 9200, -2.070000, -0.185000
1476375298288, 8.745000, 8.740000, 11000, 8.750000, 9200, -2.070000, -0.185000
1476375300289, 8.745000, 8.740000, 11000, 8.750000, 9200, -2.070000, -0.185000
1476375302286, 8.745000, 8.740000, 11000, 8.750000, 9100, -2.070000, -0.185000
1476375304285, 8.745000, 8.740000, 11100, 8.750000, 9000, -2.070000, -0.185000
1476375306306, 8.745000, 8.740000, 12000, 8.750000, 8800, -2.070000, -0.185000
1476375308288, 8.755000, 8.750000, 6400, 8.760000, 10700, -1.960000, -0.175000
1476375310314, 8.750000, 8.750000, 3100, 8.760000, 15600, -2.020000, -0.180000
1476375312330, 8.750000, 8.750000, 3200, 8.760000, 15800, -2.020000, -0.180000
1476375314302, 8.750000, 8.750000, 3200, 8.760000, 15900, -2.020000, -0.180000
1476375316292, 8.750000, 8.750000, 3200, 8.760000, 15600, -2.020000, -0.180000
1476375318294, 8.750000, 8.750000, 3200, 8.760000, 15600, -2.020000, -0.180000
1476375319798, 8.750000, 8.750000, 3200, 8.760000, 15600, -2.020000, -0.180000
1476375322311, 8.750000, 8.750000, 3200, 8.760000, 15600, -2.020000, -0.180000
1476375324303, 8.750000, 8.750000, 3200, 8.760000, 15900, -2.020000, -0.180000
1476375326304, 8.750000, 8.750000, 3200, 8.760000, 17000, -2.020000, -0.180000
1476375328298, 8.755000, 8.750000, 3200, 8.760000, 16000, -1.960000, -0.175000
1476375330301, 8.755000, 8.750000, 3300, 8.760000, 15900, -1.960000, -0.175000
1476375332295, 8.755000, 8.750000, 3300, 8.760000, 15900, -1.960000, -0.175000
1476375334304, 8.755000, 8.750000, 3300, 8.760000, 15700, -1.960000, -0.175000
1476375335796, 8.750000, 8.750000, 3300, 8.760000, 16100, -2.020000, -0.180000
1476375338302, 8.755000, 8.750000, 2000, 8.760000, 17700, -1.960000, -0.175000
1476375340296, 8.755000, 8.750000, 2000, 8.760000, 16500, -1.960000, -0.175000
1476375341794, 8.750000, 8.750000, 2000, 8.760000, 15600, -2.020000, -0.180000
1476375344345, 8.750000, 8.750000, 2000, 8.760000, 15600, -2.020000, -0.180000
1476375346309, 8.750000, 8.750000, 2000, 8.760000, 15600, -2.020000, -0.180000
1476375348310, 8.750000, 8.750000, 2000, 8.760000, 16600, -2.020000, -0.180000
1476375350308, 8.750000, 8.750000, 2000, 8.760000, 16600, -2.020000, -0.180000
1476375352306, 8.750000, 8.750000, 2000, 8.760000, 16600, -2.020000, -0.180000
1476375354312, 8.750000, 8.750000, 2000, 8.760000, 16600, -2.020000, -0.180000
1476375356307, 8.750000, 8.750000, 2000, 8.760000, 16600, -2.020000, -0.180000
1476375358347, 8.750000, 8.750000, 2000, 8.760000, 15200, -2.020000, -0.180000
1476375360308, 8.750000, 8.750000, 2000, 8.760000, 15200, -2.020000, -0.180000
1476375362305, 8.750000, 8.750000, 2000, 8.760000, 15200, -2.020000, -0.180000
1476375364313, 8.750000, 8.750000, 2000, 8.760000, 15200, -2.020000, -0.180000
1476375366316, 8.750000, 8.750000, 2000, 8.760000, 16100, -2.020000, -0.180000
1476375368328, 8.750000, 8.750000, 2000, 8.760000, 16100, -2.020000, -0.180000
1476375370309, 8.750000, 8.750000, 2000, 8.760000, 16200, -2.020000, -0.180000
1476375372351, 8.750000, 8.750000, 2000, 8.760000, 16200, -2.020000, -0.180000
1476375374306, 8.750000, 8.750000, 2000, 8.760000, 16200, -2.020000, -0.180000
1476375376309, 8.750000, 8.750000, 2000, 8.760000, 15300, -2.020000, -0.180000
1476375378332, 8.750000, 8.750000, 1900, 8.760000, 18400, -2.020000, -0.180000
1476375380313, 8.750000, 8.750000, 1900, 8.760000, 17600, -2.020000, -0.180000
1476375382305, 8.750000, 8.750000, 1900, 8.760000, 17800, -2.020000, -0.180000
1476375384311, 8.750000, 8.750000, 1900, 8.760000, 17600, -2.020000, -0.180000
1476375386358, 8.740000, 8.740000, 10000, 8.750000, 16000, -2.130000, -0.190000
1476375387817, 8.740000, 8.740000, 10000, 8.750000, 16000, -2.130000, -0.190000
1476375390327, 8.740000, 8.740000, 10000, 8.750000, 16000, -2.130000, -0.190000
1476375392329, 8.740000, 8.740000, 10000, 8.750000, 16200, -2.130000, -0.190000
1476375393819, 8.740000, 8.740000, 10000, 8.750000, 16200, -2.130000, -0.190000
1476375396400, 8.750000, 8.740000, 10900, 8.750000, 13600, -2.020000, -0.180000
1476375398325, 8.750000, 8.740000, 10900, 8.750000, 13600, -2.020000, -0.180000
1476375400318, 8.750000, 8.740000, 10900, 8.750000, 13500, -2.020000, -0.180000
1476375402329, 8.745000, 8.740000, 10000, 8.750000, 16000, -2.070000, -0.185000
1476375403818, 8.745000, 8.740000, 10000, 8.750000, 16000, -2.070000, -0.185000
1476375406331, 8.745000, 8.740000, 10000, 8.750000, 16100, -2.070000, -0.185000
1476375408320, 8.749000, 8.740000, 10700, 8.750000, 16400, -2.030000, -0.181000
1476375410342, 8.749000, 8.740000, 10700, 8.750000, 15800, -2.030000, -0.181000
1476375412315, 8.749000, 8.740000, 10700, 8.750000, 15400, -2.030000, -0.181000
1476375414337, 8.749000, 8.740000, 10700, 8.750000, 12500, -2.030000, -0.181000
1476375415827, 8.741000, 8.740000, 10700, 8.750000, 12500, -2.120000, -0.189000
1476375418328, 8.741000, 8.740000, 10700, 8.750000, 12500, -2.120000, -0.189000
1476375420327, 8.741000, 8.740000, 10700, 8.750000, 12500, -2.120000, -0.189000
1476375422338, 8.741000, 8.740000, 10700, 8.750000, 12500, -2.120000, -0.189000
1476375424352, 8.741000, 8.740000, 10700, 8.750000, 15500, -2.120000, -0.189000
1476375426325, 8.741000, 8.740000, 10700, 8.750000, 15500, -2.120000, -0.189000
1476375428342, 8.741000, 8.740000, 10700, 8.750000, 15500, -2.120000, -0.189000
1476375430370, 8.741000, 8.740000, 10700, 8.750000, 15400, -2.120000, -0.189000
1476375432337, 8.740000, 8.740000, 10700, 8.750000, 15500, -2.130000, -0.190000
1476375434336, 8.740000, 8.740000, 10700, 8.750000, 15500, -2.130000, -0.190000
1476375436333, 8.740000, 8.740000, 10700, 8.750000, 15500, -2.130000, -0.190000
1476375438353, 8.740000, 8.740000, 10700, 8.750000, 18600, -2.130000, -0.190000
1476375440345, 8.745000, 8.740000, 10700, 8.750000, 18700, -2.070000, -0.185000
1476375442346, 8.745000, 8.740000, 10700, 8.750000, 18700, -2.070000, -0.185000
1476375444347, 8.745000, 8.740000, 10700, 8.750000, 17900, -2.070000, -0.185000
1476375446349, 8.745000, 8.740000, 10700, 8.750000, 17900, -2.070000, -0.185000
1476375448350, 8.745000, 8.740000, 10700, 8.750000, 15300, -2.070000, -0.185000
1476375450341, 8.745000, 8.740000, 10700, 8.750000, 15400, -2.070000, -0.185000
1476375452339, 8.745000, 8.740000, 10700, 8.750000, 15300, -2.070000, -0.185000
1476375454353, 8.750000, 8.740000, 11700, 8.750000, 12600, -2.020000, -0.180000
1476375456341, 8.750000, 8.740000, 11700, 8.750000, 13600, -2.020000, -0.180000
1476375458355, 8.750000, 8.740000, 11700, 8.750000, 13400, -2.020000, -0.180000
1476375460355, 8.750000, 8.740000, 11700, 8.750000, 13300, -2.020000, -0.180000
1476375462355, 8.750000, 8.740000, 11600, 8.750000, 13300, -2.020000, -0.180000
1476375464339, 8.750000, 8.740000, 11600, 8.750000, 13300, -2.020000, -0.180000
1476375466341, 8.750000, 8.740000, 11600, 8.750000, 13200, -2.020000, -0.180000
1476375468349, 8.740000, 8.740000, 11100, 8.750000, 13600, -2.130000, -0.190000
1476375470356, 8.740000, 8.740000, 11100, 8.750000, 13300, -2.130000, -0.190000
1476375472341, 8.740000, 8.740000, 11100, 8.750000, 13300, -2.130000, -0.190000
1476375474355, 8.740000, 8.740000, 10800, 8.750000, 15700, -2.130000, -0.190000
1476375476396, 8.740000, 8.740000, 10800, 8.750000, 15800, -2.130000, -0.190000
1476375478349, 8.740000, 8.740000, 10800, 8.750000, 15800, -2.130000, -0.190000
1476375480358, 8.740000, 8.740000, 10800, 8.750000, 15800, -2.130000, -0.190000
1476375482377, 8.740000, 8.740000, 10800, 8.750000, 15600, -2.130000, -0.190000
1476375484357, 8.740000, 8.740000, 10800, 8.750000, 15600, -2.130000, -0.190000
1476375486357, 8.740000, 8.740000, 10800, 8.750000, 15600, -2.130000, -0.190000
1476375488358, 8.740000, 8.740000, 10800, 8.750000, 16400, -2.130000, -0.190000
1476375490367, 8.740000, 8.740000, 10800, 8.750000, 16400, -2.130000, -0.190000
1476375492360, 8.740000, 8.740000, 10800, 8.750000, 16400, -2.130000, -0.190000
1476375494348, 8.745000, 8.740000, 10800, 8.750000, 16400, -2.070000, -0.185000
1476375496357, 8.745000, 8.740000, 10800, 8.750000, 16400, -2.070000, -0.185000
1476375498389, 8.745000, 8.740000, 10800, 8.750000, 15600, -2.070000, -0.185000
1476375500364, 8.745000, 8.740000, 10800, 8.750000, 16700, -2.070000, -0.185000
1476375502350, 8.745000, 8.740000, 10800, 8.750000, 16400, -2.070000, -0.185000
1476375504365, 8.745000, 8.740000, 10800, 8.750000, 16400, -2.070000, -0.185000
1476375506359, 8.745000, 8.740000, 10800, 8.750000, 16400, -2.070000, -0.185000
1476375508363, 8.745000, 8.740000, 10800, 8.750000, 16400, -2.070000, -0.185000
1476375509853, 8.745000, 8.740000, 10800, 8.750000, 16400, -2.070000, -0.185000
1476375512388, 8.745000, 8.740000, 10800, 8.750000, 16500, -2.070000, -0.185000
1476375513964, 8.735000, 8.730000, 5800, 8.740000, 17700, -2.180000, -0.195000
1476375516252, 8.735000, 8.730000, 6000, 8.740000, 17700, -2.180000, -0.195000
1476375518751, 8.740000, 8.730000, 6000, 8.740000, 17500, -2.130000, -0.190000
1476375520755, 8.740000, 8.730000, 5800, 8.740000, 17600, -2.130000, -0.190000
1476375522751, 8.740000, 8.730000, 5800, 8.740000, 17700, -2.130000, -0.190000
1476375524262, 8.740000, 8.730000, 5800, 8.740000, 17600, -2.130000, -0.190000
1476375526754, 8.740000, 8.730000, 5800, 8.740000, 17600, -2.130000, -0.190000
1476375528753, 8.735000, 8.730000, 5800, 8.740000, 17600, -2.180000, -0.195000
1476375530259, 8.735000, 8.730000, 5800, 8.740000, 17600, -2.180000, -0.195000
1476375532765, 8.730000, 8.730000, 5800, 8.740000, 15800, -2.240000, -0.200000
1476375534761, 8.730000, 8.730000, 5800, 8.740000, 15800, -2.240000, -0.200000
1476375536758, 8.730000, 8.730000, 5800, 8.740000, 13000, -2.240000, -0.200000
1476375538752, 8.730000, 8.730000, 5800, 8.740000, 13000, -2.240000, -0.200000
1476375540767, 8.730000, 8.730000, 5900, 8.740000, 13100, -2.240000, -0.200000
1476375542794, 8.730000, 8.730000, 5900, 8.740000, 13100, -2.240000, -0.200000
1476375544760, 8.730000, 8.730000, 5900, 8.740000, 13100, -2.240000, -0.200000
1476375546769, 8.730000, 8.730000, 5900, 8.740000, 13400, -2.240000, -0.200000
1476375548767, 8.730000, 8.730000, 5900, 8.740000, 13400, -2.240000, -0.200000
1476375550765, 8.730000, 8.730000, 5900, 8.740000, 13400, -2.240000, -0.200000
1476375552763, 8.730000, 8.730000, 5900, 8.740000, 13400, -2.240000, -0.200000
1476375554772, 8.730000, 8.730000, 5900, 8.740000, 13400, -2.240000, -0.200000
1476375556762, 8.730000, 8.730000, 5900, 8.740000, 13400, -2.240000, -0.200000
1476375558773, 8.730000, 8.730000, 5900, 8.740000, 13400, -2.240000, -0.200000
1476375560774, 8.730000, 8.730000, 5900, 8.740000, 13400, -2.240000, -0.200000
1476375562762, 8.730000, 8.730000, 5900, 8.740000, 13300, -2.240000, -0.200000
1476375564777, 8.730000, 8.730000, 5900, 8.740000, 13100, -2.240000, -0.200000
1476375566768, 8.735000, 8.730000, 5900, 8.740000, 13100, -2.180000, -0.195000
1476375568787, 8.730000, 8.730000, 5900, 8.740000, 13200, -2.240000, -0.200000
1476375570288, 8.730000, 8.730000, 5900, 8.740000, 13300, -2.240000, -0.200000
1476375572769, 8.735000, 8.730000, 5900, 8.740000, 13300, -2.180000, -0.195000
1476375574770, 8.735000, 8.730000, 5900, 8.740000, 13300, -2.180000, -0.195000
1476375576770, 8.735000, 8.730000, 5900, 8.740000, 13300, -2.180000, -0.195000
1476375578775, 8.730000, 8.730000, 5900, 8.740000, 14700, -2.240000, -0.200000
1476375580774, 8.730000, 8.730000, 5900, 8.740000, 13300, -2.240000, -0.200000
1476375582786, 8.730000, 8.730000, 5900, 8.740000, 13300, -2.240000, -0.200000
1476375584282, 8.730000, 8.730000, 5900, 8.740000, 13300, -2.240000, -0.200000
1476375586794, 8.730000, 8.730000, 5900, 8.740000, 13200, -2.240000, -0.200000
1476375588771, 8.735000, 8.730000, 5900, 8.740000, 13100, -2.180000, -0.195000
1476375590282, 8.735000, 8.730000, 5900, 8.740000, 13100, -2.180000, -0.195000
1476375592771, 8.735000, 8.730000, 5900, 8.740000, 13100, -2.180000, -0.195000
1476375594775, 8.735000, 8.730000, 5900, 8.740000, 12300, -2.180000, -0.195000
1476375596805, 8.735000, 8.730000, 5900, 8.740000, 12200, -2.180000, -0.195000
1476375598789, 8.735000, 8.730000, 5900, 8.740000, 12200, -2.180000, -0.195000
1476375600781, 8.735000, 8.730000, 5900, 8.740000, 12800, -2.180000, -0.195000
1476375602788, 8.735000, 8.730000, 5900, 8.740000, 12800, -2.180000, -0.195000
1476375604786, 8.735000, 8.730000, 5900, 8.740000, 12800, -2.180000, -0.195000
1476375606778, 8.735000, 8.730000, 5900, 8.740000, 12900, -2.180000, -0.195000
1476375608784, 8.735000, 8.730000, 5900, 8.740000, 13000, -2.180000, -0.195000
1476375610782, 8.735000, 8.730000, 5900, 8.740000, 13000, -2.180000, -0.195000
1476375612787, 8.735000, 8.730000, 5900, 8.740000, 13100, -2.180000, -0.195000
1476375614762, 8.730000, 8.730000, 5900, 8.740000, 12900, -2.240000, -0.200000
1476375616790, 8.730000, 8.730000, 5900, 8.740000, 12900, -2.240000, -0.200000
1476375618823, 8.730000, 8.730000, 5900, 8.740000, 12900, -2.240000, -0.200000
1476375620801, 8.735000, 8.730000, 5900, 8.740000, 12900, -2.180000, -0.195000
1476375622785, 8.735000, 8.730000, 5900, 8.740000, 12900, -2.180000, -0.195000
1476375624793, 8.735000, 8.730000, 5900, 8.740000, 12900, -2.180000, -0.195000
1476375626802, 8.735000, 8.730000, 5900, 8.740000, 12900, -2.180000, -0.195000
1476375628822, 8.730000, 8.730000, 5900, 8.740000, 13100, -2.240000, -0.200000
1476375630780, 8.730000, 8.730000, 5900, 8.740000, 13200, -2.240000, -0.200000
1476375632793, 8.730000, 8.730000, 5900, 8.740000, 13200, -2.240000, -0.200000
1476375634797, 8.730000, 8.730000, 5900, 8.740000, 13200, -2.240000, -0.200000
1476375636792, 8.730000, 8.730000, 5900, 8.740000, 13200, -2.240000, -0.200000
1476375638779, 8.735000, 8.730000, 5900, 8.740000, 13200, -2.180000, -0.195000
1476375640792, 8.735000, 8.730000, 5900, 8.740000, 13200, -2.180000, -0.195000
1476375642789, 8.735000, 8.730000, 5900, 8.740000, 13200, -2.180000, -0.195000
1476375644799, 8.735000, 8.730000, 5900, 8.740000, 13200, -2.180000, -0.195000
1476375646799, 8.735000, 8.730000, 5900, 8.740000, 13200, -2.180000, -0.195000
1476375648794, 8.735000, 8.730000, 5900, 8.740000, 13200, -2.180000, -0.195000
1476375650794, 8.735000, 8.730000, 5900, 8.740000, 13200, -2.180000, -0.195000
1476375652799, 8.735000, 8.730000, 5900, 8.740000, 13200, -2.180000, -0.195000
1476375654785, 8.735000, 8.730000, 5900, 8.740000, 13000, -2.180000, -0.195000
1476375656807, 8.735000, 8.730000, 5900, 8.740000, 13100, -2.180000, -0.195000
1476375658796, 8.735000, 8.730000, 5900, 8.740000, 13200, -2.180000, -0.195000
1476375660813, 8.735000, 8.730000, 5900, 8.740000, 13100, -2.180000, -0.195000
1476375662799, 8.735000, 8.730000, 5900, 8.740000, 13100, -2.180000, -0.195000
1476375664801, 8.735000, 8.730000, 5900, 8.740000, 13100, -2.180000, -0.195000
1476375666799, 8.735000, 8.730000, 5900, 8.740000, 13000, -2.180000, -0.195000
1476375668798, 8.730000, 8.730000, 5700, 8.740000, 14000, -2.240000, -0.200000
1476375670787, 8.730000, 8.730000, 5700, 8.740000, 13900, -2.240000, -0.200000
1476375672808, 8.730000, 8.730000, 5700, 8.740000, 13100, -2.240000, -0.200000
1476375674804, 8.730000, 8.730000, 5700, 8.740000, 13100, -2.240000, -0.200000
1476375676815, 8.730000, 8.730000, 5700, 8.740000, 13100, -2.240000, -0.200000
1476375678812, 8.730000, 8.730000, 5700, 8.740000, 13000, -2.240000, -0.200000
1476375680812, 8.735000, 8.730000, 5700, 8.740000, 13000, -2.180000, -0.195000
1476375682816, 8.738800, 8.730000, 5700, 8.740000, 13000, -2.140000, -0.191200
1476375684828, 8.738800, 8.730000, 5700, 8.740000, 13100, -2.140000, -0.191200
1476375686811, 8.730000, 8.730000, 5700, 8.740000, 13100, -2.240000, -0.200000
1476375688810, 8.730000, 8.730000, 5700, 8.740000, 13200, -2.240000, -0.200000
1476375690809, 8.730000, 8.730000, 5700, 8.740000, 13200, -2.240000, -0.200000
1476375692310, 8.730000, 8.730000, 5700, 8.740000, 13200, -2.240000, -0.200000
1476375694810, 8.730000, 8.730000, 5700, 8.740000, 13000, -2.240000, -0.200000
1476375696808, 8.730000, 8.730000, 5700, 8.740000, 12900, -2.240000, -0.200000
1476375698831, 8.730000, 8.730000, 5700, 8.740000, 12900, -2.240000, -0.200000
1476375700809, 8.730000, 8.730000, 5700, 8.740000, 12900, -2.240000, -0.200000
1476375702811, 8.730000, 8.730000, 5700, 8.740000, 12900, -2.240000, -0.200000
1476375704827, 8.730000, 8.730000, 5700, 8.740000, 12900, -2.240000, -0.200000
1476375706811, 8.730000, 8.730000, 5700, 8.740000, 12600, -2.240000, -0.200000
1476375708820, 8.730000, 8.730000, 5700, 8.740000, 12600, -2.240000, -0.200000
1476375710822, 8.735000, 8.730000, 5700, 8.740000, 12600, -2.180000, -0.195000
1476375712834, 8.735000, 8.730000, 5700, 8.740000, 12700, -2.180000, -0.195000
1476375714802, 8.730000, 8.730000, 5700, 8.740000, 12800, -2.240000, -0.200000
1476375716826, 8.730000, 8.730000, 5700, 8.740000, 12800, -2.240000, -0.200000
1476375718830, 8.730000, 8.730000, 5700, 8.740000, 13200, -2.240000, -0.200000
1476375720829, 8.730000, 8.730000, 6700, 8.740000, 13200, -2.240000, -0.200000
1476375722824, 8.730000, 8.730000, 6700, 8.740000, 13200, -2.240000, -0.200000
1476375724836, 8.730000, 8.730000, 6700, 8.740000, 13200, -2.240000, -0.200000
1476375726854, 8.730000, 8.730000, 6700, 8.740000, 13200, -2.240000, -0.200000
1476375728826, 8.730000, 8.730000, 6700, 8.740000, 13200, -2.240000, -0.200000
1476375730848, 8.730000, 8.730000, 6700, 8.740000, 13100, -2.240000, -0.200000
1476375732836, 8.730000, 8.730000, 6700, 8.740000, 13100, -2.240000, -0.200000
1476375734845, 8.730000, 8.730000, 6900, 8.740000, 13100, -2.240000, -0.200000
1476375736833, 8.730000, 8.730000, 6900, 8.740000, 13100, -2.240000, -0.200000
1476375738834, 8.730000, 8.730000, 7800, 8.740000, 12800, -2.240000, -0.200000
1476375740836, 8.730000, 8.730000, 7800, 8.740000, 12800, -2.240000, -0.200000
1476375742864, 8.730000, 8.730000, 7800, 8.740000, 12400, -2.240000, -0.200000
1476375744868, 8.730000, 8.730000, 7400, 8.740000, 12400, -2.240000, -0.200000
1476375746835, 8.735000, 8.730000, 7400, 8.740000, 12400, -2.180000, -0.195000
1476375748825, 8.735000, 8.730000, 7400, 8.740000, 12400, -2.180000, -0.195000
1476375750829, 8.735000, 8.730000, 15500, 8.740000, 5400, -2.180000, -0.195000
1476375752825, 8.735000, 8.730000, 15600, 8.740000, 5400, -2.180000, -0.195000
1476375754839, 8.735000, 8.730000, 15100, 8.740000, 5400, -2.180000, -0.195000
1476375756836, 8.735000, 8.730000, 10300, 8.740000, 5400, -2.180000, -0.195000
1476375758831, 8.735000, 8.730000, 10300, 8.740000, 5400, -2.180000, -0.195000
1476375760824, 8.735000, 8.730000, 10400, 8.740000, 5200, -2.180000, -0.195000
1476375762845, 8.735000, 8.730000, 10400, 8.740000, 5200, -2.180000, -0.195000
1476375764856, 8.735000, 8.730000, 10400, 8.740000, 5100, -2.180000, -0.195000
1476375766855, 8.735000, 8.730000, 10400, 8.740000, 5100, -2.180000, -0.195000
1476375768859, 8.735000, 8.730000, 10400, 8.740000, 5100, -2.180000, -0.195000
1476375770839, 8.735000, 8.730000, 10400, 8.740000, 5200, -2.180000, -0.195000
1476375772843, 8.745000, 8.740000, 8300, 8.750000, 16500, -2.070000, -0.185000
1476375774845, 8.750000, 8.740000, 15600, 8.750000, 8400, -2.020000, -0.180000
1476375776840, 8.745000, 8.740000, 16200, 8.750000, 5200, -2.070000, -0.185000
1476375778885, 8.745000, 8.740000, 16300, 8.750000, 4900, -2.070000, -0.185000
1476375780844, 8.745000, 8.740000, 15600, 8.750000, 4900, -2.070000, -0.185000
1476375782847, 8.745000, 8.740000, 15600, 8.750000, 4900, -2.070000, -0.185000
1476375784838, 8.755000, 8.750000, 2200, 8.760000, 16700, -1.960000, -0.175000
1476375786855, 8.735000, 8.730000, 10300, 8.740000, 6400, -2.180000, -0.195000
1476375788838, 8.735000, 8.730000, 10700, 8.740000, 7600, -2.180000, -0.195000
1476375790843, 8.735000, 8.730000, 10700, 8.740000, 7600, -2.180000, -0.195000
1476375792385, 8.735000, 8.730000, 10200, 8.740000, 8700, -2.180000, -0.195000
1476375794846, 8.735000, 8.730000, 10100, 8.740000, 8400, -2.180000, -0.195000
1476375796831, 8.735000, 8.730000, 7900, 8.740000, 8500, -2.180000, -0.195000
1476375798848, 8.735000, 8.730000, 8000, 8.740000, 7500, -2.180000, -0.195000
1476375800844, 8.735000, 8.730000, 8100, 8.740000, 7900, -2.180000, -0.195000
1476375802847, 8.735000, 8.730000, 8500, 8.740000, 7700, -2.180000, -0.195000
1476375804851, 8.735000, 8.730000, 8300, 8.740000, 7700, -2.180000, -0.195000
1476375806854, 8.735000, 8.730000, 8300, 8.740000, 7900, -2.180000, -0.195000
1476375808846, 8.735000, 8.730000, 8300, 8.740000, 8000, -2.180000, -0.195000
1476375810848, 8.735000, 8.730000, 8500, 8.740000, 8000, -2.180000, -0.195000
1476375812842, 8.735000, 8.730000, 8500, 8.740000, 8100, -2.180000, -0.195000
1476375814840, 8.735000, 8.730000, 8200, 8.740000, 8200, -2.180000, -0.195000
1476375816837, 8.735000, 8.730000, 8200, 8.740000, 8200, -2.180000, -0.195000
1476375818848, 8.735000, 8.730000, 7900, 8.740000, 9100, -2.180000, -0.195000
1476375820854, 8.735000, 8.730000, 7900, 8.740000, 9100, -2.180000, -0.195000
1476375822858, 8.735000, 8.730000, 7900, 8.740000, 9100, -2.180000, -0.195000
1476375824845, 8.735000, 8.730000, 7900, 8.740000, 9200, -2.180000, -0.195000
1476375826858, 8.735000, 8.730000, 7900, 8.740000, 9200, -2.180000, -0.195000
1476375828862, 8.735000, 8.730000, 7900, 8.740000, 9200, -2.180000, -0.195000
1476375830347, 8.735000, 8.730000, 7900, 8.740000, 9400, -2.180000, -0.195000
1476375832849, 8.735000, 8.730000, 5600, 8.740000, 9600, -2.180000, -0.195000
1476375834854, 8.735000, 8.730000, 6000, 8.740000, 9300, -2.180000, -0.195000
1476375836847, 8.735000, 8.730000, 6000, 8.740000, 9300, -2.180000, -0.195000
1476375838854, 8.735000, 8.730000, 6000, 8.740000, 9200, -2.180000, -0.195000
1476375840853, 8.735000, 8.730000, 6000, 8.740000, 9200, -2.180000, -0.195000
1476375842850, 8.735000, 8.730000, 6000, 8.740000, 9200, -2.180000, -0.195000
1476375844853, 8.735000, 8.730000, 6000, 8.740000, 9200, -2.180000, -0.195000
1476375846859, 8.735000, 8.730000, 6000, 8.740000, 9200, -2.180000, -0.195000
1476375848854, 8.735000, 8.730000, 6000, 8.740000, 9500, -2.180000, -0.195000
1476375850826, 8.735000, 8.730000, 6000, 8.740000, 9500, -2.180000, -0.195000
1476375852041, 8.735000, 8.730000, 6000, 8.740000, 8300, -2.180000, -0.195000
1476375854749, 8.735000, 8.730000, 6000, 8.740000, 8400, -2.180000, -0.195000
1476375856251, 8.735000, 8.730000, 6000, 8.740000, 8400, -2.180000, -0.195000
1476375858751, 8.735000, 8.730000, 6000, 8.740000, 8500, -2.180000, -0.195000
1476375860753, 8.735000, 8.730000, 6000, 8.740000, 8400, -2.180000, -0.195000
1476375862754, 8.735000, 8.730000, 6000, 8.740000, 8200, -2.180000, -0.195000
1476375864765, 8.735000, 8.730000, 6000, 8.740000, 8200, -2.180000, -0.195000
1476375866769, 8.735000, 8.730000, 6000, 8.740000, 8900, -2.180000, -0.195000
1476375868758, 8.735000, 8.730000, 6000, 8.740000, 8800, -2.180000, -0.195000
1476375870753, 8.739900, 8.730000, 6000, 8.740000, 8800, -2.130000, -0.190100
1476375872752, 8.739900, 8.730000, 6700, 8.740000, 7800, -2.130000, -0.190100
1476375874792, 8.739900, 8.730000, 6500, 8.740000, 7800, -2.130000, -0.190100
1476375876753, 8.739900, 8.730000, 6500, 8.740000, 7800, -2.130000, -0.190100
1476375878758, 8.739900, 8.730000, 6500, 8.740000, 8000, -2.130000, -0.190100
1476375880760, 8.739900, 8.730000, 6500, 8.740000, 8000, -2.130000, -0.190100
1476375882776, 8.739900, 8.730000, 6200, 8.740000, 8100, -2.130000, -0.190100
1476375884765, 8.739900, 8.730000, 6200, 8.740000, 8000, -2.130000, -0.190100
1476375886760, 8.739900, 8.730000, 6200, 8.740000, 8000, -2.130000, -0.190100
1476375888761, 8.739900, 8.730000, 6200, 8.740000, 8100, -2.130000, -0.190100
1476375890765, 8.739900, 8.730000, 6200, 8.740000, 8100, -2.130000, -0.190100
1476375892766, 8.739900, 8.730000, 6200, 8.740000, 8100, -2.130000, -0.190100
1476375894762, 8.737700, 8.730000, 6000, 8.740000, 8300, -2.150000, -0.192300
1476375896765, 8.730000, 8.730000, 5100, 8.740000, 8400, -2.240000, -0.200000
1476375898765, 8.730000, 8.730000, 5600, 8.740000, 14400, -2.240000, -0.200000
1476375900766, 8.730000, 8.730000, 5600, 8.740000, 11000, -2.240000, -0.200000
1476375902762, 8.730100, 8.730000, 5600, 8.740000, 10900, -2.240000, -0.199900
1476375904767, 8.730100, 8.730000, 5600, 8.740000, 10800, -2.240000, -0.199900
1476375906768, 8.730100, 8.730000, 5600, 8.740000, 13600, -2.240000, -0.199900
1476375908767, 8.730100, 8.730000, 5600, 8.740000, 11000, -2.240000, -0.199900
1476375910772, 8.730100, 8.730000, 5600, 8.740000, 13600, -2.240000, -0.199900
1476375912786, 8.730000, 8.730000, 5600, 8.740000, 14100, -2.240000, -0.200000
1476375914769, 8.730000, 8.730000, 5600, 8.740000, 14200, -2.240000, -0.200000
1476375916764, 8.730000, 8.730000, 5600, 8.740000, 14300, -2.240000, -0.200000
1476375918764, 8.730000, 8.730000, 5600, 8.740000, 13400, -2.240000, -0.200000
1476375920807, 8.730000, 8.730000, 5600, 8.740000, 14800, -2.240000, -0.200000
1476375922762, 8.730000, 8.730000, 5600, 8.740000, 14700, -2.240000, -0.200000
1476375924785, 8.730000, 8.730000, 5600, 8.740000, 14700, -2.240000, -0.200000
1476375926765, 8.730000, 8.730000, 5600, 8.740000, 14400, -2.240000, -0.200000
1476375928798, 8.735000, 8.730000, 5600, 8.740000, 17800, -2.180000, -0.195000
1476375930769, 8.735000, 8.730000, 5600, 8.740000, 17800, -2.180000, -0.195000
1476375932778, 8.735000, 8.730000, 5600, 8.740000, 17700, -2.180000, -0.195000
1476375934779, 8.735000, 8.730000, 5600, 8.740000, 17300, -2.180000, -0.195000
1476375936776, 8.735000, 8.730000, 5600, 8.740000, 17200, -2.180000, -0.195000
1476375938775, 8.730000, 8.730000, 5600, 8.740000, 17200, -2.240000, -0.200000
1476375940778, 8.730000, 8.730000, 5600, 8.740000, 17200, -2.240000, -0.200000
1476375942784, 8.730000, 8.730000, 5600, 8.740000, 17200, -2.240000, -0.200000
1476375944786, 8.730000, 8.730000, 5600, 8.740000, 17100, -2.240000, -0.200000
1476375946277, 8.730000, 8.730000, 5600, 8.740000, 17100, -2.240000, -0.200000
1476375948800, 8.730000, 8.730000, 5600, 8.740000, 17000, -2.240000, -0.200000
1476375950779, 8.730000, 8.730000, 5600, 8.740000, 17000, -2.240000, -0.200000
1476375952783, 8.730000, 8.730000, 5600, 8.740000, 17100, -2.240000, -0.200000
1476375954281, 8.730000, 8.730000, 5600, 8.740000, 17100, -2.240000, -0.200000
1476375956797, 8.735000, 8.730000, 5600, 8.740000, 17100, -2.180000, -0.195000
1476375958785, 8.735000, 8.730000, 5600, 8.740000, 17000, -2.180000, -0.195000
1476375960795, 8.735000, 8.730000, 5600, 8.740000, 17000, -2.180000, -0.195000
1476375962788, 8.735000, 8.730000, 5600, 8.740000, 16700, -2.180000, -0.195000
1476375964791, 8.735000, 8.730000, 5600, 8.740000, 16700, -2.180000, -0.195000
1476375966782, 8.736800, 8.730000, 5600, 8.740000, 16600, -2.160000, -0.193200
1476375968785, 8.736800, 8.730000, 5600, 8.740000, 16600, -2.160000, -0.193200
1476375970800, 8.732600, 8.730000, 5600, 8.740000, 16500, -2.210000, -0.197400
1476375972790, 8.735000, 8.730000, 5600, 8.740000, 16800, -2.180000, -0.195000
1476375974778, 8.735000, 8.730000, 5600, 8.740000, 16700, -2.180000, -0.195000
1476375976789, 8.735000, 8.730000, 5600, 8.740000, 16600, -2.180000, -0.195000
1476375978793, 8.735000, 8.730000, 5600, 8.740000, 16600, -2.180000, -0.195000
1476375980789, 8.735000, 8.730000, 5600, 8.740000, 16700, -2.180000, -0.195000
1476375982786, 8.730000, 8.730000, 5600, 8.740000, 16700, -2.240000, -0.200000
1476375983806, 8.730000, 8.730000, 5600, 8.740000, 16300, -2.240000, -0.200000
1476375986790, 8.730000, 8.730000, 5600, 8.740000, 13500, -2.240000, -0.200000
1476375988796, 8.730000, 8.730000, 5600, 8.740000, 13500, -2.240000, -0.200000
1476375990791, 8.730000, 8.730000, 5600, 8.740000, 13500, -2.240000, -0.200000
1476375992800, 8.730000, 8.730000, 5600, 8.740000, 13400, -2.240000, -0.200000
1476375994795, 8.730000, 8.730000, 5600, 8.740000, 13400, -2.240000, -0.200000
1476375996865, 8.730000, 8.730000, 5600, 8.740000, 13400, -2.240000, -0.200000
1476375998815, 8.730000, 8.730000, 5600, 8.740000, 13400, -2.240000, -0.200000
1476376000797, 8.730000, 8.730000, 5600, 8.740000, 13400, -2.240000, -0.200000
1476376002804, 8.730000, 8.730000, 5600, 8.740000, 13400, -2.240000, -0.200000
1476376004796, 8.730000, 8.730000, 5600, 8.740000, 13400, -2.240000, -0.200000
1476376006799, 8.730000, 8.730000, 5600, 8.740000, 13400, -2.240000, -0.200000
1476376008798, 8.730000, 8.730000, 5600, 8.740000, 13500, -2.240000, -0.200000
1476376010829, 8.730000, 8.730000, 5600, 8.740000, 13500, -2.240000, -0.200000
1476376012836, 8.730000, 8.730000, 5600, 8.740000, 13400, -2.240000, -0.200000
1476376014841, 8.735000, 8.730000, 4700, 8.740000, 18000, -2.180000, -0.195000
1476376016806, 8.735000, 8.730000, 5600, 8.740000, 18600, -2.180000, -0.195000
1476376018816, 8.735000, 8.730000, 5600, 8.740000, 18200, -2.180000, -0.195000
1476376020807, 8.730000, 8.730000, 5600, 8.740000, 18100, -2.240000, -0.200000
1476376022813, 8.725000, 8.720000, 4800, 8.730000, 17500, -2.300000, -0.205000
1476376024809, 8.725000, 8.720000, 5800, 8.730000, 17500, -2.300000, -0.205000
1476376026829, 8.725000, 8.720000, 5800, 8.730000, 15800, -2.300000, -0.205000
1476376028829, 8.720000, 8.720000, 5100, 8.730000, 16900, -2.350000, -0.210000
1476376030815, 8.720000, 8.720000, 4600, 8.730000, 16900, -2.350000, -0.210000
1476376032810, 8.720000, 8.720000, 4800, 8.730000, 16900, -2.350000, -0.210000
1476376034807, 8.730000, 8.720000, 6200, 8.730000, 16500, -2.240000, -0.200000
1476376036811, 8.730000, 8.720000, 6200, 8.730000, 16500, -2.240000, -0.200000
1476376038814, 8.720000, 8.720000, 6200, 8.730000, 15500, -2.350000, -0.210000
1476376040883, 8.720000, 8.720000, 6200, 8.730000, 15500, -2.350000, -0.210000
1476376042807, 8.720000, 8.720000, 6400, 8.730000, 16700, -2.350000, -0.210000
1476376044820, 8.720000, 8.720000, 6400, 8.730000, 16900, -2.350000, -0.210000
1476376046826, 8.720000, 8.720000, 6400, 8.730000, 17000, -2.350000, -0.210000
1476376048809, 8.725000, 8.720000, 6400, 8.730000, 17000, -2.300000, -0.205000
1476376051310, 8.725000, 8.720000, 6400, 8.730000, 16900, -2.300000, -0.205000
1476376052805, 8.725000, 8.720000, 6400, 8.730000, 16400, -2.300000, -0.205000
1476376054829, 8.725000, 8.720000, 6400, 8.730000, 16400, -2.300000, -0.205000
1476376056850, 8.725000, 8.720000, 6400, 8.730000, 16800, -2.300000, -0.205000
1476376058826, 8.725000, 8.720000, 6400, 8.730000, 16800, -2.300000, -0.205000
1476376061324, 8.720000, 8.720000, 6400, 8.730000, 15700, -2.350000, -0.210000
1476376063323, 8.720000, 8.720000, 6400, 8.730000, 16400, -2.350000, -0.210000
1476376064829, 8.720000, 8.720000, 6400, 8.730000, 16400, -2.350000, -0.210000
1476376067320, 8.720000, 8.720000, 6000, 8.730000, 16500, -2.350000, -0.210000
1476376068816, 8.720000, 8.720000, 6000, 8.730000, 16500, -2.350000, -0.210000
1476376070317, 8.720000, 8.720000, 6000, 8.730000, 16500, -2.350000, -0.210000
1476376073327, 8.726000, 8.720000, 6000, 8.730000, 16400, -2.280000, -0.204000
1476376075326, 8.726000, 8.720000, 6000, 8.730000, 16500, -2.280000, -0.204000
1476376077323, 8.720000, 8.720000, 5500, 8.730000, 16800, -2.350000, -0.210000
1476376079327, 8.720000, 8.720000, 5700, 8.730000, 16400, -2.350000, -0.210000
1476376080799, 8.720000, 8.720000, 5500, 8.730000, 16800, -2.350000, -0.210000
1476376082828, 8.720000, 8.720000, 2800, 8.730000, 16800, -2.350000, -0.210000
1476376085335, 8.720000, 8.720000, 3000, 8.730000, 18500, -2.350000, -0.210000
1476376087323, 8.720000, 8.720000, 3000, 8.730000, 18500, -2.350000, -0.210000
1476376088817, 8.720000, 8.720000, 1500, 8.730000, 21100, -2.350000, -0.210000
1476376090828, 8.725000, 8.720000, 1300, 8.730000, 21200, -2.300000, -0.205000
1476376093327, 8.720000, 8.720000, 1800, 8.730000, 21200, -2.350000, -0.210000
1476376095331, 8.720000, 8.720000, 3100, 8.730000, 18800, -2.350000, -0.210000
1476376096870, 8.720000, 8.720000, 2800, 8.730000, 18700, -2.350000, -0.210000
1476376098830, 8.720000, 8.720000, 2800, 8.730000, 18700, -2.350000, -0.210000
1476376101333, 8.720000, 8.720000, 2300, 8.730000, 21100, -2.350000, -0.210000
1476376103327, 8.725000, 8.720000, 1200, 8.730000, 21100, -2.300000, -0.205000
1476376105328, 8.720000, 8.720000, 1300, 8.730000, 21100, -2.350000, -0.210000
1476376107349, 8.724700, 8.720000, 1200, 8.730000, 21100, -2.300000, -0.205300
1476376108843, 8.720000, 8.720000, 1200, 8.730000, 21100, -2.350000, -0.210000
1476376110831, 8.720000, 8.720000, 1200, 8.730000, 21100, -2.350000, -0.210000
1476376112858, 8.725000, 8.720000, 1200, 8.730000, 21100, -2.300000, -0.205000
1476376115355, 8.725000, 8.720000, 1200, 8.730000, 21100, -2.300000, -0.205000
1476376117332, 8.720000, 8.720000, 1100, 8.730000, 21200, -2.350000, -0.210000
1476376118835, 8.720000, 8.720000, 1100, 8.730000, 21100, -2.350000, -0.210000
1476376121334, 8.720000, 8.720000, 1200, 8.730000, 21100, -2.350000, -0.210000
1476376122841, 8.720000, 8.720000, 1100, 8.730000, 21100, -2.350000, -0.210000
1476376125338, 8.720000, 8.720000, 1000, 8.730000, 21100, -2.350000, -0.210000
1476376126836, 8.720000, 8.720000, 1000, 8.730000, 20700, -2.350000, -0.210000
1476376129354, 8.720000, 8.720000, 1000, 8.730000, 22400, -2.350000, -0.210000
1476376131327, 8.725000, 8.720000, 1500, 8.730000, 20200, -2.300000, -0.205000
1476376133341, 8.725000, 8.720000, 5000, 8.730000, 20200, -2.300000, -0.205000
1476376135328, 8.720000, 8.720000, 5000, 8.730000, 20200, -2.350000, -0.210000
1476376136842, 8.720000, 8.720000, 5000, 8.730000, 20200, -2.350000, -0.210000
1476376139338, 8.720000, 8.720000, 5000, 8.730000, 20200, -2.350000, -0.210000
1476376141340, 8.720000, 8.720000, 5000, 8.730000, 20100, -2.350000, -0.210000
1476376143351, 8.720000, 8.720000, 5000, 8.730000, 18500, -2.350000, -0.210000
1476376145351, 8.726200, 8.720000, 5000, 8.730000, 18000, -2.280000, -0.203800
1476376147349, 8.726200, 8.720000, 5000, 8.730000, 18000, -2.280000, -0.203800
1476376149330, 8.720000, 8.720000, 5000, 8.730000, 18000, -2.350000, -0.210000
1476376151339, 8.720000, 8.720000, 5000, 8.730000, 18200, -2.350000, -0.210000
1476376153336, 8.720000, 8.720000, 5000, 8.730000, 18400, -2.350000, -0.210000
1476376155343, 8.720000, 8.720000, 5000, 8.730000, 18300, -2.350000, -0.210000
1476376157355, 8.720000, 8.720000, 5000, 8.730000, 18300, -2.350000, -0.210000
1476376159350, 8.720000, 8.720000, 5000, 8.730000, 18300, -2.350000, -0.210000
1476376161345, 8.725000, 8.720000, 5000, 8.730000, 18300, -2.300000, -0.205000
1476376163346, 8.723800, 8.720000, 5000, 8.730000, 18300, -2.310000, -0.206200
1476376164847, 8.723800, 8.720000, 5000, 8.730000, 18300, -2.310000, -0.206200
1476376167342, 8.725000, 8.720000, 5000, 8.730000, 18300, -2.300000, -0.205000
1476376168844, 8.720000, 8.720000, 5000, 8.730000, 18200, -2.350000, -0.210000
1476376171334, 8.727600, 8.720000, 5000, 8.730000, 18200, -2.270000, -0.202400
1476376172849, 8.727600, 8.720000, 5000, 8.730000, 18200, -2.270000, -0.202400
1476376175345, 8.727600, 8.720000, 5000, 8.730000, 18200, -2.270000, -0.202400
1476376177347, 8.725000, 8.720000, 5000, 8.730000, 18600, -2.300000, -0.205000
1476376179341, 8.725000, 8.720000, 5000, 8.730000, 18600, -2.300000, -0.205000
1476376181348, 8.725000, 8.720000, 5000, 8.730000, 18600, -2.300000, -0.205000
1476376183353, 8.725000, 8.720000, 5000, 8.730000, 18600, -2.300000, -0.205000
1476376185344, 8.725000, 8.720000, 5000, 8.730000, 18600, -2.300000, -0.205000
1476376187364, 8.725000, 8.720000, 5000, 8.730000, 16300, -2.300000, -0.205000
1476376189344, 8.725000, 8.720000, 5000, 8.730000, 16300, -2.300000, -0.205000
1476376190855, 8.725000, 8.720000, 5000, 8.730000, 16300, -2.300000, -0.205000
1476376193345, 8.725000, 8.720000, 5000, 8.730000, 16300, -2.300000, -0.205000
1476376195351, 8.725000, 8.720000, 5000, 8.730000, 16700, -2.300000, -0.205000
1476376197346, 8.725000, 8.720000, 4800, 8.730000, 16700, -2.300000, -0.205000
1476376198865, 8.720000, 8.710000, 7400, 8.720000, 16100, -2.350000, -0.210000
1476376201357, 8.720000, 8.710000, 5100, 8.720000, 15900, -2.350000, -0.210000
1476376202863, 8.710000, 8.710000, 2400, 8.720000, 19600, -2.460000, -0.220000
1476376205265, 8.710000, 8.710000, 2200, 8.720000, 18000, -2.460000, -0.220000
1476376207255, 8.710000, 8.710000, 2200, 8.720000, 21600, -2.460000, -0.220000
1476376209254, 8.710000, 8.710000, 2100, 8.720000, 21400, -2.460000, -0.220000
1476376211254, 8.710000, 8.700000, 17500, 8.710000, 4100, -2.460000, -0.220000
1476376213253, 8.705000, 8.700000, 14100, 8.710000, 5000, -2.520000, -0.225000
1476376215251, 8.710000, 8.700000, 16500, 8.710000, 4100, -2.460000, -0.220000
1476376217259, 8.715000, 8.710000, 6100, 8.720000, 12100, -2.410000, -0.215000
1476376219256, 8.715000, 8.710000, 5900, 8.720000, 10900, -2.410000, -0.215000
1476376220258, 8.715000, 8.710000, 5900, 8.720000, 10900, -2.410000, -0.215000
1476376223252, 8.715000, 8.710000, 7400, 8.720000, 10900, -2.410000, -0.215000
1476376225257, 8.715000, 8.710000, 8700, 8.720000, 11100, -2.410000, -0.215000
1476376227254, 8.715000, 8.710000, 8600, 8.720000, 10700, -2.410000, -0.215000
1476376229258, 8.715000, 8.710000, 8100, 8.720000, 10600, -2.410000, -0.215000
1476376230759, 8.715000, 8.710000, 8100, 8.720000, 10600, -2.410000, -0.215000
1476376233257, 8.715000, 8.710000, 8100, 8.720000, 10700, -2.410000, -0.215000
1476376234770, 8.715000, 8.710000, 8100, 8.720000, 10700, -2.410000, -0.215000
1476376237264, 8.715000, 8.710000, 8100, 8.720000, 10700, -2.410000, -0.215000
1476376239258, 8.715000, 8.710000, 8100, 8.720000, 10600, -2.410000, -0.215000
1476376241270, 8.715000, 8.710000, 8100, 8.720000, 10600, -2.410000, -0.215000
1476376243266, 8.715000, 8.710000, 8100, 8.720000, 10600, -2.410000, -0.215000
1476376245271, 8.715000, 8.710000, 8100, 8.720000, 10600, -2.410000, -0.215000
1476376247271, 8.715000, 8.710000, 8100, 8.720000, 10600, -2.410000, -0.215000
1476376248771, 8.715000, 8.710000, 8100, 8.720000, 9400, -2.410000, -0.215000
1476376251273, 8.715000, 8.710000, 8100, 8.720000, 9400, -2.410000, -0.215000
1476376253271, 8.715000, 8.710000, 8100, 8.720000, 9400, -2.410000, -0.215000
1476376255269, 8.715000, 8.710000, 8100, 8.720000, 9400, -2.410000, -0.215000
1476376257267, 8.710000, 8.710000, 6700, 8.720000, 10600, -2.460000, -0.220000
1476376259272, 8.710000, 8.710000, 6600, 8.720000, 10600, -2.460000, -0.220000
1476376261271, 8.710000, 8.710000, 6600, 8.720000, 10600, -2.460000, -0.220000
1476376263292, 8.710000, 8.710000, 6600, 8.720000, 11700, -2.460000, -0.220000
1476376265277, 8.710000, 8.710000, 6600, 8.720000, 11700, -2.460000, -0.220000
1476376267309, 8.710000, 8.710000, 6600, 8.720000, 11700, -2.460000, -0.220000
1476376269279, 8.715000, 8.710000, 6700, 8.720000, 11700, -2.410000, -0.215000
1476376271279, 8.715000, 8.710000, 6700, 8.720000, 10600, -2.410000, -0.215000
1476376273275, 8.715000, 8.710000, 6700, 8.720000, 10600, -2.410000, -0.215000
1476376274778, 8.715000, 8.710000, 6700, 8.720000, 10600, -2.410000, -0.215000
1476376277278, 8.715000, 8.710000, 6700, 8.720000, 10600, -2.410000, -0.215000
1476376279267, 8.715000, 8.710000, 6700, 8.720000, 10600, -2.410000, -0.215000
1476376281276, 8.715000, 8.710000, 6700, 8.720000, 10600, -2.410000, -0.215000
1476376283282, 8.715000, 8.710000, 6700, 8.720000, 10600, -2.410000, -0.215000
1476376285284, 8.710000, 8.710000, 5500, 8.720000, 12000, -2.460000, -0.220000
1476376287278, 8.710000, 8.710000, 5100, 8.720000, 11500, -2.460000, -0.220000
1476376288781, 8.710000, 8.710000, 5100, 8.720000, 11500, -2.460000, -0.220000
1476376291286, 8.715000, 8.710000, 11700, 8.720000, 4200, -2.410000, -0.215000
1476376293281, 8.715000, 8.710000, 10900, 8.720000, 4400, -2.410000, -0.215000
1476376295283, 8.715000, 8.710000, 10600, 8.720000, 4400, -2.410000, -0.215000
1476376297278, 8.715000, 8.710000, 10600, 8.720000, 4400, -2.410000, -0.215000
1476376299289, 8.715000, 8.710000, 10400, 8.720000, 4400, -2.410000, -0.215000
1476376301287, 8.715000, 8.710000, 10400, 8.720000, 6400, -2.410000, -0.215000
1476376303295, 8.715000, 8.710000, 10400, 8.720000, 6600, -2.410000, -0.215000
1476376305283, 8.715000, 8.710000, 10500, 8.720000, 7400, -2.410000, -0.215000
1476376307292, 8.715000, 8.710000, 10500, 8.720000, 7400, -2.410000, -0.215000
1476376309322, 8.715000, 8.710000, 10500, 8.720000, 7500, -2.410000, -0.215000
1476376311286, 8.715000, 8.710000, 10500, 8.720000, 7500, -2.410000, -0.215000
1476376313286, 8.715000, 8.710000, 10500, 8.720000, 7600, -2.410000, -0.215000
1476376315290, 8.715000, 8.710000, 10500, 8.720000, 7400, -2.410000, -0.215000
1476376317315, 8.715000, 8.710000, 10500, 8.720000, 7400, -2.410000, -0.215000
1476376319269, 8.715000, 8.710000, 10500, 8.720000, 7400, -2.410000, -0.215000
1476376321295, 8.715000, 8.710000, 10500, 8.720000, 7100, -2.410000, -0.215000
1476376323280, 8.715000, 8.710000, 10500, 8.720000, 7300, -2.410000, -0.215000
1476376325298, 8.720000, 8.710000, 9400, 8.720000, 4600, -2.350000, -0.210000
1476376327302, 8.715000, 8.710000, 9400, 8.720000, 6700, -2.410000, -0.215000
1476376329294, 8.715000, 8.710000, 9400, 8.720000, 7700, -2.410000, -0.215000
1476376331296, 8.715000, 8.710000, 9400, 8.720000, 7300, -2.410000, -0.215000
1476376333307, 8.715000, 8.710000, 9400, 8.720000, 7300, -2.410000, -0.215000
1476376335307, 8.715000, 8.710000, 9400, 8.720000, 7400, -2.410000, -0.215000
1476376337300, 8.715000, 8.710000, 9200, 8.720000, 7500, -2.410000, -0.215000
1476376339300, 8.715000, 8.710000, 9000, 8.720000, 7300, -2.410000, -0.215000
1476376341302, 8.715000, 8.710000, 9300, 8.720000, 7000, -2.410000, -0.215000
1476376342806, 8.719900, 8.710000, 9400, 8.720000, 4600, -2.350000, -0.210100
1476376345289, 8.719900, 8.710000, 9400, 8.720000, 5600, -2.350000, -0.210100
1476376347292, 8.719900, 8.710000, 9400, 8.720000, 5700, -2.350000, -0.210100
1476376349349, 8.719900, 8.710000, 9700, 8.720000, 4200, -2.350000, -0.210100
1476376351312, 8.719900, 8.710000, 9600, 8.720000, 5300, -2.350000, -0.210100
1476376353305, 8.719900, 8.710000, 9600, 8.720000, 5200, -2.350000, -0.210100
1476376354814, 8.719900, 8.710000, 9600, 8.720000, 6800, -2.350000, -0.210100
1476376357303, 8.715000, 8.710000, 9600, 8.720000, 6800, -2.410000, -0.215000
1476376359308, 8.715000, 8.710000, 9600, 8.720000, 7400, -2.410000, -0.215000
1476376360809, 8.715000, 8.710000, 9600, 8.720000, 7400, -2.410000, -0.215000
1476376362318, 8.715000, 8.710000, 9600, 8.720000, 7400, -2.410000, -0.215000
1476376365318, 8.715000, 8.710000, 9600, 8.720000, 7400, -2.410000, -0.215000
1476376367303, 8.715000, 8.710000, 9700, 8.720000, 7000, -2.410000, -0.215000
1476376369310, 8.715000, 8.710000, 9700, 8.720000, 7400, -2.410000, -0.215000
1476376371309, 8.715000, 8.710000, 11500, 8.720000, 4200, -2.410000, -0.215000
1476376373311, 8.710000, 8.710000, 11300, 8.720000, 5500, -2.460000, -0.220000
1476376375323, 8.710000, 8.710000, 8700, 8.720000, 9800, -2.460000, -0.220000
1476376377332, 8.710000, 8.710000, 8800, 8.720000, 9300, -2.460000, -0.220000
1476376379371, 8.710000, 8.710000, 8800, 8.720000, 8100, -2.460000, -0.220000
1476376380812, 8.710000, 8.710000, 8800, 8.720000, 8000, -2.460000, -0.220000
1476376382827, 8.710000, 8.710000, 8600, 8.720000, 8100, -2.460000, -0.220000
1476376385315, 8.710000, 8.710000, 8600, 8.720000, 8100, -2.460000, -0.220000
1476376387318, 8.715000, 8.710000, 8600, 8.720000, 8100, -2.410000, -0.215000
1476376389312, 8.715000, 8.710000, 8800, 8.720000, 7600, -2.410000, -0.215000
1476376391332, 8.715000, 8.710000, 8800, 8.720000, 8100, -2.410000, -0.215000
1476376393342, 8.715000, 8.710000, 8700, 8.720000, 7500, -2.410000, -0.215000
1476376395329, 8.715000, 8.710000, 8600, 8.720000, 7600, -2.410000, -0.215000
1476376397321, 8.715000, 8.710000, 8600, 8.720000, 7600, -2.410000, -0.215000
1476376399325, 8.715000, 8.710000, 8600, 8.720000, 7400, -2.410000, -0.215000
1476376401320, 8.715000, 8.710000, 8900, 8.720000, 7500, -2.410000, -0.215000
1476376403320, 8.715000, 8.710000, 9000, 8.720000, 7700, -2.410000, -0.215000
1476376405312, 8.715000, 8.710000, 8900, 8.720000, 7600, -2.410000, -0.215000
1476376407357, 8.715000, 8.710000, 9000, 8.720000, 7400, -2.410000, -0.215000
1476376409322, 8.715000, 8.710000, 9000, 8.720000, 8700, -2.410000, -0.215000
1476376411329, 8.715000, 8.710000, 8500, 8.720000, 9700, -2.410000, -0.215000
1476376413331, 8.715000, 8.710000, 8500, 8.720000, 9800, -2.410000, -0.215000
1476376415322, 8.715000, 8.710000, 8500, 8.720000, 10200, -2.410000, -0.215000
1476376417339, 8.715000, 8.710000, 8500, 8.720000, 9800, -2.410000, -0.215000
1476376419330, 8.710000, 8.710000, 7400, 8.720000, 9600, -2.460000, -0.220000
1476376421322, 8.710000, 8.710000, 6500, 8.720000, 14400, -2.460000, -0.220000
1476376423334, 8.712000, 8.710000, 6400, 8.720000, 14600, -2.440000, -0.218000
1476376425332, 8.712000, 8.710000, 6600, 8.720000, 14600, -2.440000, -0.218000
1476376427318, 8.712000, 8.710000, 6600, 8.720000, 14600, -2.440000, -0.218000
1476376429324, 8.715000, 8.710000, 6600, 8.720000, 14600, -2.410000, -0.215000
1476376431325, 8.715000, 8.710000, 6600, 8.720000, 14600, -2.410000, -0.215000
1476376433332, 8.710000, 8.710000, 5600, 8.720000, 13800, -2.460000, -0.220000
1476376435375, 8.715000, 8.710000, 5900, 8.720000, 14100, -2.410000, -0.215000
1476376437343, 8.710000, 8.710000, 5800, 8.720000, 14600, -2.460000, -0.220000
1476376439322, 8.715000, 8.710000, 5800, 8.720000, 14400, -2.410000, -0.215000
1476376441331, 8.715000, 8.710000, 5800, 8.720000, 14400, -2.410000, -0.215000
1476376443327, 8.715000, 8.710000, 5800, 8.720000, 14400, -2.410000, -0.215000
1476376445336, 8.715000, 8.710000, 5900, 8.720000, 14400, -2.410000, -0.215000
1476376447328, 8.710000, 8.710000, 5900, 8.720000, 14400, -2.460000, -0.220000
1476376449329, 8.710000, 8.710000, 5900, 8.720000, 14500, -2.460000, -0.220000
1476376451362, 8.710000, 8.710000, 5900, 8.720000, 14500, -2.460000, -0.220000
1476376453344, 8.710000, 8.700000, 11700, 8.710000, 8500, -2.460000, -0.220000
1476376455335, 8.710000, 8.700000, 11700, 8.710000, 5700, -2.460000, -0.220000
1476376457341, 8.710000, 8.700000, 10900, 8.710000, 5700, -2.460000, -0.220000
1476376459333, 8.710000, 8.700000, 10300, 8.710000, 5700, -2.460000, -0.220000
1476376461325, 8.705000, 8.700000, 9900, 8.710000, 9600, -2.520000, -0.225000
1476376463336, 8.705000, 8.700000, 9900, 8.710000, 9600, -2.520000, -0.225000
1476376465338, 8.705000, 8.700000, 10000, 8.710000, 9600, -2.520000, -0.225000
1476376467347, 8.705000, 8.700000, 10000, 8.710000, 8700, -2.520000, -0.225000
1476376469335, 8.705000, 8.700000, 9700, 8.710000, 8700, -2.520000, -0.225000
1476376471340, 8.705000, 8.700000, 9400, 8.710000, 10000, -2.520000, -0.225000
1476376473337, 8.705000, 8.700000, 8000, 8.710000, 10000, -2.520000, -0.225000
1476376475347, 8.705000, 8.700000, 8000, 8.710000, 10000, -2.520000, -0.225000
1476376477378, 8.705000, 8.700000, 8000, 8.710000, 9100, -2.520000, -0.225000
1476376479361, 8.705000, 8.700000, 8000, 8.710000, 9100, -2.520000, -0.225000
1476376481359, 8.705000, 8.700000, 8000, 8.710000, 10300, -2.520000, -0.225000
1476376483348, 8.705000, 8.700000, 8000, 8.710000, 10300, -2.520000, -0.225000
1476376485340, 8.705000, 8.700000, 8000, 8.710000, 10300, -2.520000, -0.225000
1476376487349, 8.705000, 8.700000, 8000, 8.710000, 10400, -2.520000, -0.225000
1476376489346, 8.705000, 8.700000, 8000, 8.710000, 10400, -2.520000, -0.225000
1476376491334, 8.705000, 8.700000, 8000, 8.710000, 10400, -2.520000, -0.225000
1476376493342, 8.705000, 8.700000, 8000, 8.710000, 10400, -2.520000, -0.225000
1476376495352, 8.705000, 8.700000, 8000, 8.710000, 10400, -2.520000, -0.225000
1476376497338, 8.705000, 8.700000, 8000, 8.710000, 10400, -2.520000, -0.225000
1476376499348, 8.705000, 8.700000, 8000, 8.710000, 10400, -2.520000, -0.225000
1476376501336, 8.705000, 8.700000, 8000, 8.710000, 10500, -2.520000, -0.225000
1476376503351, 8.705000, 8.700000, 8000, 8.710000, 10400, -2.520000, -0.225000
1476376505354, 8.705000, 8.700000, 8000, 8.710000, 10400, -2.520000, -0.225000
1476376507351, 8.710000, 8.700000, 8000, 8.710000, 12600, -2.460000, -0.220000
1476376509356, 8.710000, 8.700000, 16600, 8.710000, 8100, -2.460000, -0.220000
1476376511357, 8.710000, 8.700000, 17200, 8.710000, 7800, -2.460000, -0.220000
1476376513361, 8.710000, 8.700000, 16200, 8.710000, 9700, -2.460000, -0.220000
1476376515346, 8.710000, 8.700000, 16200, 8.710000, 9700, -2.460000, -0.220000
1476376517347, 8.710000, 8.700000, 16000, 8.710000, 13300, -2.460000, -0.220000
1476376519337, 8.705000, 8.700000, 12600, 8.710000, 13300, -2.520000, -0.225000
1476376520847, 8.705000, 8.700000, 12400, 8.710000, 13200, -2.520000, -0.225000
1476376522843, 8.705000, 8.700000, 8000, 8.710000, 13200, -2.520000, -0.225000
1476376525356, 8.700000, 8.700000, 8000, 8.710000, 13100, -2.580000, -0.230000
1476376527351, 8.700000, 8.700000, 8000, 8.710000, 13500, -2.580000, -0.230000
1476376529350, 8.700000, 8.700000, 8000, 8.710000, 11900, -2.580000, -0.230000
1476376531335, 8.700000, 8.700000, 8000, 8.710000, 11900, -2.580000, -0.230000
1476376533346, 8.700000, 8.700000, 8000, 8.710000, 11900, -2.580000, -0.230000
1476376534864, 8.700000, 8.700000, 8000, 8.710000, 12100, -2.580000, -0.230000
1476376537255, 8.705000, 8.700000, 8000, 8.710000, 12000, -2.520000, -0.225000
1476376539249, 8.705000, 8.700000, 8100, 8.710000, 11700, -2.520000, -0.225000
1476376541749, 8.705000, 8.700000, 8100, 8.710000, 11000, -2.520000, -0.225000
1476376543253, 8.705000, 8.700000, 8100, 8.710000, 11000, -2.520000, -0.225000
1476376545258, 8.705000, 8.700000, 8100, 8.710000, 11000, -2.520000, -0.225000
1476376547755, 8.705000, 8.700000, 8100, 8.710000, 10900, -2.520000, -0.225000
1476376549254, 8.705000, 8.700000, 8200, 8.710000, 10800, -2.520000, -0.225000
1476376551255, 8.705000, 8.700000, 8200, 8.710000, 10800, -2.520000, -0.225000
1476376553755, 8.710000, 8.700000, 13200, 8.710000, 6200, -2.460000, -0.220000
1476376555265, 8.710000, 8.700000, 13300, 8.710000, 6200, -2.460000, -0.220000
1476376557270, 8.710000, 8.700000, 13200, 8.710000, 7900, -2.460000, -0.220000
1476376559263, 8.710000, 8.700000, 21100, 8.710000, 4900, -2.460000, -0.220000
1476376560260, 8.710000, 8.700000, 21100, 8.710000, 4500, -2.460000, -0.220000
1476376563261, 8.710000, 8.700000, 19900, 8.710000, 5000, -2.460000, -0.220000
1476376565262, 8.710000, 8.700000, 18900, 8.710000, 5000, -2.460000, -0.220000
1476376567259, 8.705000, 8.700000, 18900, 8.710000, 5000, -2.520000, -0.225000
1476376569271, 8.705000, 8.700000, 18800, 8.710000, 5000, -2.520000, -0.225000
1476376570760, 8.710000, 8.710000, 11500, 8.720000, 7500, -2.460000, -0.220000
1476376573264, 8.710000, 8.710000, 8500, 8.720000, 12200, -2.460000, -0.220000
1476376575262, 8.710000, 8.710000, 10500, 8.720000, 10900, -2.460000, -0.220000
1476376577768, 8.710000, 8.710000, 11800, 8.720000, 8000, -2.460000, -0.220000
1476376578771, 8.720000, 8.720000, 10000, 8.730000, 10500, -2.350000, -0.210000
1476376581265, 8.720000, 8.720000, 9800, 8.730000, 12100, -2.350000, -0.210000
1476376583286, 8.720000, 8.720000, 9800, 8.730000, 12300, -2.350000, -0.210000
1476376585263, 8.720000, 8.720000, 9800, 8.730000, 12200, -2.350000, -0.210000
1476376587268, 8.720000, 8.720000, 9600, 8.730000, 12200, -2.350000, -0.210000
1476376589763, 8.720000, 8.720000, 9800, 8.730000, 12200, -2.350000, -0.210000
1476376591267, 8.720000, 8.720000, 12700, 8.730000, 2000, -2.350000, -0.210000
1476376593272, 8.720000, 8.720000, 12800, 8.730000, 2000, -2.350000, -0.210000
1476376595272, 8.720000, 8.720000, 12800, 8.730000, 800, -2.350000, -0.210000
1476376597289, 8.720000, 8.720000, 12800, 8.730000, 1600, -2.350000, -0.210000
1476376599298, 8.720000, 8.720000, 13100, 8.730000, 1600, -2.350000, -0.210000
1476376601764, 8.720000, 8.720000, 13000, 8.730000, 1600, -2.350000, -0.210000
1476376603278, 8.720000, 8.720000, 13000, 8.730000, 1600, -2.350000, -0.210000
1476376605771, 8.720000, 8.720000, 13100, 8.730000, 1600, -2.350000, -0.210000
1476376607775, 8.735000, 8.730000, 9200, 8.740000, 9000, -2.180000, -0.195000
1476376609276, 8.735000, 8.730000, 9400, 8.740000, 9700, -2.180000, -0.195000
1476376611770, 8.735000, 8.730000, 9400, 8.740000, 9100, -2.180000, -0.195000
1476376613288, 8.740000, 8.730000, 9200, 8.740000, 8900, -2.130000, -0.190000
1476376615772, 8.740000, 8.730000, 16900, 8.740000, 1400, -2.130000, -0.190000
1476376617280, 8.745000, 8.740000, 11500, 8.750000, 7300, -2.070000, -0.185000
1476376619277, 8.745000, 8.740000, 12200, 8.750000, 7300, -2.070000, -0.185000
1476376621778, 8.745000, 8.740000, 8600, 8.750000, 7400, -2.070000, -0.185000
1476376623775, 8.745000, 8.740000, 8600, 8.750000, 7300, -2.070000, -0.185000
1476376625290, 8.745000, 8.740000, 9300, 8.750000, 7300, -2.070000, -0.185000
1476376627785, 8.745000, 8.740000, 8600, 8.750000, 7800, -2.070000, -0.185000
1476376629275, 8.745000, 8.740000, 8600, 8.750000, 8400, -2.070000, -0.185000
1476376631785, 8.745000, 8.740000, 8000, 8.750000, 9200, -2.070000, -0.185000
1476376633777, 8.745000, 8.740000, 7400, 8.750000, 10200, -2.070000, -0.185000
1476376635283, 8.745000, 8.740000, 5800, 8.750000, 13400, -2.070000, -0.185000
1476376637789, 8.745000, 8.740000, 4600, 8.750000, 9500, -2.070000, -0.185000
1476376639784, 8.745000, 8.740000, 4600, 8.750000, 9500, -2.070000, -0.185000
1476376641286, 8.749900, 8.740000, 4500, 8.750000, 13000, -2.020000, -0.180100
1476376643776, 8.749900, 8.740000, 5100, 8.750000, 13000, -2.020000, -0.180100
1476376645788, 8.749900, 8.740000, 5300, 8.750000, 13000, -2.020000, -0.180100
1476376647790, 8.749900, 8.740000, 5500, 8.750000, 12800, -2.020000, -0.180100
1476376649783, 8.749900, 8.740000, 5500, 8.750000, 12800, -2.020000, -0.180100
1476376651790, 8.749900, 8.740000, 5500, 8.750000, 12800, -2.020000, -0.180100
1476376653790, 8.749900, 8.740000, 5300, 8.750000, 12800, -2.020000, -0.180100
1476376655779, 8.749900, 8.740000, 5700, 8.750000, 9800, -2.020000, -0.180100
1476376657295, 8.749900, 8.740000, 5400, 8.750000, 12900, -2.020000, -0.180100
1476376659794, 8.749900, 8.740000, 5800, 8.750000, 9800, -2.020000, -0.180100
1476376661794, 8.749900, 8.740000, 5900, 8.750000, 9800, -2.020000, -0.180100
1476376663795, 8.749900, 8.740000, 5900, 8.750000, 10400, -2.020000, -0.180100
1476376665803, 8.735000, 8.730000, 12300, 8.740000, 16200, -2.180000, -0.195000
1476376667796, 8.740000, 8.730000, 9700, 8.740000, 14200, -2.130000, -0.190000
1476376669317, 8.740000, 8.730000, 9800, 8.740000, 14300, -2.130000, -0.190000
1476376671801, 8.740000, 8.730000, 9800, 8.740000, 14300, -2.130000, -0.190000
1476376673793, 8.740000, 8.730000, 25000, 8.740000, 2500, -2.130000, -0.190000
1476376675798, 8.740000, 8.730000, 25000, 8.740000, 2500, -2.130000, -0.190000
1476376677803, 8.740000, 8.730000, 23100, 8.740000, 2600, -2.130000, -0.190000
1476376679297, 8.734000, 8.740000, 12300, 8.750000, 10100, -2.190000, -0.196000
1476376681792, 8.734000, 8.740000, 11600, 8.750000, 9900, -2.190000, -0.196000
1476376683792, 8.746000, 8.740000, 10700, 8.750000, 10800, -2.060000, -0.184000
1476376685801, 8.746000, 8.740000, 10800, 8.750000, 9700, -2.060000, -0.184000
1476376687807, 8.746000, 8.740000, 11400, 8.750000, 9400, -2.060000, -0.184000
1476376689799, 8.745000, 8.740000, 11400, 8.750000, 9600, -2.070000, -0.185000
1476376691791, 8.750000, 8.740000, 15600, 8.750000, 1600, -2.020000, -0.180000
1476376693798, 8.750000, 8.740000, 15600, 8.750000, 1600, -2.020000, -0.180000
1476376695784, 8.750000, 8.740000, 16100, 8.750000, 1600, -2.020000, -0.180000
1476376697804, 8.750000, 8.740000, 16100, 8.750000, 1600, -2.020000, -0.180000
1476376699810, 8.750000, 8.740000, 16100, 8.750000, 1400, -2.020000, -0.180000
1476376700834, 8.750000, 8.740000, 15500, 8.750000, 1400, -2.020000, -0.180000
1476376703804, 8.750000, 8.750000, 11700, 8.760000, 12600, -2.020000, -0.180000
1476376705843, 8.750000, 8.750000, 12400, 8.760000, 13300, -2.020000, -0.180000
1476376707802, 8.750000, 8.750000, 13100, 8.760000, 12500, -2.020000, -0.180000
1476376709802, 8.760000, 8.750000, 18200, 8.760000, 5900, -1.900000, -0.170000
1476376711821, 8.760000, 8.750000, 18100, 8.760000, 5800, -1.900000, -0.170000
1476376713357, 8.760000, 8.750000, 17700, 8.760000, 5700, -1.900000, -0.170000
1476376715307, 8.760000, 8.750000, 20600, 8.760000, 5600, -1.900000, -0.170000
1476376717793, 8.760000, 8.750000, 20600, 8.760000, 5500, -1.900000, -0.170000
1476376719800, 8.760000, 8.750000, 19800, 8.760000, 5500, -1.900000, -0.170000
1476376721811, 8.760000, 8.750000, 19800, 8.760000, 5500, -1.900000, -0.170000
1476376723796, 8.760000, 8.750000, 19800, 8.760000, 5600, -1.900000, -0.170000
1476376725809, 8.760000, 8.750000, 19800, 8.760000, 5600, -1.900000, -0.170000
1476376727809, 8.765000, 8.760000, 800, 8.770000, 16200, -1.850000, -0.165000
1476376729800, 8.765000, 8.760000, 900, 8.770000, 16300, -1.850000, -0.165000
1476376731806, 8.765000, 8.760000, 900, 8.770000, 11500, -1.850000, -0.165000
1476376733807, 8.765000, 8.760000, 1100, 8.770000, 11300, -1.850000, -0.165000
1476376735310, 8.765000, 8.760000, 3600, 8.770000, 10700, -1.850000, -0.165000
1476376737818, 8.765000, 8.760000, 3800, 8.770000, 10500, -1.850000, -0.165000
1476376739306, 8.765000, 8.760000, 4300, 8.770000, 10500, -1.850000, -0.165000
1476376741811, 8.760000, 8.760000, 5600, 8.770000, 10400, -1.900000, -0.170000
1476376743829, 8.760000, 8.760000, 7100, 8.770000, 8100, -1.900000, -0.170000
1476376745341, 8.770000, 8.760000, 16600, 8.770000, 1900, -1.790000, -0.160000
1476376747808, 8.760000, 8.760000, 10100, 8.770000, 4000, -1.900000, -0.170000
1476376749810, 8.770000, 8.760000, 9100, 8.770000, 4300, -1.790000, -0.160000
1476376751823, 8.770000, 8.760000, 9500, 8.770000, 4500, -1.790000, -0.160000
1476376753815, 8.770000, 8.760000, 10200, 8.770000, 2400, -1.790000, -0.160000
1476376755816, 8.770000, 8.760000, 8700, 8.770000, 3400, -1.790000, -0.160000
1476376757819, 8.770000, 8.760000, 8700, 8.770000, 3400, -1.790000, -0.160000
1476376759333, 8.770000, 8.760000, 8800, 8.770000, 3400, -1.790000, -0.160000
1476376761829, 8.770000, 8.760000, 6800, 8.770000, 6300, -1.790000, -0.160000
1476376763816, 8.770000, 8.760000, 3000, 8.770000, 7300, -1.790000, -0.160000
1476376765820, 8.770000, 8.760000, 3200, 8.770000, 7100, -1.790000, -0.160000
1476376767320, 8.770000, 8.760000, 3200, 8.770000, 7100, -1.790000, -0.160000
1476376769813, 8.765000, 8.760000, 3200, 8.770000, 7100, -1.850000, -0.165000
1476376771321, 8.765000, 8.760000, 3200, 8.770000, 7100, -1.850000, -0.165000
1476376773322, 8.760000, 8.760000, 900, 8.770000, 7300, -1.900000, -0.170000
1476376775320, 8.760000, 8.760000, 1600, 8.770000, 9300, -1.900000, -0.170000
1476376777814, 8.765000, 8.760000, 1600, 8.770000, 9400, -1.850000, -0.165000
1476376779822, 8.765000, 8.760000, 1000, 8.770000, 9400, -1.850000, -0.165000
1476376781819, 8.765000, 8.760000, 1000, 8.770000, 9500, -1.850000, -0.165000
1476376783825, 8.765000, 8.760000, 1000, 8.770000, 9500, -1.850000, -0.165000
1476376785831, 8.765000, 8.760000, 2100, 8.770000, 9500, -1.850000, -0.165000
1476376787848, 8.765000, 8.760000, 5400, 8.770000, 8300, -1.850000, -0.165000
1476376789825, 8.765000, 8.760000, 5400, 8.770000, 8300, -1.850000, -0.165000
1476376791820, 8.765000, 8.760000, 5500, 8.770000, 8300, -1.850000, -0.165000
1476376793828, 8.765000, 8.760000, 5500, 8.770000, 8300, -1.850000, -0.165000
1476376795823, 8.765000, 8.760000, 5100, 8.770000, 8300, -1.850000, -0.165000
1476376797831, 8.765000, 8.760000, 5200, 8.770000, 8300, -1.850000, -0.165000
1476376799825, 8.763000, 8.760000, 4500, 8.770000, 9300, -1.870000, -0.167000
1476376801831, 8.763000, 8.760000, 4500, 8.770000, 9600, -1.870000, -0.167000
1476376803331, 8.765000, 8.760000, 700, 8.770000, 13600, -1.850000, -0.165000
1476376805822, 8.765000, 8.760000, 700, 8.770000, 13300, -1.850000, -0.165000
1476376807862, 8.764400, 8.760000, 8700, 8.770000, 10100, -1.850000, -0.165600
1476376809826, 8.764400, 8.760000, 8200, 8.770000, 9100, -1.850000, -0.165600
1476376811833, 8.764400, 8.760000, 8000, 8.770000, 9100, -1.850000, -0.165600
1476376813830, 8.764400, 8.760000, 8100, 8.770000, 9100, -1.850000, -0.165600
1476376815860, 8.770000, 8.760000, 13700, 8.770000, 1700, -1.790000, -0.160000
1476376817820, 8.770000, 8.760000, 12900, 8.770000, 1700, -1.790000, -0.160000
1476376819825, 8.770000, 8.760000, 12800, 8.770000, 1200, -1.790000, -0.160000
1476376821833, 8.770000, 8.760000, 21100, 8.770000, 1200, -1.790000, -0.160000
1476376823825, 8.765000, 8.760000, 20100, 8.770000, 2100, -1.850000, -0.165000
1476376825828, 8.765000, 8.760000, 19800, 8.770000, 1900, -1.850000, -0.165000
1476376827839, 8.765000, 8.760000, 20700, 8.770000, 1900, -1.850000, -0.165000
1476376829333, 8.765000, 8.760000, 20700, 8.770000, 1800, -1.850000, -0.165000
1476376831839, 8.765000, 8.760000, 20700, 8.770000, 1800, -1.850000, -0.165000
1476376833827, 8.770000, 8.760000, 21300, 8.770000, 1300, -1.790000, -0.160000
1476376835843, 8.770000, 8.760000, 13900, 8.770000, 1200, -1.790000, -0.160000
1476376837836, 8.770000, 8.760000, 10000, 8.770000, 3400, -1.790000, -0.160000
1476376839849, 8.770000, 8.760000, 10200, 8.770000, 3400, -1.790000, -0.160000
1476376841856, 8.770000, 8.760000, 10200, 8.770000, 3400, -1.790000, -0.160000
1476376843841, 8.770000, 8.760000, 10200, 8.770000, 3400, -1.790000, -0.160000
1476376845852, 8.770000, 8.760000, 10200, 8.770000, 3700, -1.790000, -0.160000
1476376847846, 8.770000, 8.760000, 10200, 8.770000, 3700, -1.790000, -0.160000
1476376849842, 8.770000, 8.760000, 10200, 8.770000, 3700, -1.790000, -0.160000
1476376851876, 8.770000, 8.760000, 10200, 8.770000, 5000, -1.790000, -0.160000
1476376853849, 8.770000, 8.760000, 8300, 8.770000, 5100, -1.790000, -0.160000
1476376855847, 8.765000, 8.760000, 8100, 8.770000, 6000, -1.850000, -0.165000
1476376857838, 8.765000, 8.760000, 9700, 8.770000, 6000, -1.850000, -0.165000
1476376859833, 8.765000, 8.760000, 8100, 8.770000, 8500, -1.850000, -0.165000
1476376861856, 8.765000, 8.760000, 8100, 8.770000, 8500, -1.850000, -0.165000
1476376863846, 8.765000, 8.760000, 7500, 8.770000, 7700, -1.850000, -0.165000
1476376865847, 8.765000, 8.760000, 7500, 8.770000, 8400, -1.850000, -0.165000
1476376867857, 8.765000, 8.760000, 7500, 8.770000, 8400, -1.850000, -0.165000
1476376869883, 8.765000, 8.760000, 8100, 8.770000, 7500, -1.850000, -0.165000
1476376871848, 8.765000, 8.760000, 7500, 8.770000, 7500, -1.850000, -0.165000
1476376873850, 8.765000, 8.760000, 7500, 8.770000, 8200, -1.850000, -0.165000
1476376875847, 8.765000, 8.760000, 7500, 8.770000, 8100, -1.850000, -0.165000
1476376877749, 8.765000, 8.760000, 7500, 8.770000, 8100, -1.850000, -0.165000
1476376879755, 8.765000, 8.760000, 8000, 8.770000, 8100, -1.850000, -0.165000
1476376881749, 8.765000, 8.760000, 9000, 8.770000, 8100, -1.850000, -0.165000
1476376883750, 8.765000, 8.760000, 7500, 8.770000, 8100, -1.850000, -0.165000
1476376885253, 8.765000, 8.760000, 7500, 8.770000, 8100, -1.850000, -0.165000
1476376887756, 8.765000, 8.760000, 7500, 8.770000, 8200, -1.850000, -0.165000
1476376889762, 8.765000, 8.760000, 7800, 8.770000, 8200, -1.850000, -0.165000
1476376891759, 8.765000, 8.760000, 7400, 8.770000, 8200, -1.850000, -0.165000
1476376893755, 8.765000, 8.760000, 7400, 8.770000, 8300, -1.850000, -0.165000
1476376895760, 8.765000, 8.760000, 7400, 8.770000, 8300, -1.850000, -0.165000
1476376896759, 8.765000, 8.760000, 7400, 8.770000, 8800, -1.850000, -0.165000
1476376899755, 8.765000, 8.760000, 7100, 8.770000, 8700, -1.850000, -0.165000
1476376901762, 8.765000, 8.760000, 6800, 8.770000, 8700, -1.850000, -0.165000
1476376903759, 8.765000, 8.760000, 6800, 8.770000, 8700, -1.850000, -0.165000
1476376905771, 8.765000, 8.760000, 6800, 8.770000, 8700, -1.850000, -0.165000
1476376907770, 8.765000, 8.760000, 6800, 8.770000, 8700, -1.850000, -0.165000
1476376909263, 8.765000, 8.760000, 6800, 8.770000, 8600, -1.850000, -0.165000
1476376911796, 8.765000, 8.760000, 6800, 8.770000, 8600, -1.850000, -0.165000
1476376913773, 8.765000, 8.760000, 6800, 8.770000, 8600, -1.850000, -0.165000
1476376915766, 8.765000, 8.760000, 6800, 8.770000, 8700, -1.850000, -0.165000
1476376917766, 8.765000, 8.760000, 7800, 8.770000, 8800, -1.850000, -0.165000
1476376919790, 8.765000, 8.760000, 6600, 8.770000, 9000, -1.850000, -0.165000
1476376921802, 8.760000, 8.760000, 900, 8.770000, 12100, -1.900000, -0.170000
1476376923790, 8.760000, 8.760000, 600, 8.770000, 12400, -1.900000, -0.170000
1476376925775, 8.760000, 8.760000, 600, 8.770000, 12200, -1.900000, -0.170000
1476376927773, 8.765000, 8.760000, 600, 8.770000, 12300, -1.850000, -0.165000
1476376929774, 8.760000, 8.760000, 700, 8.770000, 14500, -1.900000, -0.170000
1476376931775, 8.760000, 8.760000, 900, 8.770000, 14500, -1.900000, -0.170000
1476376933274, 8.765000, 8.760000, 1000, 8.770000, 14500, -1.850000, -0.165000
1476376935774, 8.765000, 8.760000, 1000, 8.770000, 14600, -1.850000, -0.165000
1476376937797, 8.765000, 8.760000, 1300, 8.770000, 14500, -1.850000, -0.165000
1476376939813, 8.760000, 8.760000, 1000, 8.770000, 14400, -1.900000, -0.170000
1476376941770, 8.760000, 8.760000, 1000, 8.770000, 14400, -1.900000, -0.170000
1476376943780, 8.760000, 8.760000, 1000, 8.770000, 14400, -1.900000, -0.170000
1476376945276, 8.765000, 8.760000, 1300, 8.770000, 14400, -1.850000, -0.165000
1476376947775, 8.760000, 8.760000, 1000, 8.770000, 14500, -1.900000, -0.170000
1476376949778, 8.760000, 8.760000, 1000, 8.770000, 14500, -1.900000, -0.170000
1476376951818, 8.760000, 8.760000, 1000, 8.770000, 14500, -1.900000, -0.170000
1476376953785, 8.760000, 8.760000, 1000, 8.770000, 14500, -1.900000, -0.170000
1476376955780, 8.760000, 8.760000, 1000, 8.770000, 14500, -1.900000, -0.170000
1476376957781, 8.765000, 8.760000, 1900, 8.770000, 14100, -1.850000, -0.165000
1476376959783, 8.765000, 8.760000, 1900, 8.770000, 14100, -1.850000, -0.165000
1476376961782, 8.760000, 8.760000, 1400, 8.770000, 14100, -1.900000, -0.170000
1476376963813, 8.760000, 8.760000, 1400, 8.770000, 14100, -1.900000, -0.170000
1476376965792, 8.760000, 8.760000, 1400, 8.770000, 14100, -1.900000, -0.170000
1476376967788, 8.760000, 8.760000, 1600, 8.770000, 14100, -1.900000, -0.170000
1476376969786, 8.760000, 8.760000, 1400, 8.770000, 13800, -1.900000, -0.170000
1476376971785, 8.760000, 8.760000, 1400, 8.770000, 13800, -1.900000, -0.170000
1476376973785, 8.760000, 8.760000, 1400, 8.770000, 13800, -1.900000, -0.170000
1476376975784, 8.760000, 8.760000, 1400, 8.770000, 13900, -1.900000, -0.170000
1476376977797, 8.765000, 8.760000, 1400, 8.770000, 13900, -1.850000, -0.165000
1476376979822, 8.755000, 8.750000, 15200, 8.760000, 7500, -1.960000, -0.175000
1476376981779, 8.755000, 8.750000, 15500, 8.760000, 5000, -1.960000, -0.175000
1476376983779, 8.755000, 8.750000, 15500, 8.760000, 5000, -1.960000, -0.175000
1476376985789, 8.755000, 8.750000, 15600, 8.760000, 3500, -1.960000, -0.175000
1476376987779, 8.755000, 8.750000, 15600, 8.760000, 7800, -1.960000, -0.175000
1476376989794, 8.755000, 8.750000, 15600, 8.760000, 8000, -1.960000, -0.175000
1476376991781, 8.755000, 8.750000, 15600, 8.760000, 8600, -1.960000, -0.175000
1476376993780, 8.750000, 8.750000, 12800, 8.760000, 10200, -2.020000, -0.180000
1476376995796, 8.750000, 8.750000, 12600, 8.760000, 10000, -2.020000, -0.180000
1476376997776, 8.755000, 8.750000, 1000, 8.760000, 13300, -1.960000, -0.175000
1476376999774, 8.755000, 8.750000, 1000, 8.760000, 13300, -1.960000, -0.175000
1476377001795, 8.755000, 8.750000, 1100, 8.760000, 13400, -1.960000, -0.175000
1476377003796, 8.755000, 8.750000, 1100, 8.760000, 13500, -1.960000, -0.175000
1476377005792, 8.755000, 8.750000, 1300, 8.760000, 13500, -1.960000, -0.175000
1476377007815, 8.755000, 8.750000, 1300, 8.760000, 13500, -1.960000, -0.175000
1476377009807, 8.755000, 8.750000, 2300, 8.760000, 13600, -1.960000, -0.175000
1476377011794, 8.755000, 8.750000, 2300, 8.760000, 13600, -1.960000, -0.175000
1476377013835, 8.750100, 8.750000, 1100, 8.760000, 13600, -2.010000, -0.179900
1476377015798, 8.755000, 8.750000, 1800, 8.760000, 12900, -1.960000, -0.175000
1476377017799, 8.755000, 8.750000, 1800, 8.760000, 12900, -1.960000, -0.175000
1476377019794, 8.755000, 8.750000, 1600, 8.760000, 12900, -1.960000, -0.175000
1476377021796, 8.755000, 8.750000, 1600, 8.760000, 12900, -1.960000, -0.175000
1476377023846, 8.755000, 8.750000, 1800, 8.760000, 13700, -1.960000, -0.175000
1476377025822, 8.755000, 8.750000, 1800, 8.760000, 13700, -1.960000, -0.175000
1476377027795, 8.755000, 8.750000, 3800, 8.760000, 12500, -1.960000, -0.175000
1476377029800, 8.755000, 8.750000, 3800, 8.760000, 12500, -1.960000, -0.175000
1476377031797, 8.755000, 8.750000, 3800, 8.760000, 12800, -1.960000, -0.175000
1476377033808, 8.755000, 8.750000, 4200, 8.760000, 12900, -1.960000, -0.175000
1476377035799, 8.755000, 8.750000, 4200, 8.760000, 12900, -1.960000, -0.175000
1476377037808, 8.750000, 8.750000, 1100, 8.760000, 17400, -2.020000, -0.180000
1476377039781, 8.755000, 8.750000, 1000, 8.760000, 17500, -1.960000, -0.175000
1476377041806, 8.755000, 8.750000, 1000, 8.760000, 13000, -1.960000, -0.175000
1476377043813, 8.755000, 8.750000, 1400, 8.760000, 17500, -1.960000, -0.175000
1476377045796, 8.755000, 8.750000, 1400, 8.760000, 17500, -1.960000, -0.175000
1476377047815, 8.750000, 8.750000, 1300, 8.760000, 18500, -2.020000, -0.180000
1476377049803, 8.750000, 8.750000, 1100, 8.760000, 17900, -2.020000, -0.180000
1476377051821, 8.750000, 8.750000, 1100, 8.760000, 17800, -2.020000, -0.180000
1476377053855, 8.750000, 8.750000, 1100, 8.760000, 17800, -2.020000, -0.180000
1476377055821, 8.750000, 8.750000, 1200, 8.760000, 18000, -2.020000, -0.180000
1476377057809, 8.755000, 8.750000, 1200, 8.760000, 18000, -1.960000, -0.175000
1476377059803, 8.755000, 8.750000, 1200, 8.760000, 16500, -1.960000, -0.175000
1476377061816, 8.750000, 8.750000, 1000, 8.760000, 18500, -2.020000, -0.180000
1476377063804, 8.755000, 8.750000, 1100, 8.760000, 18600, -1.960000, -0.175000
1476377065796, 8.755000, 8.750000, 1100, 8.760000, 18600, -1.960000, -0.175000
1476377067836, 8.755000, 8.750000, 1100, 8.760000, 18600, -1.960000, -0.175000
1476377069837, 8.750000, 8.750000, 1000, 8.760000, 18700, -2.020000, -0.180000
1476377071805, 8.750000, 8.750000, 1000, 8.760000, 17700, -2.020000, -0.180000
1476377073810, 8.750000, 8.750000, 1000, 8.760000, 17700, -2.020000, -0.180000
1476377075814, 8.750000, 8.750000, 1000, 8.760000, 17500, -2.020000, -0.180000
1476377077812, 8.750000, 8.750000, 700, 8.760000, 18900, -2.020000, -0.180000
1476377079819, 8.750000, 8.750000, 700, 8.760000, 19000, -2.020000, -0.180000
1476377081805, 8.750000, 8.750000, 1600, 8.760000, 17400, -2.020000, -0.180000
1476377083812, 8.750000, 8.750000, 1300, 8.760000, 17300, -2.020000, -0.180000
1476377085830, 8.750000, 8.750000, 1100, 8.760000, 18400, -2.020000, -0.180000
1476377087822, 8.750000, 8.750000, 1100, 8.760000, 18200, -2.020000, -0.180000
1476377089814, 8.755000, 8.750000, 1200, 8.760000, 17900, -1.960000, -0.175000
1476377091816, 8.750000, 8.750000, 1000, 8.760000, 18500, -2.020000, -0.180000
1476377093809, 8.750000, 8.750000, 1000, 8.760000, 18500, -2.020000, -0.180000
1476377095817, 8.750000, 8.750000, 1000, 8.760000, 18900, -2.020000, -0.180000
1476377097314, 8.750000, 8.750000, 1000, 8.760000, 18900, -2.020000, -0.180000
1476377099845, 8.750000, 8.750000, 900, 8.760000, 18700, -2.020000, -0.180000
1476377101849, 8.750000, 8.750000, 900, 8.760000, 19000, -2.020000, -0.180000
1476377103811, 8.750000, 8.750000, 1100, 8.760000, 19800, -2.020000, -0.180000
1476377105823, 8.750000, 8.750000, 1100, 8.760000, 18900, -2.020000, -0.180000
1476377107826, 8.750000, 8.750000, 1000, 8.760000, 19100, -2.020000, -0.180000
1476377109823, 8.750000, 8.750000, 1000, 8.760000, 18900, -2.020000, -0.180000
1476377111860, 8.750000, 8.750000, 1000, 8.760000, 18900, -2.020000, -0.180000
1476377113834, 8.750000, 8.750000, 900, 8.760000, 20100, -2.020000, -0.180000
1476377115823, 8.750000, 8.750000, 900, 8.760000, 19000, -2.020000, -0.180000
1476377117833, 8.750000, 8.750000, 900, 8.760000, 19100, -2.020000, -0.180000
1476377119822, 8.750000, 8.750000, 900, 8.760000, 19200, -2.020000, -0.180000
1476377121816, 8.750000, 8.750000, 900, 8.760000, 20800, -2.020000, -0.180000
1476377123832, 8.750000, 8.750000, 1000, 8.760000, 19000, -2.020000, -0.180000
1476377125841, 8.750000, 8.750000, 1000, 8.760000, 19000, -2.020000, -0.180000
1476377127846, 8.750000, 8.750000, 1000, 8.760000, 18600, -2.020000, -0.180000
1476377129824, 8.750000, 8.750000, 900, 8.760000, 18600, -2.020000, -0.180000
1476377131825, 8.750000, 8.750000, 900, 8.760000, 18600, -2.020000, -0.180000
1476377133842, 8.750000, 8.750000, 900, 8.760000, 18600, -2.020000, -0.180000
1476377135822, 8.750000, 8.750000, 800, 8.760000, 19300, -2.020000, -0.180000
1476377137829, 8.750000, 8.750000, 900, 8.760000, 21200, -2.020000, -0.180000
1476377139821, 8.750000, 8.750000, 900, 8.760000, 21200, -2.020000, -0.180000
1476377141890, 8.750000, 8.750000, 900, 8.760000, 20500, -2.020000, -0.180000
1476377143836, 8.755000, 8.750000, 900, 8.760000, 19400, -1.960000, -0.175000
1476377145830, 8.755000, 8.750000, 1000, 8.760000, 19400, -1.960000, -0.175000
1476377147839, 8.755000, 8.750000, 1000, 8.760000, 19400, -1.960000, -0.175000
1476377149843, 8.755000, 8.750000, 1000, 8.760000, 20800, -1.960000, -0.175000
1476377151831, 8.755000, 8.750000, 900, 8.760000, 20800, -1.960000, -0.175000
1476377153872, 8.755000, 8.750000, 900, 8.760000, 20800, -1.960000, -0.175000
1476377155836, 8.755000, 8.750000, 1000, 8.760000, 20400, -1.960000, -0.175000
1476377157828, 8.755000, 8.750000, 1000, 8.760000, 20400, -1.960000, -0.175000
1476377159837, 8.755000, 8.750000, 1000, 8.760000, 19200, -1.960000, -0.175000
1476377161844, 8.755000, 8.750000, 1000, 8.760000, 18100, -1.960000, -0.175000
1476377163847, 8.755000, 8.750000, 1000, 8.760000, 18100, -1.960000, -0.175000
1476377165857, 8.755000, 8.750000, 1000, 8.760000, 18100, -1.960000, -0.175000
1476377167844, 8.755000, 8.750000, 1300, 8.760000, 18600, -1.960000, -0.175000
1476377169867, 8.750000, 8.750000, 1300, 8.760000, 18600, -2.020000, -0.180000
1476377171880, 8.750000, 8.750000, 1300, 8.760000, 18600, -2.020000, -0.180000
1476377173828, 8.750000, 8.750000, 1200, 8.760000, 18600, -2.020000, -0.180000
1476377175849, 8.750000, 8.750000, 1000, 8.760000, 18600, -2.020000, -0.180000
1476377177854, 8.750000, 8.750000, 1000, 8.760000, 22400, -2.020000, -0.180000
1476377179850, 8.755000, 8.750000, 1000, 8.760000, 22300, -1.960000, -0.175000
1476377181861, 8.750000, 8.750000, 900, 8.760000, 22400, -2.020000, -0.180000
1476377183848, 8.750000, 8.750000, 800, 8.760000, 23400, -2.020000, -0.180000
1476377185850, 8.750000, 8.750000, 800, 8.760000, 22400, -2.020000, -0.180000
1476377187859, 8.750000, 8.750000, 800, 8.760000, 22300, -2.020000, -0.180000
1476377189892, 8.750000, 8.750000, 800, 8.760000, 22300, -2.020000, -0.180000
1476377191823, 8.750000, 8.750000, 800, 8.760000, 22300, -2.020000, -0.180000
1476377193863, 8.750000, 8.750000, 800, 8.760000, 22300, -2.020000, -0.180000
1476377195854, 8.750000, 8.750000, 800, 8.760000, 22400, -2.020000, -0.180000
1476377197859, 8.755000, 8.750000, 800, 8.760000, 22400, -1.960000, -0.175000
1476377199862, 8.755000, 8.750000, 800, 8.760000, 22500, -1.960000, -0.175000
1476377201854, 8.755000, 8.750000, 800, 8.760000, 22500, -1.960000, -0.175000
1476377203861, 8.750000, 8.750000, 900, 8.760000, 22300, -2.020000, -0.180000
1476377205884, 8.750000, 8.750000, 800, 8.760000, 22300, -2.020000, -0.180000
1476377207857, 8.750000, 8.750000, 800, 8.760000, 22300, -2.020000, -0.180000
1476377209859, 8.750000, 8.750000, 800, 8.760000, 21600, -2.020000, -0.180000
1476377211873, 8.750000, 8.750000, 800, 8.760000, 20500, -2.020000, -0.180000
1476377213893, 8.750000, 8.750000, 800, 8.760000, 24800, -2.020000, -0.180000
1476377215864, 8.750000, 8.750000, 800, 8.760000, 23300, -2.020000, -0.180000
1476377217890, 8.750000, 8.750000, 800, 8.760000, 21000, -2.020000, -0.180000
1476377220250, 8.750000, 8.750000, 1400, 8.760000, 18200, -2.020000, -0.180000
1476377222255, 8.750000, 8.750000, 1200, 8.760000, 21400, -2.020000, -0.180000
1476377224250, 8.750000, 8.750000, 1200, 8.760000, 21300, -2.020000, -0.180000
1476377226250, 8.750000, 8.750000, 1200, 8.760000, 21300, -2.020000, -0.180000
1476377228260, 8.750000, 8.750000, 1200, 8.760000, 25100, -2.020000, -0.180000
1476377229752, 8.750000, 8.750000, 1300, 8.760000, 24000, -2.020000, -0.180000
1476377231765, 8.759000, 8.750000, 1200, 8.760000, 24000, -1.910000, -0.171000
1476377234251, 8.750000, 8.750000, 900, 8.760000, 22700, -2.020000, -0.180000
1476377236264, 8.750000, 8.750000, 900, 8.760000, 21700, -2.020000, -0.180000
1476377238257, 8.750000, 8.750000, 900, 8.760000, 21700, -2.020000, -0.180000
1476377240256, 8.750000, 8.750000, 1100, 8.760000, 20300, -2.020000, -0.180000
1476377241761, 8.750000, 8.750000, 800, 8.760000, 21600, -2.020000, -0.180000
1476377244266, 8.755000, 8.750000, 800, 8.760000, 21700, -1.960000, -0.175000
1476377246265, 8.755000, 8.750000, 800, 8.760000, 21500, -1.960000, -0.175000
1476377248258, 8.755000, 8.750000, 800, 8.760000, 21500, -1.960000, -0.175000
1476377249791, 8.750000, 8.750000, 800, 8.760000, 21500, -2.020000, -0.180000
1476377252264, 8.750000, 8.750000, 800, 8.760000, 21500, -2.020000, -0.180000
1476377254263, 8.750000, 8.750000, 800, 8.760000, 21500, -2.020000, -0.180000
1476377256264, 8.750000, 8.750000, 800, 8.760000, 21200, -2.020000, -0.180000
1476377258264, 8.750000, 8.750000, 800, 8.760000, 21200, -2.020000, -0.180000
1476377260267, 8.750000, 8.750000, 1200, 8.760000, 21200, -2.020000, -0.180000
1476377262290, 8.750000, 8.750000, 1200, 8.760000, 21200, -2.020000, -0.180000
1476377263772, 8.750000, 8.750000, 1200, 8.760000, 21200, -2.020000, -0.180000
1476377266272, 8.750000, 8.750000, 1600, 8.760000, 21300, -2.020000, -0.180000
1476377268269, 8.751600, 8.750000, 1000, 8.760000, 21300, -2.000000, -0.178400
1476377270270, 8.755000, 8.750000, 1000, 8.760000, 20600, -1.960000, -0.175000
1476377272267, 8.750000, 8.750000, 1000, 8.760000, 21300, -2.020000, -0.180000
1476377274265, 8.759000, 8.750000, 1000, 8.760000, 21300, -1.910000, -0.171000
1476377276279, 8.759000, 8.750000, 1000, 8.760000, 21300, -1.910000, -0.171000
1476377278266, 8.750000, 8.750000, 1000, 8.760000, 22300, -2.020000, -0.180000
1476377280274, 8.750000, 8.750000, 1000, 8.760000, 21300, -2.020000, -0.180000
1476377282300, 8.750000, 8.750000, 1000, 8.760000, 21200, -2.020000, -0.180000
1476377284276, 8.750000, 8.750000, 1000, 8.760000, 21700, -2.020000, -0.180000
1476377286281, 8.750000, 8.750000, 1000, 8.760000, 20500, -2.020000, -0.180000
1476377288299, 8.750000, 8.750000, 1000, 8.760000, 21100, -2.020000, -0.180000
1476377290305, 8.750000, 8.750000, 1000, 8.760000, 21000, -2.020000, -0.180000
1476377292295, 8.750000, 8.750000, 1000, 8.760000, 21000, -2.020000, -0.180000
1476377294281, 8.750000, 8.750000, 1000, 8.760000, 21000, -2.020000, -0.180000
1476377296282, 8.750000, 8.750000, 1000, 8.760000, 22000, -2.020000, -0.180000
1476377298286, 8.750000, 8.750000, 1000, 8.760000, 21100, -2.020000, -0.180000
1476377300280, 8.750000, 8.750000, 1100, 8.760000, 20500, -2.020000, -0.180000
1476377302279, 8.750000, 8.750000, 1000, 8.760000, 21500, -2.020000, -0.180000
1476377304280, 8.750000, 8.750000, 1000, 8.760000, 21500, -2.020000, -0.180000
1476377306282, 8.750000, 8.750000, 900, 8.760000, 21500, -2.020000, -0.180000
1476377308281, 8.755000, 8.750000, 900, 8.760000, 21500, -1.960000, -0.175000
1476377310290, 8.755000, 8.750000, 900, 8.760000, 21500, -1.960000, -0.175000
1476377312283, 8.755000, 8.750000, 900, 8.760000, 21500, -1.960000, -0.175000
1476377314285, 8.755000, 8.750000, 900, 8.760000, 21500, -1.960000, -0.175000
1476377316280, 8.755000, 8.750000, 900, 8.760000, 21500, -1.960000, -0.175000
1476377318312, 8.750000, 8.750000, 900, 8.760000, 21600, -2.020000, -0.180000
1476377320298, 8.750000, 8.750000, 900, 8.760000, 21600, -2.020000, -0.180000
1476377322286, 8.750000, 8.750000, 1000, 8.760000, 21500, -2.020000, -0.180000
1476377324284, 8.750000, 8.750000, 1000, 8.760000, 21000, -2.020000, -0.180000
1476377326327, 8.750000, 8.750000, 1000, 8.760000, 20700, -2.020000, -0.180000
1476377328279, 8.750000, 8.750000, 1000, 8.760000, 20400, -2.020000, -0.180000
1476377330291, 8.750000, 8.750000, 1000, 8.760000, 20400, -2.020000, -0.180000
1476377332296, 8.750000, 8.750000, 800, 8.760000, 22100, -2.020000, -0.180000
1476377334278, 8.755000, 8.750000, 800, 8.760000, 21200, -1.960000, -0.175000
1476377336296, 8.750000, 8.750000, 800, 8.760000, 21200, -2.020000, -0.180000
1476377338290, 8.750000, 8.750000, 800, 8.760000, 20200, -2.020000, -0.180000
1476377340286, 8.750000, 8.750000, 800, 8.760000, 20100, -2.020000, -0.180000
1476377342288, 8.750000, 8.750000, 1000, 8.760000, 20100, -2.020000, -0.180000
1476377344311, 8.750000, 8.750000, 1500, 8.760000, 20200, -2.020000, -0.180000
1476377346296, 8.750000, 8.750000, 2100, 8.760000, 20000, -2.020000, -0.180000
1476377348312, 8.750000, 8.750000, 1300, 8.760000, 20100, -2.020000, -0.180000
1476377350319, 8.750000, 8.750000, 1300, 8.760000, 20100, -2.020000, -0.180000
1476377352287, 8.750000, 8.750000, 2300, 8.760000, 19100, -2.020000, -0.180000
1476377354291, 8.755000, 8.750000, 4100, 8.760000, 18700, -1.960000, -0.175000
1476377356341, 8.755000, 8.750000, 4500, 8.760000, 18700, -1.960000, -0.175000
1476377358305, 8.755000, 8.750000, 1900, 8.760000, 21000, -1.960000, -0.175000
1476377360299, 8.750000, 8.750000, 1900, 8.760000, 21000, -2.020000, -0.180000
1476377362290, 8.750000, 8.750000, 1700, 8.760000, 21600, -2.020000, -0.180000
1476377364295, 8.750000, 8.750000, 1700, 8.760000, 21600, -2.020000, -0.180000
1476377366293, 8.750000, 8.750000, 1700, 8.760000, 20300, -2.020000, -0.180000
1476377368298, 8.750000, 8.750000, 1700, 8.760000, 20300, -2.020000, -0.180000
1476377370299, 8.750000, 8.750000, 1700, 8.760000, 20300, -2.020000, -0.180000
1476377372302, 8.755000, 8.750000, 1700, 8.760000, 20300, -1.960000, -0.175000
1476377374304, 8.750000, 8.750000, 1500, 8.760000, 20300, -2.020000, -0.180000
1476377376318, 8.750000, 8.750000, 1200, 8.760000, 20300, -2.020000, -0.180000
1476377378296, 8.755000, 8.750000, 1100, 8.760000, 20800, -1.960000, -0.175000
1476377380303, 8.755000, 8.750000, 1100, 8.760000, 20400, -1.960000, -0.175000
1476377382313, 8.755000, 8.750000, 1100, 8.760000, 19700, -1.960000, -0.175000
1476377384303, 8.750000, 8.750000, 1100, 8.760000, 20600, -2.020000, -0.180000
1476377386308, 8.750000, 8.750000, 1100, 8.760000, 20600, -2.020000, -0.180000
1476377388307, 8.750000, 8.750000, 1100, 8.760000, 20600, -2.020000, -0.180000
1476377389837, 8.750000, 8.750000, 1100, 8.760000, 19700, -2.020000, -0.180000
1476377392303, 8.755000, 8.750000, 2800, 8.760000, 19200, -1.960000, -0.175000
1476377394303, 8.755000, 8.750000, 2800, 8.760000, 19100, -1.960000, -0.175000
1476377396301, 8.755000, 8.750000, 2800, 8.760000, 18900, -1.960000, -0.175000
1476377398305, 8.755000, 8.750000, 7200, 8.760000, 7700, -1.960000, -0.175000
1476377400310, 8.755000, 8.750000, 7100, 8.760000, 8500, -1.960000, -0.175000
1476377402311, 8.751200, 8.750000, 7000, 8.760000, 8500, -2.000000, -0.178800
1476377404293, 8.755000, 8.750000, 7200, 8.760000, 9300, -1.960000, -0.175000
1476377406338, 8.755000, 8.750000, 5800, 8.760000, 9400, -1.960000, -0.175000
1476377408350, 8.750000, 8.750000, 5800, 8.760000, 8500, -2.020000, -0.180000
1476377410312, 8.750000, 8.750000, 5900, 8.760000, 8800, -2.020000, -0.180000
1476377412331, 8.750000, 8.750000, 6000, 8.760000, 8600, -2.020000, -0.180000
1476377414301, 8.750000, 8.750000, 6000, 8.760000, 8600, -2.020000, -0.180000
1476377416318, 8.750000, 8.750000, 6000, 8.760000, 8600, -2.020000, -0.180000
1476377418321, 8.750000, 8.750000, 6000, 8.760000, 8600, -2.020000, -0.180000
1476377420308, 8.750000, 8.750000, 6100, 8.760000, 8500, -2.020000, -0.180000
1476377422320, 8.750000, 8.750000, 6100, 8.760000, 8500, -2.020000, -0.180000
1476377424322, 8.750000, 8.750000, 6000, 8.760000, 8500, -2.020000, -0.180000
1476377426316, 8.750000, 8.750000, 5800, 8.760000, 8600, -2.020000, -0.180000
1476377428319, 8.755000, 8.750000, 4800, 8.760000, 9500, -1.960000, -0.175000
1476377430325, 8.755000, 8.750000, 4800, 8.760000, 9600, -1.960000, -0.175000
1476377432309, 8.755000, 8.750000, 8400, 8.760000, 7600, -1.960000, -0.175000
1476377434313, 8.755000, 8.750000, 8700, 8.760000, 12500, -1.960000, -0.175000
1476377436315, 8.755000, 8.750000, 8800, 8.760000, 12300, -1.960000, -0.175000
1476377438325, 8.755000, 8.750000, 10600, 8.760000, 7000, -1.960000, -0.175000
1476377440328, 8.755000, 8.750000, 10800, 8.760000, 7000, -1.960000, -0.175000
1476377442325, 8.755000, 8.750000, 10800, 8.760000, 7000, -1.960000, -0.175000
1476377444316, 8.755000, 8.750000, 10800, 8.760000, 7000, -1.960000, -0.175000
1476377446323, 8.755000, 8.750000, 10200, 8.760000, 7000, -1.960000, -0.175000
1476377448331, 8.755000, 8.750000, 9000, 8.760000, 6900, -1.960000, -0.175000
1476377450378, 8.755000, 8.750000, 9000, 8.760000, 6500, -1.960000, -0.175000
1476377452343, 8.750000, 8.750000, 9000, 8.760000, 6500, -2.020000, -0.180000
1476377454345, 8.755000, 8.750000, 8900, 8.760000, 6400, -1.960000, -0.175000
1476377456324, 8.755000, 8.750000, 8900, 8.760000, 6500, -1.960000, -0.175000
1476377458337, 8.755000, 8.750000, 8900, 8.760000, 6600, -1.960000, -0.175000
1476377460326, 8.755000, 8.750000, 8900, 8.760000, 6500, -1.960000, -0.175000
1476377462329, 8.755000, 8.750000, 8900, 8.760000, 6500, -1.960000, -0.175000
1476377464336, 8.760000, 8.750000, 8900, 8.760000, 6500, -1.900000, -0.170000
1476377466336, 8.760000, 8.750000, 8700, 8.760000, 6600, -1.900000, -0.170000
1476377468345, 8.750000, 8.750000, 8500, 8.760000, 6600, -2.020000, -0.180000
1476377469838, 8.750000, 8.750000, 8500, 8.760000, 6600, -2.020000, -0.180000
1476377472391, 8.755000, 8.750000, 8700, 8.760000, 6500, -1.960000, -0.175000
1476377474351, 8.755000, 8.750000, 8500, 8.760000, 6500, -1.960000, -0.175000
1476377476355, 8.750000, 8.750000, 8500, 8.760000, 6800, -2.020000, -0.180000
1476377477369, 8.755000, 8.750000, 8500, 8.760000, 6800, -1.960000, -0.175000
1476377480392, 8.755000, 8.750000, 8800, 8.760000, 6800, -1.960000, -0.175000
1476377482352, 8.750000, 8.750000, 8800, 8.760000, 6800, -2.020000, -0.180000
1476377484342, 8.750000, 8.750000, 8800, 8.760000, 6700, -2.020000, -0.180000
1476377486352, 8.750000, 8.750000, 8800, 8.760000, 6700, -2.020000, -0.180000
1476377488366, 8.750000, 8.750000, 8800, 8.760000, 6800, -2.020000, -0.180000
1476377490397, 8.760000, 8.750000, 8800, 8.760000, 6700, -1.900000, -0.170000
1476377491873, 8.760000, 8.750000, 8800, 8.760000, 6900, -1.900000, -0.170000
1476377494366, 8.760000, 8.750000, 8900, 8.760000, 6700, -1.900000, -0.170000
1476377496352, 8.760000, 8.750000, 8900, 8.760000, 6700, -1.900000, -0.170000
1476377498357, 8.750000, 8.750000, 8500, 8.760000, 7000, -2.020000, -0.180000
1476377500355, 8.750000, 8.750000, 8500, 8.760000, 6500, -2.020000, -0.180000
1476377502355, 8.750000, 8.750000, 8500, 8.760000, 6500, -2.020000, -0.180000
1476377504366, 8.750000, 8.750000, 8500, 8.760000, 6500, -2.020000, -0.180000
1476377506359, 8.755000, 8.750000, 8500, 8.760000, 6500, -1.960000, -0.175000
1476377508352, 8.755000, 8.750000, 8800, 8.760000, 5900, -1.960000, -0.175000
1476377509876, 8.755000, 8.750000, 8800, 8.760000, 6300, -1.960000, -0.175000
1476377512361, 8.755000, 8.750000, 8800, 8.760000, 6400, -1.960000, -0.175000
1476377514361, 8.755000, 8.750000, 8700, 8.760000, 6400, -1.960000, -0.175000
1476377516351, 8.755000, 8.750000, 8700, 8.760000, 6500, -1.960000, -0.175000
1476377518361, 8.760000, 8.750000, 9100, 8.760000, 6500, -1.900000, -0.170000
1476377520357, 8.760000, 8.750000, 9100, 8.760000, 6500, -1.900000, -0.170000
1476377522371, 8.760000, 8.750000, 9100, 8.760000, 6500, -1.900000, -0.170000
1476377524431, 8.760000, 8.750000, 9100, 8.760000, 7200, -1.900000, -0.170000
1476377526365, 8.755000, 8.750000, 9100, 8.760000, 6900, -1.960000, -0.175000
1476377528347, 8.750000, 8.750000, 9100, 8.760000, 6900, -2.020000, -0.180000
1476377530382, 8.750000, 8.750000, 9100, 8.760000, 6900, -2.020000, -0.180000
1476377532357, 8.755000, 8.750000, 9100, 8.760000, 6900, -1.960000, -0.175000
1476377534375, 8.755000, 8.750000, 9100, 8.760000, 6900, -1.960000, -0.175000
1476377536364, 8.755000, 8.750000, 8800, 8.760000, 7000, -1.960000, -0.175000
1476377538379, 8.751000, 8.750000, 8700, 8.760000, 7000, -2.000000, -0.179000
1476377540396, 8.750000, 8.750000, 8700, 8.760000, 7000, -2.020000, -0.180000
1476377542364, 8.755000, 8.750000, 14100, 8.760000, 5900, -1.960000, -0.175000
1476377544376, 8.760000, 8.750000, 10700, 8.760000, 6000, -1.900000, -0.170000
1476377546374, 8.760000, 8.750000, 16400, 8.760000, 5800, -1.900000, -0.170000
1476377548379, 8.760000, 8.750000, 16400, 8.760000, 5700, -1.900000, -0.170000
1476377550379, 8.760000, 8.750000, 15800, 8.760000, 5700, -1.900000, -0.170000
1476377552388, 8.755000, 8.750000, 16000, 8.760000, 5800, -1.960000, -0.175000
1476377554383, 8.755000, 8.750000, 16300, 8.760000, 5700, -1.960000, -0.175000
1476377556414, 8.755000, 8.750000, 16300, 8.760000, 5700, -1.960000, -0.175000
1476377558384, 8.755000, 8.750000, 16100, 8.760000, 5700, -1.960000, -0.175000
1476377560063, 8.755000, 8.750000, 16100, 8.760000, 5700, -1.960000, -0.175000
1476377562249, 8.755000, 8.750000, 13700, 8.760000, 6400, -1.960000, -0.175000
1476377564253, 8.755000, 8.750000, 13700, 8.760000, 6400, -1.960000, -0.175000
1476377566259, 8.770000, 8.760000, 7200, 8.770000, 12100, -1.790000, -0.160000
1476377568260, 8.770000, 8.760000, 9400, 8.770000, 13500, -1.790000, -0.160000
1476377570255, 8.770000, 8.760000, 10700, 8.770000, 10200, -1.790000, -0.160000
1476377572259, 8.770000, 8.760000, 10700, 8.770000, 10200, -1.790000, -0.160000
1476377573752, 8.770000, 8.760000, 10700, 8.770000, 10200, -1.790000, -0.160000
1476377576259, 8.770000, 8.760000, 11000, 8.770000, 10200, -1.790000, -0.160000
1476377578260, 8.770000, 8.760000, 10500, 8.770000, 8100, -1.790000, -0.160000
1476377580272, 8.770000, 8.760000, 10500, 8.770000, 7700, -1.790000, -0.160000
1476377582253, 8.770000, 8.760000, 10500, 8.770000, 7800, -1.790000, -0.160000
1476377584263, 8.770000, 8.760000, 10500, 8.770000, 7800, -1.790000, -0.160000
1476377586267, 8.770000, 8.760000, 10500, 8.770000, 7800, -1.790000, -0.160000
1476377588294, 8.770000, 8.760000, 10200, 8.770000, 8500, -1.790000, -0.160000
1476377590266, 8.770000, 8.760000, 10200, 8.770000, 8500, -1.790000, -0.160000
1476377592265, 8.770000, 8.760000, 9600, 8.770000, 7900, -1.790000, -0.160000
1476377594278, 8.770000, 8.760000, 9600, 8.770000, 8500, -1.790000, -0.160000
1476377596268, 8.770000, 8.760000, 9600, 8.770000, 8500, -1.790000, -0.160000
1476377598269, 8.770000, 8.760000, 9700, 8.770000, 7100, -1.790000, -0.160000
1476377600268, 8.770000, 8.760000, 9600, 8.770000, 6200, -1.790000, -0.160000
1476377602271, 8.770000, 8.760000, 9500, 8.770000, 6200, -1.790000, -0.160000
1476377604266, 8.770000, 8.760000, 9500, 8.770000, 6200, -1.790000, -0.160000
1476377606306, 8.770000, 8.760000, 9400, 8.770000, 7200, -1.790000, -0.160000
1476377608274, 8.770000, 8.760000, 9400, 8.770000, 7000, -1.790000, -0.160000
1476377610304, 8.770000, 8.760000, 9400, 8.770000, 7800, -1.790000, -0.160000
1476377612307, 8.770000, 8.760000, 9400, 8.770000, 7800, -1.790000, -0.160000
1476377613779, 8.770000, 8.760000, 12200, 8.770000, 4700, -1.790000, -0.160000
1476377616274, 8.770000, 8.760000, 11900, 8.770000, 4700, -1.790000, -0.160000
1476377618278, 8.760000, 8.760000, 11300, 8.770000, 5700, -1.900000, -0.170000
1476377620278, 8.769000, 8.760000, 10800, 8.770000, 5700, -1.800000, -0.161000
1476377622277, 8.769000, 8.760000, 10500, 8.770000, 5700, -1.800000, -0.161000
1476377624338, 8.769000, 8.760000, 9400, 8.770000, 5700, -1.800000, -0.161000
1476377626285, 8.769000, 8.760000, 10400, 8.770000, 5700, -1.800000, -0.161000
1476377628275, 8.765000, 8.760000, 10000, 8.770000, 6300, -1.850000, -0.165000
1476377630273, 8.760000, 8.760000, 10100, 8.770000, 6300, -1.900000, -0.170000
1476377632278, 8.760000, 8.760000, 10100, 8.770000, 6300, -1.900000, -0.170000
1476377634285, 8.760000, 8.760000, 10500, 8.770000, 8200, -1.900000, -0.170000
1476377636282, 8.760000, 8.760000, 9600, 8.770000, 8200, -1.900000, -0.170000
1476377637828, 8.760000, 8.760000, 9600, 8.770000, 8200, -1.900000, -0.170000
1476377640273, 8.760000, 8.760000, 9600, 8.770000, 8200, -1.900000, -0.170000
1476377642278, 8.760000, 8.760000, 9600, 8.770000, 8200, -1.900000, -0.170000
1476377644286, 8.765000, 8.760000, 9300, 8.770000, 8400, -1.850000, -0.165000
1476377646282, 8.765000, 8.760000, 8900, 8.770000, 8400, -1.850000, -0.165000
1476377648284, 8.765000, 8.760000, 8900, 8.770000, 8400, -1.850000, -0.165000
1476377650287, 8.765000, 8.760000, 9300, 8.770000, 8400, -1.850000, -0.165000
1476377652328, 8.765000, 8.760000, 9300, 8.770000, 8400, -1.850000, -0.165000
1476377654309, 8.765000, 8.760000, 9500, 8.770000, 8400, -1.850000, -0.165000
1476377656273, 8.765000, 8.760000, 9500, 8.770000, 8400, -1.850000, -0.165000
1476377658288, 8.765000, 8.760000, 9300, 8.770000, 8400, -1.850000, -0.165000
1476377660325, 8.765000, 8.760000, 8600, 8.770000, 8300, -1.850000, -0.165000
1476377662301, 8.765000, 8.760000, 8600, 8.770000, 8500, -1.850000, -0.165000
1476377664293, 8.760000, 8.760000, 2500, 8.770000, 14600, -1.900000, -0.170000
1476377666287, 8.760000, 8.760000, 2500, 8.770000, 15000, -1.900000, -0.170000
1476377668290, 8.760000, 8.760000, 2500, 8.770000, 14800, -1.900000, -0.170000
1476377670301, 8.765000, 8.760000, 2500, 8.770000, 15100, -1.850000, -0.165000
1476377672287, 8.765000, 8.760000, 2500, 8.770000, 15400, -1.850000, -0.165000
1476377674294, 8.765000, 8.760000, 2500, 8.770000, 15400, -1.850000, -0.165000
1476377676294, 8.765000, 8.760000, 2500, 8.770000, 15300, -1.850000, -0.165000
1476377678297, 8.765000, 8.760000, 2500, 8.770000, 15300, -1.850000, -0.165000
1476377680303, 8.765000, 8.760000, 2500, 8.770000, 14600, -1.850000, -0.165000
1476377682293, 8.765000, 8.760000, 2500, 8.770000, 13800, -1.850000, -0.165000
1476377684324, 8.765000, 8.760000, 2500, 8.770000, 13800, -1.850000, -0.165000
1476377686296, 8.765000, 8.760000, 2500, 8.770000, 13800, -1.850000, -0.165000
1476377688300, 8.765000, 8.760000, 2500, 8.770000, 13700, -1.850000, -0.165000
1476377690292, 8.760000, 8.760000, 2300, 8.770000, 14100, -1.900000, -0.170000
1476377692344, 8.760000, 8.760000, 2500, 8.770000, 14200, -1.900000, -0.170000
1476377694314, 8.760000, 8.760000, 2600, 8.770000, 14400, -1.900000, -0.170000
1476377696319, 8.760000, 8.760000, 2600, 8.770000, 14400, -1.900000, -0.170000
1476377698306, 8.760000, 8.760000, 2500, 8.770000, 17500, -1.900000, -0.170000
1476377700294, 8.760000, 8.760000, 2500, 8.770000, 17400, -1.900000, -0.170000
1476377702301, 8.760000, 8.760000, 2500, 8.770000, 18600, -1.900000, -0.170000
1476377704305, 8.760000, 8.760000, 2500, 8.770000, 17400, -1.900000, -0.170000
1476377706315, 8.765000, 8.760000, 2500, 8.770000, 19300, -1.850000, -0.165000
1476377708336, 8.765000, 8.760000, 2500, 8.770000, 18000, -1.850000, -0.165000
1476377709809, 8.765000, 8.760000, 2500, 8.770000, 17400, -1.850000, -0.165000
1476377712305, 8.765000, 8.760000, 2500, 8.770000, 17400, -1.850000, -0.165000
1476377714299, 8.765000, 8.760000, 2500, 8.770000, 17400, -1.850000, -0.165000
1476377716304, 8.765000, 8.760000, 2500, 8.770000, 17400, -1.850000, -0.165000
1476377718269, 8.765000, 8.760000, 2500, 8.770000, 17400, -1.850000, -0.165000
1476377720300, 8.765000, 8.760000, 2500, 8.770000, 17400, -1.850000, -0.165000
1476377722300, 8.765000, 8.760000, 2500, 8.770000, 16600, -1.850000, -0.165000
1476377724311, 8.765000, 8.760000, 2500, 8.770000, 16600, -1.850000, -0.165000
1476377726321, 8.765000, 8.760000, 2500, 8.770000, 16600, -1.850000, -0.165000
1476377728344, 8.760000, 8.760000, 2400, 8.770000, 16500, -1.900000, -0.170000
1476377730306, 8.760000, 8.760000, 2400, 8.770000, 16600, -1.900000, -0.170000
1476377732303, 8.760000, 8.760000, 2400, 8.770000, 16600, -1.900000, -0.170000
1476377734313, 8.764600, 8.760000, 2400, 8.770000, 16600, -1.850000, -0.165400
1476377736323, 8.764600, 8.760000, 2400, 8.770000, 16600, -1.850000, -0.165400
1476377738310, 8.765000, 8.760000, 2400, 8.770000, 16600, -1.850000, -0.165000
1476377739854, 8.765000, 8.760000, 2400, 8.770000, 16600, -1.850000, -0.165000
1476377742327, 8.765000, 8.760000, 2400, 8.770000, 16600, -1.850000, -0.165000
1476377744325, 8.765000, 8.760000, 2400, 8.770000, 16500, -1.850000, -0.165000
1476377746306, 8.760000, 8.760000, 2400, 8.770000, 16400, -1.900000, -0.170000
1476377747828, 8.760000, 8.760000, 2400, 8.770000, 16400, -1.900000, -0.170000
1476377750324, 8.760000, 8.760000, 2400, 8.770000, 16400, -1.900000, -0.170000
1476377752318, 8.760000, 8.760000, 2400, 8.770000, 16400, -1.900000, -0.170000
1476377754322, 8.760000, 8.760000, 2400, 8.770000, 16300, -1.900000, -0.170000
1476377756320, 8.765000, 8.760000, 2400, 8.770000, 16300, -1.850000, -0.165000
1476377758327, 8.765000, 8.760000, 2400, 8.770000, 14200, -1.850000, -0.165000
1476377760311, 8.765000, 8.760000, 2400, 8.770000, 14300, -1.850000, -0.165000
1476377762331, 8.765000, 8.760000, 2400, 8.770000, 14300, -1.850000, -0.165000
1476377764326, 8.765000, 8.760000, 2400, 8.770000, 14300, -1.850000, -0.165000
1476377766355, 8.765000, 8.760000, 2400, 8.770000, 14300, -1.850000, -0.165000
1476377768342, 8.765000, 8.760000, 2400, 8.770000, 14300, -1.850000, -0.165000
1476377770336, 8.765000, 8.760000, 2400, 8.770000, 14300, -1.850000, -0.165000
1476377772314, 8.765000, 8.760000, 3100, 8.770000, 14300, -1.850000, -0.165000
1476377774325, 8.765000, 8.760000, 4800, 8.770000, 14300, -1.850000, -0.165000
1476377776317, 8.765000, 8.760000, 4800, 8.770000, 14400, -1.850000, -0.165000
1476377778327, 8.765000, 8.760000, 3700, 8.770000, 14400, -1.850000, -0.165000
1476377780322, 8.765000, 8.760000, 3700, 8.770000, 14300, -1.850000, -0.165000
1476377782331, 8.765000, 8.760000, 3700, 8.770000, 14300, -1.850000, -0.165000
1476377784332, 8.765000, 8.760000, 3800, 8.770000, 14300, -1.850000, -0.165000
1476377786360, 8.760000, 8.750000, 8600, 8.760000, 12200, -1.900000, -0.170000
1476377788328, 8.760000, 8.750000, 8500, 8.760000, 13400, -1.900000, -0.170000
1476377790330, 8.760000, 8.750000, 7600, 8.760000, 13400, -1.900000, -0.170000
1476377792337, 8.745000, 8.740000, 13000, 8.750000, 8800, -2.070000, -0.185000
1476377794352, 8.745000, 8.740000, 15000, 8.750000, 8500, -2.070000, -0.185000
1476377796338, 8.745000, 8.740000, 15000, 8.750000, 8500, -2.070000, -0.185000
1476377798367, 8.745000, 8.740000, 15000, 8.750000, 8500, -2.070000, -0.185000
1476377800318, 8.745000, 8.740000, 15000, 8.750000, 8000, -2.070000, -0.185000
1476377802340, 8.740000, 8.740000, 14400, 8.750000, 8400, -2.130000, -0.190000
1476377804334, 8.740000, 8.740000, 14700, 8.750000, 8400, -2.130000, -0.190000
1476377806346, 8.741000, 8.740000, 14500, 8.750000, 10800, -2.120000, -0.189000
1476377808338, 8.745000, 8.740000, 14500, 8.750000, 10800, -2.070000, -0.185000
1476377810343, 8.745000, 8.740000, 14200, 8.750000, 10800, -2.070000, -0.185000
1476377811828, 8.745000, 8.740000, 14200, 8.750000, 10500, -2.070000, -0.185000
1476377814340, 8.750000, 8.750000, 11400, 8.760000, 15400, -2.020000, -0.180000
1476377816335, 8.750000, 8.750000, 11400, 8.760000, 15300, -2.020000, -0.180000
1476377817840, 8.750000, 8.750000, 11200, 8.760000, 15200, -2.020000, -0.180000
1476377820345, 8.750000, 8.750000, 10700, 8.760000, 13900, -2.020000, -0.180000
1476377822339, 8.750000, 8.750000, 10700, 8.760000, 14900, -2.020000, -0.180000
1476377824342, 8.760000, 8.760000, 8500, 8.770000, 4800, -1.900000, -0.170000
1476377826361, 8.765000, 8.760000, 3400, 8.770000, 8100, -1.850000, -0.165000
1476377828339, 8.765000, 8.760000, 3700, 8.770000, 8100, -1.850000, -0.165000
1476377830363, 8.765000, 8.760000, 1700, 8.770000, 11100, -1.850000, -0.165000
1476377832355, 8.765000, 8.760000, 1700, 8.770000, 10900, -1.850000, -0.165000
1476377834346, 8.765000, 8.760000, 600, 8.770000, 14900, -1.850000, -0.165000
1476377836355, 8.750000, 8.740000, 15500, 8.750000, 12000, -2.020000, -0.180000
1476377838356, 8.750000, 8.740000, 15500, 8.750000, 9800, -2.020000, -0.180000
1476377840360, 8.745000, 8.740000, 15300, 8.750000, 8900, -2.070000, -0.185000
1476377842348, 8.760000, 8.750000, 13700, 8.760000, 6200, -1.900000, -0.170000
1476377843866, 8.760000, 8.750000, 13600, 8.760000, 6100, -1.900000, -0.170000
1476377846345, 8.760000, 8.750000, 11100, 8.760000, 6400, -1.900000, -0.170000
1476377848358, 8.760000, 8.750000, 11100, 8.760000, 6400, -1.900000, -0.170000
1476377850363, 8.760000, 8.750000, 11100, 8.760000, 6300, -1.900000, -0.170000
1476377852355, 8.751000, 8.750000, 7700, 8.760000, 9300, -2.000000, -0.179000
1476377854357, 8.751000, 8.750000, 7700, 8.760000, 9300, -2.000000, -0.179000
1476377856357, 8.760000, 8.750000, 11200, 8.760000, 6700, -1.900000, -0.170000
1476377858376, 8.760000, 8.750000, 11200, 8.760000, 6700, -1.900000, -0.170000
1476377860356, 8.760000, 8.750000, 11300, 8.760000, 6700, -1.900000, -0.170000
1476377862359, 8.755000, 8.750000, 11700, 8.760000, 6500, -1.960000, -0.175000
1476377864353, 8.755000, 8.750000, 11800, 8.760000, 6500, -1.960000, -0.175000
1476377866359, 8.755000, 8.750000, 11800, 8.760000, 6500, -1.960000, -0.175000
1476377868360, 8.755000, 8.750000, 11800, 8.760000, 6500, -1.960000, -0.175000
1476377870451, 8.755000, 8.750000, 11800, 8.760000, 6500, -1.960000, -0.175000
1476377872384, 8.755000, 8.750000, 11800, 8.760000, 6500, -1.960000, -0.175000
1476377874353, 8.755000, 8.750000, 11200, 8.760000, 6500, -1.960000, -0.175000
1476377876358, 8.755000, 8.750000, 11400, 8.760000, 6500, -1.960000, -0.175000
1476377878357, 8.755000, 8.750000, 11400, 8.760000, 6500, -1.960000, -0.175000
1476377880363, 8.755000, 8.750000, 10400, 8.760000, 6600, -1.960000, -0.175000
1476377882361, 8.755000, 8.750000, 9100, 8.760000, 7000, -1.960000, -0.175000
1476377884383, 8.755000, 8.750000, 9100, 8.760000, 7000, -1.960000, -0.175000
1476377886377, 8.755000, 8.750000, 9100, 8.760000, 7100, -1.960000, -0.175000
1476377888751, 8.754000, 8.750000, 9200, 8.760000, 7100, -1.970000, -0.176000
1476377890751, 8.755000, 8.750000, 6900, 8.760000, 9500, -1.960000, -0.175000
1476377892754, 8.755000, 8.750000, 7900, 8.760000, 9500, -1.960000, -0.175000
1476377894755, 8.755000, 8.750000, 6600, 8.760000, 9600, -1.960000, -0.175000
1476377896753, 8.750000, 8.750000, 4900, 8.760000, 9900, -2.020000, -0.180000
1476377898774, 8.750000, 8.750000, 4900, 8.760000, 9700, -2.020000, -0.180000
1476377900764, 8.750000, 8.750000, 4900, 8.760000, 9700, -2.020000, -0.180000
1476377902760, 8.750000, 8.750000, 4900, 8.760000, 9700, -2.020000, -0.180000
1476377904760, 8.755000, 8.750000, 4900, 8.760000, 9500, -1.960000, -0.175000
1476377906758, 8.755000, 8.750000, 5900, 8.760000, 9400, -1.960000, -0.175000
1476377908762, 8.755000, 8.750000, 5900, 8.760000, 9400, -1.960000, -0.175000
1476377910763, 8.755000, 8.750000, 12700, 8.760000, 9200, -1.960000, -0.175000
1476377912797, 8.755000, 8.750000, 12400, 8.760000, 9200, -1.960000, -0.175000
1476377914757, 8.755000, 8.750000, 12100, 8.760000, 9200, -1.960000, -0.175000
1476377916779, 8.755000, 8.750000, 12100, 8.760000, 9200, -1.960000, -0.175000
1476377918761, 8.760000, 8.750000, 10600, 8.760000, 6600, -1.900000, -0.170000
1476377920766, 8.755000, 8.750000, 10800, 8.760000, 6400, -1.960000, -0.175000
1476377922759, 8.755000, 8.750000, 10900, 8.760000, 8000, -1.960000, -0.175000
1476377924762, 8.755000, 8.750000, 11000, 8.760000, 8000, -1.960000, -0.175000
1476377926761, 8.755000, 8.750000, 11400, 8.760000, 8000, -1.960000, -0.175000
1476377928268, 8.755000, 8.750000, 11400, 8.760000, 8000, -1.960000, -0.175000
1476377930280, 8.755000, 8.750000, 11400, 8.760000, 8000, -1.960000, -0.175000
1476377932769, 8.755000, 8.750000, 11900, 8.760000, 8000, -1.960000, -0.175000
1476377934772, 8.755000, 8.750000, 12100, 8.760000, 8000, -1.960000, -0.175000
1476377936772, 8.755000, 8.750000, 12000, 8.760000, 8000, -1.960000, -0.175000
1476377938766, 8.755000, 8.750000, 12000, 8.760000, 8000, -1.960000, -0.175000
1476377940769, 8.750600, 8.750000, 12100, 8.760000, 8100, -2.010000, -0.179400
1476377942784, 8.750600, 8.750000, 12100, 8.760000, 8100, -2.010000, -0.179400
1476377944787, 8.750600, 8.750000, 12000, 8.760000, 8100, -2.010000, -0.179400
1476377946771, 8.756100, 8.750000, 12000, 8.760000, 8100, -1.950000, -0.173900
1476377948785, 8.756100, 8.750000, 12000, 8.760000, 8100, -1.950000, -0.173900
1476377950784, 8.760000, 8.750000, 12000, 8.760000, 7500, -1.900000, -0.170000
1476377952777, 8.760000, 8.750000, 12000, 8.760000, 7500, -1.900000, -0.170000
1476377954779, 8.755000, 8.750000, 12000, 8.760000, 7400, -1.960000, -0.175000
1476377956770, 8.755000, 8.750000, 9600, 8.760000, 8000, -1.960000, -0.175000
1476377958772, 8.755000, 8.750000, 9600, 8.760000, 8000, -1.960000, -0.175000
1476377960771, 8.755000, 8.750000, 9600, 8.760000, 7800, -1.960000, -0.175000
1476377962816, 8.755000, 8.750000, 9700, 8.760000, 10200, -1.960000, -0.175000
1476377964277, 8.755000, 8.750000, 9800, 8.760000, 10200, -1.960000, -0.175000
1476377966779, 8.755000, 8.750000, 10600, 8.760000, 10200, -1.960000, -0.175000
1476377968774, 8.759900, 8.750000, 9700, 8.760000, 10300, -1.900000, -0.170100
1476377970317, 8.759900, 8.750000, 9700, 8.760000, 10200, -1.900000, -0.170100
1476377972805, 8.759900, 8.750000, 9800, 8.760000, 10300, -1.900000, -0.170100
1476377974780, 8.759900, 8.750000, 9700, 8.760000, 10300, -1.900000, -0.170100
1476377976784, 8.759900, 8.750000, 9800, 8.760000, 10300, -1.900000, -0.170100
1476377978782, 8.759900, 8.750000, 9700, 8.760000, 10300, -1.900000, -0.170100
1476377980783, 8.755000, 8.750000, 10400, 8.760000, 10200, -1.960000, -0.175000
1476377982788, 8.755000, 8.750000, 10500, 8.760000, 10200, -1.960000, -0.175000
1476377984784, 8.755000, 8.750000, 11500, 8.760000, 10200, -1.960000, -0.175000
1476377986825, 8.755700, 8.750000, 11600, 8.760000, 9900, -1.950000, -0.174300
1476377988787, 8.755700, 8.750000, 11400, 8.760000, 10000, -1.950000, -0.174300
1476377990786, 8.755700, 8.750000, 11400, 8.760000, 10000, -1.950000, -0.174300
1476377992790, 8.755000, 8.750000, 11400, 8.760000, 10000, -1.960000, -0.175000
1476377994801, 8.755000, 8.750000, 11400, 8.760000, 10000, -1.960000, -0.175000
1476377996793, 8.755000, 8.750000, 11400, 8.760000, 10000, -1.960000, -0.175000
1476377998795, 8.755000, 8.750000, 11400, 8.760000, 10000, -1.960000, -0.175000
1476378000808, 8.755000, 8.750000, 10500, 8.760000, 10400, -1.960000, -0.175000
1476378002803, 8.755000, 8.750000, 10500, 8.760000, 10400, -1.960000, -0.175000
1476378004301, 8.755000, 8.750000, 10500, 8.760000, 10400, -1.960000, -0.175000
1476378006803, 8.755000, 8.750000, 10500, 8.760000, 10400, -1.960000, -0.175000
1476378008790, 8.755000, 8.750000, 10500, 8.760000, 10400, -1.960000, -0.175000
1476378010297, 8.755000, 8.750000, 10500, 8.760000, 10400, -1.960000, -0.175000
1476378012827, 8.755000, 8.750000, 10200, 8.760000, 10300, -1.960000, -0.175000
1476378014791, 8.755000, 8.750000, 10200, 8.760000, 10300, -1.960000, -0.175000
1476378016803, 8.755000, 8.750000, 10200, 8.760000, 10300, -1.960000, -0.175000
1476378018844, 8.755000, 8.750000, 10400, 8.760000, 10300, -1.960000, -0.175000
1476378020800, 8.755000, 8.750000, 10400, 8.760000, 10300, -1.960000, -0.175000
1476378022803, 8.755000, 8.750000, 9400, 8.760000, 10300, -1.960000, -0.175000
1476378024806, 8.755000, 8.750000, 9400, 8.760000, 10300, -1.960000, -0.175000
1476378026781, 8.755000, 8.750000, 9400, 8.760000, 10300, -1.960000, -0.175000
1476378028820, 8.755000, 8.750000, 9400, 8.760000, 10300, -1.960000, -0.175000
1476378030804, 8.755000, 8.750000, 9400, 8.760000, 10300, -1.960000, -0.175000
1476378032807, 8.755000, 8.750000, 9400, 8.760000, 10300, -1.960000, -0.175000
1476378034301, 8.755000, 8.750000, 9400, 8.760000, 10300, -1.960000, -0.175000
1476378036832, 8.755000, 8.750000, 8300, 8.760000, 10400, -1.960000, -0.175000
1476378038811, 8.755000, 8.750000, 8000, 8.760000, 10300, -1.960000, -0.175000
1476378040810, 8.755000, 8.750000, 8000, 8.760000, 10400, -1.960000, -0.175000
1476378042807, 8.755000, 8.750000, 8000, 8.760000, 10400, -1.960000, -0.175000
1476378044800, 8.755000, 8.750000, 7900, 8.760000, 10400, -1.960000, -0.175000
1476378046807, 8.755000, 8.750000, 7900, 8.760000, 10400, -1.960000, -0.175000
1476378048817, 8.755000, 8.750000, 6500, 8.760000, 10900, -1.960000, -0.175000
1476378050799, 8.755000, 8.750000, 6500, 8.760000, 10900, -1.960000, -0.175000
1476378052803, 8.755000, 8.750000, 6500, 8.760000, 11000, -1.960000, -0.175000
1476378054819, 8.755000, 8.750000, 6500, 8.760000, 11100, -1.960000, -0.175000
1476378056840, 8.755000, 8.750000, 6200, 8.760000, 11000, -1.960000, -0.175000
1476378058828, 8.755000, 8.750000, 6000, 8.760000, 11000, -1.960000, -0.175000
1476378060817, 8.750000, 8.750000, 6100, 8.760000, 11100, -2.020000, -0.180000
1476378062813, 8.750000, 8.750000, 6100, 8.760000, 11100, -2.020000, -0.180000
1476378064859, 8.750000, 8.750000, 6100, 8.760000, 11100, -2.020000, -0.180000
1476378066820, 8.750000, 8.750000, 6100, 8.760000, 11100, -2.020000, -0.180000
1476378068810, 8.750000, 8.750000, 6100, 8.760000, 11100, -2.020000, -0.180000
1476378070826, 8.750000, 8.750000, 6100, 8.760000, 11100, -2.020000, -0.180000
1476378072858, 8.750000, 8.750000, 6100, 8.760000, 11200, -2.020000, -0.180000
1476378074823, 8.750000, 8.750000, 6100, 8.760000, 11200, -2.020000, -0.180000
1476378076811, 8.750000, 8.750000, 6100, 8.760000, 11200, -2.020000, -0.180000
1476378078862, 8.750000, 8.750000, 7100, 8.760000, 11300, -2.020000, -0.180000
1476378080818, 8.750000, 8.750000, 6000, 8.760000, 11300, -2.020000, -0.180000
1476378082811, 8.750000, 8.750000, 4400, 8.760000, 11300, -2.020000, -0.180000
1476378084819, 8.755000, 8.750000, 4400, 8.760000, 11300, -1.960000, -0.175000
1476378086829, 8.755000, 8.750000, 4400, 8.760000, 11300, -1.960000, -0.175000
1476378088852, 8.750000, 8.750000, 4400, 8.760000, 11200, -2.020000, -0.180000
1476378090832, 8.750000, 8.750000, 5000, 8.760000, 11200, -2.020000, -0.180000
1476378092869, 8.750000, 8.750000, 5600, 8.760000, 11200, -2.020000, -0.180000
1476378094837, 8.750000, 8.750000, 5100, 8.760000, 11200, -2.020000, -0.180000
1476378096829, 8.750000, 8.750000, 5100, 8.760000, 11200, -2.020000, -0.180000
1476378098832, 8.750000, 8.750000, 5000, 8.760000, 11100, -2.020000, -0.180000
1476378100837, 8.750000, 8.750000, 5000, 8.760000, 11100, -2.020000, -0.180000
1476378102840, 8.750000, 8.750000, 6500, 8.760000, 11100, -2.020000, -0.180000
1476378104831, 8.750000, 8.750000, 6500, 8.760000, 11100, -2.020000, -0.180000
1476378106836, 8.750000, 8.750000, 7100, 8.760000, 11100, -2.020000, -0.180000
1476378108842, 8.750000, 8.750000, 6200, 8.760000, 11200, -2.020000, -0.180000
1476378110819, 8.750000, 8.750000, 6100, 8.760000, 11200, -2.020000, -0.180000
1476378112827, 8.750000, 8.750000, 4600, 8.760000, 11600, -2.020000, -0.180000
1476378114838, 8.755000, 8.750000, 4600, 8.760000, 11600, -1.960000, -0.175000
1476378116837, 8.755000, 8.750000, 4600, 8.760000, 11400, -1.960000, -0.175000
1476378118844, 8.755000, 8.750000, 5300, 8.760000, 11400, -1.960000, -0.175000
1476378120841, 8.750000, 8.750000, 4300, 8.760000, 11400, -2.020000, -0.180000
1476378122849, 8.750000, 8.750000, 4300, 8.760000, 11400, -2.020000, -0.180000
1476378124842, 8.750000, 8.750000, 4500, 8.760000, 11400, -2.020000, -0.180000
1476378126852, 8.755000, 8.750000, 5800, 8.760000, 11300, -1.960000, -0.175000
1476378128871, 8.755000, 8.750000, 5800, 8.760000, 11300, -1.960000, -0.175000
1476378130846, 8.745000, 8.740000, 5800, 8.750000, 14900, -2.070000, -0.185000
1476378132891, 8.750000, 8.740000, 8300, 8.750000, 14900, -2.020000, -0.180000
1476378134850, 8.745000, 8.740000, 6700, 8.750000, 15100, -2.070000, -0.185000
1476378136830, 8.745000, 8.740000, 6700, 8.750000, 15100, -2.070000, -0.185000
1476378138839, 8.745000, 8.740000, 4800, 8.750000, 15200, -2.070000, -0.185000
1476378140848, 8.745000, 8.740000, 4800, 8.750000, 15100, -2.070000, -0.185000
1476378142889, 8.745000, 8.740000, 4800, 8.750000, 15100, -2.070000, -0.185000
1476378144861, 8.745000, 8.740000, 4800, 8.750000, 15300, -2.070000, -0.185000
1476378146863, 8.745000, 8.740000, 4800, 8.750000, 15300, -2.070000, -0.185000
1476378148853, 8.745000, 8.740000, 4800, 8.750000, 15300, -2.070000, -0.185000
1476378150849, 8.745000, 8.740000, 5000, 8.750000, 15200, -2.070000, -0.185000
1476378152853, 8.745000, 8.740000, 5000, 8.750000, 15200, -2.070000, -0.185000
1476378154849, 8.745000, 8.740000, 5400, 8.750000, 15200, -2.070000, -0.185000
1476378156835, 8.745000, 8.740000, 5500, 8.750000, 15000, -2.070000, -0.185000
1476378158856, 8.745000, 8.740000, 5500, 8.750000, 15000, -2.070000, -0.185000
1476378160893, 8.745000, 8.740000, 5500, 8.750000, 15000, -2.070000, -0.185000
1476378162849, 8.745000, 8.740000, 5500, 8.750000, 15000, -2.070000, -0.185000
1476378164835, 8.745000, 8.740000, 5400, 8.750000, 15000, -2.070000, -0.185000
1476378166853, 8.745000, 8.740000, 5400, 8.750000, 15000, -2.070000, -0.185000
1476378168844, 8.740000, 8.740000, 5500, 8.750000, 15000, -2.130000, -0.190000
1476378170865, 8.740000, 8.740000, 5500, 8.750000, 15000, -2.130000, -0.190000
1476378172861, 8.746200, 8.740000, 5500, 8.750000, 15000, -2.060000, -0.183800
1476378174843, 8.746200, 8.740000, 5600, 8.750000, 15000, -2.060000, -0.183800
1476378176862, 8.745000, 8.740000, 5600, 8.750000, 15000, -2.070000, -0.185000
1476378178858, 8.745000, 8.740000, 5700, 8.750000, 15000, -2.070000, -0.185000
1476378180900, 8.744300, 8.740000, 5900, 8.750000, 15100, -2.080000, -0.185700
1476378182862, 8.745000, 8.740000, 10200, 8.750000, 11500, -2.070000, -0.185000
1476378184849, 8.745000, 8.740000, 10200, 8.750000, 11500, -2.070000, -0.185000
1476378186903, 8.745000, 8.740000, 10300, 8.750000, 11500, -2.070000, -0.185000
1476378188900, 8.745000, 8.740000, 10300, 8.750000, 11500, -2.070000, -0.185000
1476378190858, 8.745000, 8.740000, 10300, 8.750000, 11300, -2.070000, -0.185000
1476378192849, 8.745000, 8.740000, 10300, 8.750000, 11300, -2.070000, -0.185000
1476378194889, 8.745000, 8.740000, 10300, 8.750000, 11300, -2.070000, -0.185000
1476378196852, 8.745000, 8.740000, 10500, 8.750000, 11300, -2.070000, -0.185000
1476378198866, 8.745000, 8.740000, 10500, 8.750000, 11300, -2.070000, -0.185000
1476378200857, 8.749900, 8.740000, 10500, 8.750000, 11300, -2.020000, -0.180100
1476378202837, 8.745000, 8.740000, 10500, 8.750000, 11300, -2.070000, -0.185000
1476378204863, 8.745000, 8.740000, 10500, 8.750000, 11300, -2.070000, -0.185000
1476378206856, 8.745000, 8.740000, 10500, 8.750000, 11300, -2.070000, -0.185000
1476378208849, 8.745000, 8.740000, 10500, 8.750000, 11300, -2.070000, -0.185000
1476378210369, 8.745000, 8.740000, 10500, 8.750000, 11300, -2.070000, -0.185000
1476378212366, 8.740000, 8.740000, 10500, 8.750000, 11300, -2.130000, -0.190000
1476378214982, 8.740000, 8.740000, 10500, 8.750000, 11300, -2.130000, -0.190000
1476378216748, 8.740000, 8.740000, 10300, 8.750000, 11900, -2.130000, -0.190000
1476378218749, 8.745000, 8.740000, 10300, 8.750000, 11900, -2.070000, -0.185000
1476378220750, 8.745000, 8.740000, 10500, 8.750000, 11900, -2.070000, -0.185000
1476378222752, 8.745000, 8.740000, 10500, 8.750000, 11900, -2.070000, -0.185000
1476378224749, 8.745000, 8.740000, 10500, 8.750000, 11900, -2.070000, -0.185000
1476378226256, 8.740000, 8.740000, 10500, 8.750000, 11900, -2.130000, -0.190000
1476378228753, 8.745000, 8.740000, 10500, 8.750000, 11800, -2.070000, -0.185000
1476378230767, 8.745000, 8.740000, 9100, 8.750000, 12100, -2.070000, -0.185000
1476378232759, 8.745000, 8.740000, 10000, 8.750000, 11600, -2.070000, -0.185000
1476378234767, 8.745000, 8.740000, 10000, 8.750000, 11500, -2.070000, -0.185000
1476378236756, 8.745000, 8.740000, 10000, 8.750000, 11500, -2.070000, -0.185000
1476378238762, 8.745000, 8.740000, 10000, 8.750000, 11500, -2.070000, -0.185000
1476378240759, 8.745000, 8.740000, 10000, 8.750000, 11500, -2.070000, -0.185000
1476378242761, 8.745000, 8.740000, 10000, 8.750000, 11500, -2.070000, -0.185000
1476378244758, 8.745000, 8.740000, 10100, 8.750000, 11300, -2.070000, -0.185000
1476378246766, 8.745000, 8.740000, 10100, 8.750000, 11300, -2.070000, -0.185000
1476378248760, 8.745000, 8.740000, 10100, 8.750000, 11300, -2.070000, -0.185000
1476378250764, 8.745000, 8.740000, 10100, 8.750000, 11300, -2.070000, -0.185000
1476378252767, 8.745000, 8.740000, 10100, 8.750000, 11400, -2.070000, -0.185000
1476378254764, 8.745000, 8.740000, 10100, 8.750000, 9000, -2.070000, -0.185000
1476378256764, 8.745000, 8.740000, 10100, 8.750000, 9000, -2.070000, -0.185000
1476378258763, 8.745000, 8.740000, 10100, 8.750000, 9000, -2.070000, -0.185000
1476378260777, 8.745000, 8.740000, 10100, 8.750000, 9000, -2.070000, -0.185000
1476378262783, 8.745000, 8.740000, 13800, 8.750000, 9400, -2.070000, -0.185000
1476378264797, 8.745000, 8.740000, 13800, 8.750000, 9400, -2.070000, -0.185000
1476378266770, 8.745000, 8.740000, 20000, 8.750000, 9400, -2.070000, -0.185000
1476378268768, 8.745000, 8.740000, 19900, 8.750000, 9300, -2.070000, -0.185000
1476378270768, 8.744600, 8.740000, 20000, 8.750000, 9300, -2.080000, -0.185400
1476378272779, 8.744600, 8.740000, 19900, 8.750000, 9300, -2.080000, -0.185400
1476378274793, 8.744600, 8.740000, 19900, 8.750000, 9300, -2.080000, -0.185400
1476378276766, 8.744600, 8.740000, 19900, 8.750000, 9300, -2.080000, -0.185400
1476378278812, 8.744600, 8.740000, 19900, 8.750000, 9300, -2.080000, -0.185400
1476378280768, 8.744600, 8.740000, 19900, 8.750000, 9300, -2.080000, -0.185400
1476378282770, 8.744600, 8.740000, 12700, 8.750000, 10000, -2.080000, -0.185400
1476378284775, 8.744600, 8.740000, 12200, 8.750000, 10000, -2.080000, -0.185400
1476378286783, 8.744600, 8.740000, 11000, 8.750000, 10500, -2.080000, -0.185400
1476378288800, 8.744600, 8.740000, 2900, 8.750000, 10900, -2.080000, -0.185400
1476378290783, 8.744600, 8.740000, 3000, 8.750000, 10900, -2.080000, -0.185400
1476378292820, 8.744600, 8.740000, 3000, 8.750000, 11000, -2.080000, -0.185400
1476378294780, 8.744600, 8.740000, 3000, 8.750000, 11000, -2.080000, -0.185400
1476378296787, 8.744600, 8.740000, 3000, 8.750000, 11000, -2.080000, -0.185400
1476378298786, 8.744600, 8.740000, 3000, 8.750000, 11000, -2.080000, -0.185400
1476378300287, 8.745000, 8.740000, 3000, 8.750000, 10900, -2.070000, -0.185000
1476378302779, 8.745000, 8.740000, 3000, 8.750000, 11000, -2.070000, -0.185000
1476378304785, 8.745000, 8.740000, 2100, 8.750000, 11100, -2.070000, -0.185000
1476378306820, 8.745000, 8.740000, 2100, 8.750000, 11100, -2.070000, -0.185000
1476378308784, 8.745000, 8.740000, 2100, 8.750000, 11100, -2.070000, -0.185000
1476378310790, 8.745000, 8.740000, 3100, 8.750000, 13500, -2.070000, -0.185000
1476378312292, 8.745000, 8.740000, 3600, 8.750000, 13500, -2.070000, -0.185000
1476378314795, 8.745000, 8.740000, 3400, 8.750000, 13500, -2.070000, -0.185000
1476378316797, 8.745000, 8.740000, 2700, 8.750000, 13300, -2.070000, -0.185000
1476378318787, 8.748500, 8.740000, 3200, 8.750000, 13200, -2.030000, -0.181500
1476378320853, 8.748500, 8.740000, 3200, 8.750000, 13200, -2.030000, -0.181500
1476378322293, 8.748500, 8.740000, 4700, 8.750000, 13100, -2.030000, -0.181500
1476378324784, 8.748500, 8.740000, 4900, 8.750000, 13400, -2.030000, -0.181500
1476378326794, 8.748500, 8.740000, 4900, 8.750000, 13400, -2.030000, -0.181500
1476378328784, 8.748500, 8.740000, 4900, 8.750000, 13300, -2.030000, -0.181500
1476378330790, 8.748500, 8.740000, 5000, 8.750000, 13300, -2.030000, -0.181500
1476378332823, 8.748500, 8.740000, 5000, 8.750000, 13400, -2.030000, -0.181500
1476378334873, 8.748500, 8.740000, 5000, 8.750000, 13400, -2.030000, -0.181500
1476378336799, 8.748500, 8.740000, 5000, 8.750000, 13400, -2.030000, -0.181500
1476378338802, 8.748500, 8.740000, 5000, 8.750000, 13400, -2.030000, -0.181500
1476378340798, 8.748500, 8.740000, 4800, 8.750000, 13500, -2.030000, -0.181500
1476378342805, 8.748500, 8.740000, 4800, 8.750000, 13400, -2.030000, -0.181500
1476378344791, 8.748500, 8.740000, 5000, 8.750000, 13300, -2.030000, -0.181500
1476378346801, 8.748500, 8.740000, 4900, 8.750000, 13300, -2.030000, -0.181500
1476378348846, 8.748500, 8.740000, 5000, 8.750000, 13300, -2.030000, -0.181500
1476378350792, 8.748500, 8.740000, 5000, 8.750000, 13300, -2.030000, -0.181500
1476378352808, 8.748500, 8.740000, 5000, 8.750000, 13300, -2.030000, -0.181500
1476378354802, 8.748500, 8.740000, 5000, 8.750000, 13300, -2.030000, -0.181500
1476378356793, 8.748500, 8.740000, 5000, 8.750000, 13300, -2.030000, -0.181500
1476378358808, 8.748500, 8.740000, 5000, 8.750000, 13300, -2.030000, -0.181500
1476378360801, 8.748500, 8.740000, 5000, 8.750000, 13300, -2.030000, -0.181500
1476378362850, 8.748500, 8.740000, 5000, 8.750000, 13300, -2.030000, -0.181500
1476378364830, 8.748500, 8.740000, 4900, 8.750000, 13400, -2.030000, -0.181500
1476378366805, 8.748500, 8.740000, 4900, 8.750000, 13400, -2.030000, -0.181500
1476378368803, 8.748500, 8.740000, 5000, 8.750000, 13400, -2.030000, -0.181500
1476378370808, 8.745000, 8.740000, 3400, 8.750000, 13400, -2.070000, -0.185000
1476378372792, 8.745000, 8.740000, 3400, 8.750000, 13400, -2.070000, -0.185000
1476378374811, 8.745000, 8.740000, 2900, 8.750000, 13400, -2.070000, -0.185000
1476378376813, 8.740000, 8.740000, 2900, 8.750000, 13400, -2.130000, -0.190000
1476378378794, 8.740000, 8.740000, 2800, 8.750000, 13500, -2.130000, -0.190000
1476378380881, 8.745000, 8.740000, 2900, 8.750000, 13400, -2.070000, -0.185000
1476378382318, 8.740000, 8.740000, 2900, 8.750000, 13400, -2.130000, -0.190000
1476378384815, 8.740000, 8.740000, 2900, 8.750000, 14400, -2.130000, -0.190000
1476378386814, 8.740000, 8.740000, 3000, 8.750000, 14400, -2.130000, -0.190000
1476378388819, 8.740000, 8.740000, 3000, 8.750000, 13400, -2.130000, -0.190000
1476378390830, 8.740000, 8.740000, 3000, 8.750000, 13400, -2.130000, -0.190000
1476378392312, 8.740000, 8.740000, 3000, 8.750000, 13400, -2.130000, -0.190000
1476378394828, 8.740000, 8.740000, 2900, 8.750000, 13500, -2.130000, -0.190000
1476378396819, 8.740000, 8.740000, 2900, 8.750000, 13500, -2.130000, -0.190000
1476378398824, 8.740000, 8.740000, 2700, 8.750000, 13500, -2.130000, -0.190000
1476378400823, 8.745000, 8.740000, 2600, 8.750000, 13500, -2.070000, -0.185000
1476378402825, 8.745000, 8.740000, 2600, 8.750000, 13500, -2.070000, -0.185000
1476378404813, 8.745000, 8.740000, 2600, 8.750000, 13400, -2.070000, -0.185000
1476378406867, 8.745000, 8.740000, 2600, 8.750000, 13400, -2.070000, -0.185000
1476378408818, 8.745000, 8.740000, 2600, 8.750000, 13500, -2.070000, -0.185000
1476378410834, 8.745000, 8.740000, 2600, 8.750000, 13500, -2.070000, -0.185000
1476378412836, 8.745000, 8.740000, 2600, 8.750000, 13500, -2.070000, -0.185000
1476378414862, 8.745000, 8.740000, 2600, 8.750000, 13500, -2.070000, -0.185000
1476378416826, 8.745000, 8.740000, 2600, 8.750000, 13500, -2.070000, -0.185000
1476378418839, 8.745000, 8.740000, 2600, 8.750000, 13500, -2.070000, -0.185000
1476378420830, 8.745000, 8.740000, 2600, 8.750000, 13500, -2.070000, -0.185000
1476378422846, 8.750000, 8.740000, 11100, 8.750000, 12900, -2.020000, -0.180000
1476378424858, 8.745400, 8.740000, 11300, 8.750000, 12700, -2.070000, -0.184600
1476378426815, 8.750000, 8.740000, 11300, 8.750000, 12900, -2.020000, -0.180000
1476378428825, 8.750000, 8.740000, 11300, 8.750000, 12900, -2.020000, -0.180000
1476378430836, 8.750000, 8.740000, 11300, 8.750000, 12900, -2.020000, -0.180000
1476378432833, 8.750000, 8.740000, 10900, 8.750000, 12900, -2.020000, -0.180000
1476378434828, 8.750000, 8.740000, 10900, 8.750000, 12900, -2.020000, -0.180000
1476378436827, 8.750000, 8.740000, 10900, 8.750000, 12700, -2.020000, -0.180000
1476378438839, 8.750000, 8.740000, 10900, 8.750000, 12900, -2.020000, -0.180000
1476378440842, 8.750000, 8.740000, 10900, 8.750000, 12900, -2.020000, -0.180000
1476378442837, 8.745000, 8.740000, 10900, 8.750000, 12800, -2.070000, -0.185000
1476378444842, 8.745000, 8.740000, 10900, 8.750000, 12800, -2.070000, -0.185000
1476378446834, 8.745000, 8.740000, 10900, 8.750000, 12800, -2.070000, -0.185000
1476378448828, 8.745000, 8.740000, 10900, 8.750000, 12800, -2.070000, -0.185000
1476378450830, 8.745000, 8.740000, 10500, 8.750000, 12800, -2.070000, -0.185000
1476378452841, 8.750000, 8.740000, 10500, 8.750000, 12800, -2.020000, -0.180000
1476378454833, 8.750000, 8.740000, 8600, 8.750000, 13300, -2.020000, -0.180000
1476378456836, 8.745000, 8.740000, 8600, 8.750000, 13300, -2.070000, -0.185000
1476378458840, 8.745000, 8.740000, 8800, 8.750000, 13300, -2.070000, -0.185000
1476378460845, 8.745000, 8.740000, 10300, 8.750000, 13200, -2.070000, -0.185000
1476378462882, 8.745000, 8.740000, 10300, 8.750000, 13200, -2.070000, -0.185000
1476378464856, 8.745000, 8.740000, 10300, 8.750000, 13200, -2.070000, -0.185000
1476378466865, 8.740000, 8.740000, 10700, 8.750000, 13200, -2.130000, -0.190000
1476378468847, 8.740000, 8.740000, 10700, 8.750000, 13200, -2.130000, -0.190000
1476378470844, 8.740000, 8.740000, 10700, 8.750000, 13200, -2.130000, -0.190000
1476378472855, 8.740000, 8.740000, 10700, 8.750000, 13200, -2.130000, -0.190000
1476378474841, 8.745000, 8.740000, 10700, 8.750000, 13100, -2.070000, -0.185000
1476378476842, 8.745000, 8.740000, 10700, 8.750000, 13100, -2.070000, -0.185000
1476378478862, 8.745000, 8.740000, 10700, 8.750000, 13100, -2.070000, -0.185000
1476378480853, 8.745000, 8.740000, 10700, 8.750000, 13100, -2.070000, -0.185000
1476378482854, 8.745000, 8.740000, 10700, 8.750000, 13100, -2.070000, -0.185000
1476378484352, 8.750000, 8.740000, 9000, 8.750000, 12800, -2.020000, -0.180000
1476378486855, 8.750000, 8.740000, 9000, 8.750000, 12900, -2.020000, -0.180000
1476378488852, 8.745000, 8.740000, 9000, 8.750000, 12900, -2.070000, -0.185000
1476378490852, 8.740000, 8.740000, 7900, 8.750000, 13200, -2.130000, -0.190000
1476378492858, 8.745000, 8.740000, 8500, 8.750000, 13100, -2.070000, -0.185000
1476378494835, 8.745000, 8.740000, 8400, 8.750000, 13200, -2.070000, -0.185000
1476378496891, 8.745000, 8.740000, 8400, 8.750000, 13200, -2.070000, -0.185000
1476378498856, 8.745000, 8.740000, 9100, 8.750000, 13200, -2.070000, -0.185000
1476378500852, 8.749900, 8.740000, 12400, 8.750000, 8800, -2.020000, -0.180100
1476378502860, 8.749900, 8.740000, 12100, 8.750000, 8800, -2.020000, -0.180100
1476378504862, 8.749900, 8.740000, 12100, 8.750000, 8800, -2.020000, -0.180100
1476378506866, 8.749900, 8.740000, 12100, 8.750000, 8800, -2.020000, -0.180100
1476378508976, 8.749900, 8.740000, 11500, 8.750000, 8800, -2.020000, -0.180100
1476378510901, 8.749900, 8.740000, 11500, 8.750000, 8800, -2.020000, -0.180100
1476378512862, 8.749900, 8.740000, 11600, 8.750000, 8700, -2.020000, -0.180100
1476378514862, 8.749900, 8.740000, 11600, 8.750000, 8700, -2.020000, -0.180100
1476378516863, 8.749900, 8.740000, 11600, 8.750000, 8700, -2.020000, -0.180100
1476378518865, 8.749900, 8.740000, 11600, 8.750000, 8800, -2.020000, -0.180100
1476378520860, 8.749900, 8.740000, 11600, 8.750000, 8800, -2.020000, -0.180100
1476378522883, 8.749900, 8.740000, 11600, 8.750000, 8800, -2.020000, -0.180100
1476378524873, 8.749900, 8.740000, 9200, 8.750000, 8800, -2.020000, -0.180100
1476378526919, 8.749900, 8.740000, 9200, 8.750000, 8800, -2.020000, -0.180100
1476378528867, 8.749900, 8.740000, 9200, 8.750000, 8800, -2.020000, -0.180100
1476378530866, 8.749900, 8.740000, 9200, 8.750000, 8800, -2.020000, -0.180100
1476378532869, 8.745000, 8.740000, 9200, 8.750000, 8700, -2.070000, -0.185000
1476378534867, 8.745000, 8.740000, 9000, 8.750000, 9400, -2.070000, -0.185000
1476378536858, 8.745000, 8.740000, 9000, 8.750000, 9400, -2.070000, -0.185000
1476378538870, 8.745000, 8.740000, 9000, 8.750000, 9400, -2.070000, -0.185000
1476378540912, 8.745000, 8.740000, 9000, 8.750000, 9400, -2.070000, -0.185000
1476378542870, 8.745000, 8.740000, 9000, 8.750000, 9500, -2.070000, -0.185000
1476378545251, 8.745000, 8.740000, 8300, 8.750000, 10500, -2.070000, -0.185000
1476378547254, 8.745000, 8.740000, 2200, 8.750000, 17600, -2.070000, -0.185000
1476378549251, 8.745000, 8.740000, 2800, 8.750000, 17200, -2.070000, -0.185000
1476378551249, 8.745000, 8.740000, 3000, 8.750000, 16700, -2.070000, -0.185000
1476378553255, 8.745000, 8.740000, 6000, 8.750000, 16700, -2.070000, -0.185000
1476378555289, 8.745000, 8.740000, 6100, 8.750000, 16600, -2.070000, -0.185000
1476378557257, 8.745000, 8.740000, 6800, 8.750000, 16100, -2.070000, -0.185000
1476378559259, 8.745000, 8.740000, 6800, 8.750000, 13400, -2.070000, -0.185000
1476378561259, 8.745000, 8.740000, 6800, 8.750000, 13400, -2.070000, -0.185000
1476378563254, 8.745000, 8.740000, 6800, 8.750000, 13300, -2.070000, -0.185000
1476378565268, 8.745000, 8.740000, 6800, 8.750000, 13300, -2.070000, -0.185000
1476378567254, 8.745000, 8.740000, 6800, 8.750000, 13300, -2.070000, -0.185000
1476378569262, 8.745000, 8.740000, 6800, 8.750000, 13300, -2.070000, -0.185000
1476378571261, 8.745000, 8.740000, 6500, 8.750000, 13300, -2.070000, -0.185000
1476378573259, 8.745000, 8.740000, 8200, 8.750000, 13300, -2.070000, -0.185000
1476378575260, 8.745000, 8.740000, 8200, 8.750000, 13300, -2.070000, -0.185000
1476378577260, 8.740000, 8.740000, 8100, 8.750000, 13300, -2.130000, -0.190000
1476378579263, 8.740000, 8.740000, 8200, 8.750000, 13400, -2.130000, -0.190000
1476378581332, 8.745000, 8.740000, 8100, 8.750000, 13400, -2.070000, -0.185000
1476378583265, 8.745000, 8.740000, 7900, 8.750000, 13400, -2.070000, -0.185000
1476378585264, 8.745000, 8.740000, 8000, 8.750000, 13400, -2.070000, -0.185000
1476378587273, 8.745000, 8.740000, 9500, 8.750000, 13400, -2.070000, -0.185000
1476378589269, 8.745000, 8.740000, 8600, 8.750000, 13400, -2.070000, -0.185000
1476378590768, 8.745000, 8.740000, 8500, 8.750000, 13400, -2.070000, -0.185000
1476378593268, 8.740000, 8.740000, 8600, 8.750000, 13300, -2.130000, -0.190000
1476378594765, 8.740000, 8.740000, 9200, 8.750000, 13300, -2.130000, -0.190000
1476378597273, 8.740000, 8.740000, 8500, 8.750000, 13300, -2.130000, -0.190000
1476378599272, 8.740000, 8.740000, 8500, 8.750000, 13300, -2.130000, -0.190000
1476378601272, 8.745000, 8.740000, 7100, 8.750000, 13500, -2.070000, -0.185000
1476378603271, 8.745000, 8.740000, 5900, 8.750000, 13500, -2.070000, -0.185000
1476378605271, 8.745000, 8.740000, 5900, 8.750000, 13600, -2.070000, -0.185000
1476378607273, 8.745000, 8.740000, 5900, 8.750000, 13600, -2.070000, -0.185000
1476378609303, 8.745000, 8.740000, 10700, 8.750000, 13500, -2.070000, -0.185000
1476378611273, 8.740000, 8.740000, 10900, 8.750000, 13000, -2.130000, -0.190000
1476378613277, 8.740000, 8.740000, 10900, 8.750000, 13000, -2.130000, -0.190000
1476378615274, 8.740000, 8.740000, 10900, 8.750000, 13000, -2.130000, -0.190000
1476378617281, 8.740000, 8.740000, 10900, 8.750000, 12900, -2.130000, -0.190000
1476378619279, 8.740000, 8.740000, 11300, 8.750000, 12900, -2.130000, -0.190000
1476378621279, 8.740000, 8.740000, 11000, 8.750000, 12900, -2.130000, -0.190000
1476378623277, 8.745000, 8.740000, 11000, 8.750000, 12900, -2.070000, -0.185000
1476378625280, 8.745000, 8.740000, 10800, 8.750000, 12900, -2.070000, -0.185000
1476378627279, 8.745000, 8.740000, 11000, 8.750000, 12900, -2.070000, -0.185000
1476378629288, 8.745000, 8.740000, 10900, 8.750000, 12900, -2.070000, -0.185000
1476378631284, 8.745000, 8.740000, 10600, 8.750000, 12800, -2.070000, -0.185000
1476378633283, 8.745000, 8.740000, 10400, 8.750000, 12800, -2.070000, -0.185000
1476378635278, 8.745000, 8.740000, 9500, 8.750000, 12800, -2.070000, -0.185000
1476378637288, 8.745000, 8.740000, 9500, 8.750000, 12900, -2.070000, -0.185000
1476378639281, 8.740000, 8.740000, 9500, 8.750000, 12900, -2.130000, -0.190000
1476378641323, 8.740000, 8.740000, 9500, 8.750000, 12900, -2.130000, -0.190000
1476378643288, 8.745000, 8.740000, 4500, 8.750000, 16500, -2.070000, -0.185000
1476378645333, 8.745000, 8.740000, 4900, 8.750000, 16500, -2.070000, -0.185000
1476378647290, 8.745000, 8.740000, 5000, 8.750000, 16300, -2.070000, -0.185000
1476378649280, 8.745000, 8.740000, 5100, 8.750000, 13500, -2.070000, -0.185000
1476378651281, 8.745000, 8.740000, 5200, 8.750000, 12900, -2.070000, -0.185000
1476378653294, 8.745000, 8.740000, 5000, 8.750000, 12800, -2.070000, -0.185000
1476378655290, 8.740000, 8.740000, 4500, 8.750000, 12800, -2.130000, -0.190000
1476378657316, 8.740000, 8.740000, 4500, 8.750000, 12800, -2.130000, -0.190000
1476378659303, 8.740000, 8.740000, 4500, 8.750000, 12800, -2.130000, -0.190000
1476378661282, 8.740000, 8.740000, 6200, 8.750000, 12800, -2.130000, -0.190000
1476378663301, 8.740000, 8.740000, 6300, 8.750000, 12800, -2.130000, -0.190000
1476378665288, 8.745000, 8.740000, 7200, 8.750000, 12800, -2.070000, -0.185000
1476378667301, 8.745000, 8.740000, 7200, 8.750000, 12800, -2.070000, -0.185000
1476378668794, 8.740000, 8.740000, 7200, 8.750000, 12800, -2.130000, -0.190000
1476378670799, 8.740000, 8.740000, 7200, 8.750000, 12900, -2.130000, -0.190000
1476378673304, 8.740000, 8.740000, 7300, 8.750000, 13000, -2.130000, -0.190000
1476378675314, 8.740000, 8.740000, 7100, 8.750000, 13000, -2.130000, -0.190000
1476378677296, 8.740000, 8.740000, 7200, 8.750000, 13000, -2.130000, -0.190000
1476378679294, 8.745000, 8.740000, 7300, 8.750000, 13000, -2.070000, -0.185000
1476378681304, 8.745000, 8.740000, 7300, 8.750000, 13000, -2.070000, -0.185000
1476378683309, 8.740000, 8.740000, 7200, 8.750000, 13000, -2.130000, -0.190000
1476378685296, 8.745000, 8.740000, 5900, 8.750000, 12900, -2.070000, -0.185000
1476378687296, 8.745000, 8.740000, 7900, 8.750000, 12900, -2.070000, -0.185000
1476378689300, 8.745000, 8.740000, 8000, 8.750000, 12900, -2.070000, -0.185000
1476378691307, 8.745000, 8.740000, 8100, 8.750000, 12900, -2.070000, -0.185000
1476378693302, 8.745000, 8.740000, 8100, 8.750000, 12900, -2.070000, -0.185000
1476378695307, 8.745000, 8.740000, 8100, 8.750000, 12900, -2.070000, -0.185000
1476378697311, 8.745000, 8.740000, 8100, 8.750000, 12900, -2.070000, -0.185000
1476378699318, 8.740000, 8.740000, 7900, 8.750000, 12900, -2.130000, -0.190000
1476378701313, 8.740000, 8.740000, 8100, 8.750000, 12900, -2.130000, -0.190000
1476378703305, 8.740000, 8.740000, 8100, 8.750000, 12900, -2.130000, -0.190000
1476378705295, 8.740000, 8.740000, 8100, 8.750000, 13000, -2.130000, -0.190000
1476378707310, 8.745000, 8.740000, 8100, 8.750000, 13000, -2.070000, -0.185000
1476378709304, 8.745000, 8.740000, 8600, 8.750000, 13000, -2.070000, -0.185000
1476378711322, 8.745000, 8.740000, 8600, 8.750000, 13000, -2.070000, -0.185000
1476378713318, 8.740000, 8.740000, 7400, 8.750000, 13000, -2.130000, -0.190000
1476378715329, 8.740000, 8.740000, 7400, 8.750000, 13000, -2.130000, -0.190000
1476378717325, 8.740000, 8.740000, 7400, 8.750000, 13000, -2.130000, -0.190000
1476378719319, 8.740000, 8.740000, 7400, 8.750000, 13000, -2.130000, -0.190000
1476378721307, 8.740000, 8.740000, 7400, 8.750000, 13000, -2.130000, -0.190000
1476378723313, 8.740000, 8.740000, 7400, 8.750000, 13100, -2.130000, -0.190000
1476378725356, 8.745000, 8.740000, 4900, 8.750000, 17600, -2.070000, -0.185000
1476378727325, 8.745000, 8.740000, 4900, 8.750000, 17600, -2.070000, -0.185000
1476378729314, 8.740000, 8.740000, 4900, 8.750000, 16800, -2.130000, -0.190000
1476378731315, 8.745000, 8.740000, 4900, 8.750000, 16800, -2.070000, -0.185000
1476378733317, 8.745000, 8.740000, 4900, 8.750000, 16800, -2.070000, -0.185000
1476378735312, 8.740000, 8.740000, 4900, 8.750000, 16800, -2.130000, -0.190000
1476378737317, 8.745000, 8.740000, 4900, 8.750000, 16400, -2.070000, -0.185000
1476378739325, 8.745000, 8.740000, 4900, 8.750000, 16400, -2.070000, -0.185000
1476378741308, 8.745000, 8.740000, 4900, 8.750000, 16500, -2.070000, -0.185000
1476378743319, 8.740000, 8.740000, 4900, 8.750000, 16500, -2.130000, -0.190000
1476378745301, 8.745000, 8.740000, 4900, 8.750000, 16500, -2.070000, -0.185000
1476378747319, 8.740000, 8.740000, 4800, 8.750000, 16500, -2.130000, -0.190000
1476378749315, 8.740000, 8.740000, 5800, 8.750000, 16200, -2.130000, -0.190000
1476378751367, 8.740000, 8.740000, 4900, 8.750000, 16700, -2.130000, -0.190000
1476378753325, 8.740000, 8.740000, 4700, 8.750000, 16300, -2.130000, -0.190000
1476378755331, 8.745000, 8.740000, 5700, 8.750000, 16200, -2.070000, -0.185000
1476378757322, 8.745000, 8.740000, 4900, 8.750000, 16100, -2.070000, -0.185000
1476378759328, 8.740000, 8.740000, 4900, 8.750000, 16200, -2.130000, -0.190000
1476378761315, 8.740000, 8.740000, 4700, 8.750000, 16300, -2.130000, -0.190000
1476378763328, 8.740000, 8.740000, 4700, 8.750000, 16300, -2.130000, -0.190000
1476378765325, 8.740000, 8.740000, 4600, 8.750000, 16300, -2.130000, -0.190000
1476378767328, 8.740000, 8.740000, 4600, 8.750000, 16300, -2.130000, -0.190000
1476378769324, 8.740000, 8.740000, 4600, 8.750000, 16300, -2.130000, -0.190000
1476378771339, 8.740000, 8.740000, 4600, 8.750000, 16300, -2.130000, -0.190000
1476378773383, 8.740000, 8.740000, 4600, 8.750000, 16300, -2.130000, -0.190000
1476378775326, 8.740000, 8.740000, 4800, 8.750000, 16300, -2.130000, -0.190000
1476378777366, 8.740000, 8.740000, 4600, 8.750000, 16300, -2.130000, -0.190000
1476378779326, 8.745000, 8.740000, 4600, 8.750000, 16400, -2.070000, -0.185000
1476378781343, 8.745000, 8.740000, 4600, 8.750000, 16400, -2.070000, -0.185000
1476378783335, 8.740000, 8.740000, 4600, 8.750000, 17100, -2.130000, -0.190000
1476378785316, 8.740000, 8.740000, 4600, 8.750000, 17100, -2.130000, -0.190000
1476378787378, 8.740000, 8.740000, 4600, 8.750000, 17100, -2.130000, -0.190000
1476378789388, 8.745000, 8.740000, 4200, 8.750000, 17100, -2.070000, -0.185000
1476378791332, 8.745000, 8.740000, 4200, 8.750000, 17100, -2.070000, -0.185000
1476378793335, 8.745000, 8.740000, 4200, 8.750000, 14100, -2.070000, -0.185000
1476378795349, 8.745000, 8.740000, 4200, 8.750000, 13400, -2.070000, -0.185000
1476378796840, 8.740000, 8.740000, 3700, 8.750000, 15300, -2.130000, -0.190000
1476378799344, 8.735000, 8.730000, 8800, 8.740000, 11600, -2.180000, -0.195000
1476378801350, 8.735000, 8.730000, 8600, 8.740000, 11600, -2.180000, -0.195000
1476378803381, 8.735000, 8.730000, 3000, 8.740000, 14000, -2.180000, -0.195000
1476378805347, 8.735000, 8.730000, 3400, 8.740000, 14000, -2.180000, -0.195000
1476378807347, 8.735000, 8.730000, 3200, 8.740000, 14000, -2.180000, -0.195000
1476378809344, 8.735000, 8.730000, 3200, 8.740000, 14000, -2.180000, -0.195000
1476378811356, 8.730000, 8.730000, 3200, 8.740000, 14100, -2.240000, -0.200000
1476378813355, 8.730000, 8.730000, 3200, 8.740000, 14200, -2.240000, -0.200000
1476378815343, 8.730000, 8.730000, 3200, 8.740000, 14500, -2.240000, -0.200000
1476378817361, 8.725000, 8.720000, 17800, 8.730000, 6100, -2.300000, -0.205000
1476378819388, 8.725000, 8.720000, 17400, 8.730000, 10100, -2.300000, -0.205000
1476378821355, 8.725000, 8.720000, 17400, 8.730000, 11700, -2.300000, -0.205000
1476378823356, 8.725000, 8.720000, 17400, 8.730000, 11700, -2.300000, -0.205000
1476378825347, 8.725000, 8.720000, 17200, 8.730000, 10900, -2.300000, -0.205000
1476378827354, 8.725000, 8.720000, 17400, 8.730000, 10900, -2.300000, -0.205000
1476378829356, 8.725000, 8.720000, 17000, 8.730000, 11000, -2.300000, -0.205000
1476378831362, 8.725000, 8.720000, 16400, 8.730000, 11000, -2.300000, -0.205000
1476378833396, 8.725000, 8.720000, 16400, 8.730000, 11000, -2.300000, -0.205000
1476378835348, 8.725000, 8.720000, 16600, 8.730000, 11000, -2.300000, -0.205000
1476378837361, 8.720000, 8.720000, 11100, 8.730000, 12200, -2.350000, -0.210000
1476378839345, 8.720000, 8.720000, 11900, 8.730000, 12200, -2.350000, -0.210000
1476378841351, 8.726200, 8.720000, 11500, 8.730000, 12200, -2.280000, -0.203800
1476378843421, 8.726200, 8.720000, 11700, 8.730000, 12200, -2.280000, -0.203800
1476378845351, 8.726200, 8.720000, 11700, 8.730000, 12200, -2.280000, -0.203800
1476378847356, 8.726200, 8.720000, 10500, 8.730000, 12300, -2.280000, -0.203800
1476378849358, 8.725000, 8.720000, 10500, 8.730000, 12300, -2.300000, -0.205000
1476378851357, 8.723200, 8.720000, 14300, 8.730000, 12400, -2.320000, -0.206800
1476378853352, 8.723200, 8.720000, 14300, 8.730000, 12400, -2.320000, -0.206800
1476378855352, 8.723200, 8.720000, 13600, 8.730000, 12400, -2.320000, -0.206800
1476378857347, 8.723200, 8.720000, 13600, 8.730000, 12400, -2.320000, -0.206800
1476378859365, 8.723200, 8.720000, 14000, 8.730000, 12400, -2.320000, -0.206800
1476378861369, 8.723200, 8.720000, 14000, 8.730000, 12400, -2.320000, -0.206800
1476378863371, 8.720000, 8.720000, 14000, 8.730000, 11500, -2.350000, -0.210000
1476378865368, 8.720000, 8.720000, 14000, 8.730000, 11500, -2.350000, -0.210000
1476378867370, 8.720000, 8.720000, 13900, 8.730000, 12300, -2.350000, -0.210000
1476378869360, 8.720000, 8.720000, 13200, 8.730000, 12300, -2.350000, -0.210000
1476378871361, 8.720000, 8.720000, 13200, 8.730000, 12300, -2.350000, -0.210000
1476378873368, 8.720000, 8.720000, 4000, 8.730000, 12600, -2.350000, -0.210000
1476378875376, 8.720000, 8.720000, 4000, 8.730000, 12600, -2.350000, -0.210000
1476378877370, 8.720000, 8.720000, 4000, 8.730000, 12400, -2.350000, -0.210000
1476378879359, 8.720000, 8.720000, 3700, 8.730000, 14800, -2.350000, -0.210000
1476378881375, 8.720000, 8.720000, 3600, 8.730000, 15000, -2.350000, -0.210000
1476378883365, 8.720000, 8.720000, 3600, 8.730000, 15100, -2.350000, -0.210000
1476378885368, 8.720000, 8.720000, 3600, 8.730000, 15100, -2.350000, -0.210000
1476378887366, 8.720000, 8.720000, 3600, 8.730000, 15300, -2.350000, -0.210000
1476378889374, 8.725000, 8.720000, 3600, 8.730000, 15000, -2.300000, -0.205000
1476378891255, 8.725000, 8.720000, 3600, 8.730000, 14200, -2.300000, -0.205000
1476378893252, 8.720000, 8.720000, 3600, 8.730000, 17800, -2.350000, -0.210000
1476378895256, 8.720000, 8.720000, 3600, 8.730000, 17700, -2.350000, -0.210000
1476378897255, 8.720000, 8.720000, 3700, 8.730000, 17700, -2.350000, -0.210000
1476378899257, 8.725000, 8.720000, 4300, 8.730000, 19400, -2.300000, -0.205000
1476378901254, 8.725000, 8.720000, 3600, 8.730000, 18500, -2.300000, -0.205000
1476378903254, 8.730000, 8.720000, 4400, 8.730000, 18600, -2.240000, -0.200000
1476378905256, 8.730000, 8.720000, 3600, 8.730000, 19400, -2.240000, -0.200000
1476378907257, 8.725000, 8.720000, 3600, 8.730000, 19500, -2.300000, -0.205000
1476378909261, 8.725000, 8.720000, 3700, 8.730000, 18500, -2.300000, -0.205000
1476378911255, 8.725000, 8.720000, 3700, 8.730000, 18800, -2.300000, -0.205000
1476378913260, 8.725000, 8.720000, 3700, 8.730000, 18800, -2.300000, -0.205000
1476378915294, 8.725000, 8.720000, 3700, 8.730000, 18400, -2.300000, -0.205000
1476378917264, 8.725000, 8.720000, 3700, 8.730000, 18500, -2.300000, -0.205000
1476378919252, 8.720000, 8.720000, 3800, 8.730000, 18500, -2.350000, -0.210000
1476378920763, 8.720000, 8.720000, 3700, 8.730000, 18500, -2.350000, -0.210000
1476378923259, 8.725000, 8.720000, 3800, 8.730000, 18500, -2.300000, -0.205000
1476378925259, 8.725000, 8.720000, 3700, 8.730000, 18600, -2.300000, -0.205000
1476378927262, 8.725000, 8.720000, 3700, 8.730000, 18600, -2.300000, -0.205000
1476378929270, 8.725000, 8.720000, 3700, 8.730000, 17200, -2.300000, -0.205000
1476378931272, 8.720000, 8.720000, 3700, 8.730000, 17300, -2.350000, -0.210000
1476378933262, 8.720000, 8.720000, 3700, 8.730000, 17200, -2.350000, -0.210000
1476378935281, 8.725000, 8.720000, 4100, 8.730000, 17300, -2.300000, -0.205000
1476378937269, 8.725000, 8.720000, 4100, 8.730000, 17300, -2.300000, -0.205000
1476378939274, 8.725000, 8.720000, 4100, 8.730000, 17300, -2.300000, -0.205000
1476378941303, 8.725000, 8.720000, 4400, 8.730000, 18200, -2.300000, -0.205000
1476378943273, 8.721000, 8.720000, 4600, 8.730000, 17200, -2.340000, -0.209000
1476378945281, 8.721000, 8.720000, 4600, 8.730000, 17200, -2.340000, -0.209000
1476378947259, 8.721000, 8.720000, 4600, 8.730000, 17200, -2.340000, -0.209000
1476378948792, 8.721000, 8.720000, 4600, 8.730000, 17200, -2.340000, -0.209000
1476378951274, 8.721000, 8.720000, 4600, 8.730000, 17300, -2.340000, -0.209000
1476378953266, 8.725000, 8.720000, 6000, 8.730000, 17100, -2.300000, -0.205000
1476378955273, 8.725000, 8.720000, 6000, 8.730000, 17100, -2.300000, -0.205000
1476378957277, 8.725000, 8.720000, 7500, 8.730000, 16700, -2.300000, -0.205000
1476378959277, 8.725000, 8.720000, 8300, 8.730000, 17500, -2.300000, -0.205000
1476378961303, 8.730000, 8.720000, 12700, 8.730000, 8100, -2.240000, -0.200000
1476378963282, 8.725000, 8.720000, 12000, 8.730000, 8900, -2.300000, -0.205000
1476378965286, 8.725000, 8.720000, 11600, 8.730000, 9300, -2.300000, -0.205000
1476378967283, 8.725000, 8.720000, 6500, 8.730000, 13900, -2.300000, -0.205000
1476378969280, 8.730000, 8.720000, 6400, 8.730000, 13900, -2.240000, -0.200000
1476378971283, 8.730000, 8.720000, 6800, 8.730000, 13800, -2.240000, -0.200000
1476378973285, 8.730000, 8.720000, 7700, 8.730000, 13700, -2.240000, -0.200000
1476378975284, 8.730000, 8.720000, 7700, 8.730000, 14000, -2.240000, -0.200000
1476378977281, 8.730000, 8.720000, 7700, 8.730000, 14000, -2.240000, -0.200000
1476378979281, 8.730000, 8.720000, 7700, 8.730000, 14000, -2.240000, -0.200000
1476378981285, 8.730000, 8.720000, 7700, 8.730000, 14000, -2.240000, -0.200000
1476378983282, 8.725000, 8.720000, 7700, 8.730000, 13600, -2.300000, -0.205000
1476378985297, 8.725000, 8.720000, 7300, 8.730000, 13600, -2.300000, -0.205000
1476378987283, 8.725000, 8.720000, 7300, 8.730000, 14000, -2.300000, -0.205000
1476378989303, 8.725000, 8.720000, 6000, 8.730000, 13700, -2.300000, -0.205000
1476378991286, 8.725000, 8.720000, 6000, 8.730000, 14000, -2.300000, -0.205000
1476378993323, 8.720000, 8.720000, 6200, 8.730000, 13800, -2.350000, -0.210000
1476378995283, 8.725000, 8.720000, 7100, 8.730000, 11300, -2.300000, -0.205000
1476378997292, 8.725000, 8.720000, 6700, 8.730000, 11500, -2.300000, -0.205000
1476378999292, 8.725000, 8.720000, 6600, 8.730000, 11500, -2.300000, -0.205000
1476379001292, 8.725000, 8.720000, 6500, 8.730000, 11500, -2.300000, -0.205000
1476379003295, 8.725000, 8.720000, 7300, 8.730000, 10700, -2.300000, -0.205000
1476379005303, 8.725000, 8.720000, 7300, 8.730000, 10700, -2.300000, -0.205000
1476379007304, 8.725000, 8.720000, 7300, 8.730000, 10700, -2.300000, -0.205000
1476379009331, 8.725000, 8.720000, 7300, 8.730000, 10700, -2.300000, -0.205000
1476379011278, 8.725000, 8.720000, 7300, 8.730000, 10700, -2.300000, -0.205000
1476379013300, 8.725000, 8.720000, 8400, 8.730000, 10600, -2.300000, -0.205000
1476379015297, 8.725000, 8.720000, 6300, 8.730000, 10700, -2.300000, -0.205000
1476379017292, 8.725000, 8.720000, 10700, 8.730000, 11000, -2.300000, -0.205000
1476379019300, 8.725000, 8.720000, 9400, 8.730000, 11700, -2.300000, -0.205000
1476379021301, 8.725000, 8.720000, 9400, 8.730000, 11800, -2.300000, -0.205000
1476379023281, 8.725000, 8.720000, 9400, 8.730000, 11800, -2.300000, -0.205000
1476379025307, 8.725000, 8.720000, 8100, 8.730000, 11700, -2.300000, -0.205000
1476379027297, 8.725000, 8.720000, 7900, 8.730000, 11800, -2.300000, -0.205000
1476379029302, 8.725000, 8.720000, 6800, 8.730000, 14200, -2.300000, -0.205000
1476379031294, 8.725000, 8.720000, 6800, 8.730000, 14200, -2.300000, -0.205000
1476379033314, 8.725000, 8.720000, 6800, 8.730000, 14200, -2.300000, -0.205000
1476379035331, 8.725000, 8.720000, 6100, 8.730000, 14100, -2.300000, -0.205000
1476379037301, 8.725000, 8.720000, 6100, 8.730000, 14100, -2.300000, -0.205000
1476379039313, 8.725000, 8.720000, 5600, 8.730000, 14100, -2.300000, -0.205000
1476379041309, 8.725000, 8.720000, 5600, 8.730000, 14600, -2.300000, -0.205000
1476379043302, 8.725000, 8.720000, 5600, 8.730000, 14600, -2.300000, -0.205000
1476379045308, 8.725000, 8.720000, 4900, 8.730000, 15300, -2.300000, -0.205000
1476379046809, 8.725000, 8.720000, 4900, 8.730000, 15300, -2.300000, -0.205000
1476379048822, 8.725000, 8.720000, 4900, 8.730000, 15300, -2.300000, -0.205000
1476379051322, 8.725000, 8.720000, 4900, 8.730000, 15300, -2.300000, -0.205000
1476379053309, 8.725000, 8.720000, 4900, 8.730000, 15300, -2.300000, -0.205000
1476379055304, 8.725000, 8.720000, 4900, 8.730000, 15300, -2.300000, -0.205000
1476379057293, 8.725000, 8.720000, 5700, 8.730000, 15300, -2.300000, -0.205000
1476379059307, 8.725000, 8.720000, 4900, 8.730000, 15300, -2.300000, -0.205000
1476379061338, 8.725000, 8.720000, 4900, 8.730000, 15200, -2.300000, -0.205000
1476379062837, 8.725000, 8.720000, 4900, 8.730000, 15200, -2.300000, -0.205000
1476379065310, 8.725000, 8.720000, 4900, 8.730000, 15200, -2.300000, -0.205000
1476379067303, 8.725000, 8.720000, 5600, 8.730000, 15200, -2.300000, -0.205000
1476379069315, 8.725000, 8.720000, 5600, 8.730000, 15200, -2.300000, -0.205000
1476379071312, 8.725000, 8.720000, 5500, 8.730000, 15000, -2.300000, -0.205000
1476379073314, 8.725000, 8.720000, 5500, 8.730000, 15000, -2.300000, -0.205000
1476379075314, 8.725000, 8.720000, 5500, 8.730000, 15000, -2.300000, -0.205000
1476379077334, 8.725000, 8.720000, 5500, 8.730000, 15000, -2.300000, -0.205000
1476379079335, 8.725000, 8.720000, 5500, 8.730000, 15000, -2.300000, -0.205000
1476379081318, 8.725000, 8.720000, 5500, 8.730000, 15000, -2.300000, -0.205000
1476379083318, 8.725000, 8.720000, 5700, 8.730000, 14500, -2.300000, -0.205000
1476379085313, 8.725000, 8.720000, 6200, 8.730000, 14500, -2.300000, -0.205000
1476379087356, 8.725000, 8.720000, 6000, 8.730000, 14500, -2.300000, -0.205000
1476379089305, 8.720000, 8.720000, 6000, 8.730000, 14500, -2.350000, -0.210000
1476379091329, 8.720000, 8.720000, 6000, 8.730000, 14600, -2.350000, -0.210000
1476379093325, 8.720000, 8.720000, 6000, 8.730000, 14600, -2.350000, -0.210000
1476379095320, 8.720000, 8.720000, 6000, 8.730000, 14600, -2.350000, -0.210000
1476379097316, 8.720000, 8.720000, 6000, 8.730000, 14600, -2.350000, -0.210000
1476379099323, 8.725000, 8.720000, 6000, 8.730000, 14500, -2.300000, -0.205000
1476379101329, 8.725000, 8.720000, 6000, 8.730000, 14500, -2.300000, -0.205000
1476379103316, 8.725000, 8.720000, 6000, 8.730000, 14500, -2.300000, -0.205000
1476379105319, 8.725000, 8.720000, 6000, 8.730000, 14500, -2.300000, -0.205000
1476379107327, 8.725000, 8.720000, 6000, 8.730000, 14500, -2.300000, -0.205000
1476379109354, 8.725000, 8.720000, 7000, 8.730000, 14500, -2.300000, -0.205000
1476379111324, 8.725000, 8.720000, 6200, 8.730000, 14500, -2.300000, -0.205000
1476379113368, 8.725000, 8.720000, 6000, 8.730000, 14500, -2.300000, -0.205000
1476379115328, 8.720000, 8.720000, 6000, 8.730000, 14500, -2.350000, -0.210000
1476379117326, 8.720000, 8.720000, 6000, 8.730000, 14500, -2.350000, -0.210000
1476379119331, 8.720000, 8.720000, 6000, 8.730000, 14500, -2.350000, -0.210000
1476379121321, 8.720000, 8.720000, 6000, 8.730000, 14500, -2.350000, -0.210000
1476379123331, 8.720000, 8.720000, 7000, 8.730000, 14400, -2.350000, -0.210000
1476379125329, 8.720000, 8.720000, 7000, 8.730000, 14400, -2.350000, -0.210000
1476379127340, 8.720000, 8.720000, 7000, 8.730000, 14400, -2.350000, -0.210000
1476379129347, 8.725000, 8.720000, 6500, 8.730000, 14500, -2.300000, -0.205000
1476379131337, 8.725000, 8.720000, 6500, 8.730000, 14500, -2.300000, -0.205000
1476379133342, 8.725000, 8.720000, 6900, 8.730000, 14500, -2.300000, -0.205000
1476379135330, 8.725000, 8.720000, 6500, 8.730000, 14500, -2.300000, -0.205000
1476379137331, 8.725000, 8.720000, 6500, 8.730000, 14500, -2.300000, -0.205000
1476379139337, 8.725000, 8.720000, 6500, 8.730000, 14500, -2.300000, -0.205000
1476379141331, 8.725000, 8.720000, 6700, 8.730000, 14600, -2.300000, -0.205000
1476379143380, 8.720000, 8.720000, 6300, 8.730000, 14500, -2.350000, -0.210000
1476379145333, 8.720000, 8.720000, 6300, 8.730000, 14400, -2.350000, -0.210000
1476379147349, 8.720000, 8.720000, 6100, 8.730000, 14500, -2.350000, -0.210000
1476379149340, 8.720000, 8.720000, 5900, 8.730000, 14500, -2.350000, -0.210000
1476379151336, 8.720000, 8.720000, 5900, 8.730000, 14500, -2.350000, -0.210000
1476379153332, 8.720000, 8.720000, 5900, 8.730000, 14500, -2.350000, -0.210000
1476379155340, 8.720000, 8.720000, 5900, 8.730000, 14400, -2.350000, -0.210000
1476379157331, 8.720000, 8.720000, 5900, 8.730000, 14400, -2.350000, -0.210000
1476379158833, 8.720000, 8.720000, 5900, 8.730000, 14400, -2.350000, -0.210000
1476379161328, 8.720000, 8.720000, 5900, 8.730000, 14400, -2.350000, -0.210000
1476379163328, 8.720000, 8.720000, 5900, 8.730000, 14400, -2.350000, -0.210000
1476379165341, 8.720000, 8.720000, 5900, 8.730000, 14500, -2.350000, -0.210000
1476379167336, 8.720000, 8.720000, 6000, 8.730000, 14500, -2.350000, -0.210000
1476379169344, 8.720000, 8.720000, 6000, 8.730000, 14500, -2.350000, -0.210000
1476379171333, 8.720000, 8.720000, 5000, 8.730000, 14700, -2.350000, -0.210000
1476379173393, 8.725000, 8.720000, 5000, 8.730000, 14900, -2.300000, -0.205000
1476379175336, 8.725000, 8.720000, 5000, 8.730000, 14900, -2.300000, -0.205000
1476379177336, 8.725000, 8.720000, 5000, 8.730000, 14900, -2.300000, -0.205000
1476379179342, 8.725000, 8.720000, 5000, 8.730000, 15900, -2.300000, -0.205000
1476379181355, 8.725000, 8.720000, 5000, 8.730000, 15900, -2.300000, -0.205000
1476379183340, 8.725000, 8.720000, 5000, 8.730000, 15900, -2.300000, -0.205000
1476379185346, 8.725000, 8.720000, 5000, 8.730000, 15800, -2.300000, -0.205000
1476379187353, 8.725000, 8.720000, 5000, 8.730000, 15800, -2.300000, -0.205000
1476379189327, 8.725000, 8.720000, 5500, 8.730000, 15400, -2.300000, -0.205000
1476379191337, 8.720000, 8.720000, 5200, 8.730000, 15500, -2.350000, -0.210000
1476379193348, 8.720000, 8.720000, 5200, 8.730000, 15500, -2.350000, -0.210000
1476379195353, 8.720000, 8.720000, 5200, 8.730000, 15500, -2.350000, -0.210000
1476379197322, 8.725000, 8.720000, 5000, 8.730000, 16100, -2.300000, -0.205000
1476379199343, 8.725000, 8.720000, 5000, 8.730000, 16000, -2.300000, -0.205000
1476379201354, 8.720000, 8.720000, 5000, 8.730000, 16100, -2.350000, -0.210000
1476379203344, 8.720000, 8.720000, 5000, 8.730000, 16100, -2.350000, -0.210000
1476379205353, 8.720000, 8.720000, 4600, 8.730000, 17100, -2.350000, -0.210000
1476379207351, 8.725000, 8.720000, 4600, 8.730000, 17100, -2.300000, -0.205000
1476379209334, 8.725000, 8.720000, 4600, 8.730000, 17100, -2.300000, -0.205000
1476379211381, 8.725000, 8.720000, 4600, 8.730000, 17000, -2.300000, -0.205000
1476379213394, 8.725000, 8.720000, 4600, 8.730000, 17000, -2.300000, -0.205000
1476379215358, 8.735000, 8.730000, 8000, 8.740000, 12700, -2.180000, -0.195000
1476379217361, 8.735000, 8.730000, 5400, 8.740000, 15400, -2.180000, -0.195000
1476379219344, 8.730000, 8.730000, 5200, 8.740000, 15500, -2.240000, -0.200000
1476379221350, 8.725000, 8.720000, 12300, 8.730000, 12900, -2.300000, -0.205000
1476379223350, 8.725000, 8.720000, 9900, 8.730000, 13200, -2.300000, -0.205000
1476379225369, 8.725000, 8.720000, 9900, 8.730000, 13200, -2.300000, -0.205000
1476379227352, 8.725000, 8.720000, 10000, 8.730000, 13200, -2.300000, -0.205000
1476379229363, 8.725000, 8.720000, 11100, 8.730000, 13000, -2.300000, -0.205000
1476379231355, 8.725000, 8.720000, 11500, 8.730000, 10000, -2.300000, -0.205000
1476379233354, 8.725000, 8.720000, 11500, 8.730000, 10000, -2.300000, -0.205000
1476379235745, 8.730000, 8.720000, 19700, 8.730000, 4000, -2.240000, -0.200000
1476379237254, 8.730000, 8.720000, 19700, 8.730000, 4200, -2.240000, -0.200000
1476379239761, 8.730000, 8.720000, 19700, 8.730000, 4200, -2.240000, -0.200000
1476379241750, 8.730000, 8.720000, 19700, 8.730000, 4200, -2.240000, -0.200000
1476379243259, 8.730000, 8.720000, 18900, 8.730000, 4200, -2.240000, -0.200000
1476379245754, 8.740000, 8.730000, 15200, 8.740000, 9400, -2.130000, -0.190000
1476379247754, 8.740000, 8.730000, 15100, 8.740000, 8700, -2.130000, -0.190000
1476379249756, 8.735000, 8.730000, 15100, 8.740000, 8700, -2.180000, -0.195000
1476379251747, 8.735000, 8.730000, 20500, 8.740000, 6300, -2.180000, -0.195000
1476379253758, 8.735000, 8.730000, 20500, 8.740000, 6300, -2.180000, -0.195000
1476379255762, 8.735000, 8.730000, 20300, 8.740000, 6200, -2.180000, -0.195000
1476379257756, 8.740000, 8.730000, 27500, 8.740000, 1400, -2.130000, -0.190000
1476379259260, 8.740000, 8.730000, 19700, 8.740000, 11400, -2.130000, -0.190000
1476379261760, 8.740000, 8.730000, 19700, 8.740000, 10700, -2.130000, -0.190000
1476379263757, 8.735000, 8.730000, 19700, 8.740000, 10800, -2.180000, -0.195000
1476379265763, 8.735000, 8.730000, 14800, 8.740000, 9800, -2.180000, -0.195000
1476379267763, 8.735000, 8.730000, 17000, 8.740000, 14100, -2.180000, -0.195000
1476379269771, 8.735000, 8.730000, 14800, 8.740000, 14200, -2.180000, -0.195000
1476379271763, 8.735000, 8.730000, 14800, 8.740000, 14200, -2.180000, -0.195000
1476379273764, 8.735000, 8.730000, 14800, 8.740000, 14200, -2.180000, -0.195000
1476379275765, 8.735000, 8.730000, 15000, 8.740000, 14200, -2.180000, -0.195000
1476379277764, 8.735000, 8.730000, 15000, 8.740000, 14200, -2.180000, -0.195000
1476379279768, 8.735000, 8.730000, 14700, 8.740000, 14200, -2.180000, -0.195000
1476379281768, 8.730000, 8.720000, 14500, 8.730000, 12000, -2.240000, -0.200000
1476379283773, 8.730000, 8.720000, 13100, 8.730000, 12100, -2.240000, -0.200000
1476379285771, 8.730000, 8.720000, 13100, 8.730000, 12100, -2.240000, -0.200000
1476379287270, 8.730000, 8.720000, 13000, 8.730000, 12100, -2.240000, -0.200000
1476379289765, 8.730000, 8.720000, 13100, 8.730000, 12200, -2.240000, -0.200000
1476379291774, 8.730000, 8.720000, 13000, 8.730000, 12200, -2.240000, -0.200000
1476379293773, 8.730000, 8.720000, 12400, 8.730000, 12100, -2.240000, -0.200000
1476379295767, 8.730000, 8.720000, 12400, 8.730000, 12200, -2.240000, -0.200000
1476379297771, 8.730000, 8.720000, 12400, 8.730000, 12200, -2.240000, -0.200000
1476379299781, 8.730000, 8.720000, 12400, 8.730000, 12200, -2.240000, -0.200000
1476379301783, 8.730000, 8.720000, 12400, 8.730000, 10700, -2.240000, -0.200000
1476379303774, 8.730000, 8.720000, 12500, 8.730000, 10800, -2.240000, -0.200000
1476379305774, 8.730000, 8.720000, 12700, 8.730000, 10800, -2.240000, -0.200000
1476379307777, 8.730000, 8.720000, 12400, 8.730000, 13200, -2.240000, -0.200000
1476379309779, 8.730000, 8.720000, 12400, 8.730000, 10800, -2.240000, -0.200000
1476379311773, 8.730000, 8.720000, 12400, 8.730000, 13200, -2.240000, -0.200000
1476379313802, 8.730000, 8.720000, 12400, 8.730000, 13200, -2.240000, -0.200000
1476379315783, 8.730000, 8.720000, 12400, 8.730000, 13200, -2.240000, -0.200000
1476379317781, 8.730000, 8.720000, 11800, 8.730000, 10800, -2.240000, -0.200000
1476379319288, 8.730000, 8.720000, 10400, 8.730000, 10600, -2.240000, -0.200000
1476379321275, 8.730000, 8.720000, 10400, 8.730000, 10900, -2.240000, -0.200000
1476379323781, 8.730000, 8.720000, 10400, 8.730000, 10900, -2.240000, -0.200000
1476379324791, 8.730000, 8.720000, 10400, 8.730000, 10900, -2.240000, -0.200000
1476379327817, 8.730000, 8.720000, 10200, 8.730000, 13800, -2.240000, -0.200000
1476379329785, 8.730000, 8.720000, 10300, 8.730000, 13800, -2.240000, -0.200000
1476379331792, 8.730000, 8.720000, 10400, 8.730000, 13800, -2.240000, -0.200000
1476379333789, 8.730000, 8.720000, 8800, 8.730000, 14300, -2.240000, -0.200000
1476379335792, 8.725000, 8.730000, 12000, 8.740000, 15600, -2.300000, -0.205000
1476379337784, 8.730000, 8.730000, 11300, 8.740000, 16000, -2.240000, -0.200000
1476379339791, 8.730000, 8.730000, 11800, 8.740000, 16000, -2.240000, -0.200000
1476379341791, 8.730000, 8.730000, 12200, 8.740000, 15700, -2.240000, -0.200000
1476379343788, 8.730000, 8.730000, 11400, 8.740000, 15800, -2.240000, -0.200000
1476379345795, 8.739900, 8.730000, 11400, 8.740000, 15700, -2.130000, -0.190100
1476379347791, 8.740000, 8.730000, 11400, 8.740000, 15200, -2.130000, -0.190000
1476379349790, 8.740000, 8.730000, 11400, 8.740000, 15200, -2.130000, -0.190000
1476379351792, 8.740000, 8.730000, 11500, 8.740000, 15300, -2.130000, -0.190000
1476379353299, 8.740000, 8.730000, 11500, 8.740000, 15300, -2.130000, -0.190000
1476379355824, 8.740000, 8.730000, 11600, 8.740000, 15300, -2.130000, -0.190000
1476379357798, 8.735000, 8.730000, 11600, 8.740000, 15300, -2.180000, -0.195000
1476379359791, 8.735000, 8.730000, 11600, 8.740000, 15800, -2.180000, -0.195000
1476379361803, 8.735000, 8.730000, 11700, 8.740000, 15800, -2.180000, -0.195000
1476379363784, 8.735000, 8.730000, 11700, 8.740000, 15800, -2.180000, -0.195000
1476379365795, 8.735000, 8.730000, 11700, 8.740000, 15800, -2.180000, -0.195000
1476379367801, 8.735000, 8.730000, 11500, 8.740000, 15800, -2.180000, -0.195000
1476379369803, 8.735000, 8.730000, 11600, 8.740000, 15600, -2.180000, -0.195000
1476379371348, 8.735000, 8.730000, 11700, 8.740000, 15700, -2.180000, -0.195000
1476379373299, 8.735000, 8.730000, 11700, 8.740000, 15700, -2.180000, -0.195000
1476379375841, 8.735000, 8.730000, 11800, 8.740000, 15600, -2.180000, -0.195000
1476379377798, 8.735000, 8.730000, 11800, 8.740000, 15600, -2.180000, -0.195000
1476379379812, 8.735000, 8.730000, 11800, 8.740000, 15600, -2.180000, -0.195000
1476379381798, 8.735000, 8.730000, 11800, 8.740000, 15700, -2.180000, -0.195000
1476379383802, 8.735000, 8.730000, 11800, 8.740000, 15700, -2.180000, -0.195000
1476379385814, 8.735000, 8.730000, 10900, 8.740000, 15700, -2.180000, -0.195000
1476379387847, 8.735000, 8.730000, 10800, 8.740000, 15700, -2.180000, -0.195000
1476379389801, 8.735000, 8.730000, 10700, 8.740000, 15600, -2.180000, -0.195000
1476379391792, 8.735000, 8.730000, 10700, 8.740000, 15600, -2.180000, -0.195000
1476379393815, 8.735000, 8.730000, 10700, 8.740000, 15800, -2.180000, -0.195000
1476379395808, 8.735000, 8.730000, 10700, 8.740000, 15700, -2.180000, -0.195000
1476379397813, 8.740000, 8.730000, 10400, 8.740000, 15700, -2.130000, -0.190000
1476379399802, 8.740000, 8.730000, 10500, 8.740000, 15600, -2.130000, -0.190000
1476379401809, 8.740000, 8.730000, 10500, 8.740000, 15600, -2.130000, -0.190000
1476379403809, 8.740000, 8.730000, 10500, 8.740000, 15600, -2.130000, -0.190000
1476379405812, 8.740000, 8.730000, 10500, 8.740000, 15600, -2.130000, -0.190000
1476379407809, 8.740000, 8.730000, 10500, 8.740000, 15600, -2.130000, -0.190000
1476379409806, 8.740000, 8.730000, 10500, 8.740000, 15600, -2.130000, -0.190000
1476379411842, 8.740000, 8.730000, 10500, 8.740000, 15700, -2.130000, -0.190000
1476379413817, 8.740000, 8.730000, 10500, 8.740000, 15700, -2.130000, -0.190000
1476379415806, 8.740000, 8.730000, 10700, 8.740000, 15700, -2.130000, -0.190000
1476379417796, 8.740000, 8.730000, 10700, 8.740000, 15700, -2.130000, -0.190000
1476379419819, 8.740000, 8.730000, 10700, 8.740000, 15700, -2.130000, -0.190000
1476379421804, 8.740000, 8.730000, 10800, 8.740000, 15600, -2.130000, -0.190000
1476379423816, 8.735000, 8.730000, 10100, 8.740000, 15600, -2.180000, -0.195000
1476379425811, 8.735000, 8.730000, 10000, 8.740000, 15600, -2.180000, -0.195000
1476379427823, 8.735000, 8.730000, 10000, 8.740000, 15600, -2.180000, -0.195000
1476379429818, 8.735000, 8.730000, 10100, 8.740000, 15600, -2.180000, -0.195000
1476379431811, 8.735000, 8.730000, 10100, 8.740000, 15600, -2.180000, -0.195000
1476379433803, 8.735000, 8.730000, 10000, 8.740000, 15600, -2.180000, -0.195000
1476379435817, 8.735000, 8.730000, 10000, 8.740000, 15600, -2.180000, -0.195000
1476379437867, 8.730000, 8.730000, 1400, 8.740000, 17300, -2.240000, -0.200000
1476379439820, 8.730000, 8.730000, 1300, 8.740000, 18400, -2.240000, -0.200000
1476379441815, 8.730000, 8.730000, 1700, 8.740000, 19100, -2.240000, -0.200000
1476379443818, 8.730000, 8.730000, 1700, 8.740000, 19100, -2.240000, -0.200000
1476379445832, 8.730000, 8.730000, 1100, 8.740000, 21800, -2.240000, -0.200000
1476379447830, 8.735000, 8.730000, 1100, 8.740000, 21800, -2.180000, -0.195000
1476379449814, 8.725000, 8.720000, 12900, 8.730000, 12800, -2.300000, -0.205000
1476379451823, 8.725000, 8.720000, 12700, 8.730000, 12800, -2.300000, -0.205000
1476379453822, 8.725000, 8.720000, 12700, 8.730000, 12800, -2.300000, -0.205000
1476379455824, 8.725000, 8.720000, 12800, 8.730000, 12800, -2.300000, -0.205000
1476379457819, 8.725000, 8.720000, 12900, 8.730000, 12800, -2.300000, -0.205000
1476379459837, 8.720000, 8.720000, 12200, 8.730000, 12000, -2.350000, -0.210000
1476379461845, 8.720000, 8.720000, 12100, 8.730000, 12000, -2.350000, -0.210000
1476379463826, 8.720000, 8.720000, 11800, 8.730000, 12300, -2.350000, -0.210000
1476379465820, 8.727700, 8.720000, 11800, 8.730000, 12300, -2.270000, -0.202300
1476379467837, 8.730000, 8.720000, 12600, 8.730000, 12100, -2.240000, -0.200000
1476379469826, 8.730000, 8.720000, 14800, 8.730000, 9500, -2.240000, -0.200000
1476379471813, 8.720100, 8.720000, 14500, 8.730000, 10100, -2.350000, -0.209900
1476379473852, 8.730000, 8.720000, 14700, 8.730000, 10100, -2.240000, -0.200000
1476379475843, 8.730000, 8.720000, 14500, 8.730000, 9200, -2.240000, -0.200000
1476379477831, 8.730000, 8.720000, 14500, 8.730000, 9200, -2.240000, -0.200000
1476379479824, 8.730000, 8.720000, 14500, 8.730000, 9200, -2.240000, -0.200000
1476379481870, 8.730000, 8.720000, 14800, 8.730000, 9900, -2.240000, -0.200000
1476379483839, 8.720000, 8.720000, 14700, 8.730000, 9900, -2.350000, -0.210000
1476379485856, 8.720000, 8.720000, 14700, 8.730000, 9900, -2.350000, -0.210000
1476379487836, 8.720000, 8.720000, 14700, 8.730000, 10000, -2.350000, -0.210000
1476379489846, 8.730000, 8.720000, 14200, 8.730000, 10100, -2.240000, -0.200000
1476379491822, 8.730000, 8.720000, 13900, 8.730000, 10100, -2.240000, -0.200000
1476379493837, 8.730000, 8.720000, 13900, 8.730000, 10100, -2.240000, -0.200000
1476379495835, 8.725000, 8.720000, 14400, 8.730000, 10000, -2.300000, -0.205000
1476379497821, 8.720000, 8.720000, 14300, 8.730000, 10400, -2.350000, -0.210000
1476379499837, 8.725000, 8.720000, 14500, 8.730000, 10400, -2.300000, -0.205000
1476379501839, 8.725000, 8.720000, 14500, 8.730000, 10500, -2.300000, -0.205000
1476379503846, 8.725000, 8.720000, 14400, 8.730000, 10500, -2.300000, -0.205000
1476379505859, 8.725000, 8.720000, 14300, 8.730000, 10500, -2.300000, -0.205000
1476379507839, 8.725000, 8.720000, 14200, 8.730000, 10500, -2.300000, -0.205000
1476379509849, 8.725000, 8.720000, 13900, 8.730000, 10800, -2.300000, -0.205000
1476379511837, 8.725000, 8.720000, 13900, 8.730000, 10700, -2.300000, -0.205000
1476379513844, 8.725000, 8.720000, 13900, 8.730000, 10700, -2.300000, -0.205000
1476379515850, 8.725000, 8.720000, 12300, 8.730000, 10800, -2.300000, -0.205000
1476379517865, 8.725000, 8.720000, 11700, 8.730000, 10800, -2.300000, -0.205000
1476379519869, 8.725000, 8.720000, 11700, 8.730000, 10800, -2.300000, -0.205000
1476379521849, 8.725000, 8.720000, 11700, 8.730000, 10800, -2.300000, -0.205000
1476379523849, 8.730000, 8.720000, 11700, 8.730000, 7600, -2.240000, -0.200000
1476379525850, 8.730000, 8.720000, 11700, 8.730000, 10000, -2.240000, -0.200000
1476379527848, 8.730000, 8.720000, 11700, 8.730000, 10100, -2.240000, -0.200000
1476379529892, 8.730000, 8.720000, 11700, 8.730000, 10100, -2.240000, -0.200000
1476379531849, 8.730000, 8.720000, 11700, 8.730000, 10100, -2.240000, -0.200000
1476379533853, 8.730000, 8.720000, 11700, 8.730000, 10100, -2.240000, -0.200000
1476379535850, 8.720000, 8.720000, 11700, 8.730000, 10100, -2.350000, -0.210000
1476379537849, 8.720000, 8.720000, 11700, 8.730000, 10200, -2.350000, -0.210000
1476379539365, 8.720000, 8.720000, 11700, 8.730000, 10200, -2.350000, -0.210000
1476379541849, 8.720000, 8.720000, 11700, 8.730000, 10200, -2.350000, -0.210000
1476379543862, 8.720000, 8.720000, 11700, 8.730000, 10200, -2.350000, -0.210000
1476379545891, 8.730000, 8.720000, 12000, 8.730000, 8800, -2.240000, -0.200000
1476379547874, 8.730000, 8.720000, 12000, 8.730000, 8800, -2.240000, -0.200000
1476379549868, 8.730000, 8.720000, 12000, 8.730000, 8700, -2.240000, -0.200000
1476379551846, 8.730000, 8.720000, 12000, 8.730000, 8700, -2.240000, -0.200000
1476379553859, 8.730000, 8.720000, 12000, 8.730000, 8700, -2.240000, -0.200000
1476379555889, 8.730000, 8.720000, 12000, 8.730000, 8700, -2.240000, -0.200000
1476379557856, 8.720000, 8.720000, 12000, 8.730000, 9100, -2.350000, -0.210000
1476379559376, 8.720000, 8.720000, 12000, 8.730000, 9100, -2.350000, -0.210000
1476379561863, 8.720000, 8.720000, 12000, 8.730000, 9100, -2.350000, -0.210000
1476379563851, 8.720000, 8.720000, 12000, 8.730000, 9200, -2.350000, -0.210000
1476379565868, 8.720000, 8.720000, 12000, 8.730000, 10500, -2.350000, -0.210000
1476379567849, 8.720000, 8.720000, 12000, 8.730000, 10500, -2.350000, -0.210000
1476379569865, 8.720000, 8.720000, 12000, 8.730000, 10500, -2.350000, -0.210000
1476379571864, 8.720000, 8.720000, 12000, 8.730000, 10500, -2.350000, -0.210000
1476379573749, 8.720000, 8.720000, 11800, 8.730000, 10600, -2.350000, -0.210000
1476379575754, 8.720000, 8.720000, 12000, 8.730000, 10600, -2.350000, -0.210000
1476379577751, 8.720000, 8.720000, 12000, 8.730000, 10600, -2.350000, -0.210000
1476379579748, 8.720000, 8.720000, 12000, 8.730000, 10600, -2.350000, -0.210000
1476379581753, 8.720000, 8.720000, 12300, 8.730000, 10600, -2.350000, -0.210000
1476379583766, 8.720000, 8.720000, 12100, 8.730000, 8200, -2.350000, -0.210000
1476379585759, 8.720000, 8.720000, 12100, 8.730000, 10600, -2.350000, -0.210000
1476379587755, 8.730000, 8.720000, 11800, 8.730000, 9700, -2.240000, -0.200000
1476379589757, 8.725000, 8.720000, 12100, 8.730000, 7300, -2.300000, -0.205000
1476379591766, 8.725000, 8.720000, 12000, 8.730000, 10500, -2.300000, -0.205000
1476379593260, 8.725000, 8.720000, 11600, 8.730000, 10500, -2.300000, -0.205000
1476379595754, 8.730000, 8.720000, 11800, 8.730000, 9100, -2.240000, -0.200000
1476379597760, 8.730000, 8.720000, 12000, 8.730000, 9100, -2.240000, -0.200000
1476379599763, 8.730000, 8.720000, 12000, 8.730000, 9100, -2.240000, -0.200000
1476379601762, 8.720000, 8.720000, 12000, 8.730000, 9000, -2.350000, -0.210000
1476379603750, 8.720000, 8.720000, 12000, 8.730000, 9000, -2.350000, -0.210000
1476379605772, 8.720000, 8.720000, 12000, 8.730000, 9000, -2.350000, -0.210000
1476379607763, 8.720000, 8.720000, 12000, 8.730000, 6600, -2.350000, -0.210000
1476379609766, 8.720000, 8.720000, 11900, 8.730000, 9800, -2.350000, -0.210000
1476379611771, 8.720000, 8.720000, 11800, 8.730000, 9700, -2.350000, -0.210000
1476379613769, 8.720000, 8.720000, 11300, 8.730000, 10600, -2.350000, -0.210000
1476379615763, 8.720000, 8.720000, 11500, 8.730000, 10600, -2.350000, -0.210000
1476379617772, 8.720000, 8.720000, 11500, 8.730000, 10600, -2.350000, -0.210000
1476379619800, 8.720000, 8.720000, 11500, 8.730000, 10600, -2.350000, -0.210000
1476379621789, 8.720000, 8.720000, 11500, 8.730000, 10600, -2.350000, -0.210000
1476379623773, 8.720000, 8.720000, 11500, 8.730000, 10500, -2.350000, -0.210000
1476379625781, 8.720000, 8.720000, 11500, 8.730000, 10400, -2.350000, -0.210000
1476379627778, 8.720000, 8.720000, 11500, 8.730000, 10400, -2.350000, -0.210000
1476379629774, 8.720000, 8.720000, 11800, 8.730000, 7800, -2.350000, -0.210000
1476379631780, 8.720000, 8.720000, 11800, 8.730000, 7900, -2.350000, -0.210000
1476379633787, 8.720000, 8.720000, 11800, 8.730000, 7900, -2.350000, -0.210000
1476379635775, 8.720000, 8.720000, 12100, 8.730000, 7900, -2.350000, -0.210000
1476379637780, 8.720000, 8.720000, 12100, 8.730000, 8000, -2.350000, -0.210000
1476379639778, 8.720000, 8.720000, 12100, 8.730000, 8000, -2.350000, -0.210000
1476379641778, 8.720000, 8.720000, 12100, 8.730000, 8000, -2.350000, -0.210000
1476379643816, 8.720000, 8.720000, 11800, 8.730000, 8300, -2.350000, -0.210000
1476379645781, 8.720000, 8.720000, 11800, 8.730000, 8400, -2.350000, -0.210000
1476379647816, 8.720000, 8.720000, 10200, 8.730000, 10800, -2.350000, -0.210000
1476379649798, 8.720000, 8.720000, 10300, 8.730000, 8400, -2.350000, -0.210000
1476379651787, 8.720000, 8.720000, 10200, 8.730000, 8400, -2.350000, -0.210000
1476379653784, 8.725000, 8.720000, 10200, 8.730000, 10800, -2.300000, -0.205000
1476379655785, 8.725000, 8.720000, 10200, 8.730000, 11000, -2.300000, -0.205000
1476379657785, 8.725000, 8.720000, 7200, 8.730000, 11100, -2.300000, -0.205000
1476379659784, 8.725000, 8.720000, 7200, 8.730000, 11100, -2.300000, -0.205000
1476379661285, 8.725000, 8.720000, 7200, 8.730000, 11100, -2.300000, -0.205000
1476379663809, 8.725000, 8.720000, 7200, 8.730000, 11000, -2.300000, -0.205000
1476379665785, 8.725000, 8.720000, 7500, 8.730000, 10900, -2.300000, -0.205000
1476379667791, 8.725000, 8.720000, 7500, 8.730000, 11000, -2.300000, -0.205000
1476379669819, 8.725000, 8.720000, 7500, 8.730000, 11000, -2.300000, -0.205000
1476379671794, 8.720000, 8.720000, 7500, 8.730000, 12300, -2.350000, -0.210000
1476379673787, 8.720000, 8.720000, 7500, 8.730000, 12300, -2.350000, -0.210000
1476379675784, 8.725000, 8.720000, 4000, 8.730000, 12300, -2.300000, -0.205000
1476379677785, 8.720000, 8.720000, 2900, 8.730000, 12200, -2.350000, -0.210000
1476379679779, 8.720000, 8.720000, 2900, 8.730000, 12300, -2.350000, -0.210000
1476379681796, 8.725000, 8.720000, 2700, 8.730000, 12600, -2.300000, -0.205000
1476379683799, 8.720000, 8.710000, 6400, 8.720000, 12300, -2.350000, -0.210000
1476379685791, 8.720000, 8.710000, 14000, 8.720000, 11700, -2.350000, -0.210000
1476379687825, 8.720000, 8.710000, 14200, 8.720000, 11700, -2.350000, -0.210000
1476379689798, 8.715000, 8.710000, 13300, 8.720000, 11700, -2.410000, -0.215000
1476379691786, 8.715000, 8.710000, 13300, 8.720000, 11700, -2.410000, -0.215000
1476379693802, 8.715000, 8.710000, 13700, 8.720000, 11800, -2.410000, -0.215000
1476379695796, 8.715000, 8.710000, 13900, 8.720000, 11800, -2.410000, -0.215000
1476379697788, 8.715000, 8.710000, 13900, 8.720000, 11800, -2.410000, -0.215000
1476379699291, 8.715000, 8.710000, 13900, 8.720000, 11800, -2.410000, -0.215000
1476379701798, 8.715000, 8.710000, 13700, 8.720000, 11800, -2.410000, -0.215000
1476379703798, 8.720000, 8.710000, 11800, 8.720000, 8900, -2.350000, -0.210000
1476379705793, 8.710000, 8.710000, 11800, 8.720000, 11300, -2.460000, -0.220000
1476379707799, 8.710000, 8.710000, 11800, 8.720000, 11300, -2.460000, -0.220000
1476379709843, 8.710000, 8.710000, 11800, 8.720000, 11300, -2.460000, -0.220000
1476379711795, 8.710000, 8.710000, 11800, 8.720000, 11300, -2.460000, -0.220000
1476379713793, 8.710000, 8.710000, 12300, 8.720000, 11300, -2.460000, -0.220000
1476379715801, 8.710000, 8.710000, 12300, 8.720000, 11400, -2.460000, -0.220000
1476379717794, 8.710000, 8.710000, 8500, 8.720000, 12100, -2.460000, -0.220000
1476379719804, 8.710000, 8.710000, 8500, 8.720000, 12100, -2.460000, -0.220000
1476379721801, 8.710000, 8.710000, 9600, 8.720000, 12100, -2.460000, -0.220000
1476379723805, 8.710000, 8.710000, 9600, 8.720000, 12100, -2.460000, -0.220000
1476379725793, 8.710000, 8.710000, 9400, 8.720000, 12100, -2.460000, -0.220000
1476379727844, 8.710000, 8.710000, 8300, 8.720000, 12200, -2.460000, -0.220000
1476379729299, 8.710000, 8.710000, 8400, 8.720000, 12100, -2.460000, -0.220000
1476379731806, 8.710000, 8.710000, 10100, 8.720000, 12100, -2.460000, -0.220000
1476379733804, 8.715000, 8.710000, 20100, 8.720000, 3400, -2.410000, -0.215000
1476379735810, 8.715000, 8.710000, 20100, 8.720000, 3400, -2.410000, -0.215000
1476379737809, 8.720000, 8.710000, 22600, 8.720000, 1700, -2.350000, -0.210000
1476379739810, 8.720000, 8.710000, 23000, 8.720000, 1600, -2.350000, -0.210000
1476379741313, 8.720000, 8.710000, 23000, 8.720000, 1600, -2.350000, -0.210000
1476379743308, 8.720000, 8.710000, 23000, 8.720000, 1700, -2.350000, -0.210000
1476379745810, 8.720000, 8.710000, 21800, 8.720000, 1700, -2.350000, -0.210000
1476379747303, 8.720000, 8.710000, 24100, 8.720000, 1500, -2.350000, -0.210000
1476379749810, 8.720000, 8.710000, 23000, 8.720000, 1200, -2.350000, -0.210000
1476379751811, 8.720000, 8.710000, 23000, 8.720000, 1000, -2.350000, -0.210000
1476379753801, 8.720000, 8.710000, 23000, 8.720000, 800, -2.350000, -0.210000
1476379755820, 8.720000, 8.710000, 23000, 8.720000, 800, -2.350000, -0.210000
1476379757807, 8.720000, 8.710000, 22900, 8.720000, 800, -2.350000, -0.210000
1476379759314, 8.720000, 8.710000, 21800, 8.720000, 800, -2.350000, -0.210000
1476379761813, 8.725000, 8.720000, 7800, 8.730000, 13600, -2.300000, -0.205000
1476379763809, 8.720000, 8.720000, 8800, 8.730000, 13400, -2.350000, -0.210000
1476379765819, 8.720000, 8.720000, 9900, 8.730000, 13200, -2.350000, -0.210000
1476379767814, 8.720000, 8.720000, 12800, 8.730000, 13100, -2.350000, -0.210000
1476379769843, 8.720000, 8.720000, 12800, 8.730000, 13100, -2.350000, -0.210000
1476379771818, 8.720000, 8.720000, 12800, 8.730000, 13000, -2.350000, -0.210000
1476379773810, 8.720000, 8.720000, 13600, 8.730000, 12900, -2.350000, -0.210000
1476379775829, 8.720000, 8.720000, 14500, 8.730000, 12900, -2.350000, -0.210000
1476379777817, 8.720000, 8.720000, 14500, 8.730000, 12900, -2.350000, -0.210000
1476379779816, 8.720000, 8.720000, 14500, 8.730000, 12900, -2.350000, -0.210000
1476379781829, 8.720000, 8.720000, 14500, 8.730000, 13000, -2.350000, -0.210000
1476379783804, 8.720000, 8.720000, 14500, 8.730000, 12900, -2.350000, -0.210000
1476379785818, 8.720000, 8.720000, 14500, 8.730000, 12900, -2.350000, -0.210000
1476379787320, 8.730000, 8.720000, 14200, 8.730000, 12700, -2.240000, -0.200000
1476379789813, 8.730000, 8.720000, 18400, 8.730000, 2800, -2.240000, -0.200000
1476379791306, 8.730000, 8.720000, 18400, 8.730000, 2800, -2.240000, -0.200000
1476379793822, 8.730000, 8.720000, 18400, 8.730000, 2700, -2.240000, -0.200000
1476379795808, 8.730000, 8.720000, 17800, 8.730000, 2700, -2.240000, -0.200000
1476379797854, 8.730000, 8.720000, 22900, 8.730000, 900, -2.240000, -0.200000
1476379799824, 8.730000, 8.720000, 25100, 8.730000, 500, -2.240000, -0.200000
1476379801837, 8.740000, 8.730000, 17700, 8.740000, 4400, -2.130000, -0.190000
1476379803826, 8.740000, 8.730000, 17900, 8.740000, 4000, -2.130000, -0.190000
1476379805817, 8.740000, 8.730000, 18700, 8.740000, 4000, -2.130000, -0.190000
1476379807825, 8.740000, 8.730000, 19200, 8.740000, 3800, -2.130000, -0.190000
1476379809824, 8.740000, 8.730000, 21200, 8.740000, 3200, -2.130000, -0.190000
1476379811860, 8.740000, 8.730000, 21600, 8.740000, 1400, -2.130000, -0.190000
1476379813820, 8.740000, 8.740000, 10100, 8.750000, 9800, -2.130000, -0.190000
1476379815835, 8.740000, 8.740000, 2600, 8.750000, 10500, -2.130000, -0.190000
1476379817828, 8.735000, 8.730000, 17900, 8.740000, 7400, -2.180000, -0.195000
1476379819835, 8.735000, 8.730000, 18000, 8.740000, 5600, -2.180000, -0.195000
1476379821340, 8.735000, 8.730000, 18000, 8.740000, 5600, -2.180000, -0.195000
1476379823834, 8.735000, 8.730000, 15500, 8.740000, 7100, -2.180000, -0.195000
1476379825845, 8.735000, 8.730000, 15100, 8.740000, 10400, -2.180000, -0.195000
1476379827331, 8.735000, 8.730000, 15300, 8.740000, 10400, -2.180000, -0.195000
1476379829835, 8.735000, 8.730000, 15600, 8.740000, 10400, -2.180000, -0.195000
1476379831837, 8.735000, 8.730000, 15600, 8.740000, 9900, -2.180000, -0.195000
1476379833840, 8.735000, 8.730000, 15600, 8.740000, 9900, -2.180000, -0.195000
1476379835834, 8.735000, 8.730000, 15700, 8.740000, 10300, -2.180000, -0.195000
1476379837846, 8.735000, 8.730000, 12600, 8.740000, 9900, -2.180000, -0.195000
1476379839840, 8.735000, 8.730000, 12600, 8.740000, 9900, -2.180000, -0.195000
1476379841841, 8.735000, 8.730000, 12500, 8.740000, 10000, -2.180000, -0.195000
1476379843843, 8.735000, 8.730000, 12500, 8.740000, 10000, -2.180000, -0.195000
1476379845844, 8.735000, 8.730000, 12100, 8.740000, 10000, -2.180000, -0.195000
1476379847845, 8.735000, 8.730000, 12000, 8.740000, 10000, -2.180000, -0.195000
1476379849841, 8.735000, 8.730000, 12000, 8.740000, 10100, -2.180000, -0.195000
1476379851851, 8.735000, 8.730000, 12000, 8.740000, 10100, -2.180000, -0.195000
1476379853845, 8.735000, 8.730000, 12000, 8.740000, 10100, -2.180000, -0.195000
1476379855893, 8.735000, 8.730000, 11700, 8.740000, 10100, -2.180000, -0.195000
1476379857861, 8.735000, 8.730000, 11300, 8.740000, 10100, -2.180000, -0.195000
1476379859837, 8.735000, 8.730000, 11200, 8.740000, 10100, -2.180000, -0.195000
1476379861853, 8.735000, 8.730000, 11200, 8.740000, 10100, -2.180000, -0.195000
1476379863845, 8.735000, 8.730000, 11200, 8.740000, 10100, -2.180000, -0.195000
1476379865838, 8.735000, 8.730000, 11200, 8.740000, 10100, -2.180000, -0.195000
1476379867841, 8.735000, 8.730000, 11200, 8.740000, 10100, -2.180000, -0.195000
1476379869845, 8.735000, 8.730000, 11200, 8.740000, 10100, -2.180000, -0.195000
1476379871925, 8.735000, 8.730000, 11500, 8.740000, 10200, -2.180000, -0.195000
1476379873870, 8.735000, 8.730000, 2000, 8.740000, 12200, -2.180000, -0.195000
1476379875853, 8.730000, 8.720000, 17400, 8.730000, 10500, -2.240000, -0.200000
1476379877849, 8.730000, 8.720000, 16100, 8.730000, 12300, -2.240000, -0.200000
1476379879858, 8.720000, 8.720000, 11500, 8.730000, 12600, -2.350000, -0.210000
1476379881846, 8.720000, 8.720000, 11500, 8.730000, 12300, -2.350000, -0.210000
1476379883851, 8.720000, 8.720000, 11700, 8.730000, 12200, -2.350000, -0.210000
1476379885860, 8.720000, 8.720000, 11300, 8.730000, 15700, -2.350000, -0.210000
1476379887862, 8.720000, 8.720000, 11200, 8.730000, 14600, -2.350000, -0.210000
1476379889846, 8.720000, 8.720000, 11200, 8.730000, 14600, -2.350000, -0.210000
1476379891844, 8.720000, 8.720000, 11300, 8.730000, 14600, -2.350000, -0.210000
1476379893856, 8.720000, 8.720000, 11400, 8.730000, 14500, -2.350000, -0.210000
1476379895864, 8.720000, 8.720000, 11400, 8.730000, 14500, -2.350000, -0.210000
1476379897857, 8.720000, 8.720000, 11400, 8.730000, 14600, -2.350000, -0.210000
1476379899895, 8.720000, 8.720000, 11400, 8.730000, 14600, -2.350000, -0.210000
1476379901902, 8.715000, 8.710000, 16200, 8.720000, 3000, -2.410000, -0.215000
1476379903858, 8.715000, 8.710000, 16100, 8.720000, 3000, -2.410000, -0.215000
1476379905918, 8.715000, 8.710000, 16100, 8.720000, 3000, -2.410000, -0.215000
1476379907872, 8.715000, 8.710000, 16100, 8.720000, 3100, -2.410000, -0.215000
1476379909859, 8.715000, 8.710000, 16100, 8.720000, 2900, -2.410000, -0.215000
1476379912249, 8.720000, 8.710000, 17800, 8.720000, 1300, -2.350000, -0.210000
1476379914292, 8.715000, 8.710000, 16500, 8.720000, 2800, -2.410000, -0.215000
1476379916250, 8.715000, 8.710000, 16300, 8.720000, 2800, -2.410000, -0.215000
1476379918255, 8.720000, 8.710000, 16600, 8.720000, 1700, -2.350000, -0.210000
1476379920255, 8.720000, 8.710000, 16500, 8.720000, 1800, -2.350000, -0.210000
1476379922256, 8.720000, 8.710000, 16500, 8.720000, 1800, -2.350000, -0.210000
1476379924284, 8.725000, 8.720000, 9900, 8.730000, 18800, -2.300000, -0.205000
1476379926267, 8.725000, 8.720000, 8000, 8.730000, 18200, -2.300000, -0.205000
1476379928264, 8.725000, 8.720000, 9000, 8.730000, 18200, -2.300000, -0.205000
1476379930260, 8.725000, 8.720000, 9000, 8.730000, 18200, -2.300000, -0.205000
1476379932260, 8.725000, 8.720000, 9700, 8.730000, 18000, -2.300000, -0.205000
1476379934259, 8.725000, 8.720000, 9600, 8.730000, 18100, -2.300000, -0.205000
1476379936260, 8.725000, 8.720000, 9700, 8.730000, 18200, -2.300000, -0.205000
1476379937750, 8.720000, 8.710000, 12200, 8.720000, 10200, -2.350000, -0.210000
1476379940260, 8.719400, 8.710000, 12100, 8.720000, 12200, -2.360000, -0.210600
1476379942263, 8.719400, 8.710000, 11600, 8.720000, 12200, -2.360000, -0.210600
1476379944266, 8.715000, 8.710000, 11100, 8.720000, 12200, -2.410000, -0.215000
1476379946265, 8.715000, 8.710000, 11800, 8.720000, 12300, -2.410000, -0.215000
1476379948269, 8.710000, 8.710000, 1400, 8.720000, 18200, -2.460000, -0.220000
1476379950272, 8.715000, 8.710000, 1400, 8.720000, 18700, -2.410000, -0.215000
1476379952264, 8.715000, 8.710000, 1400, 8.720000, 18700, -2.410000, -0.215000
1476379954266, 8.715000, 8.710000, 1200, 8.720000, 18700, -2.410000, -0.215000
1476379956266, 8.715000, 8.710000, 1200, 8.720000, 18000, -2.410000, -0.215000
1476379958264, 8.715000, 8.710000, 1200, 8.720000, 19000, -2.410000, -0.215000
1476379960309, 8.715000, 8.710000, 1200, 8.720000, 19000, -2.410000, -0.215000
1476379962274, 8.710000, 8.710000, 700, 8.720000, 21100, -2.460000, -0.220000
1476379964264, 8.710000, 8.710000, 1100, 8.720000, 20600, -2.460000, -0.220000
1476379966268, 8.710000, 8.710000, 2500, 8.720000, 19900, -2.460000, -0.220000
1476379968278, 8.710000, 8.710000, 2500, 8.720000, 18700, -2.460000, -0.220000
1476379970272, 8.710000, 8.710000, 2800, 8.720000, 18800, -2.460000, -0.220000
1476379972284, 8.710000, 8.710000, 2800, 8.720000, 18600, -2.460000, -0.220000
1476379974280, 8.710000, 8.710000, 2800, 8.720000, 18600, -2.460000, -0.220000
1476379976275, 8.710000, 8.710000, 3900, 8.720000, 18600, -2.460000, -0.220000
1476379978273, 8.710000, 8.710000, 3300, 8.720000, 18800, -2.460000, -0.220000
1476379980278, 8.710000, 8.710000, 4600, 8.720000, 18900, -2.460000, -0.220000
1476379982281, 8.710000, 8.710000, 2400, 8.720000, 18700, -2.460000, -0.220000
1476379984284, 8.710000, 8.710000, 2700, 8.720000, 18600, -2.460000, -0.220000
1476379986275, 8.710000, 8.710000, 4200, 8.720000, 18400, -2.460000, -0.220000
1476379988278, 8.715000, 8.710000, 8300, 8.720000, 18700, -2.410000, -0.215000
1476379989787, 8.715000, 8.710000, 9700, 8.720000, 17500, -2.410000, -0.215000
1476379991780, 8.715000, 8.710000, 10000, 8.720000, 17600, -2.410000, -0.215000
1476379994286, 8.715000, 8.710000, 10000, 8.720000, 17700, -2.410000, -0.215000
1476379996317, 8.715000, 8.710000, 9500, 8.720000, 17800, -2.410000, -0.215000
1476379998279, 8.715000, 8.710000, 9500, 8.720000, 17700, -2.410000, -0.215000
1476380000299, 8.715000, 8.710000, 9300, 8.720000, 17500, -2.410000, -0.215000
1476380002275, 8.715000, 8.710000, 9000, 8.720000, 17300, -2.410000, -0.215000
1476380004285, 8.715000, 8.710000, 3100, 8.720000, 17300, -2.410000, -0.215000
1476380006277, 8.715000, 8.710000, 3000, 8.720000, 17300, -2.410000, -0.215000
1476380007782, 8.710000, 8.710000, 3000, 8.720000, 17300, -2.460000, -0.220000
1476380010286, 8.710000, 8.710000, 2900, 8.720000, 17300, -2.460000, -0.220000
1476380012288, 8.710000, 8.710000, 2900, 8.720000, 17200, -2.460000, -0.220000
1476380014278, 8.710000, 8.710000, 5700, 8.720000, 17200, -2.460000, -0.220000
1476380016299, 8.710000, 8.710000, 5700, 8.720000, 17300, -2.460000, -0.220000
1476380018288, 8.710000, 8.710000, 6200, 8.720000, 17000, -2.460000, -0.220000
1476380020290, 8.710000, 8.710000, 5700, 8.720000, 17500, -2.460000, -0.220000
1476380022293, 8.710000, 8.710000, 5800, 8.720000, 17500, -2.460000, -0.220000
1476380024291, 8.710000, 8.710000, 5800, 8.720000, 17500, -2.460000, -0.220000
1476380026289, 8.710000, 8.710000, 5800, 8.720000, 17500, -2.460000, -0.220000
1476380028294, 8.710000, 8.710000, 4900, 8.720000, 17500, -2.460000, -0.220000
1476380030323, 8.710000, 8.710000, 5500, 8.720000, 17500, -2.460000, -0.220000
1476380032299, 8.705000, 8.700000, 8100, 8.710000, 13700, -2.520000, -0.225000
1476380033295, 8.705000, 8.700000, 9500, 8.710000, 6600, -2.520000, -0.225000
1476380036332, 8.705000, 8.700000, 10500, 8.710000, 8100, -2.520000, -0.225000
1476380038293, 8.700000, 8.700000, 3000, 8.710000, 14300, -2.580000, -0.230000
1476380040292, 8.709000, 8.700000, 6500, 8.710000, 13500, -2.470000, -0.221000
1476380042294, 8.709000, 8.700000, 6700, 8.710000, 13100, -2.470000, -0.221000
1476380043815, 8.709000, 8.700000, 6400, 8.710000, 13100, -2.470000, -0.221000
1476380045799, 8.709000, 8.700000, 6600, 8.710000, 12900, -2.470000, -0.221000
1476380048299, 8.709000, 8.700000, 6100, 8.710000, 12900, -2.470000, -0.221000
1476380050298, 8.709000, 8.700000, 6100, 8.710000, 12900, -2.470000, -0.221000
1476380052299, 8.700000, 8.700000, 2700, 8.710000, 16200, -2.580000, -0.230000
1476380054302, 8.700000, 8.700000, 2700, 8.710000, 16300, -2.580000, -0.230000
1476380056291, 8.700000, 8.700000, 2700, 8.710000, 16300, -2.580000, -0.230000
1476380058300, 8.705000, 8.700000, 2700, 8.710000, 16300, -2.520000, -0.225000
1476380060306, 8.710000, 8.710000, 9500, 8.720000, 12500, -2.460000, -0.220000
1476380062307, 8.710000, 8.710000, 9500, 8.720000, 13000, -2.460000, -0.220000
1476380064299, 8.710000, 8.710000, 7400, 8.720000, 17600, -2.460000, -0.220000
1476380065789, 8.710000, 8.710000, 8000, 8.720000, 17500, -2.460000, -0.220000
1476380068329, 8.710000, 8.710000, 7500, 8.720000, 17300, -2.460000, -0.220000
1476380070304, 8.715000, 8.710000, 8500, 8.720000, 16200, -2.410000, -0.215000
1476380072304, 8.710000, 8.710000, 5400, 8.720000, 16200, -2.460000, -0.220000
1476380074351, 8.720000, 8.710000, 11300, 8.720000, 13600, -2.350000, -0.210000
1476380076301, 8.720000, 8.710000, 10700, 8.720000, 13600, -2.350000, -0.210000
1476380078308, 8.720000, 8.710000, 10700, 8.720000, 13500, -2.350000, -0.210000
1476380080302, 8.710000, 8.700000, 8200, 8.710000, 13900, -2.460000, -0.220000
1476380082309, 8.710000, 8.700000, 8700, 8.710000, 13900, -2.460000, -0.220000
1476380084312, 8.710000, 8.700000, 8700, 8.710000, 13900, -2.460000, -0.220000
1476380086334, 8.700000, 8.700000, 2800, 8.710000, 22100, -2.580000, -0.230000
1476380088326, 8.705000, 8.700000, 4300, 8.710000, 19100, -2.520000, -0.225000
1476380090309, 8.700000, 8.700000, 4500, 8.710000, 19300, -2.580000, -0.230000
1476380092308, 8.700000, 8.700000, 4500, 8.710000, 19100, -2.580000, -0.230000
1476380094313, 8.700000, 8.700000, 4800, 8.710000, 19100, -2.580000, -0.230000
1476380096319, 8.705000, 8.700000, 4700, 8.710000, 18400, -2.520000, -0.225000
1476380098308, 8.705000, 8.700000, 2200, 8.710000, 23000, -2.520000, -0.225000
1476380100349, 8.705000, 8.700000, 2100, 8.710000, 22700, -2.520000, -0.225000
1476380102314, 8.700000, 8.700000, 3500, 8.710000, 19200, -2.580000, -0.230000
1476380104300, 8.700000, 8.700000, 3100, 8.710000, 19400, -2.580000, -0.230000
1476380106315, 8.700000, 8.700000, 3100, 8.710000, 19400, -2.580000, -0.230000
1476380108323, 8.700000, 8.700000, 3100, 8.710000, 19400, -2.580000, -0.230000
1476380110308, 8.700000, 8.700000, 3100, 8.710000, 19400, -2.580000, -0.230000
1476380112310, 8.700000, 8.700000, 3100, 8.710000, 19400, -2.580000, -0.230000
1476380114321, 8.700000, 8.700000, 3100, 8.710000, 19400, -2.580000, -0.230000
1476380116356, 8.700000, 8.700000, 3000, 8.710000, 19300, -2.580000, -0.230000
1476380118354, 8.705000, 8.700000, 8200, 8.710000, 15600, -2.520000, -0.225000
1476380120354, 8.705000, 8.700000, 9000, 8.710000, 15600, -2.520000, -0.225000
1476380122310, 8.705000, 8.700000, 9000, 8.710000, 15600, -2.520000, -0.225000
1476380124314, 8.705000, 8.700000, 8200, 8.710000, 15600, -2.520000, -0.225000
1476380126321, 8.705000, 8.700000, 8200, 8.710000, 15600, -2.520000, -0.225000
1476380128315, 8.705000, 8.700000, 8600, 8.710000, 14700, -2.520000, -0.225000
1476380130331, 8.705000, 8.700000, 8400, 8.710000, 14700, -2.520000, -0.225000
1476380132322, 8.705000, 8.700000, 7700, 8.710000, 14700, -2.520000, -0.225000
1476380134333, 8.705000, 8.700000, 7700, 8.710000, 14700, -2.520000, -0.225000
1476380136373, 8.705000, 8.700000, 7700, 8.710000, 14700, -2.520000, -0.225000
1476380138319, 8.705000, 8.700000, 7800, 8.710000, 14700, -2.520000, -0.225000
1476380140333, 8.700000, 8.700000, 5300, 8.710000, 16600, -2.580000, -0.230000
1476380142323, 8.705000, 8.700000, 5400, 8.710000, 15400, -2.520000, -0.225000
1476380144332, 8.705000, 8.700000, 5400, 8.710000, 15400, -2.520000, -0.225000
1476380146374, 8.705000, 8.700000, 5400, 8.710000, 15400, -2.520000, -0.225000
1476380148315, 8.705000, 8.700000, 5400, 8.710000, 15400, -2.520000, -0.225000
1476380150333, 8.705000, 8.700000, 5400, 8.710000, 15400, -2.520000, -0.225000
1476380152327, 8.700000, 8.700000, 5400, 8.710000, 15400, -2.580000, -0.230000
1476380154323, 8.700000, 8.700000, 5400, 8.710000, 15400, -2.580000, -0.230000
1476380156331, 8.700000, 8.700000, 5400, 8.710000, 15400, -2.580000, -0.230000
1476380158324, 8.700000, 8.700000, 5400, 8.710000, 15400, -2.580000, -0.230000
1476380160335, 8.700000, 8.700000, 5400, 8.710000, 15400, -2.580000, -0.230000
1476380162341, 8.700000, 8.700000, 5500, 8.710000, 15400, -2.580000, -0.230000
1476380164345, 8.705000, 8.700000, 5500, 8.710000, 15400, -2.520000, -0.225000
1476380166334, 8.705000, 8.700000, 5500, 8.710000, 15400, -2.520000, -0.225000
1476380167829, 8.705000, 8.700000, 5500, 8.710000, 15400, -2.520000, -0.225000
1476380170327, 8.705000, 8.700000, 5500, 8.710000, 15400, -2.520000, -0.225000
1476380172345, 8.705000, 8.700000, 5500, 8.710000, 15400, -2.520000, -0.225000
1476380174334, 8.705000, 8.700000, 5500, 8.710000, 15400, -2.520000, -0.225000
1476380176332, 8.705000, 8.700000, 5300, 8.710000, 15400, -2.520000, -0.225000
1476380178342, 8.705000, 8.700000, 5300, 8.710000, 15400, -2.520000, -0.225000
1476380180339, 8.705000, 8.700000, 5300, 8.710000, 15400, -2.520000, -0.225000
1476380182331, 8.705000, 8.700000, 4800, 8.710000, 15400, -2.520000, -0.225000
1476380184322, 8.705000, 8.700000, 4800, 8.710000, 15400, -2.520000, -0.225000
1476380186324, 8.705000, 8.700000, 4800, 8.710000, 15400, -2.520000, -0.225000
1476380188342, 8.705000, 8.700000, 4800, 8.710000, 15400, -2.520000, -0.225000
1476380190392, 8.705000, 8.700000, 2000, 8.710000, 15400, -2.520000, -0.225000
1476380192334, 8.705000, 8.700000, 2000, 8.710000, 15400, -2.520000, -0.225000
1476380194346, 8.700000, 8.700000, 2000, 8.710000, 15400, -2.580000, -0.230000
1476380196350, 8.700000, 8.700000, 2000, 8.710000, 15400, -2.580000, -0.230000
1476380198350, 8.700000, 8.700000, 2000, 8.710000, 15400, -2.580000, -0.230000
1476380200331, 8.700000, 8.700000, 2600, 8.710000, 15400, -2.580000, -0.230000
1476380202340, 8.705000, 8.700000, 2600, 8.710000, 15400, -2.520000, -0.225000
1476380204361, 8.705000, 8.700000, 2600, 8.710000, 15400, -2.520000, -0.225000
1476380206380, 8.700000, 8.700000, 2400, 8.710000, 15400, -2.580000, -0.230000
1476380208344, 8.700000, 8.700000, 2100, 8.710000, 15400, -2.580000, -0.230000
1476380210353, 8.700000, 8.700000, 2000, 8.710000, 16600, -2.580000, -0.230000
1476380212340, 8.700000, 8.700000, 2000, 8.710000, 16500, -2.580000, -0.230000
1476380214381, 8.700000, 8.700000, 1800, 8.710000, 17400, -2.580000, -0.230000
1476380215834, 8.700000, 8.700000, 1900, 8.710000, 17600, -2.580000, -0.230000
1476380218370, 8.700000, 8.700000, 2200, 8.710000, 15400, -2.580000, -0.230000
1476380220363, 8.700000, 8.700000, 2800, 8.710000, 15400, -2.580000, -0.230000
1476380222352, 8.700000, 8.700000, 2600, 8.710000, 15400, -2.580000, -0.230000
1476380224344, 8.700000, 8.700000, 2600, 8.710000, 15400, -2.580000, -0.230000
1476380226347, 8.700000, 8.700000, 2900, 8.710000, 15400, -2.580000, -0.230000
1476380228397, 8.700000, 8.700000, 2700, 8.710000, 15400, -2.580000, -0.230000
1476380230356, 8.700000, 8.700000, 2700, 8.710000, 15400, -2.580000, -0.230000
1476380232349, 8.700000, 8.700000, 2000, 8.710000, 15400, -2.580000, -0.230000
1476380234349, 8.700000, 8.700000, 2000, 8.710000, 15400, -2.580000, -0.230000
1476380235883, 8.700000, 8.690000, 8100, 8.700000, 15800, -2.580000, -0.230000
1476380238349, 8.690000, 8.690000, 8000, 8.700000, 14400, -2.690000, -0.240000
1476380240342, 8.695000, 8.690000, 8000, 8.700000, 14400, -2.630000, -0.235000
1476380242349, 8.695000, 8.690000, 8000, 8.700000, 13600, -2.630000, -0.235000
1476380244347, 8.695000, 8.690000, 8000, 8.700000, 13600, -2.630000, -0.235000
1476380246254, 8.695000, 8.690000, 8000, 8.700000, 16000, -2.630000, -0.235000
1476380248267, 8.690000, 8.690000, 8000, 8.700000, 16400, -2.690000, -0.240000
1476380249261, 8.690000, 8.690000, 8000, 8.700000, 16400, -2.690000, -0.240000
1476380252251, 8.690000, 8.690000, 8000, 8.700000, 16600, -2.690000, -0.240000
1476380254253, 8.690000, 8.690000, 8000, 8.700000, 16600, -2.690000, -0.240000
1476380255751, 8.690000, 8.690000, 8000, 8.700000, 16400, -2.690000, -0.240000
1476380258254, 8.690000, 8.690000, 8000, 8.700000, 16200, -2.690000, -0.240000
1476380259749, 8.690000, 8.690000, 8100, 8.700000, 16200, -2.690000, -0.240000
1476380262258, 8.690000, 8.690000, 8100, 8.700000, 16100, -2.690000, -0.240000
1476380264248, 8.692000, 8.690000, 8100, 8.700000, 16100, -2.670000, -0.238000
1476380266257, 8.690000, 8.690000, 3300, 8.700000, 15600, -2.690000, -0.240000
1476380268258, 8.690000, 8.690000, 3100, 8.700000, 15600, -2.690000, -0.240000
1476380270257, 8.690000, 8.690000, 3100, 8.700000, 15600, -2.690000, -0.240000
1476380272253, 8.690000, 8.690000, 3100, 8.700000, 15600, -2.690000, -0.240000
1476380274255, 8.690000, 8.690000, 3100, 8.700000, 15600, -2.690000, -0.240000
1476380276269, 8.690000, 8.690000, 3100, 8.700000, 15700, -2.690000, -0.240000
1476380278258, 8.690000, 8.690000, 3100, 8.700000, 15700, -2.690000, -0.240000
1476380280258, 8.690000, 8.690000, 2500, 8.700000, 16200, -2.690000, -0.240000
1476380282270, 8.690000, 8.690000, 1700, 8.700000, 16900, -2.690000, -0.240000
1476380284269, 8.690000, 8.690000, 1700, 8.700000, 16900, -2.690000, -0.240000
1476380286265, 8.690000, 8.690000, 1700, 8.700000, 16900, -2.690000, -0.240000
1476380288262, 8.690000, 8.690000, 1700, 8.700000, 16800, -2.690000, -0.240000
1476380290265, 8.690000, 8.690000, 3300, 8.700000, 16400, -2.690000, -0.240000
1476380292261, 8.690000, 8.690000, 2600, 8.700000, 16600, -2.690000, -0.240000
1476380294278, 8.690000, 8.690000, 2600, 8.700000, 16600, -2.690000, -0.240000
1476380296271, 8.690000, 8.690000, 2600, 8.700000, 16300, -2.690000, -0.240000
1476380297756, 8.690000, 8.690000, 2900, 8.700000, 16300, -2.690000, -0.240000
1476380299767, 8.690000, 8.690000, 3300, 8.700000, 16400, -2.690000, -0.240000
1476380302268, 8.695000, 8.690000, 4500, 8.700000, 15900, -2.630000, -0.235000
1476380304269, 8.695000, 8.690000, 4500, 8.700000, 15900, -2.630000, -0.235000
1476380306302, 8.695000, 8.690000, 4500, 8.700000, 15900, -2.630000, -0.235000
1476380308315, 8.695000, 8.690000, 4500, 8.700000, 15900, -2.630000, -0.235000
1476380310304, 8.695000, 8.690000, 4500, 8.700000, 15900, -2.630000, -0.235000
1476380312275, 8.695000, 8.690000, 4600, 8.700000, 16000, -2.630000, -0.235000
1476380314272, 8.695000, 8.690000, 4600, 8.700000, 16000, -2.630000, -0.235000
1476380315766, 8.695000, 8.690000, 4600, 8.700000, 16000, -2.630000, -0.235000
1476380318267, 8.695000, 8.690000, 4600, 8.700000, 16000, -2.630000, -0.235000
1476380320266, 8.695000, 8.690000, 4600, 8.700000, 15000, -2.630000, -0.235000
1476380322270, 8.695000, 8.690000, 4600, 8.700000, 15000, -2.630000, -0.235000
1476380323773, 8.695000, 8.690000, 4600, 8.700000, 15000, -2.630000, -0.235000
1476380325769, 8.695000, 8.690000, 4400, 8.700000, 15000, -2.630000, -0.235000
1476380328278, 8.695000, 8.690000, 4400, 8.700000, 16000, -2.630000, -0.235000
1476380329779, 8.695000, 8.690000, 4600, 8.700000, 16000, -2.630000, -0.235000
1476380332281, 8.695000, 8.690000, 4600, 8.700000, 16000, -2.630000, -0.235000
1476380334282, 8.695000, 8.690000, 4600, 8.700000, 16000, -2.630000, -0.235000
1476380336273, 8.695000, 8.690000, 4600, 8.700000, 16000, -2.630000, -0.235000
1476380338280, 8.695000, 8.690000, 4800, 8.700000, 15100, -2.630000, -0.235000
1476380340285, 8.695000, 8.690000, 4800, 8.700000, 15100, -2.630000, -0.235000
1476380341818, 8.695000, 8.690000, 4800, 8.700000, 15100, -2.630000, -0.235000
1476380344288, 8.695000, 8.690000, 4800, 8.700000, 15100, -2.630000, -0.235000
1476380346285, 8.690000, 8.690000, 3300, 8.700000, 14400, -2.690000, -0.240000
1476380347791, 8.690000, 8.690000, 3300, 8.700000, 14400, -2.690000, -0.240000
1476380349786, 8.690000, 8.690000, 3300, 8.700000, 14400, -2.690000, -0.240000
1476380352285, 8.690000, 8.690000, 2100, 8.700000, 14500, -2.690000, -0.240000
1476380354282, 8.690000, 8.690000, 2100, 8.700000, 14500, -2.690000, -0.240000
1476380356288, 8.690000, 8.680000, 11800, 8.690000, 5200, -2.690000, -0.240000
1476380358297, 8.690000, 8.690000, 8200, 8.700000, 14000, -2.690000, -0.240000
1476380360291, 8.690000, 8.690000, 8200, 8.700000, 14000, -2.690000, -0.240000
1476380362296, 8.700000, 8.690000, 8500, 8.700000, 12900, -2.580000, -0.230000
1476380364313, 8.700000, 8.690000, 8500, 8.700000, 12900, -2.580000, -0.230000
1476380366294, 8.700000, 8.690000, 8000, 8.700000, 12900, -2.580000, -0.230000
1476380368298, 8.695000, 8.690000, 8400, 8.700000, 12800, -2.630000, -0.235000
1476380370287, 8.695000, 8.690000, 8400, 8.700000, 12800, -2.630000, -0.235000
1476380372290, 8.695000, 8.690000, 8400, 8.700000, 12800, -2.630000, -0.235000
1476380374291, 8.695000, 8.690000, 8400, 8.700000, 12700, -2.630000, -0.235000
1476380376306, 8.695000, 8.690000, 8400, 8.700000, 12800, -2.630000, -0.235000
1476380378274, 8.695000, 8.690000, 8400, 8.700000, 12700, -2.630000, -0.235000
1476380380288, 8.695000, 8.690000, 8400, 8.700000, 12700, -2.630000, -0.235000
1476380382298, 8.695000, 8.690000, 8000, 8.700000, 12800, -2.630000, -0.235000
1476380384301, 8.695000, 8.690000, 8000, 8.700000, 12800, -2.630000, -0.235000
1476380386293, 8.690000, 8.680000, 12200, 8.690000, 13100, -2.690000, -0.240000
1476380388297, 8.690000, 8.680000, 12200, 8.690000, 18300, -2.690000, -0.240000
1476380390302, 8.690000, 8.680000, 18200, 8.690000, 9800, -2.690000, -0.240000
1476380392301, 8.690000, 8.680000, 16200, 8.690000, 4200, -2.690000, -0.240000
1476380394293, 8.690000, 8.680000, 16200, 8.690000, 3600, -2.690000, -0.240000
1476380396295, 8.685000, 8.680000, 9700, 8.690000, 9200, -2.740000, -0.245000
1476380398302, 8.690000, 8.680000, 10500, 8.690000, 3800, -2.690000, -0.240000
1476380400297, 8.690000, 8.680000, 10400, 8.690000, 5200, -2.690000, -0.240000
1476380401794, 8.690000, 8.680000, 10300, 8.690000, 5200, -2.690000, -0.240000
1476380404304, 8.690000, 8.690000, 7800, 8.700000, 15100, -2.690000, -0.240000
1476380405804, 8.690000, 8.690000, 8700, 8.700000, 15000, -2.690000, -0.240000
1476380407816, 8.690000, 8.690000, 3800, 8.700000, 17900, -2.690000, -0.240000
1476380409814, 8.690000, 8.690000, 3600, 8.700000, 17800, -2.690000, -0.240000
1476380412304, 8.690000, 8.680000, 11200, 8.690000, 12600, -2.690000, -0.240000
1476380414300, 8.690000, 8.680000, 11400, 8.690000, 11300, -2.690000, -0.240000
1476380416300, 8.690000, 8.680000, 11600, 8.690000, 11300, -2.690000, -0.240000
1476380418301, 8.690000, 8.680000, 11200, 8.690000, 11300, -2.690000, -0.240000
1476380420315, 8.690000, 8.680000, 10300, 8.690000, 11800, -2.690000, -0.240000
1476380422310, 8.690000, 8.680000, 10100, 8.690000, 11800, -2.690000, -0.240000
1476380424333, 8.690000, 8.680000, 7100, 8.690000, 13300, -2.690000, -0.240000
1476380426351, 8.690000, 8.680000, 6900, 8.690000, 13300, -2.690000, -0.240000
1476380428309, 8.690000, 8.680000, 6800, 8.690000, 13300, -2.690000, -0.240000
1476380429847, 8.690000, 8.680000, 6800, 8.690000, 13900, -2.690000, -0.240000
1476380432314, 8.690000, 8.680000, 6000, 8.690000, 14400, -2.690000, -0.240000
1476380434314, 8.690000, 8.680000, 6000, 8.690000, 14300, -2.690000, -0.240000
1476380436316, 8.680000, 8.680000, 4400, 8.690000, 16200, -2.800000, -0.250000
1476380438314, 8.680000, 8.680000, 1300, 8.690000, 20100, -2.800000, -0.250000
1476380440311, 8.680000, 8.680000, 1400, 8.690000, 20900, -2.800000, -0.250000
1476380442326, 8.680000, 8.680000, 2400, 8.690000, 21000, -2.800000, -0.250000
1476380444355, 8.680000, 8.680000, 4600, 8.690000, 20400, -2.800000, -0.250000
1476380445818, 8.685000, 8.680000, 4500, 8.690000, 20400, -2.740000, -0.245000
1476380448317, 8.680000, 8.680000, 3500, 8.690000, 20600, -2.800000, -0.250000
1476380450314, 8.680000, 8.680000, 3900, 8.690000, 20600, -2.800000, -0.250000
1476380452359, 8.680000, 8.680000, 3500, 8.690000, 20300, -2.800000, -0.250000
1476380453815, 8.680000, 8.680000, 2600, 8.690000, 20300, -2.800000, -0.250000
1476380456326, 8.680000, 8.680000, 2600, 8.690000, 20300, -2.800000, -0.250000
1476380458316, 8.680000, 8.680000, 3100, 8.690000, 20300, -2.800000, -0.250000
1476380460328, 8.680000, 8.680000, 3100, 8.690000, 20300, -2.800000, -0.250000
1476380462321, 8.680000, 8.680000, 2900, 8.690000, 20300, -2.800000, -0.250000
1476380464344, 8.680000, 8.680000, 2500, 8.690000, 20300, -2.800000, -0.250000
1476380466311, 8.680000, 8.680000, 2400, 8.690000, 20700, -2.800000, -0.250000
1476380468308, 8.680000, 8.680000, 2300, 8.690000, 20700, -2.800000, -0.250000
1476380470817, 8.680000, 8.680000, 2300, 8.690000, 20700, -2.800000, -0.250000
1476380472311, 8.680000, 8.680000, 2300, 8.690000, 20700, -2.800000, -0.250000
1476380474318, 8.680000, 8.680000, 2100, 8.690000, 20700, -2.800000, -0.250000
1476380476323, 8.680000, 8.680000, 2100, 8.690000, 20700, -2.800000, -0.250000
1476380478332, 8.680000, 8.680000, 2100, 8.690000, 20700, -2.800000, -0.250000
1476380480317, 8.680000, 8.680000, 2100, 8.690000, 20200, -2.800000, -0.250000
1476380482325, 8.680000, 8.670000, 11500, 8.690000, 27800, -2.800000, -0.250000
1476380484325, 8.680000, 8.670000, 22000, 8.680000, 3300, -2.800000, -0.250000
1476380486328, 8.680000, 8.670000, 23400, 8.680000, 4500, -2.800000, -0.250000
1476380488323, 8.675000, 8.670000, 23800, 8.680000, 4300, -2.860000, -0.255000
1476380489814, 8.675000, 8.670000, 23500, 8.680000, 4300, -2.860000, -0.255000
1476380492321, 8.675000, 8.670000, 23300, 8.680000, 4300, -2.860000, -0.255000
1476380494311, 8.675000, 8.670000, 22900, 8.680000, 4300, -2.860000, -0.255000
1476380496824, 8.675200, 8.670000, 23100, 8.680000, 4300, -2.850000, -0.254800
1476380498319, 8.675200, 8.670000, 23100, 8.680000, 4300, -2.850000, -0.254800
1476380499827, 8.675200, 8.670000, 23100, 8.680000, 4500, -2.850000, -0.254800
1476380502327, 8.675200, 8.670000, 22900, 8.680000, 5600, -2.850000, -0.254800
1476380504320, 8.678000, 8.670000, 22700, 8.680000, 5200, -2.820000, -0.252000
1476380506337, 8.678000, 8.670000, 22700, 8.680000, 5600, -2.820000, -0.252000
1476380508350, 8.678000, 8.670000, 22700, 8.680000, 5100, -2.820000, -0.252000
1476380510324, 8.680000, 8.670000, 24500, 8.680000, 3500, -2.800000, -0.250000
1476380512328, 8.680000, 8.670000, 24500, 8.680000, 3500, -2.800000, -0.250000
1476380514333, 8.680000, 8.680000, 1400, 8.690000, 22100, -2.800000, -0.250000
1476380516334, 8.680000, 8.680000, 1400, 8.690000, 19500, -2.800000, -0.250000
1476380518329, 8.680000, 8.680000, 1400, 8.690000, 19400, -2.800000, -0.250000
1476380520338, 8.680000, 8.670000, 18900, 8.680000, 2700, -2.800000, -0.250000
1476380522823, 8.680000, 8.670000, 18100, 8.680000, 2700, -2.800000, -0.250000
1476380524340, 8.680000, 8.670000, 18100, 8.680000, 2700, -2.800000, -0.250000
1476380526329, 8.680000, 8.670000, 17500, 8.680000, 2100, -2.800000, -0.250000
1476380528335, 8.680000, 8.670000, 23000, 8.680000, 2100, -2.800000, -0.250000
1476380530334, 8.680000, 8.670000, 23000, 8.680000, 2100, -2.800000, -0.250000
1476380532336, 8.680000, 8.670000, 23000, 8.680000, 2100, -2.800000, -0.250000
1476380534340, 8.680000, 8.670000, 22700, 8.680000, 2100, -2.800000, -0.250000
1476380536337, 8.680000, 8.680000, 5200, 8.690000, 15200, -2.800000, -0.250000
1476380538337, 8.680000, 8.680000, 5300, 8.690000, 15600, -2.800000, -0.250000
1476380540342, 8.682600, 8.680000, 5300, 8.690000, 15900, -2.770000, -0.247400
1476380542831, 8.682600, 8.680000, 5200, 8.690000, 15500, -2.770000, -0.247400
1476380544833, 8.680000, 8.680000, 1800, 8.690000, 19600, -2.800000, -0.250000
1476380546837, 8.685000, 8.680000, 1800, 8.690000, 19600, -2.740000, -0.245000
1476380548341, 8.680000, 8.680000, 1800, 8.690000, 19600, -2.800000, -0.250000
1476380550340, 8.680000, 8.680000, 1800, 8.690000, 19900, -2.800000, -0.250000
1476380552395, 8.680000, 8.680000, 900, 8.690000, 19600, -2.800000, -0.250000
1476380554341, 8.680000, 8.680000, 1900, 8.690000, 19400, -2.800000, -0.250000
1476380556837, 8.680000, 8.680000, 1200, 8.690000, 18900, -2.800000, -0.250000
1476380558837, 8.680000, 8.680000, 1200, 8.690000, 18900, -2.800000, -0.250000
1476380560840, 8.680000, 8.680000, 1200, 8.690000, 18900, -2.800000, -0.250000
1476380562338, 8.680000, 8.680000, 1200, 8.690000, 18900, -2.800000, -0.250000
1476380564829, 8.680000, 8.680000, 1200, 8.690000, 18900, -2.800000, -0.250000
1476380566332, 8.680000, 8.680000, 1900, 8.690000, 18600, -2.800000, -0.250000
1476380568358, 8.680000, 8.680000, 1900, 8.690000, 18600, -2.800000, -0.250000
1476380570845, 8.680000, 8.680000, 2400, 8.690000, 15100, -2.800000, -0.250000
1476380572340, 8.680000, 8.680000, 2400, 8.690000, 15100, -2.800000, -0.250000
1476380574326, 8.680000, 8.680000, 2400, 8.690000, 15700, -2.800000, -0.250000
1476380576841, 8.680000, 8.680000, 2400, 8.690000, 15100, -2.800000, -0.250000
1476380578349, 8.680000, 8.680000, 2400, 8.690000, 15200, -2.800000, -0.250000
1476380579865, 8.680000, 8.680000, 2200, 8.690000, 15200, -2.800000, -0.250000
1476380582758, 8.680000, 8.680000, 3000, 8.690000, 19400, -2.800000, -0.250000
1476380584748, 8.680000, 8.680000, 3000, 8.690000, 17200, -2.800000, -0.250000
1476380586748, 8.680000, 8.680000, 3200, 8.690000, 17200, -2.800000, -0.250000
1476380588749, 8.680000, 8.680000, 1300, 8.690000, 18300, -2.800000, -0.250000
1476380590750, 8.680000, 8.680000, 1200, 8.690000, 17200, -2.800000, -0.250000
1476380592784, 8.680000, 8.680000, 1300, 8.690000, 17200, -2.800000, -0.250000
1476380594269, 8.680000, 8.680000, 1300, 8.690000, 16700, -2.800000, -0.250000
1476380596751, 8.680000, 8.680000, 1100, 8.690000, 17700, -2.800000, -0.250000
1476380598760, 8.690000, 8.680000, 16900, 8.690000, 1800, -2.690000, -0.240000
1476380600752, 8.685000, 8.680000, 17800, 8.690000, 4000, -2.740000, -0.245000
1476380602752, 8.690000, 8.680000, 17200, 8.690000, 3300, -2.690000, -0.240000
1476380604257, 8.685000, 8.680000, 17300, 8.690000, 3000, -2.740000, -0.245000
1476380606759, 8.690000, 8.680000, 17800, 8.690000, 3000, -2.690000, -0.240000
1476380608759, 8.690000, 8.680000, 17800, 8.690000, 3000, -2.690000, -0.240000
1476380610758, 8.685000, 8.680000, 19000, 8.690000, 3000, -2.740000, -0.245000
1476380612757, 8.685000, 8.680000, 18000, 8.690000, 3000, -2.740000, -0.245000
1476380614792, 8.685000, 8.680000, 18000, 8.690000, 3000, -2.740000, -0.245000
1476380616761, 8.685000, 8.680000, 17700, 8.690000, 3500, -2.740000, -0.245000
1476380618759, 8.690000, 8.680000, 17200, 8.690000, 3000, -2.690000, -0.240000
1476380620766, 8.690000, 8.680000, 18700, 8.690000, 2200, -2.690000, -0.240000
1476380622759, 8.690000, 8.680000, 22700, 8.690000, 700, -2.690000, -0.240000
1476380624751, 8.690000, 8.690000, 4900, 8.690000, 500, -2.690000, -0.240000
1476380626761, 8.690000, 8.690000, 11600, 8.700000, 3800, -2.690000, -0.240000
1476380628268, 8.690000, 8.690000, 11600, 8.700000, 3700, -2.690000, -0.240000
1476380630766, 8.690000, 8.690000, 11900, 8.700000, 2700, -2.690000, -0.240000
1476380632796, 8.690000, 8.690000, 11900, 8.700000, 2700, -2.690000, -0.240000
1476380634767, 8.700000, 8.690000, 18200, 8.700000, 1900, -2.580000, -0.230000
1476380636774, 8.700000, 8.690000, 18400, 8.700000, 1800, -2.580000, -0.230000
1476380638267, 8.700000, 8.690000, 18400, 8.700000, 1800, -2.580000, -0.230000
1476380640776, 8.700000, 8.690000, 18000, 8.700000, 1800, -2.580000, -0.230000
1476380642774, 8.700000, 8.690000, 21900, 8.700000, 1000, -2.580000, -0.230000
1476380644271, 8.700000, 8.690000, 21800, 8.700000, 1400, -2.580000, -0.230000
1476380646800, 8.700000, 8.690000, 21200, 8.700000, 3400, -2.580000, -0.230000
1476380648768, 8.700000, 8.690000, 21200, 8.700000, 3500, -2.580000, -0.230000
1476380650311, 8.700000, 8.690000, 16200, 8.700000, 4300, -2.580000, -0.230000
1476380652775, 8.700000, 8.690000, 22100, 8.700000, 2800, -2.580000, -0.230000
1476380654777, 8.690000, 8.690000, 7600, 8.700000, 15200, -2.690000, -0.240000
1476380656774, 8.700000, 8.690000, 12300, 8.700000, 12500, -2.580000, -0.230000
1476380658775, 8.700000, 8.690000, 9600, 8.700000, 14100, -2.580000, -0.230000
1476380660780, 8.700000, 8.690000, 9800, 8.700000, 14100, -2.580000, -0.230000
1476380662780, 8.700000, 8.690000, 9800, 8.700000, 14100, -2.580000, -0.230000
1476380664314, 8.700000, 8.690000, 9800, 8.700000, 14100, -2.580000, -0.230000
1476380666282, 8.700000, 8.690000, 9600, 8.700000, 14100, -2.580000, -0.230000
1476380668773, 8.690000, 8.690000, 4100, 8.700000, 14100, -2.690000, -0.240000
1476380669284, 8.690000, 8.690000, 4100, 8.700000, 14100, -2.690000, -0.240000
1476380672790, 8.690000, 8.690000, 4200, 8.700000, 14100, -2.690000, -0.240000
1476380674791, 8.690000, 8.690000, 4200, 8.700000, 14100, -2.690000, -0.240000
1476380676778, 8.690000, 8.690000, 4200, 8.700000, 14100, -2.690000, -0.240000
1476380678775, 8.690000, 8.690000, 4200, 8.700000, 14100, -2.690000, -0.240000
1476380680771, 8.690000, 8.690000, 4000, 8.700000, 14100, -2.690000, -0.240000
1476380682789, 8.695000, 8.690000, 12300, 8.700000, 3700, -2.630000, -0.235000
1476380684784, 8.695000, 8.690000, 12300, 8.700000, 3700, -2.630000, -0.235000
1476380686783, 8.695000, 8.690000, 11800, 8.700000, 3700, -2.630000, -0.235000
1476380688785, 8.695000, 8.690000, 11800, 8.700000, 3700, -2.630000, -0.235000
1476380690786, 8.695000, 8.690000, 11600, 8.700000, 3700, -2.630000, -0.235000
1476380692777, 8.695000, 8.690000, 10900, 8.700000, 3700, -2.630000, -0.235000
1476380694786, 8.695000, 8.690000, 10800, 8.700000, 3700, -2.630000, -0.235000
1476380696794, 8.695000, 8.690000, 10700, 8.700000, 3700, -2.630000, -0.235000
1476380698782, 8.695000, 8.690000, 10700, 8.700000, 3700, -2.630000, -0.235000
1476380700784, 8.695000, 8.690000, 10700, 8.700000, 3700, -2.630000, -0.235000
1476380702784, 8.695000, 8.690000, 10700, 8.700000, 3700, -2.630000, -0.235000
1476380704790, 8.700000, 8.690000, 10800, 8.700000, 2500, -2.580000, -0.230000
1476380706827, 8.700000, 8.690000, 10800, 8.700000, 2500, -2.580000, -0.230000
1476380708786, 8.700000, 8.690000, 10800, 8.700000, 2500, -2.580000, -0.230000
1476380710794, 8.700000, 8.690000, 10800, 8.700000, 2500, -2.580000, -0.230000
1476380712796, 8.700000, 8.690000, 10800, 8.700000, 2500, -2.580000, -0.230000
1476380714797, 8.700000, 8.690000, 10300, 8.700000, 2500, -2.580000, -0.230000
1476380716298, 8.700000, 8.700000, 14600, 8.710000, 3400, -2.580000, -0.230000
1476380718794, 8.705000, 8.700000, 14500, 8.710000, 3100, -2.520000, -0.225000
1476380720806, 8.702500, 8.700000, 14500, 8.710000, 3100, -2.550000, -0.227500
1476380722795, 8.702500, 8.700000, 12100, 8.710000, 4300, -2.550000, -0.227500
1476380724840, 8.702500, 8.700000, 11700, 8.710000, 4200, -2.550000, -0.227500
1476380726798, 8.705000, 8.700000, 21500, 8.710000, 1500, -2.520000, -0.225000
1476380728796, 8.705000, 8.700000, 21400, 8.710000, 1200, -2.520000, -0.225000
1476380730803, 8.705000, 8.700000, 21400, 8.710000, 1200, -2.520000, -0.225000
1476380732798, 8.710000, 8.710000, 4700, 8.720000, 12600, -2.460000, -0.220000
1476380734794, 8.700000, 8.700000, 10600, 8.710000, 9200, -2.580000, -0.230000
1476380736794, 8.705000, 8.700000, 10600, 8.710000, 9400, -2.520000, -0.225000
1476380738799, 8.700000, 8.700000, 11000, 8.710000, 9400, -2.580000, -0.230000
1476380740301, 8.700000, 8.700000, 11000, 8.710000, 9400, -2.580000, -0.230000
1476380742834, 8.700000, 8.700000, 4700, 8.710000, 9400, -2.580000, -0.230000
1476380744840, 8.695000, 8.690000, 8800, 8.700000, 7400, -2.630000, -0.235000
1476380746813, 8.695000, 8.690000, 8800, 8.700000, 7400, -2.630000, -0.235000
1476380748809, 8.695000, 8.690000, 8700, 8.700000, 7400, -2.630000, -0.235000
1476380750800, 8.695000, 8.690000, 8300, 8.700000, 7400, -2.630000, -0.235000
1476380752802, 8.695000, 8.690000, 8300, 8.700000, 7400, -2.630000, -0.235000
1476380754796, 8.695000, 8.690000, 8200, 8.700000, 7300, -2.630000, -0.235000
1476380756794, 8.695000, 8.690000, 8200, 8.700000, 7300, -2.630000, -0.235000
1476380758835, 8.695000, 8.690000, 8200, 8.700000, 7300, -2.630000, -0.235000
1476380760843, 8.695700, 8.690000, 8200, 8.700000, 7300, -2.620000, -0.234300
1476380762795, 8.695000, 8.690000, 8200, 8.700000, 7300, -2.630000, -0.235000
1476380764804, 8.695000, 8.690000, 8400, 8.700000, 7300, -2.630000, -0.235000
1476380766808, 8.695000, 8.690000, 8400, 8.700000, 7300, -2.630000, -0.235000
1476380768810, 8.695000, 8.690000, 8300, 8.700000, 8300, -2.630000, -0.235000
1476380770804, 8.695000, 8.690000, 7500, 8.700000, 9100, -2.630000, -0.235000
1476380772835, 8.695000, 8.690000, 7700, 8.700000, 9100, -2.630000, -0.235000
1476380774827, 8.695000, 8.690000, 7700, 8.700000, 9100, -2.630000, -0.235000
1476380776802, 8.695000, 8.690000, 7500, 8.700000, 9200, -2.630000, -0.235000
1476380778845, 8.695000, 8.690000, 7500, 8.700000, 9200, -2.630000, -0.235000
1476380780809, 8.695000, 8.690000, 7500, 8.700000, 9200, -2.630000, -0.235000
1476380782806, 8.695000, 8.690000, 7500, 8.700000, 9200, -2.630000, -0.235000
1476380784806, 8.695000, 8.690000, 7500, 8.700000, 9200, -2.630000, -0.235000
1476380786830, 8.695000, 8.690000, 7900, 8.700000, 9000, -2.630000, -0.235000
1476380788806, 8.695000, 8.690000, 7500, 8.700000, 9000, -2.630000, -0.235000
1476380790814, 8.695000, 8.690000, 7500, 8.700000, 9000, -2.630000, -0.235000
1476380792815, 8.695000, 8.690000, 7600, 8.700000, 9000, -2.630000, -0.235000
1476380794817, 8.695000, 8.690000, 8000, 8.700000, 9100, -2.630000, -0.235000
1476380796822, 8.695000, 8.690000, 8200, 8.700000, 9100, -2.630000, -0.235000
1476380798798, 8.695000, 8.690000, 7900, 8.700000, 9100, -2.630000, -0.235000
1476380800819, 8.695000, 8.690000, 7900, 8.700000, 10000, -2.630000, -0.235000
1476380802834, 8.695000, 8.690000, 7600, 8.700000, 10000, -2.630000, -0.235000
1476380804816, 8.695000, 8.690000, 8000, 8.700000, 10100, -2.630000, -0.235000
1476380806820, 8.695000, 8.690000, 8100, 8.700000, 10100, -2.630000, -0.235000
1476380808808, 8.690000, 8.690000, 8100, 8.700000, 9600, -2.690000, -0.240000
1476380810816, 8.695000, 8.690000, 8100, 8.700000, 9600, -2.630000, -0.235000
1476380812813, 8.690000, 8.690000, 4200, 8.700000, 12900, -2.690000, -0.240000
1476380814823, 8.690000, 8.690000, 2200, 8.700000, 15600, -2.690000, -0.240000
1476380816841, 8.690000, 8.690000, 2200, 8.700000, 15800, -2.690000, -0.240000
1476380818818, 8.696700, 8.690000, 2200, 8.700000, 15800, -2.610000, -0.233300
1476380820807, 8.690000, 8.690000, 2200, 8.700000, 15800, -2.690000, -0.240000
1476380822820, 8.690000, 8.680000, 14900, 8.690000, 7900, -2.690000, -0.240000
1476380824819, 8.685000, 8.680000, 14400, 8.690000, 3200, -2.740000, -0.245000
1476380826826, 8.685900, 8.680000, 14400, 8.690000, 3200, -2.730000, -0.244100
1476380828865, 8.685000, 8.680000, 14400, 8.690000, 3200, -2.740000, -0.245000
1476380830839, 8.690000, 8.680000, 20100, 8.690000, 3800, -2.690000, -0.240000
1476380832868, 8.690000, 8.680000, 20100, 8.690000, 3800, -2.690000, -0.240000
1476380834825, 8.690000, 8.680000, 20000, 8.690000, 3900, -2.690000, -0.240000
1476380836835, 8.690000, 8.680000, 20100, 8.690000, 3900, -2.690000, -0.240000
1476380838826, 8.690000, 8.680000, 19700, 8.690000, 3900, -2.690000, -0.240000
1476380840839, 8.690000, 8.680000, 19700, 8.690000, 4500, -2.690000, -0.240000
1476380842832, 8.690000, 8.680000, 19700, 8.690000, 4500, -2.690000, -0.240000
1476380844864, 8.685000, 8.680000, 14700, 8.690000, 4300, -2.740000, -0.245000
1476380846852, 8.685000, 8.680000, 14600, 8.690000, 4300, -2.740000, -0.245000
1476380848879, 8.690000, 8.680000, 16000, 8.690000, 3500, -2.690000, -0.240000
1476380850834, 8.685000, 8.680000, 15900, 8.690000, 4000, -2.740000, -0.245000
1476380852829, 8.690000, 8.680000, 19100, 8.690000, 1300, -2.690000, -0.240000
1476380854830, 8.685000, 8.680000, 22400, 8.690000, 1300, -2.740000, -0.245000
1476380856336, 8.690000, 8.690000, 11400, 8.700000, 10400, -2.690000, -0.240000
1476380858835, 8.690000, 8.690000, 11700, 8.700000, 10100, -2.690000, -0.240000
1476380860318, 8.690000, 8.690000, 11500, 8.700000, 10200, -2.690000, -0.240000
1476380862830, 8.690000, 8.690000, 11700, 8.700000, 9900, -2.690000, -0.240000
1476380864840, 8.695000, 8.690000, 10000, 8.700000, 10800, -2.630000, -0.235000
1476380866840, 8.690000, 8.690000, 10800, 8.700000, 10600, -2.690000, -0.240000
1476380868840, 8.690000, 8.690000, 10400, 8.700000, 10500, -2.690000, -0.240000
1476380870841, 8.695000, 8.690000, 10400, 8.700000, 10200, -2.630000, -0.235000
1476380872850, 8.690000, 8.690000, 10200, 8.700000, 10300, -2.690000, -0.240000
1476380874865, 8.695000, 8.690000, 10200, 8.700000, 10300, -2.630000, -0.235000
1476380876835, 8.695000, 8.690000, 8600, 8.700000, 10500, -2.630000, -0.235000
1476380878840, 8.690000, 8.690000, 8300, 8.700000, 10500, -2.690000, -0.240000
1476380880832, 8.690000, 8.690000, 8300, 8.700000, 10500, -2.690000, -0.240000
1476380882842, 8.690000, 8.690000, 9700, 8.700000, 10100, -2.690000, -0.240000
1476380884834, 8.690000, 8.680000, 13900, 8.690000, 8400, -2.690000, -0.240000
1476380886838, 8.685000, 8.680000, 13500, 8.690000, 6200, -2.740000, -0.245000
1476380888843, 8.685000, 8.680000, 13400, 8.690000, 9800, -2.740000, -0.245000
1476380890872, 8.685000, 8.680000, 13200, 8.690000, 9800, -2.740000, -0.245000
1476380892837, 8.685000, 8.680000, 12100, 8.690000, 10000, -2.740000, -0.245000
1476380894851, 8.685000, 8.680000, 10800, 8.690000, 10000, -2.740000, -0.245000
1476380896845, 8.685000, 8.680000, 11500, 8.690000, 10000, -2.740000, -0.245000
1476380898886, 8.670000, 8.670000, 7700, 8.680000, 12700, -2.910000, -0.260000
1476380900855, 8.680000, 8.670000, 7700, 8.680000, 12900, -2.800000, -0.250000
1476380902855, 8.680000, 8.670000, 7700, 8.680000, 10900, -2.800000, -0.250000
1476380904880, 8.680000, 8.670000, 7700, 8.680000, 10900, -2.800000, -0.250000
1476380906857, 8.675000, 8.670000, 14800, 8.680000, 1200, -2.860000, -0.255000
1476380908846, 8.675000, 8.670000, 14900, 8.680000, 1200, -2.860000, -0.255000
1476380910852, 8.675000, 8.670000, 14700, 8.680000, 1200, -2.860000, -0.255000
1476380912851, 8.675000, 8.670000, 14200, 8.680000, 1200, -2.860000, -0.255000
1476380914839, 8.675000, 8.670000, 14300, 8.680000, 1200, -2.860000, -0.255000
1476380916749, 8.680000, 8.670000, 14500, 8.680000, 1200, -2.800000, -0.250000
1476380918749, 8.680000, 8.670000, 14300, 8.680000, 1200, -2.800000, -0.250000
1476380920748, 8.675000, 8.670000, 14600, 8.680000, 1200, -2.860000, -0.255000
1476380922749, 8.675000, 8.670000, 15100, 8.680000, 1200, -2.860000, -0.255000
1476380924260, 8.680000, 8.670000, 15100, 8.680000, 1200, -2.800000, -0.250000
1476380926753, 8.675000, 8.670000, 14700, 8.680000, 1200, -2.860000, -0.255000
1476380928752, 8.675000, 8.670000, 14700, 8.680000, 1200, -2.860000, -0.255000
1476380930757, 8.675000, 8.670000, 14700, 8.680000, 1200, -2.860000, -0.255000
1476380932754, 8.680000, 8.670000, 14700, 8.680000, 1200, -2.800000, -0.250000
1476380934756, 8.680000, 8.670000, 14700, 8.680000, 1200, -2.800000, -0.250000
1476380936755, 8.675000, 8.670000, 8900, 8.680000, 5900, -2.860000, -0.255000
1476380941258, 8.675000, 8.670000, 8700, 8.680000, 6100, -2.860000, -0.255000
1476380938757, 8.675000, 8.670000, 8700, 8.680000, 6100, -2.860000, -0.255000
1476380942756, 8.680000, 8.670000, 8700, 8.680000, 6200, -2.800000, -0.250000
1476380944791, 8.675000, 8.670000, 8800, 8.680000, 6900, -2.860000, -0.255000
1476380946759, 8.675000, 8.670000, 8500, 8.680000, 8900, -2.860000, -0.255000
1476380948773, 8.675000, 8.670000, 8500, 8.680000, 8900, -2.860000, -0.255000
1476380950760, 8.675000, 8.670000, 8500, 8.680000, 8900, -2.860000, -0.255000
1476380952758, 8.675000, 8.670000, 8500, 8.680000, 8400, -2.860000, -0.255000
1476380954768, 8.675000, 8.670000, 8500, 8.680000, 8900, -2.860000, -0.255000
1476380956766, 8.675000, 8.670000, 8500, 8.680000, 8900, -2.860000, -0.255000
1476380958765, 8.675000, 8.670000, 8500, 8.680000, 8900, -2.860000, -0.255000
1476380960769, 8.680000, 8.670000, 8500, 8.680000, 8900, -2.800000, -0.250000
1476380962758, 8.675000, 8.670000, 8500, 8.680000, 8900, -2.860000, -0.255000
1476380964763, 8.675000, 8.670000, 8500, 8.680000, 8600, -2.860000, -0.255000
1476380966799, 8.675000, 8.670000, 8500, 8.680000, 8900, -2.860000, -0.255000
1476380968766, 8.675000, 8.670000, 8500, 8.680000, 8900, -2.860000, -0.255000
1476380970769, 8.675000, 8.670000, 8500, 8.680000, 8700, -2.860000, -0.255000
1476380972771, 8.680000, 8.670000, 8500, 8.680000, 8700, -2.800000, -0.250000
1476380974768, 8.680000, 8.670000, 8500, 8.680000, 8500, -2.800000, -0.250000
1476380976772, 8.680000, 8.670000, 8500, 8.680000, 8500, -2.800000, -0.250000
1476380978777, 8.676900, 8.670000, 8500, 8.680000, 8500, -2.830000, -0.253100
1476380980776, 8.680000, 8.670000, 8200, 8.680000, 8900, -2.800000, -0.250000
1476380982769, 8.675000, 8.670000, 8200, 8.680000, 9200, -2.860000, -0.255000
1476380984271, 8.675000, 8.670000, 8300, 8.680000, 9200, -2.860000, -0.255000
1476380986272, 8.675000, 8.670000, 8300, 8.680000, 9200, -2.860000, -0.255000
1476380988814, 8.675000, 8.670000, 7100, 8.680000, 9500, -2.860000, -0.255000
1476380990777, 8.670000, 8.670000, 5800, 8.680000, 10200, -2.910000, -0.260000
1476380992276, 8.670000, 8.670000, 5800, 8.680000, 10200, -2.910000, -0.260000
1476380994776, 8.670000, 8.670000, 5800, 8.680000, 11300, -2.910000, -0.260000
1476380996773, 8.670000, 8.670000, 5800, 8.680000, 11100, -2.910000, -0.260000
1476380998775, 8.678000, 8.670000, 5800, 8.680000, 11100, -2.820000, -0.252000
1476381000777, 8.678000, 8.670000, 5700, 8.680000, 11400, -2.820000, -0.252000
1476381002776, 8.670000, 8.670000, 5600, 8.680000, 11200, -2.910000, -0.260000
1476381004796, 8.670000, 8.670000, 5500, 8.680000, 11200, -2.910000, -0.260000
1476381006784, 8.670000, 8.670000, 5400, 8.680000, 11400, -2.910000, -0.260000
1476381008777, 8.670000, 8.670000, 5400, 8.680000, 11300, -2.910000, -0.260000
1476381010783, 8.670000, 8.670000, 5300, 8.680000, 14100, -2.910000, -0.260000
1476381012776, 8.675000, 8.670000, 5900, 8.680000, 13900, -2.860000, -0.255000
1476381014777, 8.675000, 8.670000, 5900, 8.680000, 14100, -2.860000, -0.255000
1476381016784, 8.675000, 8.670000, 5900, 8.680000, 14100, -2.860000, -0.255000
1476381018782, 8.679600, 8.670000, 5900, 8.680000, 13600, -2.800000, -0.250400
1476381020808, 8.676000, 8.670000, 6100, 8.680000, 13600, -2.840000, -0.254000
1476381022781, 8.675000, 8.670000, 6100, 8.680000, 13600, -2.860000, -0.255000
1476381024776, 8.675000, 8.670000, 6100, 8.680000, 11200, -2.860000, -0.255000
1476381026284, 8.675000, 8.670000, 6100, 8.680000, 11200, -2.860000, -0.255000
1476381027781, 8.679900, 8.670000, 6100, 8.680000, 13600, -2.800000, -0.250100
1476381030792, 8.675000, 8.670000, 6100, 8.680000, 13700, -2.860000, -0.255000
1476381032823, 8.675000, 8.670000, 6000, 8.680000, 13800, -2.860000, -0.255000
1476381034786, 8.675000, 8.670000, 6200, 8.680000, 13800, -2.860000, -0.255000
1476381036784, 8.675000, 8.670000, 6200, 8.680000, 13800, -2.860000, -0.255000
1476381038286, 8.675000, 8.670000, 6200, 8.680000, 13700, -2.860000, -0.255000
1476381040790, 8.675000, 8.670000, 6200, 8.680000, 13700, -2.860000, -0.255000
1476381042285, 8.675000, 8.670000, 6200, 8.680000, 13700, -2.860000, -0.255000
1476381044816, 8.675000, 8.670000, 9400, 8.680000, 13400, -2.860000, -0.255000
1476381046784, 8.679000, 8.670000, 9400, 8.680000, 13400, -2.810000, -0.251000
1476381048846, 8.675000, 8.670000, 9400, 8.680000, 13400, -2.860000, -0.255000
1476381050290, 8.675000, 8.670000, 9400, 8.680000, 13400, -2.860000, -0.255000
1476381052793, 8.675000, 8.670000, 9400, 8.680000, 13400, -2.860000, -0.255000
1476381054785, 8.675000, 8.670000, 9400, 8.680000, 13400, -2.860000, -0.255000
1476381056784, 8.675000, 8.670000, 7400, 8.680000, 13400, -2.860000, -0.255000
1476381058792, 8.675000, 8.670000, 7400, 8.680000, 13500, -2.860000, -0.255000
1476381060812, 8.670000, 8.670000, 7300, 8.680000, 13900, -2.910000, -0.260000
1476381062795, 8.670000, 8.670000, 7400, 8.680000, 13800, -2.910000, -0.260000
1476381064795, 8.675000, 8.670000, 7500, 8.680000, 13800, -2.860000, -0.255000
1476381066794, 8.675000, 8.670000, 7500, 8.680000, 13000, -2.860000, -0.255000
1476381068791, 8.675000, 8.670000, 8000, 8.680000, 12700, -2.860000, -0.255000
1476381070793, 8.675000, 8.670000, 8000, 8.680000, 12700, -2.860000, -0.255000
1476381072799, 8.675000, 8.670000, 8000, 8.680000, 12700, -2.860000, -0.255000
1476381074825, 8.675000, 8.670000, 8200, 8.680000, 12700, -2.860000, -0.255000
1476381076785, 8.675000, 8.670000, 8200, 8.680000, 12700, -2.860000, -0.255000
1476381078844, 8.675000, 8.670000, 8000, 8.680000, 12900, -2.860000, -0.255000
1476381080801, 8.675000, 8.670000, 8000, 8.680000, 12900, -2.860000, -0.255000
1476381082796, 8.675000, 8.670000, 8000, 8.680000, 12900, -2.860000, -0.255000
1476381084794, 8.675000, 8.670000, 8000, 8.680000, 12900, -2.860000, -0.255000
1476381086800, 8.675000, 8.670000, 8000, 8.680000, 12900, -2.860000, -0.255000
1476381088300, 8.675000, 8.670000, 8000, 8.680000, 12900, -2.860000, -0.255000
1476381090792, 8.675000, 8.670000, 7900, 8.680000, 13000, -2.860000, -0.255000
1476381092801, 8.675000, 8.670000, 7900, 8.680000, 13100, -2.860000, -0.255000
1476381094800, 8.675000, 8.670000, 8100, 8.680000, 13000, -2.860000, -0.255000
1476381096824, 8.675000, 8.670000, 8400, 8.680000, 13000, -2.860000, -0.255000
1476381098805, 8.675000, 8.670000, 8400, 8.680000, 13200, -2.860000, -0.255000
1476381100814, 8.675000, 8.670000, 8500, 8.680000, 13800, -2.860000, -0.255000
1476381102804, 8.675000, 8.670000, 8500, 8.680000, 13800, -2.860000, -0.255000
1476381104803, 8.670000, 8.670000, 8500, 8.680000, 14100, -2.910000, -0.260000
1476381106853, 8.670000, 8.670000, 8500, 8.680000, 13900, -2.910000, -0.260000
1476381108805, 8.670000, 8.670000, 8600, 8.680000, 11300, -2.910000, -0.260000
1476381110813, 8.670000, 8.670000, 14100, 8.680000, 10700, -2.910000, -0.260000
1476381112805, 8.670000, 8.670000, 14100, 8.680000, 10800, -2.910000, -0.260000
1476381114347, 8.680000, 8.670000, 14100, 8.680000, 11900, -2.800000, -0.250000
1476381116812, 8.680000, 8.670000, 14000, 8.680000, 7200, -2.800000, -0.250000
1476381118845, 8.680000, 8.670000, 13800, 8.680000, 7800, -2.800000, -0.250000
1476381120820, 8.670000, 8.670000, 13800, 8.680000, 8300, -2.910000, -0.260000
1476381122805, 8.670000, 8.670000, 13400, 8.680000, 8600, -2.910000, -0.260000
1476381124838, 8.670000, 8.670000, 8300, 8.680000, 9300, -2.910000, -0.260000
1476381126811, 8.670000, 8.670000, 7900, 8.680000, 10600, -2.910000, -0.260000
1476381128316, 8.670000, 8.670000, 8000, 8.680000, 10400, -2.910000, -0.260000
1476381130815, 8.670000, 8.670000, 8000, 8.680000, 10500, -2.910000, -0.260000
1476381132823, 8.670000, 8.670000, 8000, 8.680000, 11100, -2.910000, -0.260000
1476381134834, 8.670000, 8.670000, 8000, 8.680000, 11100, -2.910000, -0.260000
1476381136843, 8.670000, 8.670000, 11500, 8.680000, 11600, -2.910000, -0.260000
1476381138818, 8.670000, 8.670000, 13800, 8.680000, 10200, -2.910000, -0.260000
1476381140818, 8.670000, 8.670000, 13700, 8.680000, 10200, -2.910000, -0.260000
1476381142812, 8.670000, 8.670000, 13500, 8.680000, 10500, -2.910000, -0.260000
1476381144819, 8.675000, 8.670000, 13800, 8.680000, 11000, -2.860000, -0.255000
1476381146838, 8.675000, 8.670000, 13300, 8.680000, 14400, -2.860000, -0.255000
1476381148832, 8.670000, 8.670000, 13400, 8.680000, 14700, -2.910000, -0.260000
1476381150862, 8.675000, 8.670000, 13400, 8.680000, 14500, -2.860000, -0.255000
1476381152818, 8.679000, 8.670000, 10600, 8.680000, 13600, -2.810000, -0.251000
1476381154827, 8.670000, 8.670000, 10600, 8.680000, 13500, -2.910000, -0.260000
1476381156822, 8.679900, 8.670000, 14400, 8.680000, 4500, -2.800000, -0.250100
1476381158833, 8.675000, 8.670000, 14100, 8.680000, 4500, -2.860000, -0.255000
1476381160838, 8.680000, 8.670000, 14100, 8.680000, 4400, -2.800000, -0.250000
1476381163326, 8.673900, 8.670000, 14100, 8.680000, 4400, -2.870000, -0.256100
1476381164848, 8.675000, 8.670000, 14300, 8.680000, 4400, -2.860000, -0.255000
1476381166840, 8.680000, 8.670000, 13900, 8.680000, 4500, -2.800000, -0.250000
1476381168829, 8.680000, 8.670000, 13900, 8.680000, 5100, -2.800000, -0.250000
1476381170836, 8.680000, 8.670000, 13900, 8.680000, 5100, -2.800000, -0.250000
1476381172839, 8.680000, 8.670000, 14100, 8.680000, 4700, -2.800000, -0.250000
1476381174849, 8.680000, 8.670000, 14100, 8.680000, 4700, -2.800000, -0.250000
1476381176902, 8.680000, 8.670000, 14800, 8.680000, 4100, -2.800000, -0.250000
1476381178873, 8.680000, 8.670000, 14900, 8.680000, 4100, -2.800000, -0.250000
1476381180845, 8.680000, 8.670000, 14800, 8.680000, 3600, -2.800000, -0.250000
1476381182836, 8.680000, 8.670000, 14400, 8.680000, 3600, -2.800000, -0.250000
1476381184827, 8.680000, 8.670000, 13700, 8.680000, 13800, -2.800000, -0.250000
1476381186850, 8.675000, 8.670000, 11900, 8.680000, 15200, -2.860000, -0.255000
1476381188823, 8.675000, 8.670000, 11800, 8.680000, 14200, -2.860000, -0.255000
1476381190346, 8.675000, 8.670000, 11800, 8.680000, 15400, -2.860000, -0.255000
1476381192848, 8.675000, 8.670000, 11800, 8.680000, 14700, -2.860000, -0.255000
1476381194869, 8.675000, 8.670000, 11700, 8.680000, 14800, -2.860000, -0.255000
1476381196885, 8.675000, 8.670000, 11500, 8.680000, 14600, -2.860000, -0.255000
1476381198846, 8.675000, 8.670000, 11500, 8.680000, 15000, -2.860000, -0.255000
1476381200840, 8.675000, 8.670000, 11500, 8.680000, 15100, -2.860000, -0.255000
1476381202842, 8.675000, 8.670000, 11500, 8.680000, 16200, -2.860000, -0.255000
1476381204848, 8.670000, 8.670000, 11500, 8.680000, 16100, -2.910000, -0.260000
1476381206883, 8.670000, 8.670000, 11500, 8.680000, 16100, -2.910000, -0.260000
1476381208862, 8.680000, 8.670000, 11500, 8.680000, 16200, -2.800000, -0.250000
1476381210838, 8.670000, 8.670000, 11500, 8.680000, 16100, -2.910000, -0.260000
1476381212852, 8.680000, 8.670000, 15000, 8.680000, 7000, -2.800000, -0.250000
1476381214838, 8.680000, 8.670000, 15300, 8.680000, 6500, -2.800000, -0.250000
1476381216848, 8.675000, 8.670000, 16100, 8.680000, 6100, -2.860000, -0.255000
1476381218842, 8.675000, 8.670000, 17000, 8.680000, 6200, -2.860000, -0.255000
1476381220854, 8.675000, 8.670000, 16800, 8.680000, 7600, -2.860000, -0.255000
1476381222887, 8.675000, 8.670000, 16800, 8.680000, 7700, -2.860000, -0.255000
1476381224849, 8.675000, 8.670000, 16800, 8.680000, 7700, -2.860000, -0.255000
1476381226857, 8.680000, 8.670000, 15900, 8.680000, 5500, -2.800000, -0.250000
1476381228849, 8.680000, 8.670000, 15400, 8.680000, 6600, -2.800000, -0.250000
1476381230853, 8.680000, 8.670000, 16500, 8.680000, 4700, -2.800000, -0.250000
1476381232845, 8.675000, 8.670000, 16600, 8.680000, 3800, -2.860000, -0.255000
1476381234351, 8.680000, 8.680000, 5100, 8.690000, 15200, -2.800000, -0.250000
1476381236854, 8.690000, 8.680000, 5600, 8.690000, 14500, -2.690000, -0.240000
1476381238919, 8.680000, 8.680000, 5800, 8.690000, 14900, -2.800000, -0.250000
1476381240846, 8.684000, 8.680000, 5800, 8.690000, 14500, -2.750000, -0.246000
1476381242856, 8.684000, 8.680000, 5800, 8.690000, 15000, -2.750000, -0.246000
1476381244860, 8.684000, 8.680000, 6700, 8.690000, 14400, -2.750000, -0.246000
1476381246355, 8.684000, 8.680000, 6700, 8.690000, 14400, -2.750000, -0.246000
1476381248861, 8.690000, 8.680000, 6500, 8.690000, 14800, -2.690000, -0.240000
1476381250888, 8.690000, 8.680000, 6500, 8.690000, 14100, -2.690000, -0.240000
1476381252858, 8.685000, 8.680000, 6800, 8.690000, 14000, -2.740000, -0.245000
1476381254354, 8.685000, 8.680000, 6700, 8.690000, 13800, -2.740000, -0.245000
1476381256851, 8.685000, 8.680000, 6700, 8.690000, 13800, -2.740000, -0.245000
1476381258852, 8.685000, 8.680000, 6500, 8.690000, 13800, -2.740000, -0.245000
1476381260349, 8.685000, 8.680000, 6500, 8.690000, 13800, -2.740000, -0.245000
1476381263254, 8.685000, 8.680000, 6700, 8.690000, 14100, -2.740000, -0.245000
1476381265252, 8.680000, 8.680000, 6300, 8.690000, 16500, -2.800000, -0.250000
1476381267252, 8.685000, 8.680000, 5500, 8.690000, 16500, -2.740000, -0.245000
1476381269255, 8.680000, 8.670000, 12900, 8.680000, 4100, -2.800000, -0.250000
1476381271256, 8.675000, 8.670000, 6600, 8.680000, 18000, -2.860000, -0.255000
1476381273258, 8.675000, 8.670000, 6600, 8.680000, 16400, -2.860000, -0.255000
1476381275256, 8.675000, 8.670000, 6600, 8.680000, 17400, -2.860000, -0.255000
1476381276757, 8.675000, 8.670000, 6600, 8.680000, 17300, -2.860000, -0.255000
1476381279252, 8.670000, 8.670000, 6600, 8.680000, 17200, -2.910000, -0.260000
1476381281272, 8.670000, 8.670000, 6600, 8.680000, 17200, -2.910000, -0.260000
1476381283279, 8.670000, 8.670000, 6600, 8.680000, 17200, -2.910000, -0.260000
1476381285263, 8.670000, 8.670000, 6600, 8.680000, 16700, -2.910000, -0.260000
1476381287294, 8.670000, 8.670000, 6600, 8.680000, 16100, -2.910000, -0.260000
1476381289260, 8.670000, 8.670000, 6600, 8.680000, 16100, -2.910000, -0.260000
1476381291257, 8.670000, 8.670000, 6600, 8.680000, 16200, -2.910000, -0.260000
1476381293267, 8.670000, 8.670000, 6600, 8.680000, 16100, -2.910000, -0.260000
1476381295260, 8.670000, 8.670000, 6600, 8.680000, 16000, -2.910000, -0.260000
1476381297280, 8.670000, 8.670000, 6600, 8.680000, 16000, -2.910000, -0.260000
1476381299266, 8.680000, 8.670000, 7400, 8.680000, 12700, -2.800000, -0.250000
1476381301282, 8.680000, 8.670000, 7400, 8.680000, 12800, -2.800000, -0.250000
1476381303266, 8.680000, 8.670000, 7400, 8.680000, 12800, -2.800000, -0.250000
1476381305259, 8.680000, 8.670000, 7500, 8.680000, 12100, -2.800000, -0.250000
1476381307262, 8.675000, 8.670000, 7400, 8.680000, 12500, -2.860000, -0.255000
1476381308786, 8.675000, 8.670000, 7400, 8.680000, 12500, -2.860000, -0.255000
1476381311285, 8.675000, 8.670000, 7400, 8.680000, 12500, -2.860000, -0.255000
1476381313280, 8.675000, 8.670000, 6700, 8.680000, 16800, -2.860000, -0.255000
1476381315272, 8.675000, 8.670000, 6700, 8.680000, 16800, -2.860000, -0.255000
1476381317269, 8.675000, 8.670000, 6600, 8.680000, 16900, -2.860000, -0.255000
1476381319274, 8.675000, 8.670000, 6600, 8.680000, 17000, -2.860000, -0.255000
1476381321310, 8.675000, 8.670000, 6700, 8.680000, 17000, -2.860000, -0.255000
1476381323275, 8.670000, 8.670000, 6700, 8.680000, 17000, -2.910000, -0.260000
1476381325300, 8.670000, 8.670000, 6700, 8.680000, 17000, -2.910000, -0.260000
1476381327282, 8.670000, 8.670000, 12500, 8.680000, 6900, -2.910000, -0.260000
1476381329281, 8.675000, 8.670000, 12800, 8.680000, 7000, -2.860000, -0.255000
1476381331277, 8.675000, 8.670000, 12700, 8.680000, 7000, -2.860000, -0.255000
1476381333272, 8.675000, 8.670000, 12500, 8.680000, 7000, -2.860000, -0.255000
1476381335278, 8.675000, 8.670000, 12800, 8.680000, 7000, -2.860000, -0.255000
1476381337278, 8.675000, 8.670000, 12700, 8.680000, 7700, -2.860000, -0.255000
1476381338275, 8.679900, 8.670000, 13100, 8.680000, 7700, -2.800000, -0.250100
1476381341296, 8.680000, 8.670000, 7700, 8.680000, 8700, -2.800000, -0.250000
1476381342775, 8.680000, 8.670000, 7700, 8.680000, 8700, -2.800000, -0.250000
1476381345284, 8.675000, 8.670000, 7700, 8.680000, 9800, -2.860000, -0.255000
1476381347291, 8.680000, 8.670000, 7700, 8.680000, 9100, -2.800000, -0.250000
1476381348780, 8.680000, 8.670000, 7700, 8.680000, 9100, -2.800000, -0.250000
1476381351321, 8.680000, 8.670000, 7700, 8.680000, 9000, -2.800000, -0.250000
1476381353279, 8.680000, 8.670000, 7500, 8.680000, 9000, -2.800000, -0.250000
1476381355300, 8.680000, 8.670000, 8300, 8.680000, 10000, -2.800000, -0.250000
1476381357288, 8.680000, 8.670000, 9500, 8.680000, 9600, -2.800000, -0.250000
1476381359284, 8.680000, 8.670000, 9800, 8.680000, 9600, -2.800000, -0.250000
1476381360783, 8.675000, 8.670000, 9800, 8.680000, 9600, -2.860000, -0.255000
1476381363287, 8.680000, 8.670000, 9800, 8.680000, 9100, -2.800000, -0.250000
1476381364787, 8.680000, 8.670000, 13400, 8.680000, 4300, -2.800000, -0.250000
1476381367287, 8.680000, 8.670000, 18700, 8.680000, 4700, -2.800000, -0.250000
1476381369296, 8.680000, 8.670000, 18700, 8.680000, 4700, -2.800000, -0.250000
1476381371290, 8.680000, 8.670000, 18700, 8.680000, 4500, -2.800000, -0.250000
1476381373297, 8.680000, 8.670000, 18700, 8.680000, 4600, -2.800000, -0.250000
1476381375293, 8.680000, 8.670000, 18700, 8.680000, 4400, -2.800000, -0.250000
1476381377332, 8.680000, 8.670000, 19100, 8.680000, 3900, -2.800000, -0.250000
1476381379292, 8.680000, 8.670000, 17900, 8.680000, 4500, -2.800000, -0.250000
1476381381293, 8.680000, 8.670000, 17000, 8.680000, 4700, -2.800000, -0.250000
1476381383285, 8.675000, 8.670000, 17400, 8.680000, 5000, -2.860000, -0.255000
1476381385298, 8.680000, 8.670000, 17900, 8.680000, 4600, -2.800000, -0.250000
1476381386788, 8.680000, 8.670000, 17900, 8.680000, 4400, -2.800000, -0.250000
1476381388829, 8.680000, 8.670000, 18200, 8.680000, 3700, -2.800000, -0.250000
1476381391301, 8.680000, 8.670000, 18200, 8.680000, 3700, -2.800000, -0.250000
1476381393292, 8.675000, 8.670000, 17800, 8.680000, 3600, -2.860000, -0.255000
1476381395287, 8.680000, 8.670000, 14200, 8.680000, 4000, -2.800000, -0.250000
1476381397299, 8.680000, 8.670000, 18000, 8.680000, 3800, -2.800000, -0.250000
1476381399301, 8.680000, 8.670000, 18700, 8.680000, 4200, -2.800000, -0.250000
1476381401297, 8.680000, 8.670000, 18500, 8.680000, 4400, -2.800000, -0.250000
1476381403339, 8.675000, 8.670000, 18500, 8.680000, 4200, -2.860000, -0.255000
1476381405300, 8.675000, 8.670000, 18500, 8.680000, 4200, -2.860000, -0.255000
1476381406800, 8.680000, 8.670000, 18700, 8.680000, 4200, -2.800000, -0.250000
1476381409304, 8.680000, 8.670000, 18700, 8.680000, 4400, -2.800000, -0.250000
1476381411318, 8.670000, 8.670000, 14100, 8.680000, 5900, -2.910000, -0.260000
1476381413301, 8.675000, 8.670000, 14100, 8.680000, 5400, -2.860000, -0.255000
1476381415312, 8.680000, 8.670000, 14100, 8.680000, 5400, -2.800000, -0.250000
1476381416806, 8.680000, 8.670000, 14100, 8.680000, 5000, -2.800000, -0.250000
1476381419308, 8.680000, 8.670000, 13000, 8.680000, 4900, -2.800000, -0.250000
1476381421298, 8.680000, 8.670000, 12700, 8.680000, 4900, -2.800000, -0.250000
1476381423306, 8.675000, 8.670000, 12400, 8.680000, 7600, -2.860000, -0.255000
1476381425336, 8.680000, 8.670000, 19100, 8.680000, 2500, -2.800000, -0.250000
1476381427317, 8.680000, 8.670000, 19500, 8.680000, 2400, -2.800000, -0.250000
1476381429314, 8.675000, 8.670000, 18800, 8.680000, 2900, -2.860000, -0.255000
1476381431307, 8.680000, 8.670000, 19400, 8.680000, 2800, -2.800000, -0.250000
1476381433303, 8.680000, 8.670000, 19100, 8.680000, 2700, -2.800000, -0.250000
1476381435304, 8.680000, 8.670000, 18300, 8.680000, 2700, -2.800000, -0.250000
1476381437309, 8.675000, 8.670000, 18500, 8.680000, 2700, -2.860000, -0.255000
1476381439340, 8.670000, 8.670000, 18200, 8.680000, 2700, -2.910000, -0.260000
1476381440334, 8.675000, 8.670000, 13400, 8.680000, 2400, -2.860000, -0.255000
1476381443315, 8.680000, 8.670000, 19200, 8.680000, 2100, -2.800000, -0.250000
1476381445311, 8.680000, 8.670000, 19200, 8.680000, 2100, -2.800000, -0.250000
1476381447310, 8.680000, 8.670000, 19200, 8.680000, 2000, -2.800000, -0.250000
1476381449309, 8.680000, 8.670000, 19200, 8.680000, 2000, -2.800000, -0.250000
1476381451310, 8.680000, 8.670000, 19100, 8.680000, 1900, -2.800000, -0.250000
1476381453306, 8.680000, 8.670000, 19100, 8.680000, 2300, -2.800000, -0.250000
1476381455312, 8.670000, 8.670000, 19100, 8.680000, 1800, -2.910000, -0.260000
1476381457317, 8.670000, 8.670000, 19000, 8.680000, 7300, -2.910000, -0.260000
1476381458812, 8.675000, 8.670000, 18500, 8.680000, 8000, -2.860000, -0.255000
1476381461313, 8.680000, 8.670000, 18300, 8.680000, 7300, -2.800000, -0.250000
1476381463315, 8.680000, 8.670000, 18600, 8.680000, 7300, -2.800000, -0.250000
1476381465304, 8.680000, 8.670000, 18700, 8.680000, 7300, -2.800000, -0.250000
1476381467327, 8.680000, 8.670000, 19700, 8.680000, 7300, -2.800000, -0.250000
1476381469328, 8.675000, 8.670000, 18500, 8.680000, 7300, -2.860000, -0.255000
1476381471332, 8.680000, 8.670000, 20200, 8.680000, 1400, -2.800000, -0.250000
1476381473357, 8.680000, 8.670000, 19400, 8.680000, 6700, -2.800000, -0.250000
1476381475317, 8.680000, 8.670000, 20000, 8.680000, 6700, -2.800000, -0.250000
1476381477324, 8.680000, 8.670000, 20500, 8.680000, 6700, -2.800000, -0.250000
1476381479319, 8.675000, 8.670000, 18600, 8.680000, 6700, -2.860000, -0.255000
1476381481305, 8.675000, 8.670000, 18400, 8.680000, 6700, -2.860000, -0.255000
1476381483328, 8.675000, 8.670000, 18300, 8.680000, 6700, -2.860000, -0.255000
1476381485337, 8.680000, 8.670000, 20900, 8.680000, 1200, -2.800000, -0.250000
1476381487324, 8.675000, 8.670000, 15900, 8.680000, 6700, -2.860000, -0.255000
1476381489322, 8.675000, 8.670000, 15500, 8.680000, 6700, -2.860000, -0.255000
1476381491332, 8.680000, 8.670000, 11800, 8.680000, 6700, -2.800000, -0.250000
1476381493327, 8.680000, 8.670000, 12200, 8.680000, 6700, -2.800000, -0.250000
1476381495328, 8.680000, 8.670000, 12600, 8.680000, 6700, -2.800000, -0.250000
1476381497323, 8.680000, 8.670000, 15800, 8.680000, 1300, -2.800000, -0.250000
1476381499343, 8.680000, 8.680000, 5200, 8.680000, 200, -2.800000, -0.250000
1476381501321, 8.685000, 8.680000, 4700, 8.690000, 16300, -2.740000, -0.245000
1476381503321, 8.680000, 8.670000, 10500, 8.680000, 5700, -2.800000, -0.250000
1476381505336, 8.680000, 8.670000, 10900, 8.680000, 6800, -2.800000, -0.250000
1476381507335, 8.680000, 8.670000, 10100, 8.680000, 8800, -2.800000, -0.250000
1476381509322, 8.675900, 8.670000, 9800, 8.680000, 8800, -2.850000, -0.254100
1476381511318, 8.675900, 8.670000, 9800, 8.680000, 7400, -2.850000, -0.254100
1476381512343, 8.675900, 8.670000, 9800, 8.680000, 8000, -2.850000, -0.254100
1476381515363, 8.675000, 8.670000, 12400, 8.680000, 9600, -2.860000, -0.255000
1476381516821, 8.670000, 8.670000, 13000, 8.680000, 8900, -2.910000, -0.260000
1476381517834, 8.670000, 8.670000, 12400, 8.680000, 8700, -2.910000, -0.260000
1476381521330, 8.675000, 8.670000, 12400, 8.680000, 8400, -2.860000, -0.255000
1476381523328, 8.675000, 8.670000, 12400, 8.680000, 9200, -2.860000, -0.255000
1476381525334, 8.675000, 8.670000, 12400, 8.680000, 9200, -2.860000, -0.255000
1476381526899, 8.675000, 8.670000, 12400, 8.680000, 9200, -2.860000, -0.255000
1476381529335, 8.675000, 8.670000, 12400, 8.680000, 9700, -2.860000, -0.255000
1476381531341, 8.675000, 8.670000, 12400, 8.680000, 9700, -2.860000, -0.255000
1476381533334, 8.675000, 8.670000, 12400, 8.680000, 9700, -2.860000, -0.255000
1476381535329, 8.675000, 8.670000, 12300, 8.680000, 9700, -2.860000, -0.255000
1476381537327, 8.680000, 8.670000, 12400, 8.680000, 9700, -2.800000, -0.250000
1476381539356, 8.680000, 8.670000, 12400, 8.680000, 9200, -2.800000, -0.250000
1476381541346, 8.675000, 8.670000, 12400, 8.680000, 10100, -2.860000, -0.255000
1476381543341, 8.680000, 8.670000, 12400, 8.680000, 9900, -2.800000, -0.250000
1476381545344, 8.675000, 8.670000, 12400, 8.680000, 8700, -2.860000, -0.255000
1476381547352, 8.675000, 8.670000, 12400, 8.680000, 9700, -2.860000, -0.255000
1476381549339, 8.680000, 8.670000, 12800, 8.680000, 9700, -2.800000, -0.250000
1476381551347, 8.680000, 8.670000, 12800, 8.680000, 8600, -2.800000, -0.250000
1476381553338, 8.680000, 8.670000, 12700, 8.680000, 8600, -2.800000, -0.250000
1476381555394, 8.675000, 8.670000, 12700, 8.680000, 8600, -2.860000, -0.255000
1476381556946, 8.675000, 8.670000, 12600, 8.680000, 8600, -2.860000, -0.255000
1476381559368, 8.676200, 8.670000, 12600, 8.680000, 9600, -2.840000, -0.253800
1476381561354, 8.675000, 8.670000, 12600, 8.680000, 9600, -2.860000, -0.255000
1476381563345, 8.675000, 8.670000, 12600, 8.680000, 9300, -2.860000, -0.255000
1476381565337, 8.675000, 8.670000, 12600, 8.680000, 8200, -2.860000, -0.255000
1476381567345, 8.675000, 8.670000, 12600, 8.680000, 8200, -2.860000, -0.255000
1476381569354, 8.675000, 8.670000, 12600, 8.680000, 8200, -2.860000, -0.255000
1476381571394, 8.679600, 8.670000, 12700, 8.680000, 7200, -2.800000, -0.250400
1476381573347, 8.679600, 8.670000, 12800, 8.680000, 7400, -2.800000, -0.250400
1476381575357, 8.680000, 8.670000, 12600, 8.680000, 7300, -2.800000, -0.250000
1476381577346, 8.680000, 8.670000, 16200, 8.680000, 7200, -2.800000, -0.250000
1476381579344, 8.680000, 8.670000, 16200, 8.680000, 7200, -2.800000, -0.250000
1476381581361, 8.675000, 8.670000, 16200, 8.680000, 7200, -2.860000, -0.255000
1476381583398, 8.675000, 8.670000, 16200, 8.680000, 7200, -2.860000, -0.255000
1476381585360, 8.680000, 8.670000, 16700, 8.680000, 7200, -2.800000, -0.250000
1476381587356, 8.680000, 8.670000, 15300, 8.680000, 7200, -2.800000, -0.250000
1476381589389, 8.680000, 8.670000, 15300, 8.680000, 7200, -2.800000, -0.250000
1476381591357, 8.680000, 8.670000, 13400, 8.680000, 7200, -2.800000, -0.250000
1476381593351, 8.690000, 8.690000, 1000, 8.700000, 11700, -2.690000, -0.240000
1476381595364, 8.685000, 8.680000, 10800, 8.690000, 9900, -2.740000, -0.245000
1476381597356, 8.690000, 8.680000, 11400, 8.690000, 9900, -2.690000, -0.240000
1476381599369, 8.690000, 8.680000, 11800, 8.690000, 9900, -2.690000, -0.240000
1476381601389, 8.690000, 8.680000, 12000, 8.690000, 9900, -2.690000, -0.240000
1476381603364, 8.690000, 8.680000, 12000, 8.690000, 9900, -2.690000, -0.240000
1476381605390, 8.690000, 8.690000, 10100, 8.700000, 9800, -2.690000, -0.240000
1476381607369, 8.690000, 8.690000, 1300, 8.700000, 17100, -2.690000, -0.240000
1476381608854, 8.690000, 8.680000, 13000, 8.690000, 10900, -2.690000, -0.240000
1476381611357, 8.690000, 8.680000, 12800, 8.690000, 6800, -2.690000, -0.240000
1476381612838, 8.690000, 8.680000, 12800, 8.690000, 4000, -2.690000, -0.240000
1476381615251, 8.690000, 8.680000, 13100, 8.690000, 4100, -2.690000, -0.240000
1476381617257, 8.690000, 8.680000, 13600, 8.690000, 3400, -2.690000, -0.240000
1476381619276, 8.690000, 8.680000, 13300, 8.690000, 3400, -2.690000, -0.240000
1476381621255, 8.690000, 8.680000, 13300, 8.690000, 3400, -2.690000, -0.240000
1476381623263, 8.700000, 8.690000, 13200, 8.700000, 8100, -2.580000, -0.230000
1476381625259, 8.700000, 8.690000, 8000, 8.700000, 11400, -2.580000, -0.230000
1476381627264, 8.694100, 8.690000, 10700, 8.700000, 11000, -2.640000, -0.235900
1476381629260, 8.695000, 8.690000, 12400, 8.700000, 11500, -2.630000, -0.235000
1476381631254, 8.695000, 8.690000, 11600, 8.700000, 12300, -2.630000, -0.235000
1476381633253, 8.700000, 8.690000, 12700, 8.700000, 3700, -2.580000, -0.230000
1476381635339, 8.700000, 8.690000, 13600, 8.700000, 3700, -2.580000, -0.230000
1476381637264, 8.700000, 8.690000, 13600, 8.700000, 3500, -2.580000, -0.230000
1476381639263, 8.700000, 8.690000, 12900, 8.700000, 6300, -2.580000, -0.230000
1476381641257, 8.700000, 8.690000, 13500, 8.700000, 9400, -2.580000, -0.230000
1476381643266, 8.695000, 8.690000, 13600, 8.700000, 9400, -2.630000, -0.235000
1476381645262, 8.695000, 8.690000, 13300, 8.700000, 9400, -2.630000, -0.235000
1476381647272, 8.695000, 8.690000, 13300, 8.700000, 9400, -2.630000, -0.235000
1476381649271, 8.695000, 8.690000, 13300, 8.700000, 9400, -2.630000, -0.235000
1476381651291, 8.695000, 8.690000, 13300, 8.700000, 9400, -2.630000, -0.235000
1476381653271, 8.695000, 8.690000, 12400, 8.700000, 9400, -2.630000, -0.235000
1476381655267, 8.685000, 8.680000, 11500, 8.690000, 9200, -2.740000, -0.245000
1476381657266, 8.685000, 8.680000, 11600, 8.690000, 9200, -2.740000, -0.245000
1476381659276, 8.685000, 8.680000, 11600, 8.690000, 9200, -2.740000, -0.245000
1476381661270, 8.685000, 8.680000, 11600, 8.690000, 9200, -2.740000, -0.245000
1476381663291, 8.685000, 8.680000, 11600, 8.690000, 9200, -2.740000, -0.245000
1476381664820, 8.685000, 8.680000, 11500, 8.690000, 9200, -2.740000, -0.245000
1476381667276, 8.685000, 8.680000, 11500, 8.690000, 9200, -2.740000, -0.245000
1476381669276, 8.685000, 8.680000, 11000, 8.690000, 10000, -2.740000, -0.245000
1476381671275, 8.685000, 8.680000, 11200, 8.690000, 10300, -2.740000, -0.245000
1476381673274, 8.689900, 8.680000, 11200, 8.690000, 10300, -2.690000, -0.240100
1476381675282, 8.685000, 8.680000, 11200, 8.690000, 10300, -2.740000, -0.245000
1476381677274, 8.685000, 8.680000, 11500, 8.690000, 10300, -2.740000, -0.245000
1476381679280, 8.685000, 8.680000, 11500, 8.690000, 10300, -2.740000, -0.245000
1476381681305, 8.685000, 8.680000, 11500, 8.690000, 10300, -2.740000, -0.245000
1476381683285, 8.680000, 8.680000, 11500, 8.690000, 10300, -2.800000, -0.250000
1476381685280, 8.680000, 8.680000, 11500, 8.690000, 10300, -2.800000, -0.250000
1476381687282, 8.680000, 8.680000, 11500, 8.690000, 10300, -2.800000, -0.250000
1476381688286, 8.680000, 8.680000, 11500, 8.690000, 10300, -2.800000, -0.250000
1476381691283, 8.685000, 8.680000, 11500, 8.690000, 10300, -2.740000, -0.245000
1476381693318, 8.690000, 8.680000, 11500, 8.690000, 10300, -2.690000, -0.240000
1476381695332, 8.690000, 8.680000, 11500, 8.690000, 10300, -2.690000, -0.240000
1476381697319, 8.690000, 8.680000, 11600, 8.690000, 10300, -2.690000, -0.240000
1476381699292, 8.700000, 8.690000, 13500, 8.700000, 10900, -2.580000, -0.230000
1476381701273, 8.690000, 8.690000, 9700, 8.700000, 13600, -2.690000, -0.240000
1476381703281, 8.690000, 8.690000, 11800, 8.700000, 15500, -2.690000, -0.240000
1476381704787, 8.690000, 8.690000, 11900, 8.700000, 14300, -2.690000, -0.240000
1476381707287, 8.690000, 8.690000, 11300, 8.700000, 15000, -2.690000, -0.240000
1476381709292, 8.690000, 8.690000, 11300, 8.700000, 15000, -2.690000, -0.240000
1476381711329, 8.690000, 8.690000, 11300, 8.700000, 14600, -2.690000, -0.240000
1476381713307, 8.690000, 8.690000, 11300, 8.700000, 15100, -2.690000, -0.240000
1476381715299, 8.695000, 8.690000, 11300, 8.700000, 15100, -2.630000, -0.235000
1476381717295, 8.695000, 8.690000, 10100, 8.700000, 15300, -2.630000, -0.235000
1476381719293, 8.700000, 8.690000, 10100, 8.700000, 14600, -2.580000, -0.230000
1476381720831, 8.700000, 8.690000, 10100, 8.700000, 14600, -2.580000, -0.230000
1476381723299, 8.700000, 8.690000, 11500, 8.700000, 14300, -2.580000, -0.230000
1476381725337, 8.700000, 8.690000, 11500, 8.700000, 14300, -2.580000, -0.230000
1476381727305, 8.700000, 8.690000, 11500, 8.700000, 14300, -2.580000, -0.230000
1476381729289, 8.700000, 8.690000, 11700, 8.700000, 14500, -2.580000, -0.230000
1476381731346, 8.704100, 8.700000, 11300, 8.710000, 11300, -2.530000, -0.225900
1476381732791, 8.705000, 8.700000, 10400, 8.710000, 13500, -2.520000, -0.225000
1476381735291, 8.710000, 8.700000, 10800, 8.710000, 13400, -2.460000, -0.220000
1476381737306, 8.710000, 8.700000, 13300, 8.710000, 13100, -2.460000, -0.220000
1476381739308, 8.700000, 8.700000, 12300, 8.710000, 12500, -2.580000, -0.230000
1476381741339, 8.700000, 8.700000, 12300, 8.710000, 12400, -2.580000, -0.230000
1476381743308, 8.700000, 8.700000, 12200, 8.710000, 12400, -2.580000, -0.230000
1476381745310, 8.705000, 8.700000, 12300, 8.710000, 10800, -2.520000, -0.225000
1476381747309, 8.705000, 8.700000, 12900, 8.710000, 10800, -2.520000, -0.225000
1476381749294, 8.705000, 8.700000, 12900, 8.710000, 10800, -2.520000, -0.225000
1476381751310, 8.710000, 8.700000, 12900, 8.710000, 10400, -2.460000, -0.220000
1476381753319, 8.710000, 8.700000, 12900, 8.710000, 10400, -2.460000, -0.220000
1476381755313, 8.700000, 8.700000, 12900, 8.710000, 10400, -2.580000, -0.230000
1476381757322, 8.700000, 8.700000, 13000, 8.710000, 11000, -2.580000, -0.230000
1476381759310, 8.710000, 8.700000, 16700, 8.710000, 6300, -2.460000, -0.220000
1476381761305, 8.709900, 8.700000, 16000, 8.710000, 6300, -2.460000, -0.220100
1476381763347, 8.705000, 8.700000, 15000, 8.710000, 5900, -2.520000, -0.225000
1476381765313, 8.705000, 8.700000, 14100, 8.710000, 5900, -2.520000, -0.225000
1476381767337, 8.710000, 8.700000, 15100, 8.710000, 5800, -2.460000, -0.220000
1476381769329, 8.710000, 8.700000, 15100, 8.710000, 5800, -2.460000, -0.220000
1476381771338, 8.705000, 8.700000, 14200, 8.710000, 7400, -2.520000, -0.225000
1476381773307, 8.705000, 8.700000, 16000, 8.710000, 7400, -2.520000, -0.225000
1476381775303, 8.710000, 8.700000, 16800, 8.710000, 5900, -2.460000, -0.220000
1476381777319, 8.705000, 8.700000, 16800, 8.710000, 5900, -2.520000, -0.225000
1476381778818, 8.705000, 8.700000, 16700, 8.710000, 5900, -2.520000, -0.225000
1476381781322, 8.705000, 8.700000, 17200, 8.710000, 5900, -2.520000, -0.225000
1476381783315, 8.710000, 8.700000, 17200, 8.710000, 6300, -2.460000, -0.220000
1476381785345, 8.705000, 8.700000, 16600, 8.710000, 7700, -2.520000, -0.225000
1476381787331, 8.710000, 8.700000, 16500, 8.710000, 7900, -2.460000, -0.220000
1476381789320, 8.710000, 8.700000, 16500, 8.710000, 7900, -2.460000, -0.220000
1476381791324, 8.705000, 8.700000, 16500, 8.710000, 7800, -2.520000, -0.225000
1476381793315, 8.705000, 8.700000, 17200, 8.710000, 7800, -2.520000, -0.225000
1476381795363, 8.705000, 8.700000, 17200, 8.710000, 8700, -2.520000, -0.225000
1476381797331, 8.705000, 8.700000, 17300, 8.710000, 8700, -2.520000, -0.225000
1476381799351, 8.705000, 8.700000, 17200, 8.710000, 8700, -2.520000, -0.225000
1476381801326, 8.705000, 8.700000, 17300, 8.710000, 8700, -2.520000, -0.225000
1476381803319, 8.705000, 8.700000, 17200, 8.710000, 8700, -2.520000, -0.225000
1476381805321, 8.705000, 8.700000, 17200, 8.710000, 8700, -2.520000, -0.225000
1476381807322, 8.705000, 8.700000, 17200, 8.710000, 8500, -2.520000, -0.225000
1476381809326, 8.705000, 8.700000, 17300, 8.710000, 7500, -2.520000, -0.225000
1476381811328, 8.705000, 8.700000, 17300, 8.710000, 7500, -2.520000, -0.225000
1476381813365, 8.705000, 8.700000, 17300, 8.710000, 7500, -2.520000, -0.225000
1476381815330, 8.705000, 8.700000, 19900, 8.710000, 7800, -2.520000, -0.225000
1476381817338, 8.705000, 8.700000, 19900, 8.710000, 7900, -2.520000, -0.225000
1476381819326, 8.706800, 8.700000, 19900, 8.710000, 7900, -2.500000, -0.223200
1476381821337, 8.705000, 8.700000, 19900, 8.710000, 7500, -2.520000, -0.225000
1476381823324, 8.705000, 8.700000, 19900, 8.710000, 7100, -2.520000, -0.225000
1476381825331, 8.709900, 8.700000, 19000, 8.710000, 8000, -2.460000, -0.220100
1476381827334, 8.709900, 8.700000, 19600, 8.710000, 9600, -2.460000, -0.220100
1476381829331, 8.709900, 8.700000, 19600, 8.710000, 9600, -2.460000, -0.220100
1476381831341, 8.709900, 8.700000, 19600, 8.710000, 9600, -2.460000, -0.220100
1476381833337, 8.705000, 8.700000, 25200, 8.710000, 5600, -2.520000, -0.225000
1476381835337, 8.705000, 8.700000, 25100, 8.710000, 5500, -2.520000, -0.225000
1476381837334, 8.705000, 8.700000, 25000, 8.710000, 8200, -2.520000, -0.225000
1476381839343, 8.710000, 8.700000, 25100, 8.710000, 6100, -2.460000, -0.220000
1476381841340, 8.710000, 8.700000, 25900, 8.710000, 5500, -2.460000, -0.220000
1476381843356, 8.710000, 8.710000, 15200, 8.720000, 2800, -2.460000, -0.220000
1476381845358, 8.715000, 8.710000, 19500, 8.720000, 2800, -2.410000, -0.215000
1476381847348, 8.720000, 8.710000, 19500, 8.720000, 1300, -2.350000, -0.210000
1476381849322, 8.720000, 8.710000, 24300, 8.720000, 2100, -2.350000, -0.210000
1476381851340, 8.720000, 8.710000, 24100, 8.720000, 2100, -2.350000, -0.210000
1476381853378, 8.720000, 8.710000, 27800, 8.720000, 1200, -2.350000, -0.210000
1476381855340, 8.715000, 8.710000, 28500, 8.720000, 4500, -2.410000, -0.215000
1476381857347, 8.720000, 8.710000, 30600, 8.720000, 1500, -2.350000, -0.210000
1476381859325, 8.720000, 8.710000, 30700, 8.720000, 900, -2.350000, -0.210000
1476381861351, 8.720000, 8.710000, 29300, 8.720000, 900, -2.350000, -0.210000
1476381863342, 8.720000, 8.710000, 29300, 8.720000, 900, -2.350000, -0.210000
1476381864837, 8.720000, 8.720000, 17800, 8.730000, 15000, -2.350000, -0.210000
1476381867336, 8.725000, 8.720000, 5800, 8.730000, 21200, -2.300000, -0.205000
1476381869347, 8.725000, 8.720000, 16000, 8.730000, 18400, -2.300000, -0.205000
1476381871352, 8.725900, 8.720000, 16100, 8.730000, 15900, -2.290000, -0.204100
1476381873390, 8.725000, 8.720000, 16400, 8.730000, 6800, -2.300000, -0.205000
1476381875406, 8.725000, 8.720000, 16400, 8.730000, 6300, -2.300000, -0.205000
1476381877352, 8.730000, 8.720000, 17000, 8.730000, 7100, -2.240000, -0.200000
1476381879353, 8.725000, 8.720000, 17000, 8.730000, 4300, -2.300000, -0.205000
1476381881353, 8.725000, 8.720000, 17000, 8.730000, 4300, -2.300000, -0.205000
1476381883364, 8.725000, 8.720000, 16800, 8.730000, 5200, -2.300000, -0.205000
1476381885346, 8.725000, 8.720000, 16800, 8.730000, 5300, -2.300000, -0.205000
1476381887398, 8.725000, 8.720000, 14300, 8.730000, 5300, -2.300000, -0.205000
1476381889361, 8.725000, 8.720000, 14300, 8.730000, 5300, -2.300000, -0.205000
1476381891356, 8.725000, 8.720000, 14300, 8.730000, 6100, -2.300000, -0.205000
1476381893345, 8.735000, 8.730000, 15000, 8.740000, 10000, -2.180000, -0.195000
1476381895353, 8.735000, 8.730000, 200, 8.730000, 2700, -2.180000, -0.195000
1476381897342, 8.730000, 8.720000, 12700, 8.730000, 9200, -2.240000, -0.200000
1476381898844, 8.730000, 8.720000, 12100, 8.730000, 9200, -2.240000, -0.200000
1476381901351, 8.730000, 8.720000, 12300, 8.730000, 9600, -2.240000, -0.200000
1476381903353, 8.730000, 8.720000, 12700, 8.730000, 7400, -2.240000, -0.200000
1476381905334, 8.730000, 8.720000, 12900, 8.730000, 8900, -2.240000, -0.200000
1476381907355, 8.730000, 8.720000, 12900, 8.730000, 8900, -2.240000, -0.200000
1476381909350, 8.730000, 8.720000, 12900, 8.730000, 8900, -2.240000, -0.200000
1476381911351, 8.730000, 8.720000, 13100, 8.730000, 8900, -2.240000, -0.200000
1476381913369, 8.730000, 8.720000, 13100, 8.730000, 9400, -2.240000, -0.200000
1476381915362, 8.730000, 8.720000, 13100, 8.730000, 10000, -2.240000, -0.200000
1476381917391, 8.730000, 8.720000, 13100, 8.730000, 10000, -2.240000, -0.200000
1476381919396, 8.730000, 8.720000, 12900, 8.730000, 10300, -2.240000, -0.200000
1476381921359, 8.730000, 8.720000, 11900, 8.730000, 10600, -2.240000, -0.200000
1476381923369, 8.730000, 8.720000, 11900, 8.730000, 10700, -2.240000, -0.200000
1476381925359, 8.730000, 8.720000, 11900, 8.730000, 9200, -2.240000, -0.200000
1476381927354, 8.730000, 8.730000, 10200, 8.740000, 10100, -2.240000, -0.200000
1476381929368, 8.740000, 8.730000, 13100, 8.740000, 2400, -2.130000, -0.190000
1476381931346, 8.740000, 8.730000, 13100, 8.740000, 2300, -2.130000, -0.190000
1476381933392, 8.735000, 8.730000, 12600, 8.740000, 2400, -2.180000, -0.195000
1476381935371, 8.735000, 8.730000, 12700, 8.740000, 2300, -2.180000, -0.195000
1476381937372, 8.755000, 8.750000, 2500, 8.760000, 13500, -1.960000, -0.175000
1476381939364, 8.750000, 8.750000, 2500, 8.760000, 14600, -2.020000, -0.180000
1476381941365, 8.755000, 8.750000, 15900, 8.760000, 9100, -1.960000, -0.175000
1476381943347, 8.740000, 8.750000, 13600, 8.760000, 9800, -2.130000, -0.190000
1476381945375, 8.755000, 8.750000, 7200, 8.760000, 16200, -1.960000, -0.175000
1476381947380, 8.755000, 8.750000, 3600, 8.760000, 19000, -1.960000, -0.175000
1476381949377, 8.755000, 8.750000, 12100, 8.760000, 13400, -1.960000, -0.175000
1476381951372, 8.755000, 8.750000, 12500, 8.760000, 11600, -1.960000, -0.175000
1476381953758, 8.750000, 8.750000, 12600, 8.760000, 10300, -2.020000, -0.180000
1476381955748, 8.750000, 8.750000, 12600, 8.760000, 10300, -2.020000, -0.180000
1476381957752, 8.750000, 8.750000, 12500, 8.760000, 9500, -2.020000, -0.180000
1476381959758, 8.750000, 8.750000, 12400, 8.760000, 9300, -2.020000, -0.180000
1476381961757, 8.755000, 8.750000, 12400, 8.760000, 9300, -1.960000, -0.175000
1476381963761, 8.755000, 8.750000, 12500, 8.760000, 9400, -1.960000, -0.175000
1476381965756, 8.755000, 8.750000, 13100, 8.760000, 9400, -1.960000, -0.175000
1476381967752, 8.765000, 8.760000, 8100, 8.770000, 16100, -1.850000, -0.165000
1476381969757, 8.760000, 8.760000, 4900, 8.770000, 19700, -1.900000, -0.170000
1476381971268, 8.750000, 8.750000, 10300, 8.760000, 15100, -2.020000, -0.180000
1476381973799, 8.755000, 8.750000, 9600, 8.760000, 17900, -1.960000, -0.175000
1476381975774, 8.755000, 8.750000, 10300, 8.760000, 17900, -1.960000, -0.175000
1476381977762, 8.755000, 8.750000, 11300, 8.760000, 18400, -1.960000, -0.175000
1476381979761, 8.755000, 8.750000, 11400, 8.760000, 18300, -1.960000, -0.175000
1476381981763, 8.755000, 8.750000, 11200, 8.760000, 18400, -1.960000, -0.175000
1476381983766, 8.755000, 8.750000, 10900, 8.760000, 18100, -1.960000, -0.175000
1476381985763, 8.755000, 8.750000, 12600, 8.760000, 18100, -1.960000, -0.175000
1476381987766, 8.755000, 8.750000, 12700, 8.760000, 18500, -1.960000, -0.175000
1476381989767, 8.755000, 8.750000, 12700, 8.760000, 18100, -1.960000, -0.175000
1476381991771, 8.755000, 8.750000, 12400, 8.760000, 18100, -1.960000, -0.175000
1476381993772, 8.755000, 8.750000, 12400, 8.760000, 18100, -1.960000, -0.175000
1476381995775, 8.755000, 8.750000, 12400, 8.760000, 18100, -1.960000, -0.175000
1476381997760, 8.760000, 8.750000, 14200, 8.760000, 21500, -1.900000, -0.170000
1476381999768, 8.755000, 8.750000, 14200, 8.760000, 21400, -1.960000, -0.175000
1476382001777, 8.755000, 8.750000, 12300, 8.760000, 21400, -1.960000, -0.175000
1476382003792, 8.755000, 8.750000, 10900, 8.760000, 21700, -1.960000, -0.175000
1476382005798, 8.755000, 8.750000, 10500, 8.760000, 21700, -1.960000, -0.175000
1476382007775, 8.755000, 8.750000, 11100, 8.760000, 21700, -1.960000, -0.175000
1476382009775, 8.755000, 8.750000, 8300, 8.760000, 21800, -1.960000, -0.175000
1476382011774, 8.750000, 8.750000, 1900, 8.760000, 25600, -2.020000, -0.180000
1476382013266, 8.750000, 8.750000, 2000, 8.760000, 25700, -2.020000, -0.180000
1476382015774, 8.750000, 8.750000, 1900, 8.760000, 25500, -2.020000, -0.180000
1476382017786, 8.750000, 8.750000, 2100, 8.760000, 24400, -2.020000, -0.180000
1476382019815, 8.750000, 8.750000, 2100, 8.760000, 24100, -2.020000, -0.180000
1476382021779, 8.750000, 8.750000, 2100, 8.760000, 24100, -2.020000, -0.180000
1476382023793, 8.750000, 8.750000, 2800, 8.760000, 24100, -2.020000, -0.180000
1476382025782, 8.750000, 8.750000, 2800, 8.760000, 24100, -2.020000, -0.180000
1476382027774, 8.750000, 8.750000, 3100, 8.760000, 24100, -2.020000, -0.180000
1476382029780, 8.750000, 8.750000, 1900, 8.760000, 24100, -2.020000, -0.180000
1476382031782, 8.755000, 8.750000, 1700, 8.760000, 23700, -1.960000, -0.175000
1476382033792, 8.755000, 8.750000, 1800, 8.760000, 23700, -1.960000, -0.175000
1476382035786, 8.755000, 8.750000, 1700, 8.760000, 24100, -1.960000, -0.175000
1476382037778, 8.755000, 8.750000, 1700, 8.760000, 24100, -1.960000, -0.175000
1476382039770, 8.755000, 8.750000, 2200, 8.760000, 25100, -1.960000, -0.175000
1476382041789, 8.755000, 8.750000, 2200, 8.760000, 25100, -1.960000, -0.175000
1476382043795, 8.755000, 8.750000, 3000, 8.760000, 24900, -1.960000, -0.175000
1476382045789, 8.755000, 8.750000, 3000, 8.760000, 21500, -1.960000, -0.175000
1476382047793, 8.755000, 8.750000, 3000, 8.760000, 21500, -1.960000, -0.175000
1476382049799, 8.755000, 8.750000, 2100, 8.760000, 23800, -1.960000, -0.175000
1476382051801, 8.755000, 8.750000, 2100, 8.760000, 21700, -1.960000, -0.175000
1476382053792, 8.750000, 8.750000, 2100, 8.760000, 22100, -2.020000, -0.180000
1476382054785, 8.750000, 8.750000, 2100, 8.760000, 22100, -2.020000, -0.180000
1476382057793, 8.750000, 8.750000, 2200, 8.760000, 22200, -2.020000, -0.180000
1476382059792, 8.750000, 8.750000, 2200, 8.760000, 22200, -2.020000, -0.180000
1476382061780, 8.750000, 8.750000, 2100, 8.760000, 23000, -2.020000, -0.180000
1476382063776, 8.750000, 8.750000, 2300, 8.760000, 22300, -2.020000, -0.180000
1476382065792, 8.745000, 8.740000, 18900, 8.750000, 16000, -2.070000, -0.185000
1476382067797, 8.745000, 8.740000, 18900, 8.750000, 15200, -2.070000, -0.185000
1476382069791, 8.745000, 8.740000, 18600, 8.750000, 15400, -2.070000, -0.185000
1476382071787, 8.745000, 8.740000, 18900, 8.750000, 15400, -2.070000, -0.185000
1476382073789, 8.745000, 8.740000, 15100, 8.750000, 15700, -2.070000, -0.185000
1476382075804, 8.745000, 8.740000, 1900, 8.750000, 24100, -2.070000, -0.185000
1476382077809, 8.745000, 8.740000, 2200, 8.750000, 22800, -2.070000, -0.185000
1476382079792, 8.745000, 8.740000, 7600, 8.750000, 22800, -2.070000, -0.185000
1476382081800, 8.745000, 8.740000, 8500, 8.750000, 21600, -2.070000, -0.185000
1476382083801, 8.745000, 8.740000, 8600, 8.750000, 21600, -2.070000, -0.185000
1476382085802, 8.745000, 8.740000, 8600, 8.750000, 21600, -2.070000, -0.185000
1476382087809, 8.745000, 8.740000, 8600, 8.750000, 21600, -2.070000, -0.185000
1476382089805, 8.745000, 8.740000, 8500, 8.750000, 21600, -2.070000, -0.185000
1476382091801, 8.745000, 8.740000, 8500, 8.750000, 21600, -2.070000, -0.185000
1476382093840, 8.745000, 8.740000, 8400, 8.750000, 21800, -2.070000, -0.185000
1476382095849, 8.740000, 8.740000, 8400, 8.750000, 21800, -2.130000, -0.190000
1476382097807, 8.740000, 8.740000, 8400, 8.750000, 21400, -2.130000, -0.190000
1476382099809, 8.740000, 8.740000, 8400, 8.750000, 21400, -2.130000, -0.190000
1476382101796, 8.740000, 8.740000, 8400, 8.750000, 21400, -2.130000, -0.190000
1476382103802, 8.740000, 8.740000, 8300, 8.750000, 21400, -2.130000, -0.190000
1476382105800, 8.740000, 8.740000, 8300, 8.750000, 21400, -2.130000, -0.190000
1476382107800, 8.740000, 8.740000, 8300, 8.750000, 21400, -2.130000, -0.190000
1476382109811, 8.740000, 8.740000, 8300, 8.750000, 21400, -2.130000, -0.190000
1476382111805, 8.740000, 8.740000, 8300, 8.750000, 21400, -2.130000, -0.190000
1476382113807, 8.740000, 8.740000, 8300, 8.750000, 21300, -2.130000, -0.190000
1476382115311, 8.745000, 8.740000, 7300, 8.750000, 21300, -2.070000, -0.185000
1476382117811, 8.745000, 8.740000, 7300, 8.750000, 19200, -2.070000, -0.185000
1476382119349, 8.745000, 8.740000, 7300, 8.750000, 19200, -2.070000, -0.185000
1476382121813, 8.745000, 8.740000, 7100, 8.750000, 19200, -2.070000, -0.185000
1476382123798, 8.745000, 8.740000, 7300, 8.750000, 19200, -2.070000, -0.185000
1476382125813, 8.740000, 8.740000, 7900, 8.750000, 19300, -2.130000, -0.190000
1476382127819, 8.745000, 8.740000, 8200, 8.750000, 19400, -2.070000, -0.185000
1476382129807, 8.745000, 8.740000, 8200, 8.750000, 19500, -2.070000, -0.185000
1476382131812, 8.740000, 8.740000, 8200, 8.750000, 19500, -2.130000, -0.190000
1476382133810, 8.745000, 8.740000, 8200, 8.750000, 19500, -2.070000, -0.185000
1476382135825, 8.745000, 8.740000, 8200, 8.750000, 18900, -2.070000, -0.185000
1476382137882, 8.745000, 8.740000, 7600, 8.750000, 18900, -2.070000, -0.185000
1476382139824, 8.745000, 8.740000, 7600, 8.750000, 18900, -2.070000, -0.185000
1476382141826, 8.745000, 8.740000, 7600, 8.750000, 18800, -2.070000, -0.185000
1476382143815, 8.746000, 8.740000, 8100, 8.750000, 18800, -2.060000, -0.184000
1476382145823, 8.745000, 8.740000, 7600, 8.750000, 18800, -2.070000, -0.185000
1476382147822, 8.750000, 8.740000, 9300, 8.750000, 18500, -2.020000, -0.180000
1476382149815, 8.750000, 8.740000, 9300, 8.750000, 17900, -2.020000, -0.180000
1476382151809, 8.745000, 8.740000, 7900, 8.750000, 18100, -2.070000, -0.185000
1476382153860, 8.745000, 8.740000, 7900, 8.750000, 18100, -2.070000, -0.185000
1476382155339, 8.745000, 8.740000, 7900, 8.750000, 18100, -2.070000, -0.185000
1476382157802, 8.745000, 8.740000, 5500, 8.750000, 18200, -2.070000, -0.185000
1476382159817, 8.745000, 8.740000, 5500, 8.750000, 18200, -2.070000, -0.185000
1476382161817, 8.740000, 8.740000, 2600, 8.750000, 23800, -2.130000, -0.190000
1476382163820, 8.745000, 8.740000, 5200, 8.750000, 23100, -2.070000, -0.185000
1476382165821, 8.745000, 8.740000, 8800, 8.750000, 22900, -2.070000, -0.185000
1476382167329, 8.745000, 8.740000, 11900, 8.750000, 21700, -2.070000, -0.185000
1476382169829, 8.745000, 8.740000, 11900, 8.750000, 19800, -2.070000, -0.185000
1476382171837, 8.746100, 8.740000, 12000, 8.750000, 18800, -2.060000, -0.183900
1476382173823, 8.746100, 8.740000, 12000, 8.750000, 18200, -2.060000, -0.183900
1476382175824, 8.743400, 8.740000, 11900, 8.750000, 18200, -2.090000, -0.186600
1476382177832, 8.743400, 8.740000, 11700, 8.750000, 17900, -2.090000, -0.186600
1476382179820, 8.743400, 8.740000, 8900, 8.750000, 17900, -2.090000, -0.186600
1476382181821, 8.743400, 8.740000, 7900, 8.750000, 17800, -2.090000, -0.186600
1476382183856, 8.743400, 8.740000, 7900, 8.750000, 17800, -2.090000, -0.186600
1476382185832, 8.743400, 8.740000, 9000, 8.750000, 17800, -2.090000, -0.186600
1476382187848, 8.743400, 8.740000, 9000, 8.750000, 17900, -2.090000, -0.186600
1476382189828, 8.743400, 8.740000, 8900, 8.750000, 18000, -2.090000, -0.186600
1476382191841, 8.743400, 8.740000, 8900, 8.750000, 18100, -2.090000, -0.186600
1476382193842, 8.743400, 8.740000, 8900, 8.750000, 18100, -2.090000, -0.186600
1476382195850, 8.743400, 8.740000, 7900, 8.750000, 18100, -2.090000, -0.186600
1476382197857, 8.743400, 8.740000, 7900, 8.750000, 18100, -2.090000, -0.186600
1476382199841, 8.743400, 8.740000, 7900, 8.750000, 18100, -2.090000, -0.186600
1476382201834, 8.743400, 8.740000, 7600, 8.750000, 18200, -2.090000, -0.186600
1476382203844, 8.740000, 8.740000, 8600, 8.750000, 18200, -2.130000, -0.190000
1476382205839, 8.745000, 8.740000, 8000, 8.750000, 18200, -2.070000, -0.185000
1476382207840, 8.745000, 8.740000, 7300, 8.750000, 18100, -2.070000, -0.185000
1476382209876, 8.740000, 8.740000, 2300, 8.750000, 24500, -2.130000, -0.190000
1476382211913, 8.745000, 8.740000, 2300, 8.750000, 23400, -2.070000, -0.185000
1476382213836, 8.740000, 8.740000, 1900, 8.750000, 23900, -2.130000, -0.190000
1476382215836, 8.740000, 8.740000, 1700, 8.750000, 23900, -2.130000, -0.190000
1476382217856, 8.740000, 8.740000, 1600, 8.750000, 23600, -2.130000, -0.190000
1476382219846, 8.740000, 8.740000, 1100, 8.750000, 23500, -2.130000, -0.190000
1476382221854, 8.740000, 8.740000, 1100, 8.750000, 23500, -2.130000, -0.190000
1476382223863, 8.740000, 8.740000, 1300, 8.750000, 23500, -2.130000, -0.190000
1476382225846, 8.740000, 8.740000, 1300, 8.750000, 23500, -2.130000, -0.190000
1476382227860, 8.745000, 8.740000, 1300, 8.750000, 23500, -2.070000, -0.185000
1476382229849, 8.740000, 8.740000, 1100, 8.750000, 23500, -2.130000, -0.190000
1476382231857, 8.740000, 8.740000, 1100, 8.750000, 22800, -2.130000, -0.190000
1476382233898, 8.740000, 8.740000, 1200, 8.750000, 23100, -2.130000, -0.190000
1476382235352, 8.740000, 8.740000, 1200, 8.750000, 23100, -2.130000, -0.190000
1476382237851, 8.740000, 8.740000, 1200, 8.750000, 23100, -2.130000, -0.190000
1476382239855, 8.740000, 8.740000, 1200, 8.750000, 23000, -2.130000, -0.190000
1476382241847, 8.740000, 8.740000, 2200, 8.750000, 22100, -2.130000, -0.190000
1476382243392, 8.740000, 8.740000, 2200, 8.750000, 22000, -2.130000, -0.190000
1476382245893, 8.740000, 8.740000, 2100, 8.750000, 21900, -2.130000, -0.190000
1476382247858, 8.740000, 8.740000, 2100, 8.750000, 22000, -2.130000, -0.190000
1476382249852, 8.740000, 8.740000, 2100, 8.750000, 22000, -2.130000, -0.190000
1476382251367, 8.744500, 8.740000, 1000, 8.750000, 22300, -2.080000, -0.185500
1476382253865, 8.745000, 8.740000, 1000, 8.750000, 20000, -2.070000, -0.185000
1476382255863, 8.745000, 8.740000, 1000, 8.750000, 23000, -2.070000, -0.185000
1476382257895, 8.730000, 8.730000, 6900, 8.740000, 16700, -2.240000, -0.200000
1476382259871, 8.730000, 8.730000, 8300, 8.740000, 18700, -2.240000, -0.200000
1476382261866, 8.730000, 8.730000, 8300, 8.740000, 19300, -2.240000, -0.200000
1476382263857, 8.730000, 8.730000, 7500, 8.740000, 19500, -2.240000, -0.200000
1476382265857, 8.730000, 8.730000, 8200, 8.740000, 19200, -2.240000, -0.200000
1476382267858, 8.735000, 8.730000, 8200, 8.740000, 19100, -2.180000, -0.195000
1476382269863, 8.735000, 8.730000, 8200, 8.740000, 19400, -2.180000, -0.195000
1476382271868, 8.735000, 8.730000, 9300, 8.740000, 18000, -2.180000, -0.195000
1476382273910, 8.735000, 8.730000, 9200, 8.740000, 16300, -2.180000, -0.195000
1476382275885, 8.740000, 8.730000, 9700, 8.740000, 17700, -2.130000, -0.190000
1476382277850, 8.730000, 8.730000, 9700, 8.740000, 17700, -2.240000, -0.200000
1476382279877, 8.730000, 8.730000, 9700, 8.740000, 17700, -2.240000, -0.200000
1476382281870, 8.730000, 8.730000, 10400, 8.740000, 17600, -2.240000, -0.200000
1476382283875, 8.735000, 8.730000, 9000, 8.740000, 18500, -2.180000, -0.195000
1476382285379, 8.735000, 8.730000, 9300, 8.740000, 18500, -2.180000, -0.195000
1476382287868, 8.735000, 8.730000, 9200, 8.740000, 18500, -2.180000, -0.195000
1476382289886, 8.735000, 8.730000, 9200, 8.740000, 18500, -2.180000, -0.195000
1476382291875, 8.735000, 8.730000, 9200, 8.740000, 18500, -2.180000, -0.195000
1476382293865, 8.735000, 8.730000, 9300, 8.740000, 18500, -2.180000, -0.195000
1476382295752, 8.730000, 8.730000, 9300, 8.740000, 18500, -2.240000, -0.200000
1476382297751, 8.730000, 8.730000, 9200, 8.740000, 18600, -2.240000, -0.200000
1476382299749, 8.730000, 8.730000, 9200, 8.740000, 18600, -2.240000, -0.200000
1476382301757, 8.730000, 8.730000, 8900, 8.740000, 18600, -2.240000, -0.200000
1476382303757, 8.730000, 8.730000, 8900, 8.740000, 18600, -2.240000, -0.200000
1476382305750, 8.735000, 8.730000, 8900, 8.740000, 18600, -2.180000, -0.195000
1476382307757, 8.730000, 8.730000, 8900, 8.740000, 18600, -2.240000, -0.200000
1476382309757, 8.730000, 8.730000, 8900, 8.740000, 18600, -2.240000, -0.200000
1476382311791, 8.730000, 8.730000, 8900, 8.740000, 18600, -2.240000, -0.200000
1476382313760, 8.730000, 8.730000, 8900, 8.740000, 18600, -2.240000, -0.200000
1476382315758, 8.730000, 8.730000, 9400, 8.740000, 18400, -2.240000, -0.200000
1476382317758, 8.730000, 8.730000, 7200, 8.740000, 18600, -2.240000, -0.200000
1476382319761, 8.730000, 8.730000, 7200, 8.740000, 18600, -2.240000, -0.200000
1476382321768, 8.730000, 8.730000, 7200, 8.740000, 18500, -2.240000, -0.200000
1476382323777, 8.730000, 8.730000, 8300, 8.740000, 18300, -2.240000, -0.200000
1476382325794, 8.730000, 8.730000, 8300, 8.740000, 18300, -2.240000, -0.200000
1476382327768, 8.735000, 8.730000, 8300, 8.740000, 18300, -2.180000, -0.195000
1476382329767, 8.735000, 8.730000, 8300, 8.740000, 18500, -2.180000, -0.195000
1476382331790, 8.735000, 8.730000, 12200, 8.740000, 11000, -2.180000, -0.195000
1476382333770, 8.730000, 8.730000, 12200, 8.740000, 10300, -2.240000, -0.200000
1476382335770, 8.730000, 8.730000, 11900, 8.740000, 11000, -2.240000, -0.200000
1476382337774, 8.730000, 8.730000, 9700, 8.740000, 12000, -2.240000, -0.200000
1476382339771, 8.735000, 8.730000, 9700, 8.740000, 13000, -2.180000, -0.195000
1476382341776, 8.735000, 8.730000, 7300, 8.740000, 13200, -2.180000, -0.195000
1476382343771, 8.740000, 8.730000, 17800, 8.740000, 3600, -2.130000, -0.190000
1476382345775, 8.735000, 8.730000, 17100, 8.740000, 3600, -2.180000, -0.195000
1476382347788, 8.735000, 8.730000, 16500, 8.740000, 3400, -2.180000, -0.195000
1476382349790, 8.735000, 8.730000, 16500, 8.740000, 3400, -2.180000, -0.195000
1476382351778, 8.740000, 8.730000, 16600, 8.740000, 3400, -2.130000, -0.190000
1476382353778, 8.735000, 8.730000, 16600, 8.740000, 3400, -2.180000, -0.195000
1476382355775, 8.735000, 8.730000, 16500, 8.740000, 3600, -2.180000, -0.195000
1476382357810, 8.735000, 8.730000, 16300, 8.740000, 3600, -2.180000, -0.195000
1476382359770, 8.735000, 8.730000, 14900, 8.740000, 3600, -2.180000, -0.195000
1476382361788, 8.735000, 8.730000, 15000, 8.740000, 3800, -2.180000, -0.195000
1476382363791, 8.735000, 8.730000, 15000, 8.740000, 3800, -2.180000, -0.195000
1476382365779, 8.735000, 8.730000, 15000, 8.740000, 3800, -2.180000, -0.195000
1476382367779, 8.735000, 8.730000, 15000, 8.740000, 3800, -2.180000, -0.195000
1476382369280, 8.735000, 8.730000, 15000, 8.740000, 3800, -2.180000, -0.195000
1476382371823, 8.735000, 8.730000, 15000, 8.740000, 3900, -2.180000, -0.195000
1476382373783, 8.735000, 8.730000, 15100, 8.740000, 3800, -2.180000, -0.195000
1476382375787, 8.735000, 8.730000, 15100, 8.740000, 3800, -2.180000, -0.195000
1476382377820, 8.735000, 8.730000, 15100, 8.740000, 3800, -2.180000, -0.195000
1476382379786, 8.735000, 8.730000, 15100, 8.740000, 5600, -2.180000, -0.195000
1476382381798, 8.740000, 8.730000, 12600, 8.740000, 6500, -2.130000, -0.190000
1476382382784, 8.735000, 8.730000, 12600, 8.740000, 6500, -2.180000, -0.195000
1476382385784, 8.735000, 8.730000, 9900, 8.740000, 8200, -2.180000, -0.195000
1476382387791, 8.735000, 8.730000, 9900, 8.740000, 8200, -2.180000, -0.195000
1476382389797, 8.735000, 8.730000, 9900, 8.740000, 8200, -2.180000, -0.195000
1476382391795, 8.735000, 8.730000, 9900, 8.740000, 8400, -2.180000, -0.195000
1476382393823, 8.735000, 8.730000, 9900, 8.740000, 9000, -2.180000, -0.195000
1476382394780, 8.735000, 8.730000, 9900, 8.740000, 9000, -2.180000, -0.195000
1476382396827, 8.730000, 8.730000, 8600, 8.740000, 10300, -2.240000, -0.200000
1476382399789, 8.730000, 8.730000, 8600, 8.740000, 10300, -2.240000, -0.200000
1476382401791, 8.735000, 8.730000, 8600, 8.740000, 10800, -2.180000, -0.195000
1476382403300, 8.735000, 8.730000, 10100, 8.740000, 9600, -2.180000, -0.195000
1476382405835, 8.735000, 8.730000, 10100, 8.740000, 9600, -2.180000, -0.195000
1476382407803, 8.735000, 8.730000, 10100, 8.740000, 10700, -2.180000, -0.195000
1476382409813, 8.735000, 8.730000, 10100, 8.740000, 10400, -2.180000, -0.195000
1476382411790, 8.735000, 8.730000, 8900, 8.740000, 11000, -2.180000, -0.195000
1476382413793, 8.735000, 8.730000, 8900, 8.740000, 11000, -2.180000, -0.195000
1476382415809, 8.735000, 8.730000, 8900, 8.740000, 11000, -2.180000, -0.195000
1476382417800, 8.735000, 8.730000, 8900, 8.740000, 11000, -2.180000, -0.195000
1476382419797, 8.735000, 8.730000, 8900, 8.740000, 11000, -2.180000, -0.195000
1476382421790, 8.735000, 8.730000, 8900, 8.740000, 10300, -2.180000, -0.195000
1476382423817, 8.735000, 8.730000, 8900, 8.740000, 10300, -2.180000, -0.195000
1476382425795, 8.735000, 8.730000, 8900, 8.740000, 10300, -2.180000, -0.195000
1476382427795, 8.735000, 8.730000, 8900, 8.740000, 10300, -2.180000, -0.195000
1476382429807, 8.735000, 8.730000, 8900, 8.740000, 9900, -2.180000, -0.195000
1476382431807, 8.735000, 8.730000, 8900, 8.740000, 9800, -2.180000, -0.195000
1476382433796, 8.735000, 8.730000, 8900, 8.740000, 9400, -2.180000, -0.195000
1476382435803, 8.735000, 8.730000, 8900, 8.740000, 9400, -2.180000, -0.195000
1476382437816, 8.735000, 8.730000, 8900, 8.740000, 9500, -2.180000, -0.195000
1476382439304, 8.739900, 8.730000, 8900, 8.740000, 9500, -2.130000, -0.190100
1476382441800, 8.735000, 8.730000, 8900, 8.740000, 9500, -2.180000, -0.195000
1476382443808, 8.735000, 8.730000, 8900, 8.740000, 9500, -2.180000, -0.195000
1476382445810, 8.735000, 8.730000, 8900, 8.740000, 9500, -2.180000, -0.195000
1476382447309, 8.735000, 8.730000, 8900, 8.740000, 9500, -2.180000, -0.195000
1476382449324, 8.735000, 8.730000, 8900, 8.740000, 10000, -2.180000, -0.195000
1476382451801, 8.735000, 8.730000, 8900, 8.740000, 10000, -2.180000, -0.195000
1476382453302, 8.735000, 8.730000, 8900, 8.740000, 10000, -2.180000, -0.195000
1476382455800, 8.735000, 8.730000, 8900, 8.740000, 10000, -2.180000, -0.195000
1476382457808, 8.735000, 8.730000, 8900, 8.740000, 9400, -2.180000, -0.195000
1476382459819, 8.735000, 8.730000, 8900, 8.740000, 9700, -2.180000, -0.195000
1476382461809, 8.735000, 8.730000, 10000, 8.740000, 9700, -2.180000, -0.195000
1476382463822, 8.735000, 8.730000, 10000, 8.740000, 9700, -2.180000, -0.195000
1476382465842, 8.735000, 8.730000, 10100, 8.740000, 9800, -2.180000, -0.195000
1476382467854, 8.735000, 8.730000, 10100, 8.740000, 9800, -2.180000, -0.195000
1476382469805, 8.735000, 8.730000, 10100, 8.740000, 9800, -2.180000, -0.195000
1476382471819, 8.735000, 8.730000, 10100, 8.740000, 9900, -2.180000, -0.195000
1476382473827, 8.735000, 8.730000, 10100, 8.740000, 9900, -2.180000, -0.195000
1476382475813, 8.735000, 8.730000, 10100, 8.740000, 9900, -2.180000, -0.195000
1476382477310, 8.735000, 8.730000, 10100, 8.740000, 9600, -2.180000, -0.195000
1476382479818, 8.735000, 8.730000, 10100, 8.740000, 9700, -2.180000, -0.195000
1476382481888, 8.735000, 8.730000, 10100, 8.740000, 10100, -2.180000, -0.195000
1476382483816, 8.735000, 8.730000, 9000, 8.740000, 10100, -2.180000, -0.195000
1476382485361, 8.735000, 8.730000, 10100, 8.740000, 10100, -2.180000, -0.195000
1476382487820, 8.735000, 8.730000, 10200, 8.740000, 10000, -2.180000, -0.195000
1476382489819, 8.735000, 8.730000, 10200, 8.740000, 10000, -2.180000, -0.195000
1476382491810, 8.735000, 8.730000, 10200, 8.740000, 10100, -2.180000, -0.195000
1476382493848, 8.740000, 8.730000, 9100, 8.740000, 10400, -2.130000, -0.190000
1476382495903, 8.735000, 8.730000, 8800, 8.740000, 10700, -2.180000, -0.195000
1476382497805, 8.735000, 8.730000, 8800, 8.740000, 10700, -2.180000, -0.195000
1476382499831, 8.735000, 8.730000, 8800, 8.740000, 10700, -2.180000, -0.195000
1476382501837, 8.735000, 8.730000, 8800, 8.740000, 10700, -2.180000, -0.195000
1476382503836, 8.735000, 8.730000, 9900, 8.740000, 10400, -2.180000, -0.195000
1476382505825, 8.735000, 8.730000, 10200, 8.740000, 10000, -2.180000, -0.195000
1476382507834, 8.735000, 8.730000, 10200, 8.740000, 10200, -2.180000, -0.195000
1476382509907, 8.735000, 8.730000, 10400, 8.740000, 8400, -2.180000, -0.195000
1476382511831, 8.735000, 8.730000, 10400, 8.740000, 8400, -2.180000, -0.195000
1476382513838, 8.735000, 8.730000, 10300, 8.740000, 9600, -2.180000, -0.195000
1476382515833, 8.735000, 8.730000, 10100, 8.740000, 10100, -2.180000, -0.195000
1476382517825, 8.735000, 8.730000, 10100, 8.740000, 10100, -2.180000, -0.195000
1476382519832, 8.735000, 8.730000, 10300, 8.740000, 8700, -2.180000, -0.195000
1476382521838, 8.735000, 8.730000, 10100, 8.740000, 10500, -2.180000, -0.195000
1476382523872, 8.735000, 8.730000, 10100, 8.740000, 9800, -2.180000, -0.195000
1476382525831, 8.735000, 8.730000, 10300, 8.740000, 9800, -2.180000, -0.195000
1476382527830, 8.735000, 8.730000, 10300, 8.740000, 9800, -2.180000, -0.195000
1476382529824, 8.735000, 8.730000, 10300, 8.740000, 9800, -2.180000, -0.195000
1476382531826, 8.735000, 8.730000, 10300, 8.740000, 9500, -2.180000, -0.195000
1476382533839, 8.735000, 8.730000, 10300, 8.740000, 9600, -2.180000, -0.195000
1476382535849, 8.735000, 8.730000, 10300, 8.740000, 10000, -2.180000, -0.195000
1476382537933, 8.735000, 8.730000, 10300, 8.740000, 10000, -2.180000, -0.195000
1476382539859, 8.735000, 8.730000, 10300, 8.740000, 10000, -2.180000, -0.195000
1476382541845, 8.735000, 8.730000, 10300, 8.740000, 9800, -2.180000, -0.195000
1476382543835, 8.735000, 8.730000, 10300, 8.740000, 9800, -2.180000, -0.195000
1476382545840, 8.735000, 8.730000, 10300, 8.740000, 10600, -2.180000, -0.195000
1476382547837, 8.735000, 8.730000, 10300, 8.740000, 10600, -2.180000, -0.195000
1476382549842, 8.735000, 8.730000, 8400, 8.740000, 10900, -2.180000, -0.195000
1476382551889, 8.735000, 8.730000, 8400, 8.740000, 10900, -2.180000, -0.195000
1476382553855, 8.735000, 8.730000, 7400, 8.740000, 11100, -2.180000, -0.195000
1476382555836, 8.735000, 8.730000, 10000, 8.740000, 10700, -2.180000, -0.195000
1476382557834, 8.735000, 8.730000, 10100, 8.740000, 10600, -2.180000, -0.195000
1476382559848, 8.735000, 8.730000, 10100, 8.740000, 9400, -2.180000, -0.195000
1476382561837, 8.735000, 8.730000, 10100, 8.740000, 9400, -2.180000, -0.195000
1476382563849, 8.735000, 8.730000, 10500, 8.740000, 10200, -2.180000, -0.195000
1476382565844, 8.735000, 8.730000, 10500, 8.740000, 10300, -2.180000, -0.195000
1476382567848, 8.735000, 8.730000, 10500, 8.740000, 10300, -2.180000, -0.195000
1476382569851, 8.730000, 8.730000, 10500, 8.740000, 10300, -2.240000, -0.200000
1476382571849, 8.735000, 8.730000, 10500, 8.740000, 7100, -2.180000, -0.195000
1476382573852, 8.735000, 8.730000, 10500, 8.740000, 7100, -2.180000, -0.195000
1476382575852, 8.735000, 8.730000, 10500, 8.740000, 7100, -2.180000, -0.195000
1476382577857, 8.735000, 8.730000, 15600, 8.740000, 7100, -2.180000, -0.195000
1476382579834, 8.735000, 8.730000, 15600, 8.740000, 7100, -2.180000, -0.195000
1476382581847, 8.735000, 8.730000, 15600, 8.740000, 7100, -2.180000, -0.195000
1476382583871, 8.735600, 8.730000, 15600, 8.740000, 8800, -2.180000, -0.194400
1476382585854, 8.730000, 8.730000, 12500, 8.740000, 9400, -2.240000, -0.200000
1476382587860, 8.730000, 8.730000, 13600, 8.740000, 9300, -2.240000, -0.200000
1476382589856, 8.730000, 8.730000, 13600, 8.740000, 9300, -2.240000, -0.200000
1476382591868, 8.730000, 8.730000, 12600, 8.740000, 9400, -2.240000, -0.200000
1476382593848, 8.730000, 8.730000, 7500, 8.740000, 10400, -2.240000, -0.200000
1476382595877, 8.730000, 8.730000, 7500, 8.740000, 10500, -2.240000, -0.200000
1476382597892, 8.730000, 8.730000, 5800, 8.740000, 10500, -2.240000, -0.200000
1476382599370, 8.730000, 8.730000, 5800, 8.740000, 10500, -2.240000, -0.200000
1476382601862, 8.730000, 8.730000, 5800, 8.740000, 10500, -2.240000, -0.200000
1476382603871, 8.730000, 8.730000, 5800, 8.740000, 10400, -2.240000, -0.200000
1476382605911, 8.730000, 8.730000, 5800, 8.740000, 10300, -2.240000, -0.200000
1476382607855, 8.730000, 8.730000, 5800, 8.740000, 10300, -2.240000, -0.200000
1476382609880, 8.730000, 8.730000, 5800, 8.740000, 10400, -2.240000, -0.200000
1476382611876, 8.730000, 8.730000, 5800, 8.740000, 10400, -2.240000, -0.200000
1476382613873, 8.730100, 8.730000, 5700, 8.740000, 10300, -2.240000, -0.199900
1476382615859, 8.730100, 8.730000, 5700, 8.740000, 10300, -2.240000, -0.199900
1476382617867, 8.735000, 8.730000, 5700, 8.740000, 10300, -2.180000, -0.195000
1476382619921, 8.735000, 8.730000, 7800, 8.740000, 12700, -2.180000, -0.195000
1476382621872, 8.735000, 8.730000, 7800, 8.740000, 12700, -2.180000, -0.195000
1476382623863, 8.735000, 8.730000, 7800, 8.740000, 12000, -2.180000, -0.195000
1476382626250, 8.735000, 8.730000, 7800, 8.740000, 12100, -2.180000, -0.195000
1476382628257, 8.735000, 8.730000, 7800, 8.740000, 12100, -2.180000, -0.195000
1476382630253, 8.735000, 8.730000, 7800, 8.740000, 12800, -2.180000, -0.195000
1476382632254, 8.735000, 8.730000, 7800, 8.740000, 12800, -2.180000, -0.195000
1476382634259, 8.735000, 8.730000, 7800, 8.740000, 12800, -2.180000, -0.195000
1476382636257, 8.735000, 8.730000, 7800, 8.740000, 12800, -2.180000, -0.195000
1476382638254, 8.730000, 8.730000, 7800, 8.740000, 12800, -2.240000, -0.200000
1476382640261, 8.730000, 8.730000, 7800, 8.740000, 12800, -2.240000, -0.200000
1476382642287, 8.730000, 8.730000, 7800, 8.740000, 12700, -2.240000, -0.200000
1476382644269, 8.735000, 8.730000, 7800, 8.740000, 12700, -2.180000, -0.195000
1476382646259, 8.730000, 8.730000, 9200, 8.740000, 12700, -2.240000, -0.200000
1476382648262, 8.730000, 8.730000, 9200, 8.740000, 12700, -2.240000, -0.200000
1476382650266, 8.730000, 8.730000, 9200, 8.740000, 12700, -2.240000, -0.200000
1476382652257, 8.730000, 8.730000, 9200, 8.740000, 12100, -2.240000, -0.200000
1476382654262, 8.730000, 8.730000, 9200, 8.740000, 12100, -2.240000, -0.200000
1476382656280, 8.730000, 8.730000, 9200, 8.740000, 12200, -2.240000, -0.200000
1476382658286, 8.730000, 8.730000, 9200, 8.740000, 12200, -2.240000, -0.200000
1476382660271, 8.730000, 8.730000, 9200, 8.740000, 12400, -2.240000, -0.200000
1476382662279, 8.730000, 8.730000, 9200, 8.740000, 12400, -2.240000, -0.200000
1476382664267, 8.730000, 8.730000, 9200, 8.740000, 12400, -2.240000, -0.200000
1476382666267, 8.730000, 8.730000, 9200, 8.740000, 12400, -2.240000, -0.200000
1476382668267, 8.730000, 8.730000, 9200, 8.740000, 12400, -2.240000, -0.200000
1476382670272, 8.730000, 8.730000, 9200, 8.740000, 12400, -2.240000, -0.200000
1476382672298, 8.730000, 8.730000, 9200, 8.740000, 13800, -2.240000, -0.200000
1476382674270, 8.730000, 8.730000, 9200, 8.740000, 13800, -2.240000, -0.200000
1476382676270, 8.735000, 8.730000, 8300, 8.740000, 13800, -2.180000, -0.195000
1476382678271, 8.730500, 8.730000, 8300, 8.740000, 13800, -2.230000, -0.199500
1476382680269, 8.730500, 8.730000, 8300, 8.740000, 13800, -2.230000, -0.199500
1476382682276, 8.730500, 8.730000, 8300, 8.740000, 13800, -2.230000, -0.199500
1476382684268, 8.730500, 8.730000, 8300, 8.740000, 13800, -2.230000, -0.199500
1476382686284, 8.730500, 8.730000, 8300, 8.740000, 13700, -2.230000, -0.199500
1476382688264, 8.730000, 8.730000, 8300, 8.740000, 13700, -2.240000, -0.200000
1476382690278, 8.730000, 8.730000, 8300, 8.740000, 13700, -2.240000, -0.200000
1476382692273, 8.730000, 8.730000, 8300, 8.740000, 13800, -2.240000, -0.200000
1476382694278, 8.730000, 8.730000, 8300, 8.740000, 13800, -2.240000, -0.200000
1476382696277, 8.730000, 8.730000, 8300, 8.740000, 13800, -2.240000, -0.200000
1476382698307, 8.730000, 8.730000, 9500, 8.740000, 13800, -2.240000, -0.200000
1476382700281, 8.735000, 8.730000, 10100, 8.740000, 13800, -2.180000, -0.195000
1476382701822, 8.730000, 8.730000, 10100, 8.740000, 13700, -2.240000, -0.200000
1476382704279, 8.730000, 8.730000, 10100, 8.740000, 13700, -2.240000, -0.200000
1476382706281, 8.730000, 8.730000, 10100, 8.740000, 13800, -2.240000, -0.200000
1476382708278, 8.730000, 8.730000, 10000, 8.740000, 13800, -2.240000, -0.200000
1476382710287, 8.730000, 8.730000, 10000, 8.740000, 13800, -2.240000, -0.200000
1476382711767, 8.730000, 8.730000, 10000, 8.740000, 13800, -2.240000, -0.200000
1476382714315, 8.730000, 8.730000, 10000, 8.740000, 13600, -2.240000, -0.200000
1476382716288, 8.735000, 8.730000, 10100, 8.740000, 13500, -2.180000, -0.195000
1476382718292, 8.730000, 8.730000, 10100, 8.740000, 13500, -2.240000, -0.200000
1476382720294, 8.730000, 8.730000, 10100, 8.740000, 13500, -2.240000, -0.200000
1476382721784, 8.730000, 8.730000, 10100, 8.740000, 13600, -2.240000, -0.200000
1476382724279, 8.730000, 8.730000, 10000, 8.740000, 13600, -2.240000, -0.200000
1476382726320, 8.730000, 8.730000, 10000, 8.740000, 13700, -2.240000, -0.200000
1476382728322, 8.730000, 8.730000, 10000, 8.740000, 13700, -2.240000, -0.200000
1476382730297, 8.730000, 8.730000, 10000, 8.740000, 13700, -2.240000, -0.200000
1476382732296, 8.730000, 8.730000, 10000, 8.740000, 13700, -2.240000, -0.200000
1476382734297, 8.730000, 8.730000, 10000, 8.740000, 13700, -2.240000, -0.200000
1476382736295, 8.738800, 8.730000, 10000, 8.740000, 13700, -2.140000, -0.191200
1476382738303, 8.735000, 8.730000, 10000, 8.740000, 13700, -2.180000, -0.195000
1476382740322, 8.735000, 8.730000, 10000, 8.740000, 13600, -2.180000, -0.195000
1476382741792, 8.730000, 8.730000, 10100, 8.740000, 13600, -2.240000, -0.200000
1476382744302, 8.730000, 8.730000, 10100, 8.740000, 13600, -2.240000, -0.200000
1476382746294, 8.739500, 8.730000, 10100, 8.740000, 13600, -2.130000, -0.190500
1476382748297, 8.730000, 8.730000, 10100, 8.740000, 13600, -2.240000, -0.200000
1476382750304, 8.730000, 8.730000, 10100, 8.740000, 13600, -2.240000, -0.200000
1476382752300, 8.730000, 8.730000, 10100, 8.740000, 13300, -2.240000, -0.200000
1476382754303, 8.735000, 8.730000, 10100, 8.740000, 13300, -2.180000, -0.195000
1476382756283, 8.735000, 8.730000, 10100, 8.740000, 13400, -2.180000, -0.195000
1476382758309, 8.735000, 8.730000, 10100, 8.740000, 13400, -2.180000, -0.195000
1476382760290, 8.735000, 8.730000, 10100, 8.740000, 13400, -2.180000, -0.195000
1476382761804, 8.735000, 8.730000, 10100, 8.740000, 13400, -2.180000, -0.195000
1476382764353, 8.735000, 8.730000, 10100, 8.740000, 13400, -2.180000, -0.195000
1476382766315, 8.735000, 8.730000, 10200, 8.740000, 13400, -2.180000, -0.195000
1476382768310, 8.735000, 8.730000, 10200, 8.740000, 13400, -2.180000, -0.195000
1476382770298, 8.735000, 8.730000, 10100, 8.740000, 13400, -2.180000, -0.195000
1476382772305, 8.735000, 8.730000, 10100, 8.740000, 13400, -2.180000, -0.195000
1476382774313, 8.740000, 8.730000, 10400, 8.740000, 8100, -2.130000, -0.190000
1476382776311, 8.740000, 8.730000, 10400, 8.740000, 8100, -2.130000, -0.190000
1476382778314, 8.735000, 8.730000, 10400, 8.740000, 9200, -2.180000, -0.195000
1476382780321, 8.735000, 8.730000, 10400, 8.740000, 9200, -2.180000, -0.195000
1476382782309, 8.735000, 8.730000, 10500, 8.740000, 8100, -2.180000, -0.195000
1476382784318, 8.735000, 8.730000, 10500, 8.740000, 8100, -2.180000, -0.195000
1476382786347, 8.735000, 8.730000, 10800, 8.740000, 8100, -2.180000, -0.195000
1476382788347, 8.735000, 8.730000, 10800, 8.740000, 8100, -2.180000, -0.195000
1476382790324, 8.735000, 8.730000, 10800, 8.740000, 9200, -2.180000, -0.195000
1476382792324, 8.750000, 8.740000, 25000, 8.750000, 3600, -2.020000, -0.180000
1476382794310, 8.745000, 8.740000, 23500, 8.750000, 3600, -2.070000, -0.185000
1476382796334, 8.745000, 8.740000, 23800, 8.750000, 3600, -2.070000, -0.185000
1476382798325, 8.750000, 8.740000, 25400, 8.750000, 3600, -2.020000, -0.180000
1476382800345, 8.745000, 8.740000, 25400, 8.750000, 3700, -2.070000, -0.185000
1476382802319, 8.750000, 8.740000, 25400, 8.750000, 3400, -2.020000, -0.180000
1476382804311, 8.750000, 8.740000, 30500, 8.750000, 4400, -2.020000, -0.180000
1476382806322, 8.750000, 8.740000, 26700, 8.750000, 3400, -2.020000, -0.180000
1476382808323, 8.750000, 8.740000, 26700, 8.750000, 3400, -2.020000, -0.180000
1476382810313, 8.750000, 8.740000, 26800, 8.750000, 3300, -2.020000, -0.180000
1476382812323, 8.745000, 8.740000, 32500, 8.750000, 3300, -2.070000, -0.185000
1476382814331, 8.750000, 8.740000, 31900, 8.750000, 3300, -2.020000, -0.180000
1476382816371, 8.750000, 8.740000, 31900, 8.750000, 3300, -2.020000, -0.180000
1476382818335, 8.750000, 8.740000, 31200, 8.750000, 3300, -2.020000, -0.180000
1476382820329, 8.755000, 8.750000, 9800, 8.760000, 18300, -1.960000, -0.175000
1476382822333, 8.750000, 8.750000, 9300, 8.760000, 19000, -2.020000, -0.180000
1476382824335, 8.750000, 8.750000, 12200, 8.760000, 18300, -2.020000, -0.180000
1476382826330, 8.750000, 8.750000, 14200, 8.760000, 18300, -2.020000, -0.180000
1476382828379, 8.750000, 8.750000, 14200, 8.760000, 14400, -2.020000, -0.180000
1476382830359, 8.750000, 8.750000, 14000, 8.760000, 14700, -2.020000, -0.180000
1476382832313, 8.750000, 8.750000, 13600, 8.760000, 14700, -2.020000, -0.180000
1476382834341, 8.754300, 8.750000, 13600, 8.760000, 14700, -1.970000, -0.175700
1476382836331, 8.754300, 8.750000, 12300, 8.760000, 14700, -1.970000, -0.175700
1476382838336, 8.754300, 8.750000, 12300, 8.760000, 14700, -1.970000, -0.175700
1476382840325, 8.754300, 8.750000, 12300, 8.760000, 14500, -1.970000, -0.175700
1476382842338, 8.754300, 8.750000, 11800, 8.760000, 14500, -1.970000, -0.175700
1476382844334, 8.755000, 8.750000, 11700, 8.760000, 14500, -1.960000, -0.175000
1476382846342, 8.755000, 8.750000, 11700, 8.760000, 14500, -1.960000, -0.175000
1476382848359, 8.755000, 8.750000, 11700, 8.760000, 19000, -1.960000, -0.175000
1476382850340, 8.755000, 8.750000, 11700, 8.760000, 19100, -1.960000, -0.175000
1476382852356, 8.755000, 8.750000, 11700, 8.760000, 18300, -1.960000, -0.175000
1476382854344, 8.755000, 8.750000, 11700, 8.760000, 18300, -1.960000, -0.175000
1476382856349, 8.755000, 8.750000, 11800, 8.760000, 18400, -1.960000, -0.175000
1476382858348, 8.755000, 8.750000, 11800, 8.760000, 18400, -1.960000, -0.175000
1476382860350, 8.755000, 8.750000, 11800, 8.760000, 18600, -1.960000, -0.175000
1476382862344, 8.755000, 8.750000, 10800, 8.760000, 18700, -1.960000, -0.175000
1476382864349, 8.755000, 8.750000, 10800, 8.760000, 18700, -1.960000, -0.175000
1476382866341, 8.755000, 8.750000, 10900, 8.760000, 18700, -1.960000, -0.175000
1476382868340, 8.755000, 8.750000, 10900, 8.760000, 18300, -1.960000, -0.175000
1476382870352, 8.755000, 8.750000, 10900, 8.760000, 18300, -1.960000, -0.175000
1476382872343, 8.755000, 8.750000, 10900, 8.760000, 18300, -1.960000, -0.175000
1476382874343, 8.755000, 8.750000, 9300, 8.760000, 18300, -1.960000, -0.175000
1476382876344, 8.755000, 8.750000, 9300, 8.760000, 17300, -1.960000, -0.175000
1476382878330, 8.755000, 8.750000, 9100, 8.760000, 18100, -1.960000, -0.175000
1476382880351, 8.755000, 8.750000, 15700, 8.760000, 16500, -1.960000, -0.175000
1476382882397, 8.755000, 8.750000, 15700, 8.760000, 18000, -1.960000, -0.175000
1476382884369, 8.755000, 8.750000, 14400, 8.760000, 18000, -1.960000, -0.175000
1476382886355, 8.755000, 8.750000, 14500, 8.760000, 17600, -1.960000, -0.175000
1476382888350, 8.760000, 8.750000, 14500, 8.760000, 16200, -1.900000, -0.170000
1476382890391, 8.755000, 8.750000, 14400, 8.760000, 12600, -1.960000, -0.175000
1476382891888, 8.755000, 8.750000, 14400, 8.760000, 12600, -1.960000, -0.175000
1476382894359, 8.755000, 8.750000, 14500, 8.760000, 12600, -1.960000, -0.175000
1476382896355, 8.755000, 8.750000, 14500, 8.760000, 12600, -1.960000, -0.175000
1476382898384, 8.755000, 8.750000, 14400, 8.760000, 12600, -1.960000, -0.175000
1476382900360, 8.755000, 8.750000, 14800, 8.760000, 12600, -1.960000, -0.175000
1476382902372, 8.760000, 8.750000, 15600, 8.760000, 11700, -1.900000, -0.170000
1476382904391, 8.760000, 8.750000, 15500, 8.760000, 11700, -1.900000, -0.170000
1476382905851, 8.760000, 8.750000, 15700, 8.760000, 11700, -1.900000, -0.170000
1476382908359, 8.755000, 8.750000, 12000, 8.760000, 19300, -1.960000, -0.175000
1476382910366, 8.755000, 8.750000, 12000, 8.760000, 19300, -1.960000, -0.175000
1476382912359, 8.755000, 8.750000, 12000, 8.760000, 19300, -1.960000, -0.175000
1476382914345, 8.760000, 8.750000, 12000, 8.760000, 19700, -1.900000, -0.170000
1476382916369, 8.760000, 8.750000, 10300, 8.760000, 19600, -1.900000, -0.170000
1476382918399, 8.760000, 8.750000, 10300, 8.760000, 19600, -1.900000, -0.170000
1476382920404, 8.755000, 8.750000, 10300, 8.760000, 19700, -1.960000, -0.175000
1476382922359, 8.755000, 8.750000, 10300, 8.760000, 19700, -1.960000, -0.175000
1476382924373, 8.755000, 8.750000, 10200, 8.760000, 19700, -1.960000, -0.175000
1476382926369, 8.755000, 8.750000, 10200, 8.760000, 19700, -1.960000, -0.175000
1476382928367, 8.755000, 8.750000, 10200, 8.760000, 19700, -1.960000, -0.175000
1476382930374, 8.755000, 8.750000, 10300, 8.760000, 18600, -1.960000, -0.175000
1476382932380, 8.755000, 8.750000, 10300, 8.760000, 20100, -1.960000, -0.175000
1476382934391, 8.755000, 8.750000, 10300, 8.760000, 20200, -1.960000, -0.175000
1476382936356, 8.755000, 8.750000, 10300, 8.760000, 19900, -1.960000, -0.175000
1476382938383, 8.755000, 8.750000, 10300, 8.760000, 19000, -1.960000, -0.175000
1476382940362, 8.755000, 8.750000, 10200, 8.760000, 19000, -1.960000, -0.175000
1476382942370, 8.755000, 8.750000, 10200, 8.760000, 19000, -1.960000, -0.175000
1476382944369, 8.760000, 8.750000, 10200, 8.760000, 19000, -1.900000, -0.170000
1476382946255, 8.755000, 8.750000, 11000, 8.760000, 12400, -1.960000, -0.175000
1476382948266, 8.755000, 8.750000, 11100, 8.760000, 14500, -1.960000, -0.175000
1476382950261, 8.755000, 8.750000, 11000, 8.760000, 14500, -1.960000, -0.175000
1476382952252, 8.755000, 8.750000, 10800, 8.760000, 15000, -1.960000, -0.175000
1476382954254, 8.755000, 8.750000, 10800, 8.760000, 15000, -1.960000, -0.175000
1476382955760, 8.755000, 8.750000, 11400, 8.760000, 15000, -1.960000, -0.175000
1476382958261, 8.755000, 8.750000, 11400, 8.760000, 15000, -1.960000, -0.175000
1476382960260, 8.755000, 8.750000, 9000, 8.760000, 15000, -1.960000, -0.175000
1476382962269, 8.755000, 8.750000, 9000, 8.760000, 14900, -1.960000, -0.175000
1476382964255, 8.755000, 8.750000, 9000, 8.760000, 14900, -1.960000, -0.175000
1476382965759, 8.755000, 8.750000, 10400, 8.760000, 14900, -1.960000, -0.175000
1476382968261, 8.755000, 8.750000, 10400, 8.760000, 14900, -1.960000, -0.175000
1476382970271, 8.755000, 8.750000, 10400, 8.760000, 14900, -1.960000, -0.175000
1476382972270, 8.755000, 8.750000, 11500, 8.760000, 14900, -1.960000, -0.175000
1476382974259, 8.755000, 8.750000, 11900, 8.760000, 14000, -1.960000, -0.175000
1476382976260, 8.755000, 8.750000, 11900, 8.760000, 14100, -1.960000, -0.175000
1476382978283, 8.750000, 8.750000, 9900, 8.760000, 14400, -2.020000, -0.180000
1476382980264, 8.750000, 8.750000, 10000, 8.760000, 14400, -2.020000, -0.180000
1476382982272, 8.755000, 8.750000, 10000, 8.760000, 14500, -1.960000, -0.175000
1476382984275, 8.750000, 8.750000, 8000, 8.760000, 19000, -2.020000, -0.180000
1476382986275, 8.750000, 8.750000, 8000, 8.760000, 19000, -2.020000, -0.180000
1476382988274, 8.750000, 8.750000, 8000, 8.760000, 19000, -2.020000, -0.180000
1476382990276, 8.750000, 8.750000, 7900, 8.760000, 18900, -2.020000, -0.180000
1476382991773, 8.756000, 8.750000, 7900, 8.760000, 18900, -1.950000, -0.174000
1476382994274, 8.756000, 8.750000, 7800, 8.760000, 18900, -1.950000, -0.174000
1476382996279, 8.755000, 8.750000, 7900, 8.760000, 18900, -1.960000, -0.175000
1476382998282, 8.755000, 8.750000, 7900, 8.760000, 18900, -1.960000, -0.175000
1476383000277, 8.755000, 8.750000, 7900, 8.760000, 18900, -1.960000, -0.175000
1476383002278, 8.755000, 8.750000, 7900, 8.760000, 18900, -1.960000, -0.175000
1476383004282, 8.755000, 8.750000, 7900, 8.760000, 18900, -1.960000, -0.175000
1476383006303, 8.760000, 8.750000, 7900, 8.760000, 18600, -1.900000, -0.170000
1476383008305, 8.755000, 8.750000, 7900, 8.760000, 18800, -1.960000, -0.175000
1476383010280, 8.755000, 8.750000, 7900, 8.760000, 18800, -1.960000, -0.175000
1476383012279, 8.755000, 8.750000, 7900, 8.760000, 18000, -1.960000, -0.175000
1476383014281, 8.755000, 8.750000, 7900, 8.760000, 18700, -1.960000, -0.175000
1476383016293, 8.755000, 8.750000, 7900, 8.760000, 18700, -1.960000, -0.175000
1476383018298, 8.755000, 8.750000, 7900, 8.760000, 18700, -1.960000, -0.175000
1476383020330, 8.755000, 8.750000, 5100, 8.760000, 23000, -1.960000, -0.175000
1476383022296, 8.755000, 8.750000, 5100, 8.760000, 23000, -1.960000, -0.175000
1476383024311, 8.755000, 8.750000, 5200, 8.760000, 23000, -1.960000, -0.175000
1476383026292, 8.755000, 8.750000, 5000, 8.760000, 23000, -1.960000, -0.175000
1476383028300, 8.755000, 8.750000, 5000, 8.760000, 23000, -1.960000, -0.175000
1476383030287, 8.755000, 8.750000, 5000, 8.760000, 23200, -1.960000, -0.175000
1476383032296, 8.755000, 8.750000, 5000, 8.760000, 23200, -1.960000, -0.175000
1476383034316, 8.755000, 8.750000, 5000, 8.760000, 22600, -1.960000, -0.175000
1476383036292, 8.750000, 8.740000, 11500, 8.750000, 16800, -2.020000, -0.180000
1476383038297, 8.745000, 8.740000, 18400, 8.750000, 15300, -2.070000, -0.185000
1476383040303, 8.745000, 8.740000, 17900, 8.750000, 16300, -2.070000, -0.185000
1476383042287, 8.745000, 8.740000, 16200, 8.750000, 16500, -2.070000, -0.185000
1476383044296, 8.745000, 8.740000, 16300, 8.750000, 16500, -2.070000, -0.185000
1476383046305, 8.745000, 8.740000, 16200, 8.750000, 17100, -2.070000, -0.185000
1476383048303, 8.745000, 8.740000, 16200, 8.750000, 15100, -2.070000, -0.185000
1476383050374, 8.746300, 8.740000, 16200, 8.750000, 15100, -2.060000, -0.183700
1476383052303, 8.746300, 8.740000, 13500, 8.750000, 15100, -2.060000, -0.183700
1476383054302, 8.746300, 8.740000, 13500, 8.750000, 15100, -2.060000, -0.183700
1476383056304, 8.746300, 8.740000, 13500, 8.750000, 15100, -2.060000, -0.183700
1476383058306, 8.746300, 8.740000, 13500, 8.750000, 15100, -2.060000, -0.183700
1476383060335, 8.746300, 8.740000, 13500, 8.750000, 15600, -2.060000, -0.183700
1476383062327, 8.746300, 8.740000, 13500, 8.750000, 15500, -2.060000, -0.183700
1476383064309, 8.746300, 8.740000, 13800, 8.750000, 15500, -2.060000, -0.183700
1476383066302, 8.746300, 8.740000, 13800, 8.750000, 15500, -2.060000, -0.183700
1476383068299, 8.750000, 8.740000, 14400, 8.750000, 16100, -2.020000, -0.180000
1476383070301, 8.750000, 8.740000, 14600, 8.750000, 15600, -2.020000, -0.180000
1476383072315, 8.750000, 8.740000, 14600, 8.750000, 15600, -2.020000, -0.180000
1476383074327, 8.745000, 8.740000, 14500, 8.750000, 15600, -2.070000, -0.185000
1476383076353, 8.745000, 8.740000, 14500, 8.750000, 15600, -2.070000, -0.185000
1476383078347, 8.740000, 8.740000, 3900, 8.750000, 19900, -2.130000, -0.190000
1476383079836, 8.740000, 8.740000, 3900, 8.750000, 19900, -2.130000, -0.190000
1476383082324, 8.740000, 8.740000, 4100, 8.750000, 19900, -2.130000, -0.190000
1476383084306, 8.740000, 8.740000, 3800, 8.750000, 22400, -2.130000, -0.190000
1476383086317, 8.740000, 8.740000, 3800, 8.750000, 22300, -2.130000, -0.190000
1476383088314, 8.740000, 8.740000, 3800, 8.750000, 22300, -2.130000, -0.190000
1476383090316, 8.740000, 8.740000, 3800, 8.750000, 22400, -2.130000, -0.190000
1476383092348, 8.740000, 8.740000, 3100, 8.750000, 22400, -2.130000, -0.190000
1476383094347, 8.740000, 8.740000, 3000, 8.750000, 22400, -2.130000, -0.190000
1476383096360, 8.740000, 8.740000, 3200, 8.750000, 22300, -2.130000, -0.190000
1476383098317, 8.740000, 8.740000, 3200, 8.750000, 22300, -2.130000, -0.190000
1476383100326, 8.740000, 8.740000, 3300, 8.750000, 22400, -2.130000, -0.190000
1476383102325, 8.740000, 8.740000, 3300, 8.750000, 22400, -2.130000, -0.190000
1476383104325, 8.740000, 8.740000, 3300, 8.750000, 22400, -2.130000, -0.190000
1476383106301, 8.740000, 8.740000, 4800, 8.750000, 22400, -2.130000, -0.190000
1476383108341, 8.740000, 8.740000, 4100, 8.750000, 22300, -2.130000, -0.190000
1476383110319, 8.740000, 8.740000, 4300, 8.750000, 22300, -2.130000, -0.190000
1476383112349, 8.740000, 8.740000, 4100, 8.750000, 22500, -2.130000, -0.190000
1476383114325, 8.740000, 8.740000, 5100, 8.750000, 22500, -2.130000, -0.190000
1476383116321, 8.740000, 8.740000, 5100, 8.750000, 22500, -2.130000, -0.190000
1476383118324, 8.740000, 8.740000, 6700, 8.750000, 22300, -2.130000, -0.190000
1476383120379, 8.740000, 8.740000, 6700, 8.750000, 22400, -2.130000, -0.190000
1476383122332, 8.740000, 8.740000, 6500, 8.750000, 22400, -2.130000, -0.190000
1476383124330, 8.740000, 8.740000, 6800, 8.750000, 22300, -2.130000, -0.190000
1476383126320, 8.740000, 8.740000, 6800, 8.750000, 22300, -2.130000, -0.190000
1476383128336, 8.740000, 8.740000, 6700, 8.750000, 22400, -2.130000, -0.190000
1476383130319, 8.740000, 8.740000, 5700, 8.750000, 22400, -2.130000, -0.190000
1476383132330, 8.740000, 8.740000, 3800, 8.750000, 22400, -2.130000, -0.190000
1476383134373, 8.740000, 8.740000, 8900, 8.750000, 22400, -2.130000, -0.190000
1476383136341, 8.740000, 8.740000, 8900, 8.750000, 22400, -2.130000, -0.190000
1476383138337, 8.740000, 8.740000, 8900, 8.750000, 22400, -2.130000, -0.190000
1476383140328, 8.740000, 8.740000, 9400, 8.750000, 22500, -2.130000, -0.190000
1476383142346, 8.740000, 8.740000, 9400, 8.750000, 22500, -2.130000, -0.190000
1476383144327, 8.740000, 8.740000, 9400, 8.750000, 21900, -2.130000, -0.190000
1476383146333, 8.740000, 8.740000, 9400, 8.750000, 17500, -2.130000, -0.190000
1476383148366, 8.740000, 8.740000, 8700, 8.750000, 23000, -2.130000, -0.190000
1476383150361, 8.740000, 8.740000, 8700, 8.750000, 23000, -2.130000, -0.190000
1476383152340, 8.745000, 8.750000, 28400, 8.760000, 7900, -2.070000, -0.185000
1476383154382, 8.760000, 8.750000, 29300, 8.760000, 3600, -1.900000, -0.170000
1476383156338, 8.755000, 8.750000, 30600, 8.760000, 2100, -1.960000, -0.175000
1476383158347, 8.760000, 8.750000, 30200, 8.760000, 2100, -1.900000, -0.170000
1476383160340, 8.760000, 8.750000, 30200, 8.760000, 2300, -1.900000, -0.170000
1476383162339, 8.755000, 8.750000, 30300, 8.760000, 2300, -1.960000, -0.175000
1476383164376, 8.760000, 8.760000, 4700, 8.770000, 24000, -1.900000, -0.170000
1476383166340, 8.760000, 8.760000, 7000, 8.770000, 22100, -1.900000, -0.170000
1476383168342, 8.760000, 8.760000, 7100, 8.770000, 22100, -1.900000, -0.170000
1476383170354, 8.765000, 8.760000, 5400, 8.770000, 24500, -1.850000, -0.165000
1476383172349, 8.765000, 8.760000, 5400, 8.770000, 24400, -1.850000, -0.165000
1476383174342, 8.765000, 8.760000, 5900, 8.770000, 23600, -1.850000, -0.165000
1476383176343, 8.766500, 8.760000, 6000, 8.770000, 23100, -1.830000, -0.163500
1476383178435, 8.766500, 8.760000, 5900, 8.770000, 23100, -1.830000, -0.163500
1476383180378, 8.765000, 8.760000, 9800, 8.770000, 23100, -1.850000, -0.165000
1476383182340, 8.765000, 8.760000, 12400, 8.770000, 23000, -1.850000, -0.165000
1476383184342, 8.765000, 8.760000, 12700, 8.770000, 23000, -1.850000, -0.165000
1476383186354, 8.765000, 8.760000, 11600, 8.770000, 23000, -1.850000, -0.165000
1476383188349, 8.765000, 8.760000, 11500, 8.770000, 23000, -1.850000, -0.165000
1476383190360, 8.765000, 8.760000, 11500, 8.770000, 23100, -1.850000, -0.165000
1476383192343, 8.765000, 8.760000, 11500, 8.770000, 23100, -1.850000, -0.165000
1476383194348, 8.765000, 8.760000, 10000, 8.770000, 23100, -1.850000, -0.165000
1476383196352, 8.765000, 8.760000, 10000, 8.770000, 23100, -1.850000, -0.165000
1476383198359, 8.765000, 8.760000, 10100, 8.770000, 23200, -1.850000, -0.165000
1476383200353, 8.765000, 8.760000, 10100, 8.770000, 21100, -1.850000, -0.165000
1476383202357, 8.765000, 8.760000, 10100, 8.770000, 21000, -1.850000, -0.165000
1476383204367, 8.765000, 8.760000, 10300, 8.770000, 22600, -1.850000, -0.165000
1476383206363, 8.765000, 8.760000, 10300, 8.770000, 22600, -1.850000, -0.165000
1476383208383, 8.765000, 8.760000, 10300, 8.770000, 22500, -1.850000, -0.165000
1476383210359, 8.765000, 8.760000, 10200, 8.770000, 22500, -1.850000, -0.165000
1476383212364, 8.765000, 8.760000, 10200, 8.770000, 22500, -1.850000, -0.165000
1476383214357, 8.769000, 8.760000, 12000, 8.770000, 19100, -1.800000, -0.161000
1476383216356, 8.765000, 8.760000, 12000, 8.770000, 19200, -1.850000, -0.165000
1476383218357, 8.769900, 8.760000, 12000, 8.770000, 19100, -1.790000, -0.160100
1476383220371, 8.763800, 8.760000, 11900, 8.770000, 19200, -1.860000, -0.166200
1476383222400, 8.770000, 8.760000, 12700, 8.770000, 17200, -1.790000, -0.160000
1476383224367, 8.770000, 8.760000, 11100, 8.770000, 13100, -1.790000, -0.160000
1476383226365, 8.770000, 8.760000, 17400, 8.770000, 8800, -1.790000, -0.160000
1476383228378, 8.770000, 8.760000, 17700, 8.770000, 8800, -1.790000, -0.160000
1476383230369, 8.770000, 8.760000, 17700, 8.770000, 8800, -1.790000, -0.160000
1476383232361, 8.770000, 8.760000, 17700, 8.770000, 8700, -1.790000, -0.160000
1476383234386, 8.765000, 8.760000, 18000, 8.770000, 8700, -1.850000, -0.165000
1476383236382, 8.765000, 8.760000, 17900, 8.770000, 8700, -1.850000, -0.165000
1476383238392, 8.770000, 8.760000, 17900, 8.770000, 8300, -1.790000, -0.160000
1476383240357, 8.770000, 8.760000, 18000, 8.770000, 9300, -1.790000, -0.160000
1476383242365, 8.770000, 8.760000, 18000, 8.770000, 8700, -1.790000, -0.160000
1476383244365, 8.770000, 8.760000, 18000, 8.770000, 8900, -1.790000, -0.160000
1476383246379, 8.770000, 8.760000, 18000, 8.770000, 12500, -1.790000, -0.160000
1476383248369, 8.766500, 8.760000, 18400, 8.770000, 12100, -1.830000, -0.163500
1476383250357, 8.766500, 8.760000, 18800, 8.770000, 12900, -1.830000, -0.163500
1476383252379, 8.766500, 8.760000, 18600, 8.770000, 12200, -1.830000, -0.163500
1476383254386, 8.765000, 8.760000, 18200, 8.770000, 11000, -1.850000, -0.165000
1476383256379, 8.765000, 8.760000, 18500, 8.770000, 11000, -1.850000, -0.165000
1476383258253, 8.766000, 8.760000, 18500, 8.770000, 9200, -1.840000, -0.164000
1476383260257, 8.766000, 8.760000, 18400, 8.770000, 9200, -1.840000, -0.164000
1476383262759, 8.765000, 8.760000, 23100, 8.770000, 8600, -1.850000, -0.165000
1476383264752, 8.765000, 8.760000, 21800, 8.770000, 8500, -1.850000, -0.165000
1476383266258, 8.765000, 8.760000, 21800, 8.770000, 8500, -1.850000, -0.165000
1476383268258, 8.765000, 8.760000, 21900, 8.770000, 8600, -1.850000, -0.165000
1476383270263, 8.765000, 8.760000, 21900, 8.770000, 8600, -1.850000, -0.165000
1476383272256, 8.765000, 8.760000, 21900, 8.770000, 8400, -1.850000, -0.165000
1476383274300, 8.765000, 8.760000, 21900, 8.770000, 8400, -1.850000, -0.165000
1476383276763, 8.765000, 8.760000, 21900, 8.770000, 8400, -1.850000, -0.165000
1476383278283, 8.765000, 8.760000, 21900, 8.770000, 8400, -1.850000, -0.165000
1476383280251, 8.765000, 8.760000, 21900, 8.770000, 8400, -1.850000, -0.165000
1476383282265, 8.765000, 8.760000, 21900, 8.770000, 8600, -1.850000, -0.165000
1476383284296, 8.770000, 8.760000, 21700, 8.770000, 8200, -1.790000, -0.160000
1476383286270, 8.770000, 8.760000, 21700, 8.770000, 8200, -1.790000, -0.160000
1476383288272, 8.765000, 8.760000, 22100, 8.770000, 8000, -1.850000, -0.165000
1476383290272, 8.765000, 8.760000, 22000, 8.770000, 8000, -1.850000, -0.165000
1476383292268, 8.775000, 8.770000, 22000, 8.780000, 5200, -1.740000, -0.155000
1476383294769, 8.775000, 8.770000, 11200, 8.780000, 15200, -1.740000, -0.155000
1476383296270, 8.775000, 8.770000, 11600, 8.780000, 15300, -1.740000, -0.155000
1476383298272, 8.780000, 8.770000, 12000, 8.780000, 11300, -1.680000, -0.150000
1476383300275, 8.780000, 8.770000, 11900, 8.780000, 11200, -1.680000, -0.150000
1476383302271, 8.780000, 8.770000, 11900, 8.780000, 11600, -1.680000, -0.150000
1476383304277, 8.780000, 8.770000, 12000, 8.780000, 11600, -1.680000, -0.150000
1476383306277, 8.780000, 8.770000, 11800, 8.780000, 11900, -1.680000, -0.150000
1476383308300, 8.780000, 8.770000, 11800, 8.780000, 11800, -1.680000, -0.150000
1476383310295, 8.775000, 8.770000, 11600, 8.780000, 11800, -1.740000, -0.155000
1476383312784, 8.775000, 8.770000, 11900, 8.780000, 11800, -1.740000, -0.155000
1476383314275, 8.780000, 8.770000, 11900, 8.780000, 11800, -1.680000, -0.150000
1476383316276, 8.780000, 8.770000, 12100, 8.780000, 11800, -1.680000, -0.150000
1476383318277, 8.780000, 8.770000, 12400, 8.780000, 11600, -1.680000, -0.150000
1476383320284, 8.780000, 8.770000, 12300, 8.780000, 11600, -1.680000, -0.150000
1476383322285, 8.780000, 8.770000, 13500, 8.780000, 10900, -1.680000, -0.150000
1476383324315, 8.780000, 8.770000, 12500, 8.780000, 10900, -1.680000, -0.150000
1476383326290, 8.780000, 8.770000, 12100, 8.780000, 11000, -1.680000, -0.150000
1476383328288, 8.780000, 8.770000, 12100, 8.780000, 11000, -1.680000, -0.150000
1476383330284, 8.780000, 8.770000, 12100, 8.780000, 11000, -1.680000, -0.150000
1476383332274, 8.780000, 8.770000, 12100, 8.780000, 11000, -1.680000, -0.150000
1476383334296, 8.780000, 8.770000, 12100, 8.780000, 11000, -1.680000, -0.150000
1476383336284, 8.775200, 8.770000, 12100, 8.780000, 11000, -1.730000, -0.154800
1476383338278, 8.775000, 8.770000, 12100, 8.780000, 10900, -1.740000, -0.155000
1476383340297, 8.775000, 8.770000, 12100, 8.780000, 10900, -1.740000, -0.155000
1476383342289, 8.775000, 8.770000, 12200, 8.780000, 10900, -1.740000, -0.155000
1476383344296, 8.775000, 8.770000, 12200, 8.780000, 10800, -1.740000, -0.155000
1476383346298, 8.775000, 8.770000, 12200, 8.780000, 10800, -1.740000, -0.155000
1476383348296, 8.775000, 8.770000, 12200, 8.780000, 11000, -1.740000, -0.155000
1476383350294, 8.775000, 8.770000, 12200, 8.780000, 11000, -1.740000, -0.155000
1476383352280, 8.775000, 8.770000, 12200, 8.780000, 11000, -1.740000, -0.155000
1476383354300, 8.775000, 8.770000, 12200, 8.780000, 11100, -1.740000, -0.155000
1476383356301, 8.775000, 8.770000, 12200, 8.780000, 11700, -1.740000, -0.155000
1476383358306, 8.775000, 8.770000, 12200, 8.780000, 11700, -1.740000, -0.155000
1476383360301, 8.780000, 8.770000, 12200, 8.780000, 11700, -1.680000, -0.150000
1476383361835, 8.775000, 8.770000, 12500, 8.780000, 11600, -1.740000, -0.155000
1476383363798, 8.775000, 8.770000, 12800, 8.780000, 11600, -1.740000, -0.155000
1476383366303, 8.780000, 8.770000, 12700, 8.780000, 11600, -1.680000, -0.150000
1476383368306, 8.780000, 8.770000, 12700, 8.780000, 11600, -1.680000, -0.150000
1476383370326, 8.780000, 8.770000, 13600, 8.780000, 8700, -1.680000, -0.150000
1476383372286, 8.780000, 8.770000, 13600, 8.780000, 7600, -1.680000, -0.150000
1476383374301, 8.775000, 8.770000, 13300, 8.780000, 7600, -1.740000, -0.155000
1476383376305, 8.780000, 8.770000, 13300, 8.780000, 7600, -1.680000, -0.150000
1476383378315, 8.775000, 8.770000, 13300, 8.780000, 7600, -1.740000, -0.155000
1476383380811, 8.775000, 8.770000, 15700, 8.780000, 7100, -1.740000, -0.155000
1476383382302, 8.775000, 8.770000, 15700, 8.780000, 7600, -1.740000, -0.155000
1476383384310, 8.779900, 8.770000, 19600, 8.780000, 2300, -1.680000, -0.150100
1476383385830, 8.780000, 8.770000, 19600, 8.780000, 2300, -1.680000, -0.150000
1476383388305, 8.780000, 8.770000, 19700, 8.780000, 2300, -1.680000, -0.150000
1476383390311, 8.775000, 8.770000, 21700, 8.780000, 2500, -1.740000, -0.155000
1476383392319, 8.780000, 8.770000, 25700, 8.780000, 1600, -1.680000, -0.150000
1476383394312, 8.780000, 8.770000, 26200, 8.780000, 1400, -1.680000, -0.150000
1476383396317, 8.780000, 8.770000, 26200, 8.780000, 1400, -1.680000, -0.150000
1476383398317, 8.780000, 8.770000, 26200, 8.780000, 1400, -1.680000, -0.150000
1476383400307, 8.790000, 8.780000, 19800, 8.790000, 10200, -1.570000, -0.140000
1476383402324, 8.785000, 8.780000, 13600, 8.790000, 14700, -1.620000, -0.145000
1476383404317, 8.785000, 8.780000, 9900, 8.790000, 16500, -1.620000, -0.145000
1476383406316, 8.783400, 8.780000, 12200, 8.790000, 16300, -1.640000, -0.146600
1476383408317, 8.785000, 8.780000, 12100, 8.790000, 15500, -1.620000, -0.145000
1476383410323, 8.785000, 8.780000, 12100, 8.790000, 15500, -1.620000, -0.145000
1476383412326, 8.781000, 8.780000, 12000, 8.790000, 15500, -1.670000, -0.149000
1476383414323, 8.781000, 8.780000, 12000, 8.790000, 15500, -1.670000, -0.149000
1476383415827, 8.781000, 8.780000, 12000, 8.790000, 15500, -1.670000, -0.149000
1476383418324, 8.781000, 8.780000, 12300, 8.790000, 12500, -1.670000, -0.149000
1476383420322, 8.781000, 8.780000, 12300, 8.790000, 12500, -1.670000, -0.149000
1476383422321, 8.790000, 8.780000, 13400, 8.790000, 9600, -1.570000, -0.140000
1476383424325, 8.790000, 8.780000, 13400, 8.790000, 9600, -1.570000, -0.140000
1476383426319, 8.790000, 8.780000, 13400, 8.790000, 9600, -1.570000, -0.140000
1476383428326, 8.790000, 8.780000, 13400, 8.790000, 9600, -1.570000, -0.140000
1476383430346, 8.786500, 8.780000, 13400, 8.790000, 9700, -1.610000, -0.143500
1476383432335, 8.790000, 8.780000, 13400, 8.790000, 9700, -1.570000, -0.140000
1476383434330, 8.790000, 8.780000, 16200, 8.790000, 9700, -1.570000, -0.140000
1476383436325, 8.790000, 8.780000, 16200, 8.790000, 9700, -1.570000, -0.140000
1476383438322, 8.790000, 8.780000, 16200, 8.790000, 9700, -1.570000, -0.140000
1476383440314, 8.790000, 8.780000, 13700, 8.790000, 9700, -1.570000, -0.140000
1476383442366, 8.790000, 8.780000, 13200, 8.790000, 9800, -1.570000, -0.140000
1476383444326, 8.790000, 8.780000, 13200, 8.790000, 9800, -1.570000, -0.140000
1476383446343, 8.790000, 8.780000, 19800, 8.790000, 4600, -1.570000, -0.140000
1476383448326, 8.790000, 8.780000, 19900, 8.790000, 4500, -1.570000, -0.140000
1476383450326, 8.790000, 8.780000, 20300, 8.790000, 4600, -1.570000, -0.140000
1476383452332, 8.785000, 8.780000, 20300, 8.790000, 4600, -1.620000, -0.145000
1476383454337, 8.790000, 8.780000, 20400, 8.790000, 3600, -1.570000, -0.140000
1476383456329, 8.785000, 8.780000, 20300, 8.790000, 5000, -1.620000, -0.145000
1476383458350, 8.785000, 8.780000, 20300, 8.790000, 5000, -1.620000, -0.145000
1476383460344, 8.790000, 8.780000, 20300, 8.790000, 5000, -1.570000, -0.140000
1476383462326, 8.790000, 8.780000, 20300, 8.790000, 3200, -1.570000, -0.140000
1476383464350, 8.790000, 8.780000, 20400, 8.790000, 3300, -1.570000, -0.140000
1476383466327, 8.790000, 8.780000, 20500, 8.790000, 3300, -1.570000, -0.140000
1476383468333, 8.795000, 8.790000, 22900, 8.800000, 13200, -1.510000, -0.135000
1476383470347, 8.795000, 8.790000, 20600, 8.800000, 21200, -1.510000, -0.135000
1476383472357, 8.795000, 8.790000, 21200, 8.800000, 21200, -1.510000, -0.135000
1476383474356, 8.795000, 8.790000, 20600, 8.800000, 20200, -1.510000, -0.135000
1476383476330, 8.795000, 8.790000, 20600, 8.800000, 22400, -1.510000, -0.135000
1476383478350, 8.795000, 8.790000, 20600, 8.800000, 16600, -1.510000, -0.135000
1476383480342, 8.795000, 8.790000, 21900, 8.800000, 13100, -1.510000, -0.135000
1476383482350, 8.800000, 8.790000, 23300, 8.800000, 12900, -1.460000, -0.130000
1476383484344, 8.800000, 8.790000, 23900, 8.800000, 12900, -1.460000, -0.130000
1476383486335, 8.790100, 8.790000, 24000, 8.800000, 12600, -1.570000, -0.139900
1476383488379, 8.797500, 8.790000, 23900, 8.800000, 12300, -1.480000, -0.132500
1476383490336, 8.800000, 8.790000, 23000, 8.800000, 12300, -1.460000, -0.130000
1476383492383, 8.800000, 8.790000, 22800, 8.800000, 12300, -1.460000, -0.130000
1476383494351, 8.800000, 8.790000, 22800, 8.800000, 12300, -1.460000, -0.130000
1476383496344, 8.795000, 8.790000, 20000, 8.800000, 12700, -1.510000, -0.135000
1476383498349, 8.791000, 8.790000, 20000, 8.800000, 14100, -1.560000, -0.139000
1476383500347, 8.800000, 8.790000, 22000, 8.800000, 14100, -1.460000, -0.130000
1476383502343, 8.800000, 8.790000, 19600, 8.800000, 14100, -1.460000, -0.130000
1476383504383, 8.800000, 8.790000, 19700, 8.800000, 14100, -1.460000, -0.130000
1476383506352, 8.800000, 8.790000, 19700, 8.800000, 15100, -1.460000, -0.130000
1476383508338, 8.800000, 8.790000, 18600, 8.800000, 15200, -1.460000, -0.130000
1476383510851, 8.795000, 8.790000, 8800, 8.800000, 26800, -1.510000, -0.135000
1476383512847, 8.795000, 8.790000, 10000, 8.800000, 26300, -1.510000, -0.135000
1476383514351, 8.795000, 8.790000, 10000, 8.800000, 25300, -1.510000, -0.135000
1476383516345, 8.795000, 8.790000, 10000, 8.800000, 25300, -1.510000, -0.135000
1476383518379, 8.795000, 8.790000, 10000, 8.800000, 25300, -1.510000, -0.135000
1476383520837, 8.795000, 8.790000, 12500, 8.800000, 24300, -1.510000, -0.135000
1476383522356, 8.795000, 8.790000, 12900, 8.800000, 24300, -1.510000, -0.135000
1476383524845, 8.800000, 8.790000, 12800, 8.800000, 21400, -1.460000, -0.130000
1476383526338, 8.800000, 8.790000, 12800, 8.800000, 21500, -1.460000, -0.130000
1476383528395, 8.800000, 8.790000, 11300, 8.800000, 22700, -1.460000, -0.130000
1476383530389, 8.800000, 8.790000, 11400, 8.800000, 21200, -1.460000, -0.130000
1476383532356, 8.800000, 8.790000, 11400, 8.800000, 20700, -1.460000, -0.130000
1476383534355, 8.800000, 8.790000, 11500, 8.800000, 19100, -1.460000, -0.130000
1476383536356, 8.800000, 8.790000, 11900, 8.800000, 21100, -1.460000, -0.130000
1476383538339, 8.793000, 8.790000, 15000, 8.800000, 21800, -1.530000, -0.137000
1476383540353, 8.793000, 8.790000, 14900, 8.800000, 20000, -1.530000, -0.137000
1476383542857, 8.800000, 8.790000, 15000, 8.800000, 17900, -1.460000, -0.130000
1476383544855, 8.800000, 8.790000, 15000, 8.800000, 17900, -1.460000, -0.130000
1476383546359, 8.800000, 8.790000, 15000, 8.800000, 20200, -1.460000, -0.130000
1476383548415, 8.800000, 8.790000, 15000, 8.800000, 20200, -1.460000, -0.130000
1476383550855, 8.800000, 8.790000, 15000, 8.800000, 18800, -1.460000, -0.130000
1476383552361, 8.800000, 8.790000, 15000, 8.800000, 18800, -1.460000, -0.130000
1476383554860, 8.795000, 8.790000, 14900, 8.800000, 17300, -1.510000, -0.135000
1476383556852, 8.800000, 8.790000, 14700, 8.800000, 18900, -1.460000, -0.130000
1476383558854, 8.800000, 8.790000, 13000, 8.800000, 19000, -1.460000, -0.130000
1476383560347, 8.800000, 8.790000, 13000, 8.800000, 18800, -1.460000, -0.130000
1476383562394, 8.800000, 8.790000, 13200, 8.800000, 18800, -1.460000, -0.130000
1476383564859, 8.800000, 8.790000, 13200, 8.800000, 18800, -1.460000, -0.130000
1476383566357, 8.800000, 8.790000, 13200, 8.800000, 18800, -1.460000, -0.130000
1476383568862, 8.790000, 8.780000, 20700, 8.790000, 14500, -1.570000, -0.140000
1476383570854, 8.790000, 8.780000, 24100, 8.790000, 4500, -1.570000, -0.140000
1476383572856, 8.790000, 8.780000, 22100, 8.790000, 4500, -1.570000, -0.140000
1476383574752, 8.785000, 8.780000, 24700, 8.790000, 9200, -1.620000, -0.145000
1476383576755, 8.785000, 8.780000, 25200, 8.790000, 5800, -1.620000, -0.145000
1476383578751, 8.790000, 8.780000, 25700, 8.790000, 5700, -1.570000, -0.140000
1476383580756, 8.790000, 8.780000, 25700, 8.790000, 5500, -1.570000, -0.140000
1476383582753, 8.784800, 8.780000, 25000, 8.790000, 5500, -1.630000, -0.145200
1476383584753, 8.784800, 8.780000, 24200, 8.790000, 5600, -1.630000, -0.145200
1476383586754, 8.784800, 8.780000, 24700, 8.790000, 5700, -1.630000, -0.145200
1476383588759, 8.784800, 8.780000, 24600, 8.790000, 5500, -1.630000, -0.145200
1476383590759, 8.784800, 8.780000, 24400, 8.790000, 5400, -1.630000, -0.145200
1476383592766, 8.790000, 8.780000, 24400, 8.790000, 5400, -1.570000, -0.140000
1476383594760, 8.790000, 8.780000, 24300, 8.790000, 5400, -1.570000, -0.140000
1476383596756, 8.790000, 8.790000, 25300, 8.800000, 10000, -1.570000, -0.140000
1476383598758, 8.790000, 8.790000, 18900, 8.800000, 20300, -1.570000, -0.140000
1476383600760, 8.790000, 8.790000, 18900, 8.800000, 19900, -1.570000, -0.140000
1476383602759, 8.790000, 8.790000, 19100, 8.800000, 19400, -1.570000, -0.140000
1476383604778, 8.791200, 8.790000, 17200, 8.800000, 19400, -1.550000, -0.138800
1476383606772, 8.795000, 8.790000, 17500, 8.800000, 19300, -1.510000, -0.135000
1476383608758, 8.795000, 8.790000, 19900, 8.800000, 19100, -1.510000, -0.135000
1476383610760, 8.795000, 8.790000, 19900, 8.800000, 18500, -1.510000, -0.135000
1476383612801, 8.795000, 8.790000, 19900, 8.800000, 18500, -1.510000, -0.135000
1476383614773, 8.795000, 8.790000, 19900, 8.800000, 18500, -1.510000, -0.135000
1476383616764, 8.795000, 8.790000, 19900, 8.800000, 18500, -1.510000, -0.135000
1476383618785, 8.795000, 8.790000, 6600, 8.800000, 23400, -1.510000, -0.135000
1476383620774, 8.795000, 8.790000, 7300, 8.800000, 23400, -1.510000, -0.135000
1476383622761, 8.800000, 8.790000, 9100, 8.800000, 23400, -1.460000, -0.130000
1476383624769, 8.790100, 8.790000, 9100, 8.800000, 22800, -1.570000, -0.139900
1476383626776, 8.790100, 8.790000, 10800, 8.800000, 22600, -1.570000, -0.139900
1476383628764, 8.800000, 8.790000, 11600, 8.800000, 22000, -1.460000, -0.130000
1476383630772, 8.800000, 8.790000, 11600, 8.800000, 21900, -1.460000, -0.130000
1476383632772, 8.800000, 8.790000, 12000, 8.800000, 20700, -1.460000, -0.130000
1476383634771, 8.800000, 8.790000, 14700, 8.800000, 16300, -1.460000, -0.130000
1476383636772, 8.800000, 8.790000, 14600, 8.800000, 16300, -1.460000, -0.130000
1476383638771, 8.800000, 8.790000, 14600, 8.800000, 16300, -1.460000, -0.130000
1476383640770, 8.800000, 8.790000, 14500, 8.800000, 16200, -1.460000, -0.130000
1476383642772, 8.800000, 8.790000, 14500, 8.800000, 16200, -1.460000, -0.130000
1476383644807, 8.800000, 8.790000, 14400, 8.800000, 16200, -1.460000, -0.130000
1476383646776, 8.800000, 8.790000, 13600, 8.800000, 16200, -1.460000, -0.130000
1476383648819, 8.795000, 8.790000, 13600, 8.800000, 16300, -1.510000, -0.135000
1476383650281, 8.800000, 8.790000, 13900, 8.800000, 16400, -1.460000, -0.130000
1476383652782, 8.790000, 8.790000, 13900, 8.800000, 17000, -1.570000, -0.140000
1476383654777, 8.790000, 8.790000, 13900, 8.800000, 17000, -1.570000, -0.140000
1476383656780, 8.790000, 8.790000, 13900, 8.800000, 17000, -1.570000, -0.140000
1476383658786, 8.790000, 8.790000, 13900, 8.800000, 17000, -1.570000, -0.140000
1476383660825, 8.790000, 8.790000, 13000, 8.800000, 17000, -1.570000, -0.140000
1476383662868, 8.790000, 8.790000, 13000, 8.800000, 17000, -1.570000, -0.140000
1476383664785, 8.790000, 8.790000, 13000, 8.800000, 17000, -1.570000, -0.140000
1476383666782, 8.790000, 8.790000, 12800, 8.800000, 16900, -1.570000, -0.140000
1476383668771, 8.790000, 8.790000, 12800, 8.800000, 16900, -1.570000, -0.140000
1476383670773, 8.790000, 8.790000, 13100, 8.800000, 15300, -1.570000, -0.140000
1476383672783, 8.790000, 8.790000, 12400, 8.800000, 15300, -1.570000, -0.140000
1476383674783, 8.800000, 8.790000, 12400, 8.800000, 15300, -1.460000, -0.130000
1476383676797, 8.800000, 8.790000, 12400, 8.800000, 15300, -1.460000, -0.130000
1476383678795, 8.800000, 8.790000, 12000, 8.800000, 16900, -1.460000, -0.130000
1476383680827, 8.800000, 8.790000, 21600, 8.800000, 5300, -1.460000, -0.130000
1476383682788, 8.800000, 8.790000, 20600, 8.800000, 5300, -1.460000, -0.130000
1476383684787, 8.800000, 8.790000, 19500, 8.800000, 5300, -1.460000, -0.130000
1476383686784, 8.800000, 8.790000, 20500, 8.800000, 5300, -1.460000, -0.130000
1476383688787, 8.800000, 8.790000, 20300, 8.800000, 5300, -1.460000, -0.130000
1476383690798, 8.800000, 8.790000, 25900, 8.800000, 5300, -1.460000, -0.130000
1476383692827, 8.810000, 8.800000, 21300, 8.810000, 5100, -1.340000, -0.120000
1476383694795, 8.810000, 8.800000, 22700, 8.810000, 9400, -1.340000, -0.120000
1476383696790, 8.802900, 8.800000, 24900, 8.810000, 4700, -1.420000, -0.127100
1476383698829, 8.803500, 8.800000, 24900, 8.810000, 4900, -1.420000, -0.126500
1476383700789, 8.810000, 8.800000, 29700, 8.810000, 2400, -1.340000, -0.120000
1476383702795, 8.810000, 8.800000, 29700, 8.810000, 1700, -1.340000, -0.120000
1476383704794, 8.810000, 8.800000, 29500, 8.810000, 1700, -1.340000, -0.120000
1476383706834, 8.810000, 8.800000, 29700, 8.810000, 2300, -1.340000, -0.120000
1476383708822, 8.810000, 8.800000, 29700, 8.810000, 3500, -1.340000, -0.120000
1476383710787, 8.810000, 8.800000, 29200, 8.810000, 2500, -1.340000, -0.120000
1476383712795, 8.810000, 8.800000, 29400, 8.810000, 3400, -1.340000, -0.120000
1476383714796, 8.810000, 8.800000, 29500, 8.810000, 2400, -1.340000, -0.120000
1476383716832, 8.805000, 8.800000, 30800, 8.810000, 2000, -1.400000, -0.125000
1476383718800, 8.810000, 8.800000, 30800, 8.810000, 1900, -1.340000, -0.120000
1476383720804, 8.810000, 8.800000, 30600, 8.810000, 1900, -1.340000, -0.120000
1476383722805, 8.810000, 8.800000, 30800, 8.810000, 1800, -1.340000, -0.120000
1476383724812, 8.810000, 8.800000, 29600, 8.810000, 3500, -1.340000, -0.120000
1476383726799, 8.810000, 8.800000, 29100, 8.810000, 5400, -1.340000, -0.120000
1476383728809, 8.810000, 8.800000, 29200, 8.810000, 2300, -1.340000, -0.120000
1476383730792, 8.810000, 8.800000, 29600, 8.810000, 2300, -1.340000, -0.120000
1476383732805, 8.810000, 8.800000, 29600, 8.810000, 2300, -1.340000, -0.120000
1476383734801, 8.810000, 8.800000, 29600, 8.810000, 2100, -1.340000, -0.120000
1476383736803, 8.810000, 8.800000, 29600, 8.810000, 2100, -1.340000, -0.120000
1476383737810, 8.810000, 8.800000, 29600, 8.810000, 1700, -1.340000, -0.120000
1476383740798, 8.810000, 8.800000, 29700, 8.810000, 1700, -1.340000, -0.120000
1476383742804, 8.810000, 8.800000, 29800, 8.810000, 1700, -1.340000, -0.120000
1476383744801, 8.810000, 8.800000, 30000, 8.810000, 1700, -1.340000, -0.120000
1476383746813, 8.805000, 8.800000, 30300, 8.810000, 1700, -1.400000, -0.125000
1476383748809, 8.810000, 8.800000, 30300, 8.810000, 1800, -1.340000, -0.120000
1476383750834, 8.810000, 8.800000, 32400, 8.810000, 1800, -1.340000, -0.120000
1476383752338, 8.810000, 8.800000, 32400, 8.810000, 1800, -1.340000, -0.120000
1476383754803, 8.810000, 8.800000, 31200, 8.810000, 1700, -1.340000, -0.120000
1476383756841, 8.810000, 8.800000, 28900, 8.810000, 1900, -1.340000, -0.120000
1476383758817, 8.810000, 8.800000, 27700, 8.810000, 2500, -1.340000, -0.120000
1476383760807, 8.810000, 8.800000, 27700, 8.810000, 2600, -1.340000, -0.120000
1476383762818, 8.810000, 8.800000, 29400, 8.810000, 1800, -1.340000, -0.120000
1476383764833, 8.810000, 8.800000, 29400, 8.810000, 2100, -1.340000, -0.120000
1476383766824, 8.801000, 8.800000, 29400, 8.810000, 2100, -1.440000, -0.129000
1476383768814, 8.810000, 8.800000, 29800, 8.810000, 1800, -1.340000, -0.120000
1476383770818, 8.810000, 8.800000, 29800, 8.810000, 1800, -1.340000, -0.120000
1476383772820, 8.810000, 8.800000, 29800, 8.810000, 1800, -1.340000, -0.120000
1476383774824, 8.801000, 8.800000, 30000, 8.810000, 1800, -1.440000, -0.129000
1476383776807, 8.801000, 8.800000, 30000, 8.810000, 1800, -1.440000, -0.129000
1476383778824, 8.810000, 8.800000, 30000, 8.810000, 1900, -1.340000, -0.120000
1476383780819, 8.810000, 8.800000, 30000, 8.810000, 1900, -1.340000, -0.120000
1476383782842, 8.810000, 8.800000, 29700, 8.810000, 1900, -1.340000, -0.120000
1476383784818, 8.810000, 8.800000, 29600, 8.810000, 1900, -1.340000, -0.120000
1476383786821, 8.810000, 8.800000, 29600, 8.810000, 1900, -1.340000, -0.120000
1476383788824, 8.810000, 8.800000, 29600, 8.810000, 1900, -1.340000, -0.120000
1476383790822, 8.810000, 8.800000, 29700, 8.810000, 1900, -1.340000, -0.120000
1476383792820, 8.810000, 8.800000, 29600, 8.810000, 1900, -1.340000, -0.120000
1476383794818, 8.810000, 8.800000, 29600, 8.810000, 1900, -1.340000, -0.120000
1476383796856, 8.810000, 8.800000, 29600, 8.810000, 2000, -1.340000, -0.120000
1476383798831, 8.810000, 8.800000, 29600, 8.810000, 2000, -1.340000, -0.120000
1476383800833, 8.810000, 8.800000, 29700, 8.810000, 1900, -1.340000, -0.120000
1476383802830, 8.810000, 8.800000, 29300, 8.810000, 1900, -1.340000, -0.120000
1476383804830, 8.815000, 8.810000, 22000, 8.820000, 4700, -1.290000, -0.115000
1476383806822, 8.815000, 8.810000, 21900, 8.820000, 4900, -1.290000, -0.115000
1476383808837, 8.815000, 8.810000, 22600, 8.820000, 5100, -1.290000, -0.115000
1476383810902, 8.820000, 8.810000, 23000, 8.820000, 4200, -1.230000, -0.110000
1476383812852, 8.825000, 8.820000, 14100, 8.830000, 11700, -1.180000, -0.105000
1476383814835, 8.825000, 8.820000, 10600, 8.830000, 11100, -1.180000, -0.105000
1476383816832, 8.825000, 8.810000, 10400, 8.820000, 18300, -1.180000, -0.105000
1476383818826, 8.815000, 8.810000, 11300, 8.820000, 19200, -1.290000, -0.115000
1476383820842, 8.815000, 8.810000, 11300, 8.820000, 18700, -1.290000, -0.115000
1476383822838, 8.815000, 8.810000, 11300, 8.820000, 18800, -1.290000, -0.115000
1476383824828, 8.815000, 8.810000, 11300, 8.820000, 19400, -1.290000, -0.115000
1476383826859, 8.815000, 8.810000, 11900, 8.820000, 19500, -1.290000, -0.115000
1476383828845, 8.815000, 8.810000, 11900, 8.820000, 19900, -1.290000, -0.115000
1476383830846, 8.815000, 8.810000, 12200, 8.820000, 20100, -1.290000, -0.115000
1476383832835, 8.815000, 8.810000, 12100, 8.820000, 20100, -1.290000, -0.115000
1476383834834, 8.815000, 8.810000, 12100, 8.820000, 20000, -1.290000, -0.115000
1476383836831, 8.815000, 8.810000, 12200, 8.820000, 19900, -1.290000, -0.115000
1476383838841, 8.815000, 8.810000, 10900, 8.820000, 18600, -1.290000, -0.115000
1476383840844, 8.815000, 8.810000, 10900, 8.820000, 18600, -1.290000, -0.115000
1476383842832, 8.815000, 8.810000, 10900, 8.820000, 18600, -1.290000, -0.115000
1476383844837, 8.818200, 8.810000, 10900, 8.820000, 18600, -1.250000, -0.111800
1476383846835, 8.820000, 8.810000, 11700, 8.820000, 17600, -1.230000, -0.110000
1476383848834, 8.810000, 8.810000, 2100, 8.820000, 28000, -1.340000, -0.120000
1476383850842, 8.810000, 8.810000, 2100, 8.820000, 27900, -1.340000, -0.120000
1476383852851, 8.810000, 8.810000, 4400, 8.820000, 25500, -1.340000, -0.120000
1476383854852, 8.810000, 8.810000, 4400, 8.820000, 25200, -1.340000, -0.120000
1476383856847, 8.810000, 8.810000, 4400, 8.820000, 25200, -1.340000, -0.120000
1476383858869, 8.810000, 8.810000, 4700, 8.820000, 21700, -1.340000, -0.120000
1476383860852, 8.810000, 8.810000, 2200, 8.820000, 26800, -1.340000, -0.120000
1476383862357, 8.810000, 8.810000, 2400, 8.820000, 28000, -1.340000, -0.120000
1476383864858, 8.810000, 8.810000, 1300, 8.820000, 27500, -1.340000, -0.120000
1476383866857, 8.810000, 8.810000, 2000, 8.820000, 28200, -1.340000, -0.120000
1476383868854, 8.810100, 8.810000, 4300, 8.820000, 27300, -1.340000, -0.119900
1476383870856, 8.810100, 8.810000, 4300, 8.820000, 27300, -1.340000, -0.119900
1476383872853, 8.810000, 8.810000, 2400, 8.820000, 29200, -1.340000, -0.120000
1476383874852, 8.809900, 8.800000, 14500, 8.810000, 21100, -1.340000, -0.120100
1476383876862, 8.805000, 8.800000, 17400, 8.810000, 15800, -1.400000, -0.125000
1476383878847, 8.800000, 8.800000, 16600, 8.810000, 15900, -1.460000, -0.130000
1476383880859, 8.800000, 8.800000, 16600, 8.810000, 18000, -1.460000, -0.130000
1476383882873, 8.800000, 8.800000, 16600, 8.810000, 18100, -1.460000, -0.130000
1476383884880, 8.800000, 8.800000, 16600, 8.810000, 17900, -1.460000, -0.130000
1476383886865, 8.800000, 8.800000, 14100, 8.810000, 18700, -1.460000, -0.130000
1476383888911, 8.800000, 8.800000, 14100, 8.810000, 18700, -1.460000, -0.130000
1476383890859, 8.800000, 8.800000, 14800, 8.810000, 18800, -1.460000, -0.130000
1476383892854, 8.800000, 8.800000, 11700, 8.810000, 20100, -1.460000, -0.130000
1476383894862, 8.805000, 8.800000, 4300, 8.810000, 21300, -1.400000, -0.125000
1476383896870, 8.800000, 8.800000, 3200, 8.810000, 21900, -1.460000, -0.130000
1476383898855, 8.800000, 8.800000, 3500, 8.810000, 22500, -1.460000, -0.130000
1476383900864, 8.805000, 8.800000, 1800, 8.810000, 28800, -1.400000, -0.125000
1476383902866, 8.800000, 8.800000, 900, 8.810000, 31000, -1.460000, -0.130000
1476383904865, 8.800000, 8.790000, 10500, 8.800000, 17300, -1.460000, -0.130000
1476383906902, 8.790000, 8.790000, 4400, 8.800000, 18700, -1.570000, -0.140000
1476383908749, 8.795000, 8.790000, 10200, 8.800000, 17900, -1.510000, -0.135000
1476383910748, 8.790000, 8.790000, 5300, 8.800000, 20500, -1.570000, -0.140000
1476383912749, 8.790000, 8.790000, 8500, 8.800000, 18600, -1.570000, -0.140000
1476383914750, 8.790000, 8.790000, 9100, 8.800000, 18000, -1.570000, -0.140000
1476383916764, 8.790000, 8.790000, 9600, 8.800000, 18400, -1.570000, -0.140000
1476383918792, 8.790000, 8.790000, 9600, 8.800000, 18500, -1.570000, -0.140000
1476383920758, 8.790000, 8.790000, 10100, 8.800000, 18000, -1.570000, -0.140000
1476383922754, 8.790000, 8.790000, 10100, 8.800000, 18000, -1.570000, -0.140000
1476383924755, 8.790000, 8.790000, 10100, 8.800000, 18000, -1.570000, -0.140000
1476383926753, 8.790100, 8.790000, 10100, 8.800000, 18000, -1.570000, -0.139900
1476383928288, 8.790100, 8.790000, 10100, 8.800000, 17500, -1.570000, -0.139900
1476383930775, 8.795000, 8.790000, 10100, 8.800000, 17500, -1.510000, -0.135000
1476383932756, 8.795000, 8.790000, 10100, 8.800000, 17200, -1.510000, -0.135000
1476383934767, 8.795000, 8.790000, 9900, 8.800000, 23400, -1.510000, -0.135000
1476383936758, 8.795000, 8.790000, 10100, 8.800000, 23200, -1.510000, -0.135000
1476383938759, 8.795000, 8.790000, 10100, 8.800000, 23600, -1.510000, -0.135000
1476383940763, 8.795000, 8.790000, 10100, 8.800000, 23700, -1.510000, -0.135000
1476383942784, 8.795000, 8.790000, 9800, 8.800000, 23300, -1.510000, -0.135000
1476383944763, 8.795000, 8.790000, 9800, 8.800000, 23300, -1.510000, -0.135000
1476383946763, 8.795000, 8.790000, 9800, 8.800000, 23300, -1.510000, -0.135000
1476383948768, 8.795000, 8.790000, 9800, 8.800000, 23300, -1.510000, -0.135000
1476383950770, 8.795000, 8.790000, 9800, 8.800000, 23300, -1.510000, -0.135000
1476383952758, 8.795000, 8.790000, 9800, 8.800000, 23300, -1.510000, -0.135000
1476383954768, 8.790000, 8.790000, 10000, 8.800000, 26400, -1.570000, -0.140000
1476383956765, 8.795000, 8.790000, 4800, 8.800000, 30200, -1.510000, -0.135000
1476383958769, 8.790000, 8.790000, 3000, 8.800000, 30900, -1.570000, -0.140000
1476383960768, 8.790000, 8.790000, 2600, 8.800000, 36000, -1.570000, -0.140000
1476383962817, 8.790000, 8.790000, 2200, 8.800000, 35700, -1.570000, -0.140000
1476383964762, 8.790000, 8.790000, 1100, 8.800000, 39900, -1.570000, -0.140000
1476383966769, 8.785000, 8.780000, 12900, 8.790000, 19600, -1.620000, -0.145000
1476383968775, 8.790000, 8.780000, 17600, 8.790000, 7900, -1.570000, -0.140000
1476383970774, 8.780000, 8.780000, 17500, 8.790000, 5700, -1.680000, -0.150000
1476383972772, 8.780000, 8.780000, 17700, 8.790000, 6800, -1.680000, -0.150000
1476383974778, 8.790000, 8.780000, 17700, 8.790000, 6800, -1.570000, -0.140000
1476383976766, 8.785000, 8.780000, 17000, 8.790000, 10500, -1.620000, -0.145000
1476383978776, 8.785000, 8.780000, 14600, 8.790000, 10600, -1.620000, -0.145000
1476383980779, 8.790000, 8.790000, 10100, 8.800000, 31100, -1.570000, -0.140000
1476383982775, 8.790000, 8.790000, 11600, 8.800000, 31000, -1.570000, -0.140000
1476383984786, 8.790000, 8.790000, 11600, 8.800000, 30900, -1.570000, -0.140000
1476383986803, 8.790000, 8.790000, 11600, 8.800000, 30800, -1.570000, -0.140000
1476383988774, 8.790000, 8.790000, 11600, 8.800000, 30600, -1.570000, -0.140000
1476383990786, 8.790100, 8.790000, 11600, 8.800000, 30500, -1.570000, -0.139900
1476383992786, 8.800000, 8.790000, 11800, 8.800000, 29600, -1.460000, -0.130000
1476383994793, 8.795000, 8.790000, 11800, 8.800000, 29500, -1.510000, -0.135000
1476383996787, 8.795000, 8.790000, 11800, 8.800000, 29500, -1.510000, -0.135000
1476383998813, 8.795000, 8.790000, 11800, 8.800000, 29500, -1.510000, -0.135000
1476384000813, 8.795000, 8.790000, 11900, 8.800000, 27000, -1.510000, -0.135000
1476384002788, 8.795000, 8.790000, 11900, 8.800000, 27000, -1.510000, -0.135000
1476384004791, 8.795000, 8.790000, 11900, 8.800000, 35300, -1.510000, -0.135000
1476384006768, 8.795000, 8.790000, 14600, 8.800000, 35700, -1.510000, -0.135000
1476384008796, 8.795000, 8.790000, 14400, 8.800000, 35700, -1.510000, -0.135000
1476384010790, 8.795000, 8.790000, 14600, 8.800000, 35700, -1.510000, -0.135000
1476384012783, 8.795000, 8.790000, 14600, 8.800000, 35700, -1.510000, -0.135000
1476384014807, 8.795000, 8.790000, 10900, 8.800000, 35300, -1.510000, -0.135000
1476384016826, 8.795000, 8.790000, 10900, 8.800000, 35400, -1.510000, -0.135000
1476384018793, 8.795000, 8.790000, 10900, 8.800000, 35300, -1.510000, -0.135000
1476384020792, 8.795000, 8.790000, 10900, 8.800000, 35300, -1.510000, -0.135000
1476384022787, 8.795000, 8.790000, 10800, 8.800000, 35400, -1.510000, -0.135000
1476384024793, 8.800000, 8.790000, 12100, 8.800000, 34800, -1.460000, -0.130000
1476384026787, 8.800000, 8.790000, 14500, 8.800000, 31700, -1.460000, -0.130000
1476384028785, 8.800000, 8.790000, 15200, 8.800000, 31600, -1.460000, -0.130000
1476384030839, 8.800000, 8.790000, 15200, 8.800000, 31300, -1.460000, -0.130000
1476384032788, 8.800000, 8.790000, 14500, 8.800000, 30200, -1.460000, -0.130000
1476384034797, 8.800000, 8.790000, 14500, 8.800000, 30200, -1.460000, -0.130000
1476384036789, 8.800000, 8.790000, 14600, 8.800000, 30200, -1.460000, -0.130000
1476384038802, 8.795000, 8.790000, 14600, 8.800000, 33000, -1.510000, -0.135000
1476384040809, 8.795000, 8.790000, 13200, 8.800000, 34800, -1.510000, -0.135000
1476384042799, 8.800000, 8.790000, 13200, 8.800000, 35200, -1.460000, -0.130000
1476384044802, 8.800000, 8.790000, 13000, 8.800000, 35500, -1.460000, -0.130000
1476384046816, 8.800000, 8.790000, 12900, 8.800000, 35300, -1.460000, -0.130000
1476384048790, 8.795000, 8.790000, 11700, 8.800000, 35200, -1.510000, -0.135000
1476384050797, 8.795000, 8.790000, 11700, 8.800000, 35200, -1.510000, -0.135000
1476384052803, 8.795000, 8.790000, 11700, 8.800000, 35200, -1.510000, -0.135000
1476384054802, 8.790000, 8.790000, 12400, 8.800000, 35100, -1.570000, -0.140000
1476384056793, 8.790000, 8.790000, 11600, 8.800000, 35700, -1.570000, -0.140000
1476384058809, 8.790000, 8.790000, 11600, 8.800000, 35800, -1.570000, -0.140000
1476384060803, 8.790000, 8.780000, 19300, 8.790000, 14100, -1.570000, -0.140000
1476384062805, 8.790000, 8.780000, 18800, 8.790000, 16200, -1.570000, -0.140000
1476384064811, 8.790000, 8.780000, 14300, 8.790000, 16200, -1.570000, -0.140000
1476384066808, 8.790000, 8.780000, 14100, 8.790000, 16100, -1.570000, -0.140000
1476384068819, 8.790000, 8.790000, 16200, 8.800000, 39100, -1.570000, -0.140000
1476384070806, 8.790000, 8.790000, 16200, 8.800000, 38500, -1.570000, -0.140000
1476384072813, 8.790000, 8.790000, 18700, 8.800000, 38200, -1.570000, -0.140000
1476384074838, 8.795000, 8.790000, 18700, 8.800000, 37800, -1.510000, -0.135000
1476384076876, 8.795000, 8.790000, 19400, 8.800000, 36400, -1.510000, -0.135000
1476384078824, 8.795000, 8.790000, 18200, 8.800000, 31600, -1.510000, -0.135000
1476384080816, 8.795000, 8.790000, 18200, 8.800000, 31300, -1.510000, -0.135000
1476384082806, 8.795000, 8.790000, 18200, 8.800000, 31900, -1.510000, -0.135000
1476384084820, 8.795000, 8.790000, 18200, 8.800000, 31900, -1.510000, -0.135000
1476384086822, 8.795000, 8.790000, 18200, 8.800000, 31900, -1.510000, -0.135000
1476384088812, 8.795000, 8.790000, 15800, 8.800000, 34000, -1.510000, -0.135000
1476384090847, 8.795000, 8.790000, 15800, 8.800000, 34100, -1.510000, -0.135000
1476384092826, 8.800000, 8.790000, 16700, 8.800000, 34500, -1.460000, -0.130000
1476384094824, 8.800000, 8.790000, 16000, 8.800000, 34500, -1.460000, -0.130000
1476384096817, 8.800000, 8.790000, 16000, 8.800000, 35000, -1.460000, -0.130000
1476384098811, 8.795000, 8.790000, 16000, 8.800000, 35000, -1.510000, -0.135000
1476384100820, 8.795000, 8.790000, 15600, 8.800000, 33900, -1.510000, -0.135000
1476384102821, 8.800000, 8.790000, 12700, 8.800000, 34500, -1.460000, -0.130000
1476384104819, 8.800000, 8.790000, 12700, 8.800000, 34500, -1.460000, -0.130000
1476384106854, 8.800000, 8.790000, 12500, 8.800000, 34600, -1.460000, -0.130000
1476384108808, 8.800000, 8.790000, 12500, 8.800000, 34600, -1.460000, -0.130000
1476384110818, 8.800000, 8.790000, 14700, 8.800000, 34500, -1.460000, -0.130000
1476384112817, 8.800000, 8.790000, 14700, 8.800000, 34500, -1.460000, -0.130000
1476384114825, 8.800000, 8.790000, 12600, 8.800000, 37200, -1.460000, -0.130000
1476384116320, 8.800000, 8.790000, 12600, 8.800000, 37200, -1.460000, -0.130000
1476384118866, 8.800000, 8.790000, 20100, 8.800000, 32600, -1.460000, -0.130000
1476384120838, 8.800000, 8.790000, 20100, 8.800000, 32600, -1.460000, -0.130000
1476384122828, 8.790000, 8.790000, 18800, 8.800000, 33000, -1.570000, -0.140000
1476384124817, 8.790000, 8.790000, 19400, 8.800000, 33000, -1.570000, -0.140000
1476384126836, 8.790000, 8.790000, 18700, 8.800000, 33000, -1.570000, -0.140000
1476384128825, 8.790000, 8.790000, 18800, 8.800000, 32800, -1.570000, -0.140000
1476384130825, 8.795000, 8.790000, 18500, 8.800000, 30000, -1.510000, -0.135000
1476384132852, 8.795000, 8.790000, 22000, 8.800000, 29700, -1.510000, -0.135000
1476384134838, 8.785000, 8.780000, 14900, 8.790000, 14200, -1.620000, -0.145000
1476384136872, 8.790000, 8.780000, 24900, 8.790000, 4100, -1.570000, -0.140000
1476384138832, 8.785000, 8.780000, 25400, 8.790000, 4100, -1.620000, -0.145000
1476384140821, 8.785000, 8.780000, 25400, 8.790000, 4100, -1.620000, -0.145000
1476384142842, 8.785000, 8.780000, 25300, 8.790000, 3700, -1.620000, -0.145000
1476384144831, 8.790000, 8.780000, 26400, 8.790000, 6700, -1.570000, -0.140000
1476384146839, 8.790000, 8.780000, 26300, 8.790000, 6700, -1.570000, -0.140000
1476384148838, 8.790000, 8.780000, 31800, 8.790000, 800, -1.570000, -0.140000
1476384150890, 8.795000, 8.790000, 19900, 8.800000, 31700, -1.510000, -0.135000
1476384152828, 8.795000, 8.790000, 22300, 8.800000, 30800, -1.510000, -0.135000
1476384154826, 8.795000, 8.790000, 22600, 8.800000, 30700, -1.510000, -0.135000
1476384156846, 8.795000, 8.790000, 22600, 8.800000, 30500, -1.510000, -0.135000
1476384158836, 8.795000, 8.790000, 23000, 8.800000, 29600, -1.510000, -0.135000
1476384160845, 8.800000, 8.790000, 22300, 8.800000, 28600, -1.460000, -0.130000
1476384162822, 8.800000, 8.790000, 22500, 8.800000, 28600, -1.460000, -0.130000
1476384164853, 8.800000, 8.790000, 23000, 8.800000, 28600, -1.460000, -0.130000
1476384166851, 8.800000, 8.790000, 23000, 8.800000, 22300, -1.460000, -0.130000
1476384168843, 8.800000, 8.790000, 23000, 8.800000, 21300, -1.460000, -0.130000
1476384170847, 8.800000, 8.790000, 22500, 8.800000, 19700, -1.460000, -0.130000
1476384172844, 8.800000, 8.790000, 22300, 8.800000, 19900, -1.460000, -0.130000
1476384174838, 8.800000, 8.790000, 22000, 8.800000, 20000, -1.460000, -0.130000
1476384176847, 8.800000, 8.790000, 22000, 8.800000, 19300, -1.460000, -0.130000
1476384178899, 8.800000, 8.790000, 22000, 8.800000, 19300, -1.460000, -0.130000
1476384180880, 8.800000, 8.790000, 24400, 8.800000, 18800, -1.460000, -0.130000
1476384182851, 8.800000, 8.790000, 24300, 8.800000, 18800, -1.460000, -0.130000
1476384184854, 8.800000, 8.790000, 24300, 8.800000, 18800, -1.460000, -0.130000
1476384186850, 8.800000, 8.790000, 23800, 8.800000, 18800, -1.460000, -0.130000
1476384188847, 8.800000, 8.790000, 25200, 8.800000, 18800, -1.460000, -0.130000
1476384190846, 8.795000, 8.790000, 25000, 8.800000, 18800, -1.510000, -0.135000
1476384192931, 8.795000, 8.790000, 25500, 8.800000, 18900, -1.510000, -0.135000
1476384194887, 8.795000, 8.790000, 25500, 8.800000, 21400, -1.510000, -0.135000
1476384196869, 8.800000, 8.790000, 25700, 8.800000, 19500, -1.460000, -0.130000
1476384198852, 8.800000, 8.790000, 25700, 8.800000, 19600, -1.460000, -0.130000
1476384200861, 8.795000, 8.790000, 25700, 8.800000, 19500, -1.510000, -0.135000
1476384202865, 8.795000, 8.790000, 25600, 8.800000, 19500, -1.510000, -0.135000
1476384204858, 8.795000, 8.790000, 25700, 8.800000, 19500, -1.510000, -0.135000
1476384206870, 8.795000, 8.790000, 25700, 8.800000, 19500, -1.510000, -0.135000
1476384208863, 8.795000, 8.790000, 25800, 8.800000, 20400, -1.510000, -0.135000
1476384210870, 8.795000, 8.790000, 25800, 8.800000, 19500, -1.510000, -0.135000
1476384212854, 8.795000, 8.790000, 25700, 8.800000, 19500, -1.510000, -0.135000
1476384214854, 8.795000, 8.790000, 25700, 8.800000, 19500, -1.510000, -0.135000
1476384216867, 8.795000, 8.790000, 25600, 8.800000, 19500, -1.510000, -0.135000
1476384218873, 8.800000, 8.790000, 25700, 8.800000, 19500, -1.460000, -0.130000
1476384220864, 8.800000, 8.790000, 25700, 8.800000, 19500, -1.460000, -0.130000
1476384222878, 8.800000, 8.790000, 25700, 8.800000, 20000, -1.460000, -0.130000
1476384224909, 8.800000, 8.790000, 25700, 8.800000, 20000, -1.460000, -0.130000
1476384226872, 8.800000, 8.790000, 25800, 8.800000, 19900, -1.460000, -0.130000
1476384228876, 8.800000, 8.790000, 26000, 8.800000, 19200, -1.460000, -0.130000
1476384230872, 8.800000, 8.790000, 26100, 8.800000, 16500, -1.460000, -0.130000
1476384232872, 8.800000, 8.790000, 26100, 8.800000, 16500, -1.460000, -0.130000
1476384234875, 8.800000, 8.790000, 26100, 8.800000, 18900, -1.460000, -0.130000
1476384236859, 8.800000, 8.790000, 26100, 8.800000, 18900, -1.460000, -0.130000
1476384238882, 8.800000, 8.790000, 33000, 8.800000, 16700, -1.460000, -0.130000
1476384240864, 8.800000, 8.790000, 32500, 8.800000, 17700, -1.460000, -0.130000
1476384242373, 8.800000, 8.790000, 32100, 8.800000, 17800, -1.460000, -0.130000
1476384245249, 8.800000, 8.790000, 33200, 8.800000, 15700, -1.460000, -0.130000
1476384247250, 8.795000, 8.790000, 32500, 8.800000, 15600, -1.510000, -0.135000
1476384249253, 8.800000, 8.790000, 32500, 8.800000, 15500, -1.460000, -0.130000
1476384251255, 8.800000, 8.790000, 32500, 8.800000, 15500, -1.460000, -0.130000
1476384253254, 8.800000, 8.790000, 33300, 8.800000, 11300, -1.460000, -0.130000
1476384255258, 8.800000, 8.790000, 33300, 8.800000, 11300, -1.460000, -0.130000
1476384257290, 8.800000, 8.790000, 33400, 8.800000, 11300, -1.460000, -0.130000
1476384259252, 8.797400, 8.790000, 33200, 8.800000, 11300, -1.480000, -0.132600
1476384261259, 8.797400, 8.790000, 33200, 8.800000, 11300, -1.480000, -0.132600
1476384263261, 8.794300, 8.790000, 33300, 8.800000, 11200, -1.520000, -0.135700
1476384265262, 8.794300, 8.790000, 33200, 8.800000, 10200, -1.520000, -0.135700
1476384267273, 8.800000, 8.790000, 33700, 8.800000, 9800, -1.460000, -0.130000
1476384269263, 8.800000, 8.790000, 33700, 8.800000, 9800, -1.460000, -0.130000
1476384271259, 8.800000, 8.790000, 33700, 8.800000, 9500, -1.460000, -0.130000
1476384273264, 8.800000, 8.790000, 34900, 8.800000, 9700, -1.460000, -0.130000
1476384275295, 8.800000, 8.790000, 33600, 8.800000, 10100, -1.460000, -0.130000
1476384277260, 8.800000, 8.790000, 33600, 8.800000, 10900, -1.460000, -0.130000
1476384279272, 8.800000, 8.790000, 35200, 8.800000, 9500, -1.460000, -0.130000
1476384281279, 8.800000, 8.790000, 33600, 8.800000, 10500, -1.460000, -0.130000
1476384283259, 8.795000, 8.790000, 33500, 8.800000, 9400, -1.510000, -0.135000
1476384285264, 8.795000, 8.790000, 33500, 8.800000, 9300, -1.510000, -0.135000
1476384287280, 8.795000, 8.790000, 33500, 8.800000, 9300, -1.510000, -0.135000
1476384289278, 8.800000, 8.790000, 33500, 8.800000, 8700, -1.460000, -0.130000
1476384291271, 8.800000, 8.790000, 33500, 8.800000, 8700, -1.460000, -0.130000
1476384293329, 8.800000, 8.800000, 28800, 8.810000, 17100, -1.460000, -0.130000
1476384295283, 8.810000, 8.800000, 15000, 8.810000, 25900, -1.340000, -0.120000
1476384297276, 8.810000, 8.800000, 14100, 8.810000, 25900, -1.340000, -0.120000
1476384299261, 8.810000, 8.800000, 15300, 8.810000, 25800, -1.340000, -0.120000
1476384301273, 8.810000, 8.800000, 14900, 8.810000, 25300, -1.340000, -0.120000
1476384303272, 8.810000, 8.800000, 14900, 8.810000, 25300, -1.340000, -0.120000
1476384305273, 8.810000, 8.800000, 17300, 8.810000, 23400, -1.340000, -0.120000
1476384307285, 8.810000, 8.800000, 16600, 8.810000, 23400, -1.340000, -0.120000
1476384309281, 8.810000, 8.800000, 16700, 8.810000, 23400, -1.340000, -0.120000
1476384311277, 8.810000, 8.800000, 16700, 8.810000, 23400, -1.340000, -0.120000
1476384313275, 8.800000, 8.800000, 17100, 8.810000, 23400, -1.460000, -0.130000
1476384315313, 8.809900, 8.800000, 17100, 8.810000, 23200, -1.340000, -0.120100
1476384317281, 8.809900, 8.800000, 17100, 8.810000, 23200, -1.340000, -0.120100
1476384319282, 8.809900, 8.800000, 17100, 8.810000, 23200, -1.340000, -0.120100
1476384321293, 8.809900, 8.800000, 15900, 8.810000, 23200, -1.340000, -0.120100
1476384323285, 8.809900, 8.800000, 15100, 8.810000, 23200, -1.340000, -0.120100
1476384325287, 8.809900, 8.800000, 15100, 8.810000, 23300, -1.340000, -0.120100
1476384327286, 8.809900, 8.800000, 15100, 8.810000, 23400, -1.340000, -0.120100
1476384329284, 8.800000, 8.800000, 15100, 8.810000, 23400, -1.460000, -0.130000
1476384331270, 8.800000, 8.800000, 15100, 8.810000, 23400, -1.460000, -0.130000
1476384333287, 8.800000, 8.800000, 15100, 8.810000, 23400, -1.460000, -0.130000
1476384335309, 8.800000, 8.800000, 15100, 8.810000, 23400, -1.460000, -0.130000
1476384337318, 8.800000, 8.800000, 15100, 8.810000, 23400, -1.460000, -0.130000
1476384339282, 8.800000, 8.800000, 15100, 8.810000, 23400, -1.460000, -0.130000
1476384341285, 8.800000, 8.800000, 15100, 8.810000, 23400, -1.460000, -0.130000
1476384343295, 8.800000, 8.800000, 15100, 8.810000, 23400, -1.460000, -0.130000
1476384345286, 8.800000, 8.800000, 15100, 8.810000, 23400, -1.460000, -0.130000
1476384347288, 8.800000, 8.800000, 13100, 8.810000, 23300, -1.460000, -0.130000
1476384349288, 8.800000, 8.800000, 13100, 8.810000, 23400, -1.460000, -0.130000
1476384351293, 8.800000, 8.800000, 13100, 8.810000, 23400, -1.460000, -0.130000
1476384353279, 8.800000, 8.800000, 13100, 8.810000, 23400, -1.460000, -0.130000
1476384355292, 8.800000, 8.800000, 13100, 8.810000, 23400, -1.460000, -0.130000
1476384357284, 8.810000, 8.800000, 16000, 8.810000, 23400, -1.340000, -0.120000
1476384359295, 8.810000, 8.800000, 16300, 8.810000, 23000, -1.340000, -0.120000
1476384360294, 8.810000, 8.800000, 16300, 8.810000, 23000, -1.340000, -0.120000
1476384363294, 8.810000, 8.800000, 16300, 8.810000, 17800, -1.340000, -0.120000
1476384365307, 8.810000, 8.800000, 16300, 8.810000, 17800, -1.340000, -0.120000
1476384367300, 8.810000, 8.800000, 16300, 8.810000, 17900, -1.340000, -0.120000
1476384369296, 8.810000, 8.800000, 16500, 8.810000, 17900, -1.340000, -0.120000
1476384371296, 8.810000, 8.800000, 16500, 8.810000, 17900, -1.340000, -0.120000
1476384373298, 8.805000, 8.800000, 16500, 8.810000, 17800, -1.400000, -0.125000
1476384375302, 8.810000, 8.800000, 12100, 8.810000, 18300, -1.340000, -0.120000
1476384377292, 8.810000, 8.800000, 12100, 8.810000, 18100, -1.340000, -0.120000
1476384379303, 8.810000, 8.800000, 11900, 8.810000, 18100, -1.340000, -0.120000
1476384381300, 8.810000, 8.800000, 14200, 8.810000, 18600, -1.340000, -0.120000
1476384383289, 8.810000, 8.800000, 14200, 8.810000, 18700, -1.340000, -0.120000
1476384385302, 8.810000, 8.800000, 14200, 8.810000, 19900, -1.340000, -0.120000
1476384387308, 8.810000, 8.800000, 14200, 8.810000, 20200, -1.340000, -0.120000
1476384389308, 8.810000, 8.800000, 14200, 8.810000, 20200, -1.340000, -0.120000
1476384391308, 8.810000, 8.800000, 14200, 8.810000, 20200, -1.340000, -0.120000
1476384393305, 8.810000, 8.800000, 14200, 8.810000, 20200, -1.340000, -0.120000
1476384395329, 8.810000, 8.800000, 14200, 8.810000, 19800, -1.340000, -0.120000
1476384397311, 8.810000, 8.800000, 19800, 8.810000, 19400, -1.340000, -0.120000
1476384399306, 8.810000, 8.800000, 19800, 8.810000, 19500, -1.340000, -0.120000
1476384401303, 8.805000, 8.800000, 19300, 8.810000, 27300, -1.400000, -0.125000
1476384403304, 8.810000, 8.800000, 17000, 8.810000, 27400, -1.340000, -0.120000
1476384405307, 8.805000, 8.800000, 15200, 8.810000, 25600, -1.400000, -0.125000
1476384407307, 8.810000, 8.800000, 16000, 8.810000, 25600, -1.340000, -0.120000
1476384409353, 8.805000, 8.800000, 15300, 8.810000, 28200, -1.400000, -0.125000
1476384411328, 8.805000, 8.800000, 15300, 8.810000, 28200, -1.400000, -0.125000
1476384413308, 8.810000, 8.800000, 15100, 8.810000, 28400, -1.340000, -0.120000
1476384415350, 8.805000, 8.800000, 13900, 8.810000, 28500, -1.400000, -0.125000
1476384417308, 8.805000, 8.800000, 14100, 8.810000, 28400, -1.400000, -0.125000
1476384419304, 8.802700, 8.800000, 15200, 8.810000, 28200, -1.430000, -0.127300
1476384421305, 8.802700, 8.800000, 15300, 8.810000, 28100, -1.430000, -0.127300
1476384423338, 8.804200, 8.800000, 15300, 8.810000, 28100, -1.410000, -0.125800
1476384425334, 8.810000, 8.800000, 15300, 8.810000, 28200, -1.340000, -0.120000
1476384427338, 8.805000, 8.800000, 5700, 8.810000, 35100, -1.400000, -0.125000
1476384429322, 8.805000, 8.800000, 4500, 8.810000, 33700, -1.400000, -0.125000
1476384431318, 8.800000, 8.800000, 4100, 8.810000, 33800, -1.460000, -0.130000
1476384433315, 8.800000, 8.800000, 4100, 8.810000, 32500, -1.460000, -0.130000
1476384435314, 8.805000, 8.800000, 4000, 8.810000, 31900, -1.400000, -0.125000
1476384437316, 8.805000, 8.800000, 4000, 8.810000, 31900, -1.400000, -0.125000
1476384439319, 8.805000, 8.800000, 5000, 8.810000, 31900, -1.400000, -0.125000
1476384441349, 8.800000, 8.800000, 5100, 8.810000, 31000, -1.460000, -0.130000
1476384443315, 8.800000, 8.800000, 5000, 8.810000, 31800, -1.460000, -0.130000
1476384445317, 8.800000, 8.800000, 4700, 8.810000, 31300, -1.460000, -0.130000
1476384447358, 8.800000, 8.800000, 4700, 8.810000, 31000, -1.460000, -0.130000
1476384449326, 8.800000, 8.800000, 4600, 8.810000, 31300, -1.460000, -0.130000
1476384451302, 8.800000, 8.800000, 4600, 8.810000, 31400, -1.460000, -0.130000
1476384453344, 8.805000, 8.800000, 13100, 8.810000, 7900, -1.400000, -0.125000
1476384454829, 8.805000, 8.800000, 12800, 8.810000, 7500, -1.400000, -0.125000
1476384457310, 8.805000, 8.800000, 12600, 8.810000, 7800, -1.400000, -0.125000
1476384459330, 8.805000, 8.800000, 11900, 8.810000, 9800, -1.400000, -0.125000
1476384461319, 8.805000, 8.800000, 11500, 8.810000, 9800, -1.400000, -0.125000
1476384463323, 8.805000, 8.800000, 11700, 8.810000, 9100, -1.400000, -0.125000
1476384465327, 8.805000, 8.800000, 11700, 8.810000, 9100, -1.400000, -0.125000
1476384467319, 8.805000, 8.800000, 11700, 8.810000, 11800, -1.400000, -0.125000
1476384469374, 8.800000, 8.800000, 9800, 8.810000, 12700, -1.460000, -0.130000
1476384471326, 8.800000, 8.800000, 9800, 8.810000, 12700, -1.460000, -0.130000
1476384473333, 8.800000, 8.800000, 10000, 8.810000, 12900, -1.460000, -0.130000
1476384475332, 8.800000, 8.800000, 12200, 8.810000, 13000, -1.460000, -0.130000
1476384477328, 8.800000, 8.800000, 12200, 8.810000, 13000, -1.460000, -0.130000
1476384479349, 8.805000, 8.800000, 12800, 8.810000, 12700, -1.400000, -0.125000
1476384481330, 8.805000, 8.800000, 12300, 8.810000, 12700, -1.400000, -0.125000
1476384483333, 8.805000, 8.800000, 12200, 8.810000, 12700, -1.400000, -0.125000
1476384485329, 8.806000, 8.800000, 12600, 8.810000, 12700, -1.390000, -0.124000
1476384487367, 8.805000, 8.800000, 11700, 8.810000, 10400, -1.400000, -0.125000
1476384489336, 8.800000, 8.800000, 12200, 8.810000, 11300, -1.460000, -0.130000
1476384491344, 8.800000, 8.800000, 12300, 8.810000, 17600, -1.460000, -0.130000
1476384493339, 8.810000, 8.800000, 12300, 8.810000, 14300, -1.340000, -0.120000
1476384495333, 8.805000, 8.800000, 12800, 8.810000, 15100, -1.400000, -0.125000
1476384497343, 8.805000, 8.800000, 11500, 8.810000, 15200, -1.400000, -0.125000
1476384499331, 8.810000, 8.800000, 12100, 8.810000, 14200, -1.340000, -0.120000
1476384501342, 8.805000, 8.800000, 12600, 8.810000, 14100, -1.400000, -0.125000
1476384503350, 8.810000, 8.800000, 12600, 8.810000, 14100, -1.340000, -0.120000
1476384505333, 8.800000, 8.800000, 12900, 8.810000, 14100, -1.460000, -0.130000
1476384507355, 8.800000, 8.800000, 12900, 8.810000, 14100, -1.460000, -0.130000
1476384509382, 8.805000, 8.800000, 11600, 8.810000, 15800, -1.400000, -0.125000
1476384511331, 8.805000, 8.800000, 12300, 8.810000, 19100, -1.400000, -0.125000
1476384513344, 8.810000, 8.800000, 12000, 8.810000, 20000, -1.340000, -0.120000
1476384515340, 8.810000, 8.800000, 14000, 8.810000, 19600, -1.340000, -0.120000
1476384517348, 8.800000, 8.800000, 13900, 8.810000, 19600, -1.460000, -0.130000
1476384519341, 8.805000, 8.800000, 12400, 8.810000, 19500, -1.400000, -0.125000
1476384521350, 8.805000, 8.800000, 12400, 8.810000, 19500, -1.400000, -0.125000
1476384523355, 8.800000, 8.800000, 4400, 8.810000, 21000, -1.460000, -0.130000
1476384525355, 8.800000, 8.800000, 5500, 8.810000, 21000, -1.460000, -0.130000
1476384527346, 8.800000, 8.800000, 5500, 8.810000, 21100, -1.460000, -0.130000
1476384529344, 8.800100, 8.800000, 5400, 8.810000, 21100, -1.450000, -0.129900
1476384531387, 8.800100, 8.800000, 5400, 8.810000, 21100, -1.450000, -0.129900
1476384533369, 8.800000, 8.800000, 5500, 8.810000, 21100, -1.460000, -0.130000
1476384535365, 8.800000, 8.800000, 5500, 8.810000, 21100, -1.460000, -0.130000
1476384537355, 8.800000, 8.800000, 4300, 8.810000, 21100, -1.460000, -0.130000
1476384539338, 8.800000, 8.800000, 4300, 8.810000, 21200, -1.460000, -0.130000
1476384541340, 8.800000, 8.800000, 4300, 8.810000, 21200, -1.460000, -0.130000
1476384543351, 8.800000, 8.800000, 4300, 8.810000, 21200, -1.460000, -0.130000
1476384545358, 8.795000, 8.790000, 15200, 8.800000, 28800, -1.510000, -0.135000
1476384547362, 8.795000, 8.790000, 12200, 8.800000, 27700, -1.510000, -0.135000
1476384549349, 8.795000, 8.790000, 11400, 8.800000, 27700, -1.510000, -0.135000
1476384551399, 8.790000, 8.790000, 10800, 8.800000, 26300, -1.570000, -0.140000
1476384553366, 8.790000, 8.790000, 10800, 8.800000, 26400, -1.570000, -0.140000
1476384555350, 8.795000, 8.790000, 9200, 8.800000, 26400, -1.510000, -0.135000
1476384557363, 8.790000, 8.790000, 6400, 8.800000, 25600, -1.570000, -0.140000
1476384559371, 8.790000, 8.790000, 6400, 8.800000, 25600, -1.570000, -0.140000
1476384561363, 8.800000, 8.790000, 4000, 8.800000, 25400, -1.460000, -0.130000
1476384563361, 8.790000, 8.790000, 2800, 8.800000, 29800, -1.570000, -0.140000
1476384565390, 8.790000, 8.790000, 2600, 8.800000, 37500, -1.570000, -0.140000
1476384567391, 8.795000, 8.790000, 2900, 8.800000, 32500, -1.510000, -0.135000
1476384569360, 8.790000, 8.790000, 2700, 8.800000, 32500, -1.570000, -0.140000
1476384571411, 8.795000, 8.790000, 2700, 8.800000, 30400, -1.510000, -0.135000
1476384573359, 8.790000, 8.790000, 2700, 8.800000, 30400, -1.570000, -0.140000
1476384575366, 8.790000, 8.790000, 2700, 8.800000, 30400, -1.570000, -0.140000
1476384577364, 8.790000, 8.790000, 3200, 8.800000, 31400, -1.570000, -0.140000
1476384579410, 8.790000, 8.790000, 3100, 8.800000, 31700, -1.570000, -0.140000
1476384581392, 8.790000, 8.790000, 3200, 8.800000, 30500, -1.570000, -0.140000
1476384583355, 8.795000, 8.790000, 13900, 8.800000, 30200, -1.510000, -0.135000
1476384585377, 8.790000, 8.790000, 14100, 8.800000, 30000, -1.570000, -0.140000
1476384586872, 8.790000, 8.790000, 13200, 8.800000, 30500, -1.570000, -0.140000
1476384588749, 8.800000, 8.790000, 13400, 8.800000, 31300, -1.460000, -0.130000
1476384591251, 8.795000, 8.790000, 13700, 8.800000, 31000, -1.510000, -0.135000
1476384593248, 8.790000, 8.790000, 13200, 8.800000, 31300, -1.570000, -0.140000
1476384594252, 8.790000, 8.790000, 12900, 8.800000, 31300, -1.570000, -0.140000
1476384597262, 8.790000, 8.790000, 11700, 8.800000, 31300, -1.570000, -0.140000
1476384599260, 8.790000, 8.790000, 11400, 8.800000, 31300, -1.570000, -0.140000
1476384601261, 8.790000, 8.790000, 11400, 8.800000, 31400, -1.570000, -0.140000
1476384603260, 8.790000, 8.790000, 3800, 8.800000, 30500, -1.570000, -0.140000
1476384605289, 8.790000, 8.790000, 12800, 8.800000, 31100, -1.570000, -0.140000
1476384607258, 8.790000, 8.790000, 12800, 8.800000, 31100, -1.570000, -0.140000
1476384609276, 8.790000, 8.790000, 12800, 8.800000, 31100, -1.570000, -0.140000
1476384611281, 8.790000, 8.790000, 12400, 8.800000, 31100, -1.570000, -0.140000
1476384613278, 8.790000, 8.790000, 12600, 8.800000, 31100, -1.570000, -0.140000
1476384615260, 8.790000, 8.790000, 11800, 8.800000, 31100, -1.570000, -0.140000
1476384617263, 8.790000, 8.790000, 12100, 8.800000, 31000, -1.570000, -0.140000
1476384619295, 8.790000, 8.790000, 12700, 8.800000, 31000, -1.570000, -0.140000
1476384621266, 8.795000, 8.790000, 13400, 8.800000, 30700, -1.510000, -0.135000
1476384623260, 8.790000, 8.790000, 13600, 8.800000, 30700, -1.570000, -0.140000
1476384625270, 8.790000, 8.790000, 13400, 8.800000, 30700, -1.570000, -0.140000
1476384627291, 8.800000, 8.790000, 12400, 8.800000, 30700, -1.460000, -0.130000
1476384629273, 8.790000, 8.790000, 11400, 8.800000, 31100, -1.570000, -0.140000
1476384631276, 8.800000, 8.790000, 13000, 8.800000, 30200, -1.460000, -0.130000
1476384633273, 8.800000, 8.790000, 13000, 8.800000, 30200, -1.460000, -0.130000
1476384635278, 8.790000, 8.790000, 13300, 8.800000, 32000, -1.570000, -0.140000
1476384637277, 8.800000, 8.790000, 10800, 8.800000, 30700, -1.460000, -0.130000
1476384639288, 8.800000, 8.790000, 11000, 8.800000, 31100, -1.460000, -0.130000
1476384641290, 8.800000, 8.790000, 12300, 8.800000, 32700, -1.460000, -0.130000
1476384643268, 8.795000, 8.790000, 12300, 8.800000, 33600, -1.510000, -0.135000
1476384645282, 8.795000, 8.790000, 11100, 8.800000, 32700, -1.510000, -0.135000
1476384647281, 8.795000, 8.790000, 11400, 8.800000, 32600, -1.510000, -0.135000
1476384649273, 8.795000, 8.790000, 13500, 8.800000, 33300, -1.510000, -0.135000
1476384651275, 8.790000, 8.790000, 13500, 8.800000, 33300, -1.570000, -0.140000
1476384653294, 8.795000, 8.790000, 13500, 8.800000, 33200, -1.510000, -0.135000
1476384655319, 8.790000, 8.790000, 14300, 8.800000, 33200, -1.570000, -0.140000
1476384657277, 8.790000, 8.790000, 14300, 8.800000, 33200, -1.570000, -0.140000
1476384659278, 8.790000, 8.790000, 13200, 8.800000, 33200, -1.570000, -0.140000
1476384661281, 8.790000, 8.790000, 6500, 8.800000, 33400, -1.570000, -0.140000
1476384663277, 8.790000, 8.790000, 5000, 8.800000, 33400, -1.570000, -0.140000
1476384665278, 8.790000, 8.790000, 4600, 8.800000, 33600, -1.570000, -0.140000
1476384667299, 8.790000, 8.790000, 9500, 8.800000, 33200, -1.570000, -0.140000
1476384669284, 8.790000, 8.790000, 4200, 8.800000, 37100, -1.570000, -0.140000
1476384671277, 8.790000, 8.790000, 2500, 8.800000, 39100, -1.570000, -0.140000
1476384673319, 8.790000, 8.790000, 3200, 8.800000, 39100, -1.570000, -0.140000
1476384675283, 8.790000, 8.790000, 3000, 8.800000, 39100, -1.570000, -0.140000
1476384677291, 8.790000, 8.790000, 3200, 8.800000, 39100, -1.570000, -0.140000
1476384679280, 8.790000, 8.790000, 3100, 8.800000, 39100, -1.570000, -0.140000
1476384681290, 8.795000, 8.790000, 3100, 8.800000, 39100, -1.510000, -0.135000
1476384683314, 8.790000, 8.790000, 4000, 8.800000, 35300, -1.570000, -0.140000
1476384685275, 8.790000, 8.790000, 3300, 8.800000, 39500, -1.570000, -0.140000
1476384687288, 8.795000, 8.790000, 3300, 8.800000, 38300, -1.510000, -0.135000
1476384689294, 8.790000, 8.790000, 2900, 8.800000, 39400, -1.570000, -0.140000
1476384691296, 8.790000, 8.790000, 2900, 8.800000, 38300, -1.570000, -0.140000
1476384693297, 8.790000, 8.790000, 2900, 8.800000, 38300, -1.570000, -0.140000
1476384695290, 8.790000, 8.790000, 2900, 8.800000, 38300, -1.570000, -0.140000
1476384697283, 8.790000, 8.790000, 8100, 8.800000, 36500, -1.570000, -0.140000
1476384699327, 8.795000, 8.790000, 6900, 8.800000, 36200, -1.510000, -0.135000
1476384701290, 8.790000, 8.790000, 4300, 8.800000, 36400, -1.570000, -0.140000
1476384703297, 8.790000, 8.790000, 3900, 8.800000, 38200, -1.570000, -0.140000
1476384705311, 8.795000, 8.790000, 3700, 8.800000, 33500, -1.510000, -0.135000
1476384707339, 8.790000, 8.790000, 3700, 8.800000, 39700, -1.570000, -0.140000
1476384709300, 8.795000, 8.790000, 3500, 8.800000, 43900, -1.510000, -0.135000
1476384711309, 8.790000, 8.790000, 3500, 8.800000, 42000, -1.570000, -0.140000
1476384713302, 8.790000, 8.790000, 3700, 8.800000, 35400, -1.570000, -0.140000
1476384715298, 8.790000, 8.790000, 2800, 8.800000, 38400, -1.570000, -0.140000
1476384717312, 8.790000, 8.790000, 2600, 8.800000, 37200, -1.570000, -0.140000
1476384719297, 8.790000, 8.790000, 1500, 8.800000, 37100, -1.570000, -0.140000
1476384721312, 8.795000, 8.790000, 1600, 8.800000, 37100, -1.510000, -0.135000
1476384723294, 8.790000, 8.790000, 1800, 8.800000, 37100, -1.570000, -0.140000
1476384725309, 8.790000, 8.790000, 1700, 8.800000, 39000, -1.570000, -0.140000
1476384727305, 8.795000, 8.790000, 1900, 8.800000, 39000, -1.510000, -0.135000
1476384729289, 8.790000, 8.790000, 1800, 8.800000, 38300, -1.570000, -0.140000
1476384731304, 8.790000, 8.790000, 1700, 8.800000, 37500, -1.570000, -0.140000
1476384733308, 8.790000, 8.790000, 1500, 8.800000, 42300, -1.570000, -0.140000
1476384735298, 8.790000, 8.790000, 1500, 8.800000, 41000, -1.570000, -0.140000
1476384737307, 8.790000, 8.790000, 1500, 8.800000, 41100, -1.570000, -0.140000
1476384739309, 8.795000, 8.790000, 2600, 8.800000, 41100, -1.510000, -0.135000
1476384741329, 8.790000, 8.790000, 1700, 8.800000, 41100, -1.570000, -0.140000
1476384743324, 8.790000, 8.790000, 1700, 8.800000, 40200, -1.570000, -0.140000
1476384745303, 8.790000, 8.790000, 1500, 8.800000, 39700, -1.570000, -0.140000
1476384747296, 8.790000, 8.790000, 1500, 8.800000, 39700, -1.570000, -0.140000
1476384749320, 8.790000, 8.790000, 1500, 8.800000, 40000, -1.570000, -0.140000
1476384751309, 8.795000, 8.790000, 1500, 8.800000, 39600, -1.510000, -0.135000
1476384753304, 8.790000, 8.790000, 1500, 8.800000, 39600, -1.570000, -0.140000
1476384755317, 8.795000, 8.790000, 1500, 8.800000, 39300, -1.510000, -0.135000
1476384757334, 8.795000, 8.790000, 3300, 8.800000, 37900, -1.510000, -0.135000
1476384759315, 8.795000, 8.790000, 2900, 8.800000, 39300, -1.510000, -0.135000
1476384761322, 8.790000, 8.790000, 2900, 8.800000, 39400, -1.570000, -0.140000
1476384763311, 8.790000, 8.790000, 1600, 8.800000, 41200, -1.570000, -0.140000
1476384765315, 8.795000, 8.790000, 1600, 8.800000, 39900, -1.510000, -0.135000
1476384767309, 8.795000, 8.790000, 3200, 8.800000, 38100, -1.510000, -0.135000
1476384769319, 8.795000, 8.790000, 3200, 8.800000, 38100, -1.510000, -0.135000
1476384771323, 8.790000, 8.790000, 1400, 8.800000, 42500, -1.570000, -0.140000
1476384773312, 8.790000, 8.790000, 1400, 8.800000, 42500, -1.570000, -0.140000
1476384775314, 8.790000, 8.790000, 2200, 8.800000, 41400, -1.570000, -0.140000
1476384777325, 8.795000, 8.790000, 3300, 8.800000, 39500, -1.510000, -0.135000
1476384779330, 8.790000, 8.790000, 3200, 8.800000, 41300, -1.570000, -0.140000
1476384781329, 8.795000, 8.790000, 5800, 8.800000, 38800, -1.510000, -0.135000
1476384783328, 8.795000, 8.790000, 9800, 8.800000, 37700, -1.510000, -0.135000
1476384785323, 8.790000, 8.790000, 10500, 8.800000, 37500, -1.570000, -0.140000
1476384787322, 8.795000, 8.790000, 9700, 8.800000, 37500, -1.510000, -0.135000
1476384789327, 8.790000, 8.790000, 9800, 8.800000, 37400, -1.570000, -0.140000
1476384791322, 8.790000, 8.790000, 10100, 8.800000, 36600, -1.570000, -0.140000
1476384793355, 8.790000, 8.790000, 8600, 8.800000, 37900, -1.570000, -0.140000
1476384795327, 8.790000, 8.790000, 8700, 8.800000, 37500, -1.570000, -0.140000
1476384797326, 8.790000, 8.790000, 8700, 8.800000, 37500, -1.570000, -0.140000
1476384799322, 8.795000, 8.790000, 8700, 8.800000, 36900, -1.510000, -0.135000
1476384801324, 8.800000, 8.790000, 16000, 8.800000, 36300, -1.460000, -0.130000
1476384803332, 8.791000, 8.790000, 15600, 8.800000, 35700, -1.560000, -0.139000
1476384805322, 8.800000, 8.790000, 12000, 8.800000, 38200, -1.460000, -0.130000
1476384807338, 8.800000, 8.790000, 11400, 8.800000, 38200, -1.460000, -0.130000
1476384809349, 8.790000, 8.790000, 11300, 8.800000, 36200, -1.570000, -0.140000
1476384811328, 8.800000, 8.790000, 11100, 8.800000, 37100, -1.460000, -0.130000
1476384813328, 8.800000, 8.790000, 11100, 8.800000, 36900, -1.460000, -0.130000
1476384815332, 8.800000, 8.790000, 10600, 8.800000, 36900, -1.460000, -0.130000
1476384817335, 8.800000, 8.790000, 10600, 8.800000, 36900, -1.460000, -0.130000
1476384819348, 8.790000, 8.790000, 10900, 8.800000, 36900, -1.570000, -0.140000
1476384821336, 8.795000, 8.790000, 11000, 8.800000, 36900, -1.510000, -0.135000
1476384823322, 8.800000, 8.790000, 10900, 8.800000, 36800, -1.460000, -0.130000
1476384825337, 8.800000, 8.790000, 8500, 8.800000, 36700, -1.460000, -0.130000
1476384827342, 8.795000, 8.790000, 6000, 8.800000, 36700, -1.510000, -0.135000
1476384829338, 8.800000, 8.790000, 5200, 8.800000, 37100, -1.460000, -0.130000
1476384831338, 8.795000, 8.790000, 5200, 8.800000, 36800, -1.510000, -0.135000
1476384833332, 8.790000, 8.790000, 4200, 8.800000, 36800, -1.570000, -0.140000
1476384835348, 8.790000, 8.790000, 3500, 8.800000, 39900, -1.570000, -0.140000
1476384837387, 8.790000, 8.790000, 3300, 8.800000, 39800, -1.570000, -0.140000
1476384839335, 8.790000, 8.790000, 3300, 8.800000, 38700, -1.570000, -0.140000
1476384841333, 8.795000, 8.790000, 3300, 8.800000, 38100, -1.510000, -0.135000
1476384843368, 8.790000, 8.790000, 3300, 8.800000, 38100, -1.570000, -0.140000
1476384845346, 8.790000, 8.790000, 3300, 8.800000, 38100, -1.570000, -0.140000
1476384847336, 8.795000, 8.790000, 3300, 8.800000, 36900, -1.510000, -0.135000
1476384849347, 8.790000, 8.790000, 3800, 8.800000, 36400, -1.570000, -0.140000
1476384851344, 8.790000, 8.790000, 3200, 8.800000, 36300, -1.570000, -0.140000
1476384853352, 8.790000, 8.790000, 3200, 8.800000, 36300, -1.570000, -0.140000
1476384855353, 8.790000, 8.790000, 3300, 8.800000, 36300, -1.570000, -0.140000
1476384857350, 8.790000, 8.790000, 1600, 8.800000, 42700, -1.570000, -0.140000
1476384859358, 8.790000, 8.790000, 1900, 8.800000, 43000, -1.570000, -0.140000
1476384861350, 8.795000, 8.790000, 2100, 8.800000, 40200, -1.510000, -0.135000
1476384863382, 8.795000, 8.790000, 2100, 8.800000, 38200, -1.510000, -0.135000
1476384865353, 8.790000, 8.790000, 2300, 8.800000, 36400, -1.570000, -0.140000
1476384867356, 8.795000, 8.790000, 5000, 8.800000, 35500, -1.510000, -0.135000
1476384869356, 8.795000, 8.790000, 12500, 8.800000, 35100, -1.510000, -0.135000
1476384871385, 8.790000, 8.790000, 12300, 8.800000, 35100, -1.570000, -0.140000
1476384873355, 8.790000, 8.790000, 12300, 8.800000, 37200, -1.570000, -0.140000
1476384875351, 8.790000, 8.790000, 11400, 8.800000, 37200, -1.570000, -0.140000
1476384877354, 8.790000, 8.790000, 6300, 8.800000, 37300, -1.570000, -0.140000
1476384879340, 8.790000, 8.790000, 6300, 8.800000, 37300, -1.570000, -0.140000
1476384881395, 8.790000, 8.790000, 3400, 8.800000, 40000, -1.570000, -0.140000
1476384883350, 8.790000, 8.790000, 2200, 8.800000, 40000, -1.570000, -0.140000
1476384885351, 8.790000, 8.790000, 1400, 8.800000, 38100, -1.570000, -0.140000
1476384887358, 8.790000, 8.790000, 2400, 8.800000, 20700, -1.570000, -0.140000
1476384889345, 8.790000, 8.790000, 2400, 8.800000, 20700, -1.570000, -0.140000
1476384891357, 8.795000, 8.790000, 1400, 8.800000, 20700, -1.510000, -0.135000
1476384893343, 8.795000, 8.790000, 1500, 8.800000, 20700, -1.510000, -0.135000
1476384895343, 8.790000, 8.790000, 1400, 8.800000, 23500, -1.570000, -0.140000
1476384897351, 8.795000, 8.790000, 11600, 8.800000, 22300, -1.510000, -0.135000
1476384899344, 8.795000, 8.790000, 11600, 8.800000, 23100, -1.510000, -0.135000
1476384901344, 8.790000, 8.790000, 11700, 8.800000, 22800, -1.570000, -0.140000
1476384903363, 8.795000, 8.790000, 11800, 8.800000, 22700, -1.510000, -0.135000
1476384905345, 8.795000, 8.790000, 11800, 8.800000, 22000, -1.510000, -0.135000
1476384907371, 8.790000, 8.790000, 11800, 8.800000, 21700, -1.570000, -0.140000
1476384909369, 8.795000, 8.790000, 11800, 8.800000, 21700, -1.510000, -0.135000
1476384911366, 8.790000, 8.790000, 11800, 8.800000, 20300, -1.570000, -0.140000
1476384913411, 8.795000, 8.790000, 12600, 8.800000, 20900, -1.510000, -0.135000
1476384914896, 8.795000, 8.790000, 12600, 8.800000, 20900, -1.510000, -0.135000
1476384917391, 8.790000, 8.790000, 11900, 8.800000, 21200, -1.570000, -0.140000
1476384919366, 8.790000, 8.790000, 11900, 8.800000, 21200, -1.570000, -0.140000
1476384921374, 8.796600, 8.790000, 11900, 8.800000, 21200, -1.490000, -0.133400
1476384923366, 8.790000, 8.790000, 11900, 8.800000, 21200, -1.570000, -0.140000
1476384925359, 8.790000, 8.790000, 11900, 8.800000, 21200, -1.570000, -0.140000
1476384927362, 8.790000, 8.790000, 11900, 8.800000, 21200, -1.570000, -0.140000
1476384928902, 8.790000, 8.790000, 11900, 8.800000, 21200, -1.570000, -0.140000
1476384931754, 8.790000, 8.790000, 8000, 8.800000, 21200, -1.570000, -0.140000
1476384932778, 8.790000, 8.790000, 7900, 8.800000, 21200, -1.570000, -0.140000
1476384935753, 8.790000, 8.790000, 3900, 8.800000, 22900, -1.570000, -0.140000
1476384937751, 8.795000, 8.790000, 3900, 8.800000, 23100, -1.510000, -0.135000
1476384939753, 8.790000, 8.790000, 3700, 8.800000, 31600, -1.570000, -0.140000
1476384941761, 8.790000, 8.790000, 11100, 8.800000, 24200, -1.570000, -0.140000
1476384943766, 8.790000, 8.790000, 11200, 8.800000, 24300, -1.570000, -0.140000
1476384945765, 8.790000, 8.790000, 11200, 8.800000, 23100, -1.570000, -0.140000
1476384947756, 8.790000, 8.790000, 11100, 8.800000, 21900, -1.570000, -0.140000
1476384949758, 8.790000, 8.790000, 11300, 8.800000, 22000, -1.570000, -0.140000
1476384951756, 8.795000, 8.790000, 12000, 8.800000, 21300, -1.510000, -0.135000
1476384953758, 8.790000, 8.790000, 11400, 8.800000, 16300, -1.570000, -0.140000
1476384955776, 8.790000, 8.790000, 11300, 8.800000, 16400, -1.570000, -0.140000
1476384957780, 8.790000, 8.790000, 11200, 8.800000, 16400, -1.570000, -0.140000
1476384959762, 8.790000, 8.790000, 11000, 8.800000, 16400, -1.570000, -0.140000
1476384961761, 8.790000, 8.790000, 11000, 8.800000, 17200, -1.570000, -0.140000
1476384963763, 8.790000, 8.790000, 10000, 8.800000, 21500, -1.570000, -0.140000
1476384965760, 8.790000, 8.790000, 10600, 8.800000, 22800, -1.570000, -0.140000
1476384967766, 8.790000, 8.790000, 10100, 8.800000, 23000, -1.570000, -0.140000
1476384969765, 8.790000, 8.790000, 11300, 8.800000, 23000, -1.570000, -0.140000
1476384971772, 8.790000, 8.790000, 12100, 8.800000, 23200, -1.570000, -0.140000
1476384973758, 8.790000, 8.790000, 8400, 8.800000, 24700, -1.570000, -0.140000
1476384975264, 8.790000, 8.790000, 8400, 8.800000, 23500, -1.570000, -0.140000
1476384977766, 8.790000, 8.790000, 1900, 8.800000, 25100, -1.570000, -0.140000
1476384979776, 8.790000, 8.790000, 2600, 8.800000, 25100, -1.570000, -0.140000
1476384981771, 8.790000, 8.790000, 2800, 8.800000, 24500, -1.570000, -0.140000
1476384983269, 8.790000, 8.790000, 3000, 8.800000, 24200, -1.570000, -0.140000
1476384985773, 8.790000, 8.790000, 2300, 8.800000, 29600, -1.570000, -0.140000
1476384987792, 8.790000, 8.790000, 2400, 8.800000, 27600, -1.570000, -0.140000
1476384989770, 8.790000, 8.790000, 2100, 8.800000, 32100, -1.570000, -0.140000
1476384991771, 8.790000, 8.790000, 2200, 8.800000, 32100, -1.570000, -0.140000
1476384993775, 8.790000, 8.790000, 2600, 8.800000, 32500, -1.570000, -0.140000
1476384995773, 8.790000, 8.790000, 2700, 8.800000, 32500, -1.570000, -0.140000
1476384997780, 8.790000, 8.790000, 1600, 8.800000, 32600, -1.570000, -0.140000
1476384999781, 8.790000, 8.790000, 1700, 8.800000, 31900, -1.570000, -0.140000
1476385001765, 8.790000, 8.790000, 1900, 8.800000, 31900, -1.570000, -0.140000
1476385003773, 8.790000, 8.790000, 1900, 8.800000, 31900, -1.570000, -0.140000
1476385005779, 8.790000, 8.790000, 1900, 8.800000, 32400, -1.570000, -0.140000
1476385007781, 8.790000, 8.790000, 1900, 8.800000, 32400, -1.570000, -0.140000
1476385009772, 8.790000, 8.790000, 1900, 8.800000, 32200, -1.570000, -0.140000
1476385011776, 8.790000, 8.790000, 1900, 8.800000, 31500, -1.570000, -0.140000
1476385013821, 8.790000, 8.790000, 1600, 8.800000, 31000, -1.570000, -0.140000
1476385015783, 8.790000, 8.790000, 1500, 8.800000, 31400, -1.570000, -0.140000
1476385017817, 8.790000, 8.790000, 1500, 8.800000, 31400, -1.570000, -0.140000
1476385019801, 8.790000, 8.790000, 1400, 8.800000, 31900, -1.570000, -0.140000
1476385021787, 8.790000, 8.790000, 1400, 8.800000, 30800, -1.570000, -0.140000
1476385023784, 8.790000, 8.790000, 1300, 8.800000, 29800, -1.570000, -0.140000
1476385025782, 8.790000, 8.790000, 2800, 8.800000, 33700, -1.570000, -0.140000
1476385027828, 8.790000, 8.790000, 2100, 8.800000, 33700, -1.570000, -0.140000
1476385029780, 8.790000, 8.790000, 2000, 8.800000, 32700, -1.570000, -0.140000
1476385031792, 8.790000, 8.790000, 2000, 8.800000, 31500, -1.570000, -0.140000
1476385033780, 8.790000, 8.790000, 2000, 8.800000, 31300, -1.570000, -0.140000
1476385035808, 8.790000, 8.790000, 2000, 8.800000, 30100, -1.570000, -0.140000
1476385037787, 8.795000, 8.790000, 2000, 8.800000, 31400, -1.510000, -0.135000
1476385039788, 8.790000, 8.790000, 2100, 8.800000, 32500, -1.570000, -0.140000
1476385041786, 8.790000, 8.790000, 2000, 8.800000, 32500, -1.570000, -0.140000
1476385043791, 8.790000, 8.790000, 1800, 8.800000, 32400, -1.570000, -0.140000
1476385045287, 8.790000, 8.790000, 1800, 8.800000, 32400, -1.570000, -0.140000
1476385047802, 8.790000, 8.790000, 1500, 8.800000, 35100, -1.570000, -0.140000
1476385049812, 8.790000, 8.790000, 1500, 8.800000, 32400, -1.570000, -0.140000
1476385051787, 8.790000, 8.790000, 1500, 8.800000, 32400, -1.570000, -0.140000
1476385053798, 8.790000, 8.790000, 1500, 8.800000, 32200, -1.570000, -0.140000
1476385055805, 8.795000, 8.790000, 7700, 8.800000, 31100, -1.510000, -0.135000
1476385057797, 8.790000, 8.790000, 2200, 8.800000, 32500, -1.570000, -0.140000
1476385059800, 8.790000, 8.790000, 2200, 8.800000, 30500, -1.570000, -0.140000
1476385061797, 8.790000, 8.790000, 5200, 8.800000, 30500, -1.570000, -0.140000
1476385063822, 8.790000, 8.790000, 4100, 8.800000, 30400, -1.570000, -0.140000
1476385065799, 8.795000, 8.790000, 7900, 8.800000, 30200, -1.510000, -0.135000
1476385067808, 8.790000, 8.790000, 7900, 8.800000, 30200, -1.570000, -0.140000
1476385069804, 8.795000, 8.790000, 11600, 8.800000, 28700, -1.510000, -0.135000
1476385071804, 8.790000, 8.790000, 11700, 8.800000, 28700, -1.570000, -0.140000
1476385073808, 8.790000, 8.790000, 11700, 8.800000, 28700, -1.570000, -0.140000
1476385075332, 8.795000, 8.790000, 11700, 8.800000, 29600, -1.510000, -0.135000
1476385077799, 8.790000, 8.790000, 11800, 8.800000, 29800, -1.570000, -0.140000
1476385079803, 8.795000, 8.790000, 12700, 8.800000, 29800, -1.510000, -0.135000
1476385081804, 8.790000, 8.790000, 12900, 8.800000, 29700, -1.570000, -0.140000
1476385083806, 8.790000, 8.790000, 13200, 8.800000, 29700, -1.570000, -0.140000
1476385085802, 8.795000, 8.790000, 12200, 8.800000, 29700, -1.510000, -0.135000
1476385087816, 8.790000, 8.790000, 12700, 8.800000, 29700, -1.570000, -0.140000
1476385089809, 8.790000, 8.790000, 12600, 8.800000, 29700, -1.570000, -0.140000
1476385091822, 8.790000, 8.790000, 12600, 8.800000, 29500, -1.570000, -0.140000
1476385093802, 8.795000, 8.790000, 12600, 8.800000, 29500, -1.510000, -0.135000
1476385095810, 8.790000, 8.790000, 12400, 8.800000, 29500, -1.570000, -0.140000
1476385097808, 8.790000, 8.790000, 11100, 8.800000, 29500, -1.570000, -0.140000
1476385099808, 8.790000, 8.790000, 10200, 8.800000, 29600, -1.570000, -0.140000
1476385101813, 8.790000, 8.790000, 10200, 8.800000, 29600, -1.570000, -0.140000
1476385103828, 8.790000, 8.790000, 6100, 8.800000, 30300, -1.570000, -0.140000
1476385105826, 8.790000, 8.790000, 3700, 8.800000, 31400, -1.570000, -0.140000
1476385107815, 8.785000, 8.780000, 16700, 8.790000, 27000, -1.620000, -0.145000
1476385109802, 8.789900, 8.780000, 14300, 8.790000, 27200, -1.570000, -0.140100
1476385111813, 8.780000, 8.780000, 14300, 8.790000, 27700, -1.680000, -0.150000
1476385113858, 8.780000, 8.780000, 14300, 8.790000, 26500, -1.680000, -0.150000
1476385115813, 8.780000, 8.780000, 12500, 8.790000, 26500, -1.680000, -0.150000
1476385117824, 8.785000, 8.780000, 12000, 8.790000, 26500, -1.620000, -0.145000
1476385119809, 8.780000, 8.780000, 16400, 8.790000, 28100, -1.680000, -0.150000
1476385121818, 8.780000, 8.780000, 15800, 8.790000, 28100, -1.680000, -0.150000
1476385123810, 8.785000, 8.780000, 9100, 8.790000, 28100, -1.620000, -0.145000
1476385125811, 8.785000, 8.780000, 9100, 8.790000, 28100, -1.620000, -0.145000
1476385127832, 8.780000, 8.780000, 8700, 8.790000, 28100, -1.680000, -0.150000
1476385129821, 8.780000, 8.780000, 8700, 8.790000, 28100, -1.680000, -0.150000
1476385131862, 8.780000, 8.780000, 8700, 8.790000, 28100, -1.680000, -0.150000
1476385133836, 8.780000, 8.780000, 8700, 8.790000, 28100, -1.680000, -0.150000
1476385135822, 8.780000, 8.780000, 7800, 8.790000, 28400, -1.680000, -0.150000
1476385137823, 8.780000, 8.780000, 7800, 8.790000, 28400, -1.680000, -0.150000
1476385139814, 8.780000, 8.780000, 7100, 8.790000, 28400, -1.680000, -0.150000
1476385141823, 8.780000, 8.780000, 7000, 8.790000, 28400, -1.680000, -0.150000
1476385143827, 8.780000, 8.780000, 7000, 8.790000, 28400, -1.680000, -0.150000
1476385145322, 8.780000, 8.780000, 7000, 8.790000, 28600, -1.680000, -0.150000
1476385147855, 8.786100, 8.780000, 6900, 8.790000, 28600, -1.610000, -0.143900
1476385149828, 8.780000, 8.780000, 10300, 8.790000, 30000, -1.680000, -0.150000
1476385151823, 8.780000, 8.780000, 10400, 8.790000, 29000, -1.680000, -0.150000
1476385153838, 8.780000, 8.780000, 10600, 8.790000, 28800, -1.680000, -0.150000
1476385155832, 8.780000, 8.780000, 10600, 8.790000, 28800, -1.680000, -0.150000
1476385157828, 8.780000, 8.780000, 10600, 8.790000, 28800, -1.680000, -0.150000
1476385159823, 8.780000, 8.780000, 10600, 8.790000, 28100, -1.680000, -0.150000
1476385161842, 8.780000, 8.780000, 10600, 8.790000, 28100, -1.680000, -0.150000
1476385163885, 8.780000, 8.780000, 10600, 8.790000, 28100, -1.680000, -0.150000
1476385165843, 8.780000, 8.780000, 11200, 8.790000, 28900, -1.680000, -0.150000
1476385167828, 8.780000, 8.780000, 10600, 8.790000, 28900, -1.680000, -0.150000
1476385169826, 8.780000, 8.780000, 10600, 8.790000, 28900, -1.680000, -0.150000
1476385171834, 8.789000, 8.780000, 11400, 8.790000, 28600, -1.580000, -0.141000
1476385173840, 8.790000, 8.780000, 11400, 8.790000, 28600, -1.570000, -0.140000
1476385175858, 8.780000, 8.780000, 11400, 8.790000, 28600, -1.680000, -0.150000
1476385177903, 8.780000, 8.780000, 11400, 8.790000, 28600, -1.680000, -0.150000
1476385179838, 8.790000, 8.780000, 11400, 8.790000, 28800, -1.570000, -0.140000
1476385181842, 8.780000, 8.780000, 11400, 8.790000, 28800, -1.680000, -0.150000
1476385183843, 8.780000, 8.780000, 11700, 8.790000, 28800, -1.680000, -0.150000
1476385185847, 8.780000, 8.780000, 11700, 8.790000, 28800, -1.680000, -0.150000
1476385187852, 8.780000, 8.780000, 15100, 8.790000, 27100, -1.680000, -0.150000
1476385189859, 8.780000, 8.780000, 15000, 8.790000, 27100, -1.680000, -0.150000
1476385191847, 8.786000, 8.780000, 15700, 8.790000, 26000, -1.610000, -0.144000
1476385193853, 8.780000, 8.780000, 15600, 8.790000, 27000, -1.680000, -0.150000
1476385195842, 8.780000, 8.780000, 15600, 8.790000, 27000, -1.680000, -0.150000
1476385197857, 8.780000, 8.780000, 15600, 8.790000, 27000, -1.680000, -0.150000
1476385199848, 8.780000, 8.780000, 15500, 8.790000, 27000, -1.680000, -0.150000
1476385201855, 8.790000, 8.780000, 15600, 8.790000, 29200, -1.570000, -0.140000
1476385203849, 8.780000, 8.780000, 15700, 8.790000, 29200, -1.680000, -0.150000
1476385205853, 8.780000, 8.780000, 9000, 8.790000, 29800, -1.680000, -0.150000
1476385207867, 8.780000, 8.780000, 10000, 8.790000, 30200, -1.680000, -0.150000
1476385209852, 8.780000, 8.780000, 11400, 8.790000, 30200, -1.680000, -0.150000
1476385211858, 8.780000, 8.780000, 10600, 8.790000, 30200, -1.680000, -0.150000
1476385213862, 8.780000, 8.780000, 10600, 8.790000, 30200, -1.680000, -0.150000
1476385215844, 8.780000, 8.780000, 10300, 8.790000, 30200, -1.680000, -0.150000
1476385217858, 8.780000, 8.780000, 10300, 8.790000, 29800, -1.680000, -0.150000
1476385219847, 8.780000, 8.780000, 10300, 8.790000, 29900, -1.680000, -0.150000
1476385221870, 8.780000, 8.780000, 10600, 8.790000, 29900, -1.680000, -0.150000
1476385223873, 8.780000, 8.780000, 8000, 8.790000, 29900, -1.680000, -0.150000
1476385225865, 8.780000, 8.780000, 3700, 8.790000, 38800, -1.680000, -0.150000
1476385227848, 8.780000, 8.780000, 3900, 8.790000, 39000, -1.680000, -0.150000
1476385229868, 8.780000, 8.780000, 3700, 8.790000, 39000, -1.680000, -0.150000
1476385231851, 8.780000, 8.780000, 2900, 8.790000, 39000, -1.680000, -0.150000
1476385233864, 8.780000, 8.780000, 3100, 8.790000, 36900, -1.680000, -0.150000
1476385235869, 8.780000, 8.780000, 3000, 8.790000, 38700, -1.680000, -0.150000
1476385237879, 8.780000, 8.780000, 3000, 8.790000, 38700, -1.680000, -0.150000
1476385239880, 8.785000, 8.780000, 2700, 8.790000, 38700, -1.620000, -0.145000
1476385241872, 8.780000, 8.780000, 2400, 8.790000, 39100, -1.680000, -0.150000
1476385243914, 8.780000, 8.780000, 2400, 8.790000, 39100, -1.680000, -0.150000
1476385245866, 8.780000, 8.780000, 2400, 8.790000, 39000, -1.680000, -0.150000
1476385247869, 8.780000, 8.780000, 2400, 8.790000, 39000, -1.680000, -0.150000
1476385249873, 8.780000, 8.780000, 2400, 8.790000, 39000, -1.680000, -0.150000
1476385251892, 8.780000, 8.780000, 2400, 8.790000, 37400, -1.680000, -0.150000
1476385253893, 8.770000, 8.770000, 16000, 8.780000, 25700, -1.790000, -0.160000
1476385255873, 8.770000, 8.770000, 16200, 8.780000, 25900, -1.790000, -0.160000
1476385257881, 8.770000, 8.770000, 9300, 8.780000, 25800, -1.790000, -0.160000
1476385259875, 8.770000, 8.770000, 8400, 8.780000, 25100, -1.790000, -0.160000
1476385261867, 8.775000, 8.770000, 12400, 8.780000, 24800, -1.740000, -0.155000
1476385263871, 8.770000, 8.770000, 9100, 8.780000, 25900, -1.790000, -0.160000
1476385266062, 8.775000, 8.770000, 8400, 8.780000, 25900, -1.740000, -0.155000
1476385267750, 8.770000, 8.770000, 7200, 8.780000, 29800, -1.790000, -0.160000
1476385269780, 8.770000, 8.770000, 4000, 8.780000, 30800, -1.790000, -0.160000
1476385271753, 8.770000, 8.770000, 3400, 8.780000, 30800, -1.790000, -0.160000
1476385273758, 8.770000, 8.770000, 3400, 8.780000, 31100, -1.790000, -0.160000
1476385275754, 8.770000, 8.770000, 3400, 8.780000, 31300, -1.790000, -0.160000
1476385277757, 8.770000, 8.770000, 3400, 8.780000, 31200, -1.790000, -0.160000
1476385279756, 8.770000, 8.770000, 3400, 8.780000, 31200, -1.790000, -0.160000
1476385281763, 8.770000, 8.770000, 3400, 8.780000, 31400, -1.790000, -0.160000
1476385283765, 8.770000, 8.770000, 1700, 8.780000, 32100, -1.790000, -0.160000
1476385285760, 8.765000, 8.760000, 18300, 8.770000, 22100, -1.850000, -0.165000
1476385287760, 8.760000, 8.760000, 19100, 8.770000, 21200, -1.900000, -0.170000
1476385289752, 8.760000, 8.760000, 17500, 8.770000, 21400, -1.900000, -0.170000
1476385291766, 8.760000, 8.760000, 16700, 8.770000, 21700, -1.900000, -0.170000
1476385293771, 8.760000, 8.760000, 16700, 8.770000, 21700, -1.900000, -0.170000
1476385295285, 8.760000, 8.760000, 18000, 8.770000, 21700, -1.900000, -0.170000
1476385297763, 8.760000, 8.760000, 15000, 8.770000, 24600, -1.900000, -0.170000
1476385299764, 8.760000, 8.760000, 12900, 8.770000, 24000, -1.900000, -0.170000
1476385301805, 8.760000, 8.760000, 12200, 8.770000, 25900, -1.900000, -0.170000
1476385303775, 8.760000, 8.760000, 11600, 8.770000, 26500, -1.900000, -0.170000
1476385305780, 8.760000, 8.760000, 6700, 8.770000, 26500, -1.900000, -0.170000
1476385307770, 8.760000, 8.760000, 6300, 8.770000, 26500, -1.900000, -0.170000
1476385309769, 8.760000, 8.760000, 6000, 8.770000, 27000, -1.900000, -0.170000
1476385311779, 8.760000, 8.760000, 5900, 8.770000, 27000, -1.900000, -0.170000
1476385313763, 8.760000, 8.760000, 3900, 8.770000, 27000, -1.900000, -0.170000
1476385315770, 8.760000, 8.760000, 2700, 8.770000, 32300, -1.900000, -0.170000
1476385317778, 8.760000, 8.760000, 2900, 8.770000, 32300, -1.900000, -0.170000
1476385319812, 8.760000, 8.760000, 3000, 8.770000, 32200, -1.900000, -0.170000
1476385321767, 8.760000, 8.760000, 2900, 8.770000, 32200, -1.900000, -0.170000
1476385323774, 8.760000, 8.760000, 2800, 8.770000, 32400, -1.900000, -0.170000
1476385325798, 8.765000, 8.760000, 2800, 8.770000, 32300, -1.850000, -0.165000
1476385327779, 8.760000, 8.760000, 2800, 8.770000, 35000, -1.900000, -0.170000
1476385329779, 8.760000, 8.760000, 2800, 8.770000, 36600, -1.900000, -0.170000
1476385331781, 8.760000, 8.760000, 2800, 8.770000, 36400, -1.900000, -0.170000
1476385333781, 8.760000, 8.760000, 2800, 8.770000, 37700, -1.900000, -0.170000
1476385335783, 8.765000, 8.760000, 3400, 8.770000, 38100, -1.850000, -0.165000
1476385337785, 8.760000, 8.760000, 5900, 8.770000, 38100, -1.900000, -0.170000
1476385339286, 8.760000, 8.760000, 7400, 8.770000, 37600, -1.900000, -0.170000
1476385341785, 8.760000, 8.760000, 6300, 8.770000, 37800, -1.900000, -0.170000
1476385343280, 8.760000, 8.760000, 5300, 8.770000, 37300, -1.900000, -0.170000
1476385345793, 8.760000, 8.760000, 2800, 8.770000, 37500, -1.900000, -0.170000
1476385347788, 8.760000, 8.760000, 2800, 8.770000, 37500, -1.900000, -0.170000
1476385349287, 8.760000, 8.760000, 2800, 8.770000, 36100, -1.900000, -0.170000
1476385351780, 8.760000, 8.760000, 3800, 8.770000, 36500, -1.900000, -0.170000
1476385353814, 8.760000, 8.760000, 3800, 8.770000, 36500, -1.900000, -0.170000
1476385355800, 8.760000, 8.760000, 3400, 8.770000, 36600, -1.900000, -0.170000
1476385357789, 8.760000, 8.760000, 3400, 8.770000, 38600, -1.900000, -0.170000
1476385359792, 8.760000, 8.760000, 3400, 8.770000, 37000, -1.900000, -0.170000
1476385361796, 8.760000, 8.760000, 1900, 8.770000, 38000, -1.900000, -0.170000
1476385363792, 8.760000, 8.760000, 1900, 8.770000, 38000, -1.900000, -0.170000
1476385365799, 8.760000, 8.760000, 1900, 8.770000, 36900, -1.900000, -0.170000
1476385367793, 8.760000, 8.760000, 2100, 8.770000, 36900, -1.900000, -0.170000
1476385369811, 8.760000, 8.760000, 2100, 8.770000, 36800, -1.900000, -0.170000
1476385371792, 8.760000, 8.760000, 3100, 8.770000, 36800, -1.900000, -0.170000
1476385373801, 8.760000, 8.760000, 3100, 8.770000, 36700, -1.900000, -0.170000
1476385375796, 8.765000, 8.760000, 2100, 8.770000, 36600, -1.850000, -0.165000
1476385377805, 8.765000, 8.760000, 2100, 8.770000, 36700, -1.850000, -0.165000
1476385379784, 8.760000, 8.760000, 2100, 8.770000, 37500, -1.900000, -0.170000
1476385381815, 8.760000, 8.760000, 2100, 8.770000, 37500, -1.900000, -0.170000
1476385383805, 8.760000, 8.760000, 2100, 8.770000, 37500, -1.900000, -0.170000
1476385385797, 8.760000, 8.760000, 2100, 8.770000, 37500, -1.900000, -0.170000
1476385387799, 8.760000, 8.760000, 2300, 8.770000, 37000, -1.900000, -0.170000
1476385389793, 8.760000, 8.760000, 2600, 8.770000, 36300, -1.900000, -0.170000
1476385391798, 8.760000, 8.760000, 2500, 8.770000, 36300, -1.900000, -0.170000
1476385393810, 8.760000, 8.760000, 2500, 8.770000, 36300, -1.900000, -0.170000
1476385395814, 8.760000, 8.760000, 1900, 8.770000, 36300, -1.900000, -0.170000
1476385397803, 8.760000, 8.760000, 1900, 8.770000, 40000, -1.900000, -0.170000
1476385399353, 8.760000, 8.760000, 1900, 8.770000, 37100, -1.900000, -0.170000
1476385401798, 8.760000, 8.760000, 2100, 8.770000, 35200, -1.900000, -0.170000
1476385403807, 8.760000, 8.760000, 2100, 8.770000, 35700, -1.900000, -0.170000
1476385405809, 8.760000, 8.760000, 2100, 8.770000, 35600, -1.900000, -0.170000
1476385407799, 8.760000, 8.760000, 2100, 8.770000, 35600, -1.900000, -0.170000
1476385409808, 8.760000, 8.760000, 2100, 8.770000, 40100, -1.900000, -0.170000
1476385411838, 8.760000, 8.760000, 2100, 8.770000, 43600, -1.900000, -0.170000
1476385413830, 8.760000, 8.760000, 2100, 8.770000, 39700, -1.900000, -0.170000
1476385415850, 8.760000, 8.760000, 2100, 8.770000, 37900, -1.900000, -0.170000
1476385417818, 8.755000, 8.750000, 16800, 8.760000, 27900, -1.960000, -0.175000
1476385419820, 8.750000, 8.750000, 18500, 8.760000, 27500, -2.020000, -0.180000
1476385421828, 8.755000, 8.750000, 15800, 8.760000, 27500, -1.960000, -0.175000
1476385423824, 8.750000, 8.750000, 12700, 8.760000, 27500, -2.020000, -0.180000
1476385425872, 8.750000, 8.750000, 12300, 8.760000, 27900, -2.020000, -0.180000
1476385427825, 8.750000, 8.750000, 12100, 8.760000, 28000, -2.020000, -0.180000
1476385429832, 8.750000, 8.750000, 11600, 8.760000, 28000, -2.020000, -0.180000
1476385431827, 8.750000, 8.750000, 11500, 8.760000, 28000, -2.020000, -0.180000
1476385433829, 8.750000, 8.750000, 12500, 8.760000, 25800, -2.020000, -0.180000
1476385435823, 8.750000, 8.750000, 11000, 8.760000, 25400, -2.020000, -0.180000
1476385437826, 8.750000, 8.750000, 10800, 8.760000, 25400, -2.020000, -0.180000
1476385439825, 8.750000, 8.750000, 10300, 8.760000, 25600, -2.020000, -0.180000
1476385441883, 8.755000, 8.750000, 10300, 8.760000, 25300, -1.960000, -0.175000
1476385443826, 8.750000, 8.750000, 14600, 8.760000, 25300, -2.020000, -0.180000
1476385445889, 8.755000, 8.750000, 15300, 8.760000, 27900, -1.960000, -0.175000
1476385447835, 8.755000, 8.750000, 15300, 8.760000, 27900, -1.960000, -0.175000
1476385449832, 8.750000, 8.750000, 15300, 8.760000, 27900, -2.020000, -0.180000
1476385451831, 8.750000, 8.750000, 14800, 8.760000, 27900, -2.020000, -0.180000
1476385453824, 8.750000, 8.750000, 13800, 8.760000, 28200, -2.020000, -0.180000
1476385455840, 8.750000, 8.750000, 13800, 8.760000, 28200, -2.020000, -0.180000
1476385457844, 8.750000, 8.750000, 13800, 8.760000, 26300, -2.020000, -0.180000
1476385459869, 8.750000, 8.750000, 13800, 8.760000, 26300, -2.020000, -0.180000
1476385461827, 8.750000, 8.750000, 11100, 8.760000, 26300, -2.020000, -0.180000
1476385463835, 8.750000, 8.750000, 10600, 8.760000, 25700, -2.020000, -0.180000
1476385465846, 8.750000, 8.750000, 10600, 8.760000, 25600, -2.020000, -0.180000
1476385467833, 8.750000, 8.750000, 10600, 8.760000, 25600, -2.020000, -0.180000
1476385469833, 8.750000, 8.750000, 10600, 8.760000, 26000, -2.020000, -0.180000
1476385471855, 8.750000, 8.750000, 10600, 8.760000, 26000, -2.020000, -0.180000
1476385473876, 8.750000, 8.750000, 7600, 8.760000, 26200, -2.020000, -0.180000
1476385475837, 8.750000, 8.750000, 6200, 8.760000, 26200, -2.020000, -0.180000
1476385477828, 8.750000, 8.750000, 6600, 8.760000, 26200, -2.020000, -0.180000
1476385479841, 8.750000, 8.750000, 6600, 8.760000, 26200, -2.020000, -0.180000
1476385481843, 8.755000, 8.750000, 6500, 8.760000, 26000, -1.960000, -0.175000
1476385483841, 8.755000, 8.750000, 6500, 8.760000, 26000, -1.960000, -0.175000
1476385485834, 8.750000, 8.750000, 6500, 8.760000, 26900, -2.020000, -0.180000
1476385487849, 8.750000, 8.750000, 6500, 8.760000, 26900, -2.020000, -0.180000
1476385489836, 8.750000, 8.750000, 6500, 8.760000, 26900, -2.020000, -0.180000
1476385491853, 8.750000, 8.750000, 6500, 8.760000, 26900, -2.020000, -0.180000
1476385493351, 8.750000, 8.750000, 6500, 8.760000, 26900, -2.020000, -0.180000
1476385495864, 8.760000, 8.750000, 9400, 8.760000, 26600, -1.900000, -0.170000
1476385497854, 8.760000, 8.750000, 9400, 8.760000, 26600, -1.900000, -0.170000
1476385499830, 8.760000, 8.750000, 8400, 8.760000, 26600, -1.900000, -0.170000
1476385501851, 8.750000, 8.750000, 5400, 8.760000, 29600, -2.020000, -0.180000
1476385503857, 8.750000, 8.750000, 5500, 8.760000, 29600, -2.020000, -0.180000
1476385505841, 8.750000, 8.750000, 5500, 8.760000, 29600, -2.020000, -0.180000
1476385507842, 8.750000, 8.750000, 4800, 8.760000, 29600, -2.020000, -0.180000
1476385509854, 8.750000, 8.750000, 5600, 8.760000, 29900, -2.020000, -0.180000
1476385511860, 8.750000, 8.750000, 7000, 8.760000, 29900, -2.020000, -0.180000
1476385513898, 8.750000, 8.750000, 7000, 8.760000, 29700, -2.020000, -0.180000
1476385515905, 8.750000, 8.750000, 7000, 8.760000, 29500, -2.020000, -0.180000
1476385517869, 8.750000, 8.750000, 7000, 8.760000, 29600, -2.020000, -0.180000
1476385519858, 8.750000, 8.750000, 3500, 8.760000, 38500, -2.020000, -0.180000
1476385521861, 8.750000, 8.750000, 3500, 8.760000, 33600, -2.020000, -0.180000
1476385523363, 8.750000, 8.750000, 3500, 8.760000, 39000, -2.020000, -0.180000
1476385525855, 8.750000, 8.750000, 3500, 8.760000, 39000, -2.020000, -0.180000
1476385527903, 8.750000, 8.750000, 3200, 8.760000, 39000, -2.020000, -0.180000
1476385529881, 8.750000, 8.750000, 3200, 8.760000, 39000, -2.020000, -0.180000
1476385531919, 8.750000, 8.750000, 3200, 8.760000, 39000, -2.020000, -0.180000
1476385533868, 8.750000, 8.750000, 3200, 8.760000, 38900, -2.020000, -0.180000
1476385535865, 8.750000, 8.750000, 3100, 8.760000, 39100, -2.020000, -0.180000
1476385537869, 8.750000, 8.750000, 3100, 8.760000, 39000, -2.020000, -0.180000
1476385539877, 8.750000, 8.750000, 3100, 8.760000, 39100, -2.020000, -0.180000
1476385541863, 8.750000, 8.750000, 3800, 8.760000, 38800, -2.020000, -0.180000
1476385543883, 8.750000, 8.750000, 3800, 8.760000, 39100, -2.020000, -0.180000
1476385545391, 8.750000, 8.750000, 3800, 8.760000, 39100, -2.020000, -0.180000
1476385547866, 8.750000, 8.750000, 3800, 8.760000, 38900, -2.020000, -0.180000
1476385549875, 8.750000, 8.750000, 3800, 8.760000, 38900, -2.020000, -0.180000
1476385551866, 8.750000, 8.750000, 3800, 8.760000, 36000, -2.020000, -0.180000
1476385553873, 8.750000, 8.750000, 3800, 8.760000, 35900, -2.020000, -0.180000
1476385555862, 8.750000, 8.750000, 3800, 8.760000, 37600, -2.020000, -0.180000
1476385557876, 8.750000, 8.750000, 3800, 8.760000, 38000, -2.020000, -0.180000
1476385559920, 8.750000, 8.750000, 3800, 8.760000, 38000, -2.020000, -0.180000
1476385561960, 8.750000, 8.750000, 3800, 8.760000, 38000, -2.020000, -0.180000
1476385563880, 8.750000, 8.750000, 3800, 8.760000, 38000, -2.020000, -0.180000
1476385565877, 8.759900, 8.750000, 3800, 8.760000, 38000, -1.900000, -0.170100
1476385567880, 8.750000, 8.750000, 3800, 8.760000, 37900, -2.020000, -0.180000
1476385569876, 8.750000, 8.750000, 3800, 8.760000, 37700, -2.020000, -0.180000
1476385571914, 8.750000, 8.750000, 3800, 8.760000, 37700, -2.020000, -0.180000
1476385573909, 8.750000, 8.750000, 3800, 8.760000, 37500, -2.020000, -0.180000
1476385575885, 8.750000, 8.750000, 3800, 8.760000, 37600, -2.020000, -0.180000
1476385577895, 8.750000, 8.750000, 3800, 8.760000, 37600, -2.020000, -0.180000
1476385579880, 8.750000, 8.750000, 3800, 8.760000, 37700, -2.020000, -0.180000
1476385581886, 8.750000, 8.750000, 3800, 8.760000, 37700, -2.020000, -0.180000
1476385583903, 8.750000, 8.750000, 3800, 8.760000, 37700, -2.020000, -0.180000
1476385585379, 8.750000, 8.750000, 3800, 8.760000, 35700, -2.020000, -0.180000
1476385588274, 8.750000, 8.750000, 3800, 8.760000, 43600, -2.020000, -0.180000
1476385590256, 8.750000, 8.750000, 3800, 8.760000, 43600, -2.020000, -0.180000
1476385592281, 8.750000, 8.750000, 6300, 8.760000, 37700, -2.020000, -0.180000
1476385594260, 8.750000, 8.750000, 3800, 8.760000, 37700, -2.020000, -0.180000
1476385596265, 8.750000, 8.750000, 3800, 8.760000, 37700, -2.020000, -0.180000
1476385598265, 8.750000, 8.750000, 3800, 8.760000, 37700, -2.020000, -0.180000
1476385600260, 8.750000, 8.750000, 3800, 8.760000, 38100, -2.020000, -0.180000
1476385601758, 8.750000, 8.750000, 3800, 8.760000, 38300, -2.020000, -0.180000
1476385604266, 8.750000, 8.750000, 3800, 8.760000, 38300, -2.020000, -0.180000
1476385606268, 8.750000, 8.750000, 15600, 8.760000, 30200, -2.020000, -0.180000
1476385608259, 8.750000, 8.750000, 15600, 8.760000, 30200, -2.020000, -0.180000
1476385610260, 8.750000, 8.750000, 15600, 8.760000, 30200, -2.020000, -0.180000
1476385612266, 8.750000, 8.750000, 15600, 8.760000, 30200, -2.020000, -0.180000
1476385614266, 8.750000, 8.740000, 20600, 8.750000, 26300, -2.020000, -0.180000
1476385616282, 8.740000, 8.740000, 15400, 8.750000, 30800, -2.130000, -0.190000
1476385618296, 8.745000, 8.740000, 14200, 8.750000, 28300, -2.070000, -0.185000
1476385620272, 8.740000, 8.740000, 13800, 8.750000, 27100, -2.130000, -0.190000
1476385622310, 8.745000, 8.740000, 14300, 8.750000, 27100, -2.070000, -0.185000
1476385624276, 8.745000, 8.740000, 14300, 8.750000, 27100, -2.070000, -0.185000
1476385626281, 8.740000, 8.740000, 8700, 8.750000, 27100, -2.130000, -0.190000
1476385628276, 8.740000, 8.740000, 8600, 8.750000, 29900, -2.130000, -0.190000
1476385630276, 8.745000, 8.740000, 7000, 8.750000, 29000, -2.070000, -0.185000
1476385632309, 8.740000, 8.740000, 6900, 8.750000, 29000, -2.130000, -0.190000
1476385634296, 8.740000, 8.740000, 6900, 8.750000, 29100, -2.130000, -0.190000
1476385636268, 8.740000, 8.740000, 6800, 8.750000, 29500, -2.130000, -0.190000
1476385637778, 8.740000, 8.740000, 6600, 8.750000, 29700, -2.130000, -0.190000
1476385640278, 8.740000, 8.740000, 6600, 8.750000, 30100, -2.130000, -0.190000
1476385642283, 8.740000, 8.740000, 7500, 8.750000, 30100, -2.130000, -0.190000
1476385644283, 8.740000, 8.740000, 7600, 8.750000, 30100, -2.130000, -0.190000
1476385646299, 8.740000, 8.740000, 7500, 8.750000, 30100, -2.130000, -0.190000
1476385648282, 8.740000, 8.740000, 6700, 8.750000, 31000, -2.130000, -0.190000
1476385650283, 8.740000, 8.740000, 6700, 8.750000, 31000, -2.130000, -0.190000
1476385652299, 8.740000, 8.740000, 6700, 8.750000, 31000, -2.130000, -0.190000
1476385654294, 8.750000, 8.740000, 6800, 8.750000, 30100, -2.020000, -0.180000
1476385656296, 8.740000, 8.740000, 6500, 8.750000, 30100, -2.130000, -0.190000
1476385658322, 8.740000, 8.740000, 6500, 8.750000, 30100, -2.130000, -0.190000
1476385660289, 8.740000, 8.740000, 6500, 8.750000, 30100, -2.130000, -0.190000
1476385662288, 8.740000, 8.740000, 6400, 8.750000, 30100, -2.130000, -0.190000
1476385664293, 8.740000, 8.740000, 6400, 8.750000, 30600, -2.130000, -0.190000
1476385666309, 8.740000, 8.740000, 6300, 8.750000, 30600, -2.130000, -0.190000
1476385668293, 8.740000, 8.740000, 6300, 8.750000, 30600, -2.130000, -0.190000
1476385670294, 8.740000, 8.740000, 6300, 8.750000, 30600, -2.130000, -0.190000
1476385672301, 8.745400, 8.740000, 6300, 8.750000, 30800, -2.070000, -0.184600
1476385673284, 8.745400, 8.740000, 6300, 8.750000, 31700, -2.070000, -0.184600
1476385676296, 8.740000, 8.740000, 6100, 8.750000, 32900, -2.130000, -0.190000
1476385678313, 8.740000, 8.740000, 6100, 8.750000, 32300, -2.130000, -0.190000
1476385680320, 8.740000, 8.740000, 6100, 8.750000, 33400, -2.130000, -0.190000
1476385682296, 8.740000, 8.740000, 6200, 8.750000, 33400, -2.130000, -0.190000
1476385684298, 8.750000, 8.740000, 7300, 8.750000, 33400, -2.020000, -0.180000
1476385686299, 8.740000, 8.740000, 7200, 8.750000, 33400, -2.130000, -0.190000
1476385688306, 8.740000, 8.740000, 8200, 8.750000, 32900, -2.130000, -0.190000
1476385690306, 8.740000, 8.740000, 5600, 8.750000, 33500, -2.130000, -0.190000
1476385692312, 8.740000, 8.740000, 4600, 8.750000, 39100, -2.130000, -0.190000
1476385694314, 8.745000, 8.740000, 4600, 8.750000, 39100, -2.070000, -0.185000
1476385696301, 8.740000, 8.740000, 4600, 8.750000, 39100, -2.130000, -0.190000
1476385698301, 8.740000, 8.740000, 4600, 8.750000, 39100, -2.130000, -0.190000
1476385700304, 8.740000, 8.740000, 4600, 8.750000, 39100, -2.130000, -0.190000
1476385702311, 8.740000, 8.740000, 4600, 8.750000, 39100, -2.130000, -0.190000
1476385704306, 8.740000, 8.740000, 4600, 8.750000, 39100, -2.130000, -0.190000
1476385706309, 8.740000, 8.740000, 4400, 8.750000, 39300, -2.130000, -0.190000
1476385708354, 8.740000, 8.740000, 4600, 8.750000, 39200, -2.130000, -0.190000
1476385710316, 8.740000, 8.740000, 4400, 8.750000, 38300, -2.130000, -0.190000
1476385712314, 8.740000, 8.740000, 4400, 8.750000, 37300, -2.130000, -0.190000
1476385714311, 8.740000, 8.740000, 4400, 8.750000, 39500, -2.130000, -0.190000
1476385716313, 8.740000, 8.740000, 4600, 8.750000, 37900, -2.130000, -0.190000
1476385718313, 8.740000, 8.740000, 4600, 8.750000, 37900, -2.130000, -0.190000
1476385720313, 8.740000, 8.740000, 4400, 8.750000, 38800, -2.130000, -0.190000
1476385722311, 8.740000, 8.740000, 4400, 8.750000, 38800, -2.130000, -0.190000
1476385724303, 8.740000, 8.740000, 4300, 8.750000, 38800, -2.130000, -0.190000
1476385726320, 8.735000, 8.730000, 5600, 8.740000, 30500, -2.180000, -0.195000
1476385728324, 8.734700, 8.730000, 5700, 8.740000, 30500, -2.190000, -0.195300
1476385730313, 8.730000, 8.730000, 4600, 8.740000, 30900, -2.240000, -0.200000
1476385732320, 8.730000, 8.730000, 3200, 8.740000, 30900, -2.240000, -0.200000
1476385734329, 8.730000, 8.730000, 4400, 8.740000, 31300, -2.240000, -0.200000
1476385736310, 8.735000, 8.730000, 4100, 8.740000, 30100, -2.180000, -0.195000
1476385738332, 8.735000, 8.730000, 4100, 8.740000, 30300, -2.180000, -0.195000
1476385740361, 8.730000, 8.730000, 4900, 8.740000, 30500, -2.240000, -0.200000
1476385742348, 8.730000, 8.730000, 5800, 8.740000, 30500, -2.240000, -0.200000
1476385744323, 8.730000, 8.730000, 5900, 8.740000, 30500, -2.240000, -0.200000
1476385746321, 8.730000, 8.730000, 5500, 8.740000, 30000, -2.240000, -0.200000
1476385748316, 8.740000, 8.730000, 5800, 8.740000, 25000, -2.130000, -0.190000
1476385750320, 8.735000, 8.730000, 5500, 8.740000, 25100, -2.180000, -0.195000
1476385752335, 8.735000, 8.730000, 5500, 8.740000, 25100, -2.180000, -0.195000
1476385754330, 8.730000, 8.730000, 5900, 8.740000, 25100, -2.240000, -0.200000
1476385756367, 8.730000, 8.730000, 5500, 8.740000, 25100, -2.240000, -0.200000
1476385758321, 8.730000, 8.730000, 5500, 8.740000, 25100, -2.240000, -0.200000
1476385760328, 8.730000, 8.730000, 6000, 8.740000, 25100, -2.240000, -0.200000
1476385762333, 8.730000, 8.730000, 5900, 8.740000, 25100, -2.240000, -0.200000
1476385764316, 8.730000, 8.730000, 5900, 8.740000, 25100, -2.240000, -0.200000
1476385765825, 8.730000, 8.730000, 5900, 8.740000, 25100, -2.240000, -0.200000
1476385768341, 8.730000, 8.730000, 5900, 8.740000, 25100, -2.240000, -0.200000
1476385770339, 8.730000, 8.730000, 5800, 8.740000, 25100, -2.240000, -0.200000
1476385772339, 8.730000, 8.730000, 5800, 8.740000, 25300, -2.240000, -0.200000
1476385774323, 8.730000, 8.730000, 5800, 8.740000, 25300, -2.240000, -0.200000
1476385775832, 8.730000, 8.730000, 5800, 8.740000, 25300, -2.240000, -0.200000
1476385778335, 8.735000, 8.730000, 5800, 8.740000, 25200, -2.180000, -0.195000
1476385780327, 8.730000, 8.730000, 5600, 8.740000, 25300, -2.240000, -0.200000
1476385782354, 8.730000, 8.730000, 3400, 8.740000, 26700, -2.240000, -0.200000
1476385784328, 8.730000, 8.730000, 5000, 8.740000, 29900, -2.240000, -0.200000
1476385785833, 8.730000, 8.730000, 3200, 8.740000, 30800, -2.240000, -0.200000
1476385788343, 8.730000, 8.730000, 3200, 8.740000, 35500, -2.240000, -0.200000
1476385790334, 8.730000, 8.730000, 3200, 8.740000, 35700, -2.240000, -0.200000
1476385792344, 8.730000, 8.730000, 3200, 8.740000, 35700, -2.240000, -0.200000
1476385794337, 8.735000, 8.730000, 3300, 8.740000, 35700, -2.180000, -0.195000
1476385796367, 8.730000, 8.730000, 3200, 8.740000, 35700, -2.240000, -0.200000
1476385798354, 8.730000, 8.730000, 3200, 8.740000, 39400, -2.240000, -0.200000
1476385800347, 8.731200, 8.730000, 3900, 8.740000, 38200, -2.230000, -0.198800
1476385802334, 8.730000, 8.730000, 3900, 8.740000, 42700, -2.240000, -0.200000
1476385804334, 8.730000, 8.730000, 3800, 8.740000, 42800, -2.240000, -0.200000
1476385806355, 8.730000, 8.730000, 3800, 8.740000, 42800, -2.240000, -0.200000
1476385808350, 8.730000, 8.730000, 3900, 8.740000, 36500, -2.240000, -0.200000
1476385810361, 8.735000, 8.730000, 3900, 8.740000, 36400, -2.180000, -0.195000
1476385812375, 8.730000, 8.730000, 3900, 8.740000, 35400, -2.240000, -0.200000
1476385814394, 8.730000, 8.730000, 3900, 8.740000, 35400, -2.240000, -0.200000
1476385816355, 8.730000, 8.730000, 3900, 8.740000, 35400, -2.240000, -0.200000
1476385818335, 8.730000, 8.730000, 3800, 8.740000, 35100, -2.240000, -0.200000
1476385820358, 8.730000, 8.730000, 3800, 8.740000, 35000, -2.240000, -0.200000
1476385822350, 8.730000, 8.730000, 3800, 8.740000, 35000, -2.240000, -0.200000
1476385824353, 8.730000, 8.730000, 3800, 8.740000, 35000, -2.240000, -0.200000
1476385826363, 8.730000, 8.730000, 3800, 8.740000, 43400, -2.240000, -0.200000
1476385827922, 8.735000, 8.730000, 3900, 8.740000, 42300, -2.180000, -0.195000
1476385830355, 8.735000, 8.730000, 3900, 8.740000, 42300, -2.180000, -0.195000
1476385832362, 8.730000, 8.730000, 3900, 8.740000, 42300, -2.240000, -0.200000
1476385834364, 8.730000, 8.730000, 4000, 8.740000, 42300, -2.240000, -0.200000
1476385836352, 8.730000, 8.730000, 3700, 8.740000, 42400, -2.240000, -0.200000
1476385838375, 8.730000, 8.730000, 3600, 8.740000, 40500, -2.240000, -0.200000
1476385840362, 8.730000, 8.730000, 3600, 8.740000, 35700, -2.240000, -0.200000
1476385842388, 8.733800, 8.730000, 3400, 8.740000, 43600, -2.200000, -0.196200
1476385844359, 8.733800, 8.730000, 3400, 8.740000, 42400, -2.200000, -0.196200
1476385846355, 8.730000, 8.730000, 3500, 8.740000, 42400, -2.240000, -0.200000
1476385848417, 8.730000, 8.730000, 3200, 8.740000, 40000, -2.240000, -0.200000
1476385850371, 8.730000, 8.730000, 3200, 8.740000, 42000, -2.240000, -0.200000
1476385852380, 8.730000, 8.730000, 3200, 8.740000, 37600, -2.240000, -0.200000
1476385854373, 8.730000, 8.730000, 3200, 8.740000, 32200, -2.240000, -0.200000
1476385856385, 8.730000, 8.730000, 15800, 8.740000, 16800, -2.240000, -0.200000
1476385858353, 8.730000, 8.730000, 14400, 8.740000, 20400, -2.240000, -0.200000
1476385860372, 8.730000, 8.730000, 14200, 8.740000, 20400, -2.240000, -0.200000
1476385862383, 8.730000, 8.730000, 14200, 8.740000, 21200, -2.240000, -0.200000
1476385864376, 8.740000, 8.730000, 14000, 8.740000, 21400, -2.130000, -0.190000
1476385866367, 8.740000, 8.730000, 14000, 8.740000, 21400, -2.130000, -0.190000
1476385868375, 8.740000, 8.730000, 14000, 8.740000, 21400, -2.130000, -0.190000
1476385870372, 8.735000, 8.730000, 13700, 8.740000, 21400, -2.180000, -0.195000
1476385872396, 8.730000, 8.730000, 13600, 8.740000, 21600, -2.240000, -0.200000
1476385874374, 8.740000, 8.730000, 13600, 8.740000, 21600, -2.130000, -0.190000
1476385876374, 8.730000, 8.730000, 13600, 8.740000, 21100, -2.240000, -0.200000
1476385878384, 8.730000, 8.730000, 13600, 8.740000, 21100, -2.240000, -0.200000
1476385880375, 8.735000, 8.730000, 13600, 8.740000, 21000, -2.180000, -0.195000
1476385882377, 8.735000, 8.730000, 13600, 8.740000, 21000, -2.180000, -0.195000
1476385884372, 8.730000, 8.730000, 13600, 8.740000, 21000, -2.240000, -0.200000
1476385886390, 8.730000, 8.730000, 13600, 8.740000, 22400, -2.240000, -0.200000
1476385888379, 8.730000, 8.730000, 13600, 8.740000, 22500, -2.240000, -0.200000
1476385890392, 8.730000, 8.730000, 13800, 8.740000, 22500, -2.240000, -0.200000
1476385892379, 8.730000, 8.730000, 13500, 8.740000, 22600, -2.240000, -0.200000
1476385894381, 8.730000, 8.730000, 13500, 8.740000, 22600, -2.240000, -0.200000
1476385896394, 8.730000, 8.730000, 13500, 8.740000, 22600, -2.240000, -0.200000
1476385898387, 8.730000, 8.730000, 13600, 8.740000, 22600, -2.240000, -0.200000
1476385900392, 8.730000, 8.730000, 13600, 8.740000, 22600, -2.240000, -0.200000
1476385902421, 8.730000, 8.730000, 13600, 8.740000, 22600, -2.240000, -0.200000
1476385904255, 8.730000, 8.730000, 13600, 8.740000, 22600, -2.240000, -0.200000
1476385906252, 8.730000, 8.730000, 13600, 8.740000, 22800, -2.240000, -0.200000
1476385908260, 8.730000, 8.730000, 13600, 8.740000, 22800, -2.240000, -0.200000
1476385910257, 8.730000, 8.730000, 13600, 8.740000, 22800, -2.240000, -0.200000
1476385912285, 8.730000, 8.730000, 13600, 8.740000, 22600, -2.240000, -0.200000
1476385914252, 8.730000, 8.730000, 13600, 8.740000, 22600, -2.240000, -0.200000
1476385915751, 8.730000, 8.730000, 13600, 8.740000, 22600, -2.240000, -0.200000
1476385918253, 8.730000, 8.730000, 13600, 8.740000, 22600, -2.240000, -0.200000
1476385920261, 8.730000, 8.730000, 13800, 8.740000, 22600, -2.240000, -0.200000
1476385922260, 8.730000, 8.730000, 13800, 8.740000, 22700, -2.240000, -0.200000
1476385924258, 8.740000, 8.730000, 14500, 8.740000, 22500, -2.130000, -0.190000
1476385926265, 8.730000, 8.730000, 14200, 8.740000, 22700, -2.240000, -0.200000
1476385928268, 8.735000, 8.730000, 19800, 8.740000, 22700, -2.180000, -0.195000
1476385929278, 8.735000, 8.730000, 19800, 8.740000, 22700, -2.180000, -0.195000
1476385932279, 8.735000, 8.730000, 18100, 8.740000, 22700, -2.180000, -0.195000
1476385934268, 8.730000, 8.730000, 17700, 8.740000, 22700, -2.240000, -0.200000
1476385936273, 8.735000, 8.730000, 17600, 8.740000, 22700, -2.180000, -0.195000
1476385937768, 8.735000, 8.730000, 17600, 8.740000, 22700, -2.180000, -0.195000
1476385940276, 8.735000, 8.730000, 16400, 8.740000, 22700, -2.180000, -0.195000
1476385942273, 8.735000, 8.730000, 20200, 8.740000, 22700, -2.180000, -0.195000
1476385944296, 8.735000, 8.730000, 20200, 8.740000, 22700, -2.180000, -0.195000
1476385946292, 8.735000, 8.730000, 20200, 8.740000, 22700, -2.180000, -0.195000
1476385948311, 8.730000, 8.730000, 20200, 8.740000, 22400, -2.240000, -0.200000
1476385950276, 8.730000, 8.730000, 18700, 8.740000, 22400, -2.240000, -0.200000
1476385952271, 8.730000, 8.730000, 18200, 8.740000, 22400, -2.240000, -0.200000
1476385954280, 8.739900, 8.730000, 18800, 8.740000, 22900, -2.130000, -0.190100
1476385956275, 8.739900, 8.730000, 16000, 8.740000, 21900, -2.130000, -0.190100
1476385958287, 8.739900, 8.730000, 16100, 8.740000, 21900, -2.130000, -0.190100
1476385960280, 8.755000, 8.750000, 8600, 8.760000, 31800, -1.960000, -0.175000
1476385962280, 8.750000, 8.750000, 13200, 8.760000, 32300, -2.020000, -0.180000
1476385964284, 8.750000, 8.750000, 14700, 8.760000, 32300, -2.020000, -0.180000
1476385966274, 8.750000, 8.750000, 14700, 8.760000, 32300, -2.020000, -0.180000
1476385968282, 8.750000, 8.750000, 14700, 8.760000, 32300, -2.020000, -0.180000
1476385970284, 8.755000, 8.750000, 14900, 8.760000, 32100, -1.960000, -0.175000
1476385971785, 8.755000, 8.750000, 16600, 8.760000, 32400, -1.960000, -0.175000
1476385974306, 8.755000, 8.750000, 16600, 8.760000, 32500, -1.960000, -0.175000
1476385976288, 8.755000, 8.750000, 16600, 8.760000, 32500, -1.960000, -0.175000
1476385978287, 8.755000, 8.750000, 16400, 8.760000, 32500, -1.960000, -0.175000
1476385980275, 8.755000, 8.750000, 16400, 8.760000, 32500, -1.960000, -0.175000
1476385982323, 8.755000, 8.750000, 16400, 8.760000, 32500, -1.960000, -0.175000
1476385984289, 8.755000, 8.750000, 16400, 8.760000, 32500, -1.960000, -0.175000
1476385986288, 8.755000, 8.750000, 16400, 8.760000, 32500, -1.960000, -0.175000
1476385988308, 8.755000, 8.750000, 17100, 8.760000, 32500, -1.960000, -0.175000
1476385990294, 8.755000, 8.750000, 17800, 8.760000, 32500, -1.960000, -0.175000
1476385992296, 8.755000, 8.750000, 21700, 8.760000, 32600, -1.960000, -0.175000
1476385994302, 8.755000, 8.750000, 21500, 8.760000, 28800, -1.960000, -0.175000
1476385996296, 8.755000, 8.750000, 21500, 8.760000, 28800, -1.960000, -0.175000
1476385998293, 8.755000, 8.750000, 21500, 8.760000, 28800, -1.960000, -0.175000
1476386000302, 8.755000, 8.750000, 21500, 8.760000, 28400, -1.960000, -0.175000
1476386002316, 8.755000, 8.750000, 21400, 8.760000, 24000, -1.960000, -0.175000
1476386004304, 8.755000, 8.750000, 21400, 8.760000, 24000, -1.960000, -0.175000
1476386006293, 8.760000, 8.750000, 29100, 8.760000, 3100, -1.900000, -0.170000
1476386008299, 8.760000, 8.750000, 29100, 8.760000, 3100, -1.900000, -0.170000
1476386010306, 8.760000, 8.760000, 28600, 8.770000, 15600, -1.900000, -0.170000
1476386012308, 8.760000, 8.760000, 26600, 8.770000, 17700, -1.900000, -0.170000
1476386014310, 8.770000, 8.760000, 34100, 8.770000, 2900, -1.790000, -0.160000
1476386016335, 8.760000, 8.760000, 34300, 8.770000, 3000, -1.900000, -0.170000
1476386018309, 8.760000, 8.760000, 33100, 8.770000, 2900, -1.900000, -0.170000
1476386020308, 8.760000, 8.760000, 33100, 8.770000, 2800, -1.900000, -0.170000
1476386021796, 8.775000, 8.770000, 13400, 8.780000, 22000, -1.740000, -0.155000
1476386023795, 8.775000, 8.770000, 13600, 8.780000, 22000, -1.740000, -0.155000
1476386026302, 8.770000, 8.770000, 11900, 8.780000, 22000, -1.790000, -0.160000
1476386028309, 8.770000, 8.770000, 11800, 8.780000, 21400, -1.790000, -0.160000
1476386030337, 8.765000, 8.760000, 25900, 8.770000, 34300, -1.850000, -0.165000
1476386031807, 8.760000, 8.760000, 27000, 8.770000, 23400, -1.900000, -0.170000
1476386034301, 8.760000, 8.760000, 25500, 8.770000, 26800, -1.900000, -0.170000
1476386036303, 8.760000, 8.760000, 25500, 8.770000, 27400, -1.900000, -0.170000
1476386038315, 8.760000, 8.760000, 25500, 8.770000, 28000, -1.900000, -0.170000
1476386040312, 8.760000, 8.760000, 24700, 8.770000, 26300, -1.900000, -0.170000
1476386042316, 8.765000, 8.760000, 24000, 8.770000, 26300, -1.850000, -0.165000
1476386044322, 8.769900, 8.760000, 24000, 8.770000, 26600, -1.790000, -0.160100
1476386046333, 8.769900, 8.760000, 24000, 8.770000, 26600, -1.790000, -0.160100
1476386047822, 8.770000, 8.760000, 24000, 8.770000, 26600, -1.790000, -0.160000
1476386050332, 8.770000, 8.760000, 24700, 8.770000, 26600, -1.790000, -0.160000
1476386052307, 8.770000, 8.760000, 24700, 8.770000, 26500, -1.790000, -0.160000
1476386054323, 8.765000, 8.760000, 24700, 8.770000, 26500, -1.850000, -0.165000
1476386056308, 8.765000, 8.760000, 24700, 8.770000, 26500, -1.850000, -0.165000
1476386058309, 8.765000, 8.760000, 24700, 8.770000, 26500, -1.850000, -0.165000
1476386060310, 8.765000, 8.760000, 24700, 8.770000, 26500, -1.850000, -0.165000
1476386062308, 8.760000, 8.760000, 24900, 8.770000, 26500, -1.900000, -0.170000
1476386064311, 8.765000, 8.760000, 26700, 8.770000, 26300, -1.850000, -0.165000
1476386066308, 8.765000, 8.760000, 26700, 8.770000, 26300, -1.850000, -0.165000
1476386068808, 8.765000, 8.760000, 26700, 8.770000, 26300, -1.850000, -0.165000
1476386070300, 8.770000, 8.760000, 26700, 8.770000, 20800, -1.790000, -0.160000
1476386072311, 8.770000, 8.760000, 25200, 8.770000, 20800, -1.790000, -0.160000
1476386074312, 8.770000, 8.760000, 25200, 8.770000, 21000, -1.790000, -0.160000
1476386076315, 8.770000, 8.760000, 25200, 8.770000, 21300, -1.790000, -0.160000
1476386078336, 8.770000, 8.760000, 25200, 8.770000, 21300, -1.790000, -0.160000
1476386080325, 8.770000, 8.760000, 25200, 8.770000, 21500, -1.790000, -0.160000
1476386081819, 8.765700, 8.760000, 25200, 8.770000, 21200, -1.840000, -0.164300
1476386084326, 8.769900, 8.760000, 24900, 8.770000, 20200, -1.790000, -0.160100
1476386086327, 8.769900, 8.760000, 24900, 8.770000, 20200, -1.790000, -0.160100
1476386087352, 8.769900, 8.760000, 24900, 8.770000, 20200, -1.790000, -0.160100
1476386090346, 8.769900, 8.760000, 24900, 8.770000, 20700, -1.790000, -0.160100
1476386092308, 8.769900, 8.760000, 24900, 8.770000, 20700, -1.790000, -0.160100
1476386094363, 8.769900, 8.760000, 24900, 8.770000, 20700, -1.790000, -0.160100
1476386096330, 8.770000, 8.760000, 26100, 8.770000, 23400, -1.790000, -0.160000
1476386098317, 8.770000, 8.760000, 24700, 8.770000, 23400, -1.790000, -0.160000
1476386100324, 8.770000, 8.760000, 24500, 8.770000, 23400, -1.790000, -0.160000
1476386102314, 8.770000, 8.760000, 21200, 8.770000, 24600, -1.790000, -0.160000
1476386104330, 8.770000, 8.760000, 21100, 8.770000, 24600, -1.790000, -0.160000
1476386106320, 8.770000, 8.760000, 20400, 8.770000, 24600, -1.790000, -0.160000
1476386108328, 8.750000, 8.750000, 13900, 8.760000, 24800, -2.020000, -0.180000
1476386110321, 8.755000, 8.750000, 16900, 8.760000, 24800, -1.960000, -0.175000
1476386112322, 8.760000, 8.750000, 24400, 8.760000, 14600, -1.900000, -0.170000
1476386114335, 8.755000, 8.750000, 24400, 8.760000, 14600, -1.960000, -0.175000
1476386116323, 8.755000, 8.750000, 25200, 8.760000, 14500, -1.960000, -0.175000
1476386118388, 8.755000, 8.750000, 25200, 8.760000, 14600, -1.960000, -0.175000
1476386120333, 8.755000, 8.750000, 25700, 8.760000, 14600, -1.960000, -0.175000
1476386122334, 8.760000, 8.760000, 22200, 8.770000, 24700, -1.900000, -0.170000
1476386124327, 8.770000, 8.760000, 22300, 8.770000, 23700, -1.790000, -0.160000
1476386126329, 8.770000, 8.760000, 22800, 8.770000, 23600, -1.790000, -0.160000
1476386128331, 8.770000, 8.760000, 22800, 8.770000, 23800, -1.790000, -0.160000
1476386130342, 8.770000, 8.760000, 22800, 8.770000, 23600, -1.790000, -0.160000
1476386132323, 8.770000, 8.760000, 22800, 8.770000, 23600, -1.790000, -0.160000
1476386134358, 8.765000, 8.760000, 24800, 8.770000, 23400, -1.850000, -0.165000
1476386136327, 8.770000, 8.760000, 24800, 8.770000, 21600, -1.790000, -0.160000
1476386138340, 8.770000, 8.760000, 24800, 8.770000, 21200, -1.790000, -0.160000
1476386140329, 8.770000, 8.760000, 24600, 8.770000, 21500, -1.790000, -0.160000
1476386142342, 8.770000, 8.760000, 23100, 8.770000, 21300, -1.790000, -0.160000
1476386144337, 8.770000, 8.760000, 23800, 8.770000, 21400, -1.790000, -0.160000
1476386146330, 8.770000, 8.760000, 24600, 8.770000, 21400, -1.790000, -0.160000
1476386148341, 8.770000, 8.760000, 24600, 8.770000, 21400, -1.790000, -0.160000
1476386150344, 8.770000, 8.760000, 24700, 8.770000, 21200, -1.790000, -0.160000
1476386152383, 8.770000, 8.760000, 24700, 8.770000, 21200, -1.790000, -0.160000
1476386154321, 8.770000, 8.760000, 24700, 8.770000, 21400, -1.790000, -0.160000
1476386156357, 8.770000, 8.760000, 24700, 8.770000, 21400, -1.790000, -0.160000
1476386158354, 8.770000, 8.760000, 24700, 8.770000, 21400, -1.790000, -0.160000
1476386160380, 8.770000, 8.760000, 24800, 8.770000, 21400, -1.790000, -0.160000
1476386162342, 8.770000, 8.760000, 24800, 8.770000, 21100, -1.790000, -0.160000
1476386164345, 8.770000, 8.760000, 23300, 8.770000, 20700, -1.790000, -0.160000
1476386166349, 8.770000, 8.760000, 22400, 8.770000, 20700, -1.790000, -0.160000
1476386168347, 8.770000, 8.760000, 22400, 8.770000, 17200, -1.790000, -0.160000
1476386170343, 8.765000, 8.760000, 22400, 8.770000, 17400, -1.850000, -0.165000
1476386172348, 8.765000, 8.760000, 22400, 8.770000, 17400, -1.850000, -0.165000
1476386174343, 8.765000, 8.760000, 22400, 8.770000, 17400, -1.850000, -0.165000
1476386176343, 8.765000, 8.760000, 22400, 8.770000, 17400, -1.850000, -0.165000
1476386178325, 8.765000, 8.760000, 22400, 8.770000, 16600, -1.850000, -0.165000
1476386180355, 8.770000, 8.760000, 23900, 8.770000, 16600, -1.790000, -0.160000
1476386182355, 8.770000, 8.760000, 23900, 8.770000, 16600, -1.790000, -0.160000
1476386184360, 8.770000, 8.760000, 23900, 8.770000, 16600, -1.790000, -0.160000
1476386185897, 8.770000, 8.760000, 23900, 8.770000, 16600, -1.790000, -0.160000
1476386188347, 8.770000, 8.760000, 23900, 8.770000, 16700, -1.790000, -0.160000
1476386190337, 8.770000, 8.760000, 23900, 8.770000, 16700, -1.790000, -0.160000
1476386192356, 8.770000, 8.760000, 23900, 8.770000, 16700, -1.790000, -0.160000
1476386194349, 8.770000, 8.760000, 24000, 8.770000, 16600, -1.790000, -0.160000
1476386196346, 8.770000, 8.760000, 24000, 8.770000, 16600, -1.790000, -0.160000
1476386198368, 8.770000, 8.760000, 24000, 8.770000, 16500, -1.790000, -0.160000
1476386200358, 8.770000, 8.760000, 24100, 8.770000, 16500, -1.790000, -0.160000
1476386202356, 8.765000, 8.760000, 24700, 8.770000, 16500, -1.850000, -0.165000
1476386204363, 8.765000, 8.760000, 24700, 8.770000, 16700, -1.850000, -0.165000
1476386206375, 8.765000, 8.760000, 18400, 8.770000, 18500, -1.850000, -0.165000
1476386208362, 8.765000, 8.760000, 18600, 8.770000, 18500, -1.850000, -0.165000
1476386210367, 8.765000, 8.760000, 18600, 8.770000, 18500, -1.850000, -0.165000
1476386212356, 8.765000, 8.760000, 18900, 8.770000, 18500, -1.850000, -0.165000
1476386214341, 8.765000, 8.760000, 18800, 8.770000, 18800, -1.850000, -0.165000
1476386216354, 8.765000, 8.760000, 18600, 8.770000, 18800, -1.850000, -0.165000
1476386218362, 8.755000, 8.750000, 7300, 8.760000, 32700, -1.960000, -0.175000
1476386220382, 8.755000, 8.750000, 7300, 8.760000, 32800, -1.960000, -0.175000
1476386222372, 8.755000, 8.750000, 7400, 8.760000, 32800, -1.960000, -0.175000
1476386224331, 8.755000, 8.750000, 7800, 8.760000, 28900, -1.960000, -0.175000
1476386226362, 8.755000, 8.750000, 10000, 8.760000, 33200, -1.960000, -0.175000
1476386228374, 8.755000, 8.750000, 13100, 8.760000, 31100, -1.960000, -0.175000
1476386230373, 8.755000, 8.750000, 17200, 8.760000, 33800, -1.960000, -0.175000
1476386232366, 8.755000, 8.750000, 17200, 8.760000, 37600, -1.960000, -0.175000
1476386234368, 8.755000, 8.750000, 16900, 8.760000, 37600, -1.960000, -0.175000
1476386236479, 8.755000, 8.750000, 16900, 8.760000, 37600, -1.960000, -0.175000
1476386238774, 8.755000, 8.750000, 10800, 8.760000, 37600, -1.960000, -0.175000
1476386240753, 8.755000, 8.750000, 10800, 8.760000, 37600, -1.960000, -0.175000
1476386242752, 8.755000, 8.750000, 10800, 8.760000, 37800, -1.960000, -0.175000
1476386244750, 8.755000, 8.750000, 10800, 8.760000, 37800, -1.960000, -0.175000
1476386246755, 8.755000, 8.750000, 10800, 8.760000, 37800, -1.960000, -0.175000
1476386248758, 8.755000, 8.750000, 10800, 8.760000, 37800, -1.960000, -0.175000
1476386250789, 8.755000, 8.750000, 10700, 8.760000, 37300, -1.960000, -0.175000
1476386252771, 8.755000, 8.750000, 10700, 8.760000, 32900, -1.960000, -0.175000
1476386254760, 8.755000, 8.750000, 10800, 8.760000, 32900, -1.960000, -0.175000
1476386256755, 8.755000, 8.750000, 10800, 8.760000, 33000, -1.960000, -0.175000
1476386258756, 8.755000, 8.750000, 10800, 8.760000, 33100, -1.960000, -0.175000
1476386260262, 8.755000, 8.750000, 10800, 8.760000, 33400, -1.960000, -0.175000
1476386262764, 8.760000, 8.750000, 10800, 8.760000, 33500, -1.900000, -0.170000
1476386264778, 8.760000, 8.750000, 10800, 8.760000, 33500, -1.900000, -0.170000
1476386266768, 8.760000, 8.750000, 10800, 8.760000, 33500, -1.900000, -0.170000
1476386268761, 8.760000, 8.750000, 10800, 8.760000, 33400, -1.900000, -0.170000
1476386270758, 8.755000, 8.750000, 6500, 8.760000, 38400, -1.960000, -0.175000
1476386272763, 8.760000, 8.750000, 10300, 8.760000, 38000, -1.900000, -0.170000
1476386274768, 8.755000, 8.750000, 17600, 8.760000, 39700, -1.960000, -0.175000
1476386276765, 8.755000, 8.750000, 14700, 8.760000, 39200, -1.960000, -0.175000
1476386278267, 8.755000, 8.750000, 14200, 8.760000, 38200, -1.960000, -0.175000
1476386280773, 8.755000, 8.750000, 17100, 8.760000, 39200, -1.960000, -0.175000
1476386282762, 8.755000, 8.750000, 17500, 8.760000, 39500, -1.960000, -0.175000
1476386284769, 8.755000, 8.750000, 15200, 8.760000, 39600, -1.960000, -0.175000
1476386286774, 8.755000, 8.750000, 15100, 8.760000, 38100, -1.960000, -0.175000
1476386288769, 8.755000, 8.750000, 12900, 8.760000, 38200, -1.960000, -0.175000
1476386290778, 8.755000, 8.750000, 12600, 8.760000, 38000, -1.960000, -0.175000
1476386292271, 8.755000, 8.750000, 12600, 8.760000, 38000, -1.960000, -0.175000
1476386294785, 8.755000, 8.750000, 12600, 8.760000, 37400, -1.960000, -0.175000
1476386296775, 8.750000, 8.750000, 12500, 8.760000, 37500, -2.020000, -0.180000
1476386298780, 8.750000, 8.750000, 12500, 8.760000, 37500, -2.020000, -0.180000
1476386300771, 8.755000, 8.750000, 3800, 8.760000, 48000, -1.960000, -0.175000
1476386302773, 8.750000, 8.750000, 3800, 8.760000, 48000, -2.020000, -0.180000
1476386304777, 8.755000, 8.750000, 3800, 8.760000, 49300, -1.960000, -0.175000
1476386306794, 8.749500, 8.740000, 19600, 8.750000, 28900, -2.020000, -0.180500
1476386308290, 8.749500, 8.740000, 19600, 8.750000, 28900, -2.020000, -0.180500
1476386310769, 8.749500, 8.740000, 19600, 8.750000, 28900, -2.020000, -0.180500
1476386312780, 8.749500, 8.740000, 19600, 8.750000, 31600, -2.020000, -0.180500
1476386314772, 8.749500, 8.740000, 19600, 8.750000, 31600, -2.020000, -0.180500
1476386316787, 8.755000, 8.750000, 27100, 8.760000, 38100, -1.960000, -0.175000
1476386318788, 8.755000, 8.750000, 27100, 8.760000, 39400, -1.960000, -0.175000
1476386320784, 8.755000, 8.750000, 27100, 8.760000, 39400, -1.960000, -0.175000
1476386322781, 8.754700, 8.750000, 27100, 8.760000, 38900, -1.960000, -0.175300
1476386324782, 8.754700, 8.750000, 26900, 8.760000, 38500, -1.960000, -0.175300
1476386326786, 8.754700, 8.750000, 26200, 8.760000, 38500, -1.960000, -0.175300
1476386328783, 8.754700, 8.750000, 21200, 8.760000, 38600, -1.960000, -0.175300
1476386330786, 8.754700, 8.750000, 21300, 8.760000, 39100, -1.960000, -0.175300
1476386332779, 8.754700, 8.750000, 20900, 8.760000, 39000, -1.960000, -0.175300
1476386334791, 8.754700, 8.750000, 20900, 8.760000, 39500, -1.960000, -0.175300
1476386336827, 8.757700, 8.750000, 20900, 8.760000, 39000, -1.930000, -0.172300
1476386338791, 8.757700, 8.750000, 20900, 8.760000, 39000, -1.930000, -0.172300
1476386340834, 8.757700, 8.750000, 21000, 8.760000, 39000, -1.930000, -0.172300
1476386342793, 8.757700, 8.750000, 21000, 8.760000, 39000, -1.930000, -0.172300
1476386344804, 8.757700, 8.750000, 20900, 8.760000, 39000, -1.930000, -0.172300
1476386346802, 8.757700, 8.750000, 20900, 8.760000, 39200, -1.930000, -0.172300
1476386348825, 8.757700, 8.750000, 20600, 8.760000, 39200, -1.930000, -0.172300
1476386350803, 8.757700, 8.750000, 20600, 8.760000, 39200, -1.930000, -0.172300
1476386352788, 8.750000, 8.750000, 6400, 8.760000, 40100, -2.020000, -0.180000
1476386354835, 8.750000, 8.750000, 6400, 8.760000, 40100, -2.020000, -0.180000
1476386356793, 8.750000, 8.750000, 6400, 8.760000, 40100, -2.020000, -0.180000
1476386358795, 8.750000, 8.750000, 6400, 8.760000, 40300, -2.020000, -0.180000
1476386360807, 8.755000, 8.750000, 6300, 8.760000, 40300, -1.960000, -0.175000
1476386362793, 8.750000, 8.740000, 12200, 8.750000, 29400, -2.020000, -0.180000
1476386364799, 8.745000, 8.740000, 3400, 8.750000, 34300, -2.070000, -0.185000
1476386366302, 8.740000, 8.740000, 3000, 8.750000, 34800, -2.130000, -0.190000
1476386368837, 8.745000, 8.740000, 4800, 8.750000, 34900, -2.070000, -0.185000
1476386370800, 8.745000, 8.740000, 5100, 8.750000, 34900, -2.070000, -0.185000
1476386372812, 8.745000, 8.740000, 5000, 8.750000, 34900, -2.070000, -0.185000
1476386374799, 8.740000, 8.740000, 3200, 8.750000, 36200, -2.130000, -0.190000
1476386376822, 8.740000, 8.740000, 3200, 8.750000, 36200, -2.130000, -0.190000
1476386378851, 8.740000, 8.740000, 3700, 8.750000, 36200, -2.130000, -0.190000
1476386380801, 8.740000, 8.740000, 3200, 8.750000, 35700, -2.130000, -0.190000
1476386382838, 8.740000, 8.740000, 2400, 8.750000, 37100, -2.130000, -0.190000
1476386384811, 8.740000, 8.740000, 2300, 8.750000, 36400, -2.130000, -0.190000
1476386386809, 8.745000, 8.740000, 10600, 8.750000, 34600, -2.070000, -0.185000
1476386388819, 8.745000, 8.740000, 10600, 8.750000, 34600, -2.070000, -0.185000
1476386390807, 8.740000, 8.740000, 7500, 8.750000, 34900, -2.130000, -0.190000
1476386392804, 8.740000, 8.740000, 7500, 8.750000, 34900, -2.130000, -0.190000
1476386394821, 8.740000, 8.740000, 7400, 8.750000, 34900, -2.130000, -0.190000
1476386396812, 8.740000, 8.740000, 2800, 8.750000, 36000, -2.130000, -0.190000
1476386398818, 8.740000, 8.740000, 2800, 8.750000, 36000, -2.130000, -0.190000
1476386400822, 8.740000, 8.740000, 2100, 8.750000, 36500, -2.130000, -0.190000
1476386402813, 8.745000, 8.740000, 2900, 8.750000, 36500, -2.070000, -0.185000
1476386404812, 8.750000, 8.740000, 6100, 8.750000, 35400, -2.020000, -0.180000
1476386406841, 8.750000, 8.740000, 15200, 8.750000, 34300, -2.020000, -0.180000
1476386408837, 8.750000, 8.740000, 15000, 8.750000, 34300, -2.020000, -0.180000
1476386410312, 8.750000, 8.740000, 15000, 8.750000, 34300, -2.020000, -0.180000
1476386412828, 8.750000, 8.740000, 14300, 8.750000, 34300, -2.020000, -0.180000
1476386414856, 8.750000, 8.740000, 14300, 8.750000, 34300, -2.020000, -0.180000
1476386416835, 8.741000, 8.740000, 14300, 8.750000, 34300, -2.120000, -0.189000
1476386418328, 8.741000, 8.740000, 14100, 8.750000, 34300, -2.120000, -0.189000
1476386420826, 8.741000, 8.740000, 14500, 8.750000, 34300, -2.120000, -0.189000
1476386422838, 8.741000, 8.740000, 14500, 8.750000, 34300, -2.120000, -0.189000
1476386424872, 8.741000, 8.740000, 14400, 8.750000, 34300, -2.120000, -0.189000
1476386426871, 8.741000, 8.740000, 14400, 8.750000, 34300, -2.120000, -0.189000
1476386428840, 8.741000, 8.740000, 14400, 8.750000, 34300, -2.120000, -0.189000
1476386430818, 8.740000, 8.740000, 6600, 8.750000, 35200, -2.130000, -0.190000
1476386432831, 8.740000, 8.740000, 6500, 8.750000, 35000, -2.130000, -0.190000
1476386434333, 8.740000, 8.740000, 6500, 8.750000, 35100, -2.130000, -0.190000
1476386436836, 8.740000, 8.740000, 3100, 8.750000, 36300, -2.130000, -0.190000
1476386438879, 8.740000, 8.740000, 3000, 8.750000, 36300, -2.130000, -0.190000
1476386440865, 8.740000, 8.740000, 2500, 8.750000, 38800, -2.130000, -0.190000
1476386442855, 8.740000, 8.740000, 1200, 8.750000, 39400, -2.130000, -0.190000
1476386444847, 8.740000, 8.740000, 1200, 8.750000, 39300, -2.130000, -0.190000
1476386446854, 8.745000, 8.740000, 2000, 8.750000, 39300, -2.070000, -0.185000
1476386448826, 8.745000, 8.740000, 2600, 8.750000, 39300, -2.070000, -0.185000
1476386450845, 8.745000, 8.740000, 2600, 8.750000, 39200, -2.070000, -0.185000
1476386452850, 8.745000, 8.740000, 3500, 8.750000, 37700, -2.070000, -0.185000
1476386454864, 8.745000, 8.740000, 3500, 8.750000, 37900, -2.070000, -0.185000
1476386456832, 8.740000, 8.740000, 2200, 8.750000, 38900, -2.130000, -0.190000
1476386458861, 8.745000, 8.740000, 2200, 8.750000, 39000, -2.070000, -0.185000
1476386460849, 8.745000, 8.740000, 2200, 8.750000, 39000, -2.070000, -0.185000
1476386462845, 8.747500, 8.740000, 2400, 8.750000, 39100, -2.040000, -0.182500
1476386464855, 8.747500, 8.740000, 2400, 8.750000, 38900, -2.040000, -0.182500
1476386466851, 8.740000, 8.740000, 2400, 8.750000, 38900, -2.130000, -0.190000
1476386468859, 8.740000, 8.740000, 2900, 8.750000, 38900, -2.130000, -0.190000
1476386470882, 8.740000, 8.740000, 2700, 8.750000, 38900, -2.130000, -0.190000
1476386472883, 8.745000, 8.740000, 2000, 8.750000, 39400, -2.070000, -0.185000
1476386474347, 8.745000, 8.740000, 2000, 8.750000, 39400, -2.070000, -0.185000
1476386476894, 8.740000, 8.740000, 2000, 8.750000, 39400, -2.130000, -0.190000
1476386478861, 8.745000, 8.740000, 1100, 8.750000, 39400, -2.070000, -0.185000
1476386480857, 8.735000, 8.730000, 16500, 8.740000, 23500, -2.180000, -0.195000
1476386482861, 8.735000, 8.730000, 24600, 8.740000, 14200, -2.180000, -0.195000
1476386484857, 8.735000, 8.730000, 28400, 8.740000, 9200, -2.180000, -0.195000
1476386486386, 8.735000, 8.730000, 26800, 8.740000, 11200, -2.180000, -0.195000
1476386488864, 8.734700, 8.730000, 26800, 8.740000, 11200, -2.190000, -0.195300
1476386490866, 8.740000, 8.730000, 29900, 8.740000, 7800, -2.130000, -0.190000
1476386492867, 8.735000, 8.730000, 30700, 8.740000, 8800, -2.180000, -0.195000
1476386494851, 8.735000, 8.730000, 30700, 8.740000, 8800, -2.180000, -0.195000
1476386496855, 8.735000, 8.730000, 29400, 8.740000, 8800, -2.180000, -0.195000
1476386498862, 8.735000, 8.730000, 29400, 8.740000, 8800, -2.180000, -0.195000
1476386500863, 8.735000, 8.730000, 29900, 8.740000, 8800, -2.180000, -0.195000
1476386502871, 8.735000, 8.730000, 29700, 8.740000, 16100, -2.180000, -0.195000
1476386504861, 8.735000, 8.730000, 26100, 8.740000, 16300, -2.180000, -0.195000
1476386506872, 8.735000, 8.730000, 25900, 8.740000, 16300, -2.180000, -0.195000
1476386508874, 8.735000, 8.730000, 24300, 8.740000, 17500, -2.180000, -0.195000
1476386510876, 8.735000, 8.730000, 20100, 8.740000, 18000, -2.180000, -0.195000
1476386512854, 8.735000, 8.730000, 20100, 8.740000, 18000, -2.180000, -0.195000
1476386514878, 8.735000, 8.730000, 20100, 8.740000, 18000, -2.180000, -0.195000
1476386516879, 8.735000, 8.730000, 22800, 8.740000, 17600, -2.180000, -0.195000
1476386518879, 8.735000, 8.730000, 22800, 8.740000, 17600, -2.180000, -0.195000
1476386520379, 8.735000, 8.730000, 22800, 8.740000, 17600, -2.180000, -0.195000
1476386522880, 8.730000, 8.730000, 22800, 8.740000, 17600, -2.240000, -0.200000
1476386524891, 8.735000, 8.730000, 22800, 8.740000, 17600, -2.180000, -0.195000
1476386526883, 8.740000, 8.730000, 24600, 8.740000, 12000, -2.130000, -0.190000
1476386528864, 8.740000, 8.730000, 29600, 8.740000, 12100, -2.130000, -0.190000
1476386530879, 8.740000, 8.730000, 25500, 8.740000, 12100, -2.130000, -0.190000
1476386532895, 8.740000, 8.730000, 37100, 8.740000, 3500, -2.130000, -0.190000
1476386534878, 8.740000, 8.730000, 38200, 8.740000, 4900, -2.130000, -0.190000
1476386536880, 8.735000, 8.730000, 38200, 8.740000, 4300, -2.180000, -0.195000
1476386538891, 8.735000, 8.730000, 34900, 8.740000, 4400, -2.180000, -0.195000
1476386540896, 8.735000, 8.730000, 34100, 8.740000, 5100, -2.180000, -0.195000
1476386542896, 8.735000, 8.730000, 34100, 8.740000, 5500, -2.180000, -0.195000
1476386544911, 8.735000, 8.730000, 34100, 8.740000, 5700, -2.180000, -0.195000
1476386546889, 8.735000, 8.730000, 34100, 8.740000, 5700, -2.180000, -0.195000
1476386548896, 8.740000, 8.730000, 33900, 8.740000, 5000, -2.130000, -0.190000
1476386550890, 8.740000, 8.730000, 33900, 8.740000, 5000, -2.130000, -0.190000
1476386552890, 8.740000, 8.730000, 33900, 8.740000, 5000, -2.130000, -0.190000
1476386554898, 8.740000, 8.730000, 33900, 8.740000, 5000, -2.130000, -0.190000
1476386556884, 8.740000, 8.730000, 33900, 8.740000, 4800, -2.130000, -0.190000
1476386558915, 8.740000, 8.730000, 33900, 8.740000, 5200, -2.130000, -0.190000
1476386560895, 8.740000, 8.730000, 33900, 8.740000, 5200, -2.130000, -0.190000
1476386561457, 8.740000, 8.730000, 33900, 8.740000, 5200, -2.130000, -0.190000
1476386564756, 8.735000, 8.730000, 33900, 8.740000, 7800, -2.180000, -0.195000
1476386566753, 8.735000, 8.730000, 33900, 8.740000, 7800, -2.180000, -0.195000
1476386568762, 8.740000, 8.730000, 33900, 8.740000, 5200, -2.130000, -0.190000
1476386570756, 8.740000, 8.730000, 33900, 8.740000, 5100, -2.130000, -0.190000
1476386572762, 8.735000, 8.730000, 33900, 8.740000, 5100, -2.180000, -0.195000
1476386574262, 8.735000, 8.730000, 33900, 8.740000, 5100, -2.180000, -0.195000
1476386576755, 8.735000, 8.730000, 33900, 8.740000, 5100, -2.180000, -0.195000
1476386578761, 8.735000, 8.730000, 33700, 8.740000, 9500, -2.180000, -0.195000
1476386580765, 8.735000, 8.730000, 33700, 8.740000, 9500, -2.180000, -0.195000
1476386582765, 8.735000, 8.730000, 33800, 8.740000, 9700, -2.180000, -0.195000
1476386584769, 8.740000, 8.730000, 33800, 8.740000, 9700, -2.130000, -0.190000
1476386586764, 8.740000, 8.730000, 36400, 8.740000, 5200, -2.130000, -0.190000
1476386588768, 8.735000, 8.730000, 36600, 8.740000, 5200, -2.180000, -0.195000
1476386590772, 8.735000, 8.730000, 34700, 8.740000, 8800, -2.180000, -0.195000
1476386592768, 8.740000, 8.730000, 34700, 8.740000, 10400, -2.130000, -0.190000
1476386594770, 8.740000, 8.730000, 34700, 8.740000, 10400, -2.130000, -0.190000
1476386596794, 8.730000, 8.730000, 32200, 8.740000, 15300, -2.240000, -0.200000
1476386598772, 8.735000, 8.730000, 27100, 8.740000, 15100, -2.180000, -0.195000
1476386600778, 8.735000, 8.730000, 27700, 8.740000, 15300, -2.180000, -0.195000
1476386602766, 8.730000, 8.730000, 21800, 8.740000, 17700, -2.240000, -0.200000
1476386604761, 8.730000, 8.730000, 23400, 8.740000, 17700, -2.240000, -0.200000
1476386606848, 8.740000, 8.730000, 21900, 8.740000, 17700, -2.130000, -0.190000
1476386608777, 8.730000, 8.730000, 9200, 8.740000, 18600, -2.240000, -0.200000
1476386610778, 8.730000, 8.730000, 9200, 8.740000, 18600, -2.240000, -0.200000
1476386612786, 8.730000, 8.730000, 9300, 8.740000, 18600, -2.240000, -0.200000
1476386614779, 8.735000, 8.730000, 13800, 8.740000, 18400, -2.180000, -0.195000
1476386616793, 8.740000, 8.730000, 16900, 8.740000, 17500, -2.130000, -0.190000
1476386618800, 8.740000, 8.730000, 16600, 8.740000, 18500, -2.130000, -0.190000
1476386620800, 8.731000, 8.730000, 16600, 8.740000, 19700, -2.230000, -0.199000
1476386622784, 8.740000, 8.730000, 17000, 8.740000, 19600, -2.130000, -0.190000
1476386624793, 8.730000, 8.730000, 16200, 8.740000, 19800, -2.240000, -0.200000
1476386626785, 8.730000, 8.730000, 16700, 8.740000, 18100, -2.240000, -0.200000
1476386628797, 8.730000, 8.730000, 15000, 8.740000, 18100, -2.240000, -0.200000
1476386630788, 8.740000, 8.730000, 13700, 8.740000, 18100, -2.130000, -0.190000
1476386632785, 8.730000, 8.730000, 13700, 8.740000, 18100, -2.240000, -0.200000
1476386634303, 8.730000, 8.730000, 13700, 8.740000, 17900, -2.240000, -0.200000
1476386636794, 8.730000, 8.730000, 13700, 8.740000, 17900, -2.240000, -0.200000
1476386638789, 8.730000, 8.730000, 13700, 8.740000, 17900, -2.240000, -0.200000
1476386640802, 8.730000, 8.730000, 12400, 8.740000, 17900, -2.240000, -0.200000
1476386642792, 8.735000, 8.730000, 9900, 8.740000, 18800, -2.180000, -0.195000
1476386644789, 8.735000, 8.730000, 13100, 8.740000, 18800, -2.180000, -0.195000
1476386646803, 8.730000, 8.730000, 13100, 8.740000, 17700, -2.240000, -0.200000
1476386648814, 8.730000, 8.730000, 13100, 8.740000, 17700, -2.240000, -0.200000
1476386650800, 8.730000, 8.730000, 12500, 8.740000, 18100, -2.240000, -0.200000
1476386652788, 8.730000, 8.730000, 12000, 8.740000, 19400, -2.240000, -0.200000
1476386654291, 8.730000, 8.730000, 12900, 8.740000, 19400, -2.240000, -0.200000
1476386656784, 8.740000, 8.730000, 13000, 8.740000, 19400, -2.130000, -0.190000
1476386658809, 8.730000, 8.730000, 12500, 8.740000, 19400, -2.240000, -0.200000
1476386660822, 8.735000, 8.730000, 12600, 8.740000, 19200, -2.180000, -0.195000
1476386662818, 8.730000, 8.730000, 12600, 8.740000, 19200, -2.240000, -0.200000
1476386664813, 8.730000, 8.730000, 12600, 8.740000, 19100, -2.240000, -0.200000
1476386666793, 8.740000, 8.730000, 12600, 8.740000, 19100, -2.130000, -0.190000
1476386668808, 8.730000, 8.730000, 12600, 8.740000, 19100, -2.240000, -0.200000
1476386670801, 8.740000, 8.730000, 11900, 8.740000, 19600, -2.130000, -0.190000
1476386672813, 8.740000, 8.730000, 11900, 8.740000, 19500, -2.130000, -0.190000
1476386674816, 8.730000, 8.730000, 11900, 8.740000, 19500, -2.240000, -0.200000
1476386676833, 8.730000, 8.730000, 11900, 8.740000, 19500, -2.240000, -0.200000
1476386678800, 8.735000, 8.730000, 8900, 8.740000, 19500, -2.180000, -0.195000
1476386680811, 8.730000, 8.730000, 8400, 8.740000, 19500, -2.240000, -0.200000
1476386682822, 8.730000, 8.730000, 8800, 8.740000, 20400, -2.240000, -0.200000
1476386684813, 8.730000, 8.730000, 11400, 8.740000, 20500, -2.240000, -0.200000
1476386686808, 8.730000, 8.730000, 11500, 8.740000, 20500, -2.240000, -0.200000
1476386688818, 8.730000, 8.730000, 12300, 8.740000, 20700, -2.240000, -0.200000
1476386690795, 8.730000, 8.730000, 11400, 8.740000, 20500, -2.240000, -0.200000
1476386692813, 8.730000, 8.730000, 10700, 8.740000, 20500, -2.240000, -0.200000
1476386694821, 8.730000, 8.730000, 10600, 8.740000, 20500, -2.240000, -0.200000
1476386696843, 8.735000, 8.730000, 10800, 8.740000, 20300, -2.180000, -0.195000
1476386698823, 8.730000, 8.730000, 10700, 8.740000, 20400, -2.240000, -0.200000
1476386700816, 8.735000, 8.730000, 10700, 8.740000, 20600, -2.180000, -0.195000
1476386702838, 8.735000, 8.730000, 10500, 8.740000, 20700, -2.180000, -0.195000
1476386704802, 8.740000, 8.730000, 17700, 8.740000, 19200, -2.130000, -0.190000
1476386706859, 8.730000, 8.730000, 15100, 8.740000, 19400, -2.240000, -0.200000
1476386708817, 8.730000, 8.730000, 14300, 8.740000, 19400, -2.240000, -0.200000
1476386710813, 8.730000, 8.730000, 13900, 8.740000, 20300, -2.240000, -0.200000
1476386712321, 8.740000, 8.730000, 13800, 8.740000, 20300, -2.130000, -0.190000
1476386714834, 8.730000, 8.730000, 9200, 8.740000, 20300, -2.240000, -0.200000
1476386716853, 8.730000, 8.730000, 9200, 8.740000, 20300, -2.240000, -0.200000
1476386718840, 8.730000, 8.730000, 9200, 8.740000, 20300, -2.240000, -0.200000
1476386720350, 8.740000, 8.730000, 8400, 8.740000, 20300, -2.130000, -0.190000
1476386722833, 8.740000, 8.730000, 9300, 8.740000, 20300, -2.130000, -0.190000
1476386724829, 8.730000, 8.730000, 6600, 8.740000, 25000, -2.240000, -0.200000
1476386726874, 8.735000, 8.730000, 7200, 8.740000, 20500, -2.180000, -0.195000
1476386728833, 8.730000, 8.730000, 5400, 8.740000, 19700, -2.240000, -0.200000
1476386730839, 8.730000, 8.730000, 5800, 8.740000, 19700, -2.240000, -0.200000
1476386732857, 8.730000, 8.730000, 5800, 8.740000, 19500, -2.240000, -0.200000
1476386734854, 8.730000, 8.730000, 5800, 8.740000, 19800, -2.240000, -0.200000
1476386736869, 8.730000, 8.730000, 6000, 8.740000, 19800, -2.240000, -0.200000
1476386738846, 8.730000, 8.730000, 6000, 8.740000, 20100, -2.240000, -0.200000
1476386740835, 8.730000, 8.730000, 5900, 8.740000, 19900, -2.240000, -0.200000
1476386742822, 8.730000, 8.730000, 3000, 8.740000, 23500, -2.240000, -0.200000
1476386744843, 8.735000, 8.730000, 3000, 8.740000, 23500, -2.180000, -0.195000
1476386746332, 8.735000, 8.730000, 3000, 8.740000, 23500, -2.180000, -0.195000
1476386748867, 8.735000, 8.730000, 3100, 8.740000, 23500, -2.180000, -0.195000
1476386750839, 8.735000, 8.730000, 4300, 8.740000, 21700, -2.180000, -0.195000
1476386751849, 8.730000, 8.730000, 5100, 8.740000, 21700, -2.240000, -0.200000
1476386754839, 8.730000, 8.730000, 4300, 8.740000, 23300, -2.240000, -0.200000
1476386756839, 8.735000, 8.730000, 4100, 8.740000, 23200, -2.180000, -0.195000
1476386758856, 8.725000, 8.720000, 14500, 8.730000, 15400, -2.300000, -0.205000
1476386760847, 8.725000, 8.720000, 19700, 8.730000, 15400, -2.300000, -0.205000
1476386762874, 8.725000, 8.720000, 20300, 8.730000, 15400, -2.300000, -0.205000
1476386764864, 8.725000, 8.720000, 20300, 8.730000, 15400, -2.300000, -0.205000
1476386766852, 8.725000, 8.720000, 20500, 8.730000, 14800, -2.300000, -0.205000
1476386768350, 8.725000, 8.720000, 20500, 8.730000, 14100, -2.300000, -0.205000
1476386770845, 8.720000, 8.720000, 20800, 8.730000, 14300, -2.350000, -0.210000
1476386772840, 8.720000, 8.720000, 20800, 8.730000, 14400, -2.350000, -0.210000
1476386774852, 8.720000, 8.720000, 20800, 8.730000, 15200, -2.350000, -0.210000
1476386776870, 8.720000, 8.720000, 18100, 8.730000, 16100, -2.350000, -0.210000
1476386778845, 8.720000, 8.720000, 18600, 8.730000, 16100, -2.350000, -0.210000
1476386780843, 8.720000, 8.720000, 18700, 8.730000, 15800, -2.350000, -0.210000
1476386782352, 8.725000, 8.720000, 18000, 8.730000, 16200, -2.300000, -0.205000
1476386784854, 8.725000, 8.720000, 18000, 8.730000, 16100, -2.300000, -0.205000
1476386786852, 8.720000, 8.720000, 18100, 8.730000, 16000, -2.350000, -0.210000
1476386788854, 8.720000, 8.720000, 18100, 8.730000, 15900, -2.350000, -0.210000
1476386790867, 8.720000, 8.720000, 18200, 8.730000, 15900, -2.350000, -0.210000
1476386792859, 8.720000, 8.720000, 18200, 8.730000, 15900, -2.350000, -0.210000
1476386794874, 8.720000, 8.720000, 18100, 8.730000, 15900, -2.350000, -0.210000
1476386796865, 8.720000, 8.720000, 18000, 8.730000, 15900, -2.350000, -0.210000
1476386798865, 8.720000, 8.720000, 18000, 8.730000, 15900, -2.350000, -0.210000
1476386800862, 8.725000, 8.720000, 18000, 8.730000, 15900, -2.300000, -0.205000
1476386802857, 8.725000, 8.720000, 18000, 8.730000, 15900, -2.300000, -0.205000
1476386804872, 8.720000, 8.720000, 18000, 8.730000, 16100, -2.350000, -0.210000
1476386806866, 8.725000, 8.720000, 22800, 8.730000, 14000, -2.300000, -0.205000
1476386808901, 8.720000, 8.720000, 21700, 8.730000, 14400, -2.350000, -0.210000
1476386810908, 8.720000, 8.720000, 21700, 8.730000, 14400, -2.350000, -0.210000
1476386812859, 8.720000, 8.720000, 21400, 8.730000, 14400, -2.350000, -0.210000
1476386814864, 8.720000, 8.720000, 21600, 8.730000, 14400, -2.350000, -0.210000
1476386816364, 8.720000, 8.720000, 21100, 8.730000, 15900, -2.350000, -0.210000
1476386818890, 8.720000, 8.720000, 20700, 8.730000, 15900, -2.350000, -0.210000
1476386820893, 8.720000, 8.720000, 19300, 8.730000, 16200, -2.350000, -0.210000
1476386822870, 8.720000, 8.720000, 19300, 8.730000, 16400, -2.350000, -0.210000
1476386824880, 8.725000, 8.720000, 17300, 8.730000, 15800, -2.300000, -0.205000
1476386826866, 8.725000, 8.720000, 18900, 8.730000, 15700, -2.300000, -0.205000
1476386828867, 8.720000, 8.720000, 17200, 8.730000, 15800, -2.350000, -0.210000
1476386830880, 8.720000, 8.720000, 18800, 8.730000, 15700, -2.350000, -0.210000
1476386832926, 8.720000, 8.720000, 17200, 8.730000, 15700, -2.350000, -0.210000
1476386834923, 8.720000, 8.720000, 18900, 8.730000, 16600, -2.350000, -0.210000
1476386836865, 8.720000, 8.720000, 19000, 8.730000, 16600, -2.350000, -0.210000
1476386838881, 8.720000, 8.720000, 15300, 8.730000, 16600, -2.350000, -0.210000
1476386840884, 8.720000, 8.720000, 7800, 8.730000, 17400, -2.350000, -0.210000
1476386842923, 8.720000, 8.720000, 7100, 8.730000, 17100, -2.350000, -0.210000
1476386844885, 8.720000, 8.720000, 7100, 8.730000, 17100, -2.350000, -0.210000
1476386846379, 8.720000, 8.720000, 6700, 8.730000, 17100, -2.350000, -0.210000
1476386848885, 8.725000, 8.720000, 4500, 8.730000, 17300, -2.300000, -0.205000
1476386850889, 8.725000, 8.720000, 4500, 8.730000, 17300, -2.300000, -0.205000
1476386852939, 8.720000, 8.720000, 4500, 8.730000, 17300, -2.350000, -0.210000
1476386854889, 8.720000, 8.720000, 5900, 8.730000, 22600, -2.350000, -0.210000
1476386856891, 8.720000, 8.720000, 5900, 8.730000, 22600, -2.350000, -0.210000
1476386858385, 8.725000, 8.720000, 5900, 8.730000, 22600, -2.300000, -0.205000
1476386860892, 8.720000, 8.720000, 5900, 8.730000, 22600, -2.350000, -0.210000
1476386862888, 8.720000, 8.720000, 7100, 8.730000, 22400, -2.350000, -0.210000
1476386864896, 8.720000, 8.720000, 7800, 8.730000, 24100, -2.350000, -0.210000
1476386866409, 8.720000, 8.720000, 6000, 8.730000, 23200, -2.350000, -0.210000
1476386868949, 8.720000, 8.720000, 4100, 8.730000, 26400, -2.350000, -0.210000
1476386870883, 8.720000, 8.720000, 5100, 8.730000, 25300, -2.350000, -0.210000
1476386872903, 8.720000, 8.720000, 5000, 8.730000, 26100, -2.350000, -0.210000
1476386874874, 8.720000, 8.720000, 5600, 8.730000, 26000, -2.350000, -0.210000
1476386877261, 8.720000, 8.720000, 3300, 8.730000, 26500, -2.350000, -0.210000
1476386879257, 8.720000, 8.720000, 3600, 8.730000, 26700, -2.350000, -0.210000
1476386881249, 8.720000, 8.720000, 3600, 8.730000, 26500, -2.350000, -0.210000
1476386883259, 8.720000, 8.720000, 4600, 8.730000, 26500, -2.350000, -0.210000
1476386885251, 8.720000, 8.720000, 3400, 8.730000, 26500, -2.350000, -0.210000
1476386887264, 8.720000, 8.720000, 3100, 8.730000, 26500, -2.350000, -0.210000
1476386889261, 8.720000, 8.720000, 3000, 8.730000, 26500, -2.350000, -0.210000
1476386891272, 8.720000, 8.720000, 3000, 8.730000, 26500, -2.350000, -0.210000
1476386893265, 8.725000, 8.720000, 3000, 8.730000, 26500, -2.300000, -0.205000
1476386894752, 8.720000, 8.720000, 3000, 8.730000, 26900, -2.350000, -0.210000
1476386897263, 8.720000, 8.720000, 3000, 8.730000, 27200, -2.350000, -0.210000
1476386899269, 8.720000, 8.720000, 3000, 8.730000, 27200, -2.350000, -0.210000
1476386901256, 8.720000, 8.720000, 3000, 8.730000, 27200, -2.350000, -0.210000
1476386903270, 8.720000, 8.720000, 4000, 8.730000, 27200, -2.350000, -0.210000
1476386905263, 8.720000, 8.720000, 4000, 8.730000, 26900, -2.350000, -0.210000
1476386907265, 8.720000, 8.720000, 3200, 8.730000, 26900, -2.350000, -0.210000
1476386909271, 8.720000, 8.720000, 3200, 8.730000, 27100, -2.350000, -0.210000
1476386911272, 8.720000, 8.720000, 3200, 8.730000, 27100, -2.350000, -0.210000
1476386913274, 8.720000, 8.720000, 3200, 8.730000, 27600, -2.350000, -0.210000
1476386915268, 8.720000, 8.720000, 3100, 8.730000, 27600, -2.350000, -0.210000
1476386917273, 8.725000, 8.720000, 3100, 8.730000, 27600, -2.300000, -0.205000
1476386919273, 8.720000, 8.720000, 3100, 8.730000, 27600, -2.350000, -0.210000
1476386921277, 8.720000, 8.720000, 3100, 8.730000, 27700, -2.350000, -0.210000
1476386923275, 8.720000, 8.720000, 3100, 8.730000, 27500, -2.350000, -0.210000
1476386925278, 8.720000, 8.720000, 3100, 8.730000, 27500, -2.350000, -0.210000
1476386927310, 8.720000, 8.720000, 3100, 8.730000, 27500, -2.350000, -0.210000
1476386929270, 8.720000, 8.720000, 3500, 8.730000, 27500, -2.350000, -0.210000
1476386931282, 8.720000, 8.720000, 3100, 8.730000, 27500, -2.350000, -0.210000
1476386933275, 8.720000, 8.720000, 3300, 8.730000, 26700, -2.350000, -0.210000
1476386935286, 8.720000, 8.720000, 24800, 8.730000, 6600, -2.350000, -0.210000
1476386937275, 8.725000, 8.720000, 24000, 8.730000, 9300, -2.300000, -0.205000
1476386939315, 8.725000, 8.720000, 23600, 8.730000, 10200, -2.300000, -0.205000
1476386940800, 8.725000, 8.720000, 23900, 8.730000, 9900, -2.300000, -0.205000
1476386943286, 8.725000, 8.720000, 24600, 8.730000, 9900, -2.300000, -0.205000
1476386945275, 8.725000, 8.720000, 24600, 8.730000, 13000, -2.300000, -0.205000
1476386947282, 8.725000, 8.720000, 24200, 8.730000, 12800, -2.300000, -0.205000
1476386949284, 8.725000, 8.720000, 24200, 8.730000, 11800, -2.300000, -0.205000
1476386951288, 8.720000, 8.720000, 14900, 8.730000, 12600, -2.350000, -0.210000
1476386953317, 8.725000, 8.720000, 14500, 8.730000, 14700, -2.300000, -0.205000
1476386955275, 8.725000, 8.720000, 14500, 8.730000, 14700, -2.300000, -0.205000
1476386956789, 8.725000, 8.720000, 11200, 8.730000, 16200, -2.300000, -0.205000
1476386959276, 8.720000, 8.720000, 8300, 8.730000, 17500, -2.350000, -0.210000
1476386961289, 8.725000, 8.720000, 8300, 8.730000, 17600, -2.300000, -0.205000
1476386963277, 8.725000, 8.720000, 10500, 8.730000, 21800, -2.300000, -0.205000
1476386965289, 8.725000, 8.720000, 11100, 8.730000, 19500, -2.300000, -0.205000
1476386967286, 8.725000, 8.720000, 11100, 8.730000, 19800, -2.300000, -0.205000
1476386968792, 8.720000, 8.720000, 10500, 8.730000, 19800, -2.350000, -0.210000
1476386971285, 8.725000, 8.720000, 5300, 8.730000, 19400, -2.300000, -0.205000
1476386973323, 8.725000, 8.720000, 5300, 8.730000, 18800, -2.300000, -0.205000
1476386975300, 8.720000, 8.720000, 5300, 8.730000, 18200, -2.350000, -0.210000
1476386977291, 8.720000, 8.720000, 5300, 8.730000, 18900, -2.350000, -0.210000
1476386979290, 8.720000, 8.720000, 4600, 8.730000, 18500, -2.350000, -0.210000
1476386981294, 8.720000, 8.720000, 4600, 8.730000, 20500, -2.350000, -0.210000
1476386983297, 8.720000, 8.720000, 4600, 8.730000, 22900, -2.350000, -0.210000
1476386984812, 8.720000, 8.720000, 4600, 8.730000, 24100, -2.350000, -0.210000
1476386987320, 8.720000, 8.720000, 4600, 8.730000, 28300, -2.350000, -0.210000
1476386989308, 8.720000, 8.720000, 3500, 8.730000, 26600, -2.350000, -0.210000
1476386991306, 8.720000, 8.720000, 3300, 8.730000, 26200, -2.350000, -0.210000
1476386993302, 8.720000, 8.720000, 1600, 8.730000, 27200, -2.350000, -0.210000
1476386995301, 8.725000, 8.720000, 1500, 8.730000, 27400, -2.300000, -0.205000
1476386997305, 8.725000, 8.720000, 1500, 8.730000, 26900, -2.300000, -0.205000
1476386999312, 8.725000, 8.720000, 1500, 8.730000, 26900, -2.300000, -0.205000
1476387001338, 8.720000, 8.720000, 1500, 8.730000, 27000, -2.350000, -0.210000
1476387003302, 8.720000, 8.720000, 2100, 8.730000, 26500, -2.350000, -0.210000
1476387005304, 8.720000, 8.720000, 3200, 8.730000, 26300, -2.350000, -0.210000
1476387007317, 8.725000, 8.720000, 7900, 8.730000, 25800, -2.300000, -0.205000
1476387009304, 8.725000, 8.720000, 7600, 8.730000, 25800, -2.300000, -0.205000
1476387011308, 8.725000, 8.720000, 7700, 8.730000, 25900, -2.300000, -0.205000
1476387013320, 8.720000, 8.720000, 7700, 8.730000, 25800, -2.350000, -0.210000
1476387015346, 8.720000, 8.720000, 4500, 8.730000, 26200, -2.350000, -0.210000
1476387017296, 8.725000, 8.720000, 2900, 8.730000, 26200, -2.300000, -0.205000
1476387018807, 8.725000, 8.720000, 2900, 8.730000, 26200, -2.300000, -0.205000
1476387021352, 8.720000, 8.720000, 4000, 8.730000, 26200, -2.350000, -0.210000
1476387023325, 8.720000, 8.720000, 3300, 8.730000, 26200, -2.350000, -0.210000
1476387025316, 8.720000, 8.720000, 3300, 8.730000, 26700, -2.350000, -0.210000
1476387027326, 8.720000, 8.720000, 2600, 8.730000, 27000, -2.350000, -0.210000
1476387029310, 8.720000, 8.720000, 2600, 8.730000, 27100, -2.350000, -0.210000
1476387031333, 8.715000, 8.710000, 25000, 8.720000, 8500, -2.410000, -0.215000
1476387033312, 8.720000, 8.720000, 6000, 8.730000, 26200, -2.350000, -0.210000
1476387034820, 8.725000, 8.720000, 6000, 8.730000, 25300, -2.300000, -0.205000
1476387037318, 8.725000, 8.720000, 6000, 8.730000, 25200, -2.300000, -0.205000
1476387039314, 8.720000, 8.720000, 4900, 8.730000, 26000, -2.350000, -0.210000
1476387040808, 8.720000, 8.720000, 3300, 8.730000, 25500, -2.350000, -0.210000
1476387043350, 8.720000, 8.720000, 4400, 8.730000, 26300, -2.350000, -0.210000
1476387045368, 8.720000, 8.720000, 4700, 8.730000, 25000, -2.350000, -0.210000
1476387047318, 8.725000, 8.720000, 3900, 8.730000, 25500, -2.300000, -0.205000
1476387049319, 8.720000, 8.720000, 3900, 8.730000, 25500, -2.350000, -0.210000
1476387051314, 8.720000, 8.720000, 2800, 8.730000, 25200, -2.350000, -0.210000
1476387053325, 8.725000, 8.720000, 1900, 8.730000, 25600, -2.300000, -0.205000
1476387055320, 8.725000, 8.720000, 1900, 8.730000, 26100, -2.300000, -0.205000
1476387057347, 8.725000, 8.720000, 1900, 8.730000, 25900, -2.300000, -0.205000
1476387059340, 8.720000, 8.720000, 4600, 8.730000, 25000, -2.350000, -0.210000
1476387061321, 8.720000, 8.720000, 10200, 8.730000, 25100, -2.350000, -0.210000
1476387063324, 8.720000, 8.720000, 10400, 8.730000, 25000, -2.350000, -0.210000
1476387065330, 8.720000, 8.720000, 10400, 8.730000, 23800, -2.350000, -0.210000
1476387067322, 8.720000, 8.720000, 6400, 8.730000, 24100, -2.350000, -0.210000
1476387069372, 8.720000, 8.720000, 6000, 8.730000, 24100, -2.350000, -0.210000
1476387071359, 8.720000, 8.720000, 2500, 8.730000, 25800, -2.350000, -0.210000
1476387073320, 8.720000, 8.720000, 2400, 8.730000, 25700, -2.350000, -0.210000
1476387075330, 8.720000, 8.720000, 2400, 8.730000, 25800, -2.350000, -0.210000
1476387077332, 8.720000, 8.720000, 2400, 8.730000, 25700, -2.350000, -0.210000
1476387079334, 8.720000, 8.720000, 2400, 8.730000, 26000, -2.350000, -0.210000
1476387081342, 8.720000, 8.720000, 2500, 8.730000, 26400, -2.350000, -0.210000
1476387083349, 8.720000, 8.720000, 2300, 8.730000, 26600, -2.350000, -0.210000
1476387085333, 8.720000, 8.720000, 3100, 8.730000, 26000, -2.350000, -0.210000
1476387087333, 8.725000, 8.720000, 2300, 8.730000, 26900, -2.300000, -0.205000
1476387089328, 8.720000, 8.720000, 2500, 8.730000, 26000, -2.350000, -0.210000
1476387091343, 8.720000, 8.720000, 2600, 8.730000, 25900, -2.350000, -0.210000
1476387093339, 8.725000, 8.720000, 2600, 8.730000, 26600, -2.300000, -0.205000
1476387095343, 8.720000, 8.720000, 2500, 8.730000, 26800, -2.350000, -0.210000
1476387097332, 8.720000, 8.720000, 2500, 8.730000, 26300, -2.350000, -0.210000
1476387099335, 8.720000, 8.720000, 2500, 8.730000, 26700, -2.350000, -0.210000
1476387101360, 8.720000, 8.720000, 2500, 8.730000, 26800, -2.350000, -0.210000
1476387103333, 8.720000, 8.710000, 32000, 8.720000, 5500, -2.350000, -0.210000
1476387105352, 8.720000, 8.710000, 32900, 8.720000, 5800, -2.350000, -0.210000
1476387107352, 8.715000, 8.710000, 32900, 8.720000, 6000, -2.410000, -0.215000
1476387109343, 8.715000, 8.710000, 32700, 8.720000, 7600, -2.410000, -0.215000
1476387111353, 8.715000, 8.710000, 32500, 8.720000, 7500, -2.410000, -0.215000
1476387113388, 8.715000, 8.710000, 22300, 8.720000, 13000, -2.410000, -0.215000
1476387115411, 8.715000, 8.710000, 22700, 8.720000, 12300, -2.410000, -0.215000
1476387117351, 8.715000, 8.710000, 23100, 8.720000, 12600, -2.410000, -0.215000
1476387119351, 8.715000, 8.710000, 19800, 8.720000, 16000, -2.410000, -0.215000
1476387121407, 8.715000, 8.710000, 19500, 8.720000, 16000, -2.410000, -0.215000
1476387123357, 8.715000, 8.710000, 20400, 8.720000, 16400, -2.410000, -0.215000
1476387125346, 8.715000, 8.710000, 20600, 8.720000, 16400, -2.410000, -0.215000
1476387127352, 8.715000, 8.710000, 20300, 8.720000, 16600, -2.410000, -0.215000
1476387129349, 8.715000, 8.710000, 20500, 8.720000, 16600, -2.410000, -0.215000
1476387131380, 8.710000, 8.710000, 16900, 8.720000, 18100, -2.460000, -0.220000
1476387133356, 8.710000, 8.710000, 16600, 8.720000, 17800, -2.460000, -0.220000
1476387134887, 8.710000, 8.710000, 16600, 8.720000, 18000, -2.460000, -0.220000
1476387137359, 8.710000, 8.710000, 18300, 8.720000, 17900, -2.460000, -0.220000
1476387139350, 8.720000, 8.710000, 18600, 8.720000, 17900, -2.350000, -0.210000
1476387141353, 8.715000, 8.710000, 16100, 8.720000, 18200, -2.410000, -0.215000
1476387142845, 8.710000, 8.710000, 15800, 8.720000, 18500, -2.460000, -0.220000
1476387145356, 8.710000, 8.710000, 15500, 8.720000, 18600, -2.460000, -0.220000
1476387147360, 8.710000, 8.710000, 15500, 8.720000, 18700, -2.460000, -0.220000
1476387149353, 8.710000, 8.710000, 15800, 8.720000, 18300, -2.460000, -0.220000
1476387151362, 8.710000, 8.710000, 15900, 8.720000, 18000, -2.460000, -0.220000
1476387153366, 8.715000, 8.710000, 16000, 8.720000, 18000, -2.410000, -0.215000
1476387155346, 8.715000, 8.710000, 16000, 8.720000, 17900, -2.410000, -0.215000
1476387157361, 8.715000, 8.710000, 15900, 8.720000, 17900, -2.410000, -0.215000
1476387159366, 8.710000, 8.710000, 15900, 8.720000, 18000, -2.460000, -0.220000
1476387161369, 8.715000, 8.710000, 15900, 8.720000, 18000, -2.410000, -0.215000
1476387163369, 8.710000, 8.710000, 15900, 8.720000, 18200, -2.460000, -0.220000
1476387165371, 8.715000, 8.710000, 15900, 8.720000, 18200, -2.410000, -0.215000
1476387167359, 8.715000, 8.710000, 11000, 8.720000, 20300, -2.410000, -0.215000
1476387169370, 8.710000, 8.710000, 10200, 8.720000, 20700, -2.460000, -0.220000
1476387171371, 8.715000, 8.710000, 15000, 8.720000, 20200, -2.410000, -0.215000
1476387173386, 8.710000, 8.710000, 12600, 8.720000, 20100, -2.460000, -0.220000
1476387175359, 8.710000, 8.710000, 10200, 8.720000, 20100, -2.460000, -0.220000
1476387177374, 8.710000, 8.710000, 10200, 8.720000, 20100, -2.460000, -0.220000
1476387179383, 8.710000, 8.710000, 10900, 8.720000, 20000, -2.460000, -0.220000
1476387181435, 8.710000, 8.710000, 12500, 8.720000, 19300, -2.460000, -0.220000
1476387183379, 8.715000, 8.710000, 11700, 8.720000, 18800, -2.410000, -0.215000
1476387185376, 8.710000, 8.710000, 11500, 8.720000, 18900, -2.460000, -0.220000
1476387187411, 8.710000, 8.710000, 11600, 8.720000, 29100, -2.460000, -0.220000
1476387189360, 8.710000, 8.710000, 11600, 8.720000, 28100, -2.460000, -0.220000
1476387191404, 8.710000, 8.710000, 11600, 8.720000, 26800, -2.460000, -0.220000
1476387193377, 8.710000, 8.710000, 11600, 8.720000, 26900, -2.460000, -0.220000
1476387195371, 8.715000, 8.710000, 11700, 8.720000, 27100, -2.410000, -0.215000
1476387197382, 8.720000, 8.710000, 12200, 8.720000, 27100, -2.350000, -0.210000
1476387199389, 8.710000, 8.710000, 12200, 8.720000, 27100, -2.460000, -0.220000
1476387200374, 8.710000, 8.710000, 12200, 8.720000, 26600, -2.460000, -0.220000
1476387203275, 8.710000, 8.710000, 12200, 8.720000, 28400, -2.460000, -0.220000
1476387205254, 8.710000, 8.710000, 12200, 8.720000, 27800, -2.460000, -0.220000
1476387207255, 8.710000, 8.710000, 12200, 8.720000, 28100, -2.460000, -0.220000
1476387209260, 8.710000, 8.710000, 12200, 8.720000, 26800, -2.460000, -0.220000
1476387211256, 8.716700, 8.710000, 12200, 8.720000, 26200, -2.390000, -0.213300
1476387213254, 8.715000, 8.710000, 13100, 8.720000, 21700, -2.410000, -0.215000
1476387215259, 8.715000, 8.710000, 12200, 8.720000, 27100, -2.410000, -0.215000
1476387216763, 8.715000, 8.710000, 12200, 8.720000, 26700, -2.410000, -0.215000
1476387219262, 8.710000, 8.710000, 12200, 8.720000, 26700, -2.460000, -0.220000
1476387221266, 8.715000, 8.710000, 12200, 8.720000, 26700, -2.410000, -0.215000
1476387223256, 8.715000, 8.710000, 12200, 8.720000, 26500, -2.410000, -0.215000
1476387225263, 8.710000, 8.710000, 12200, 8.720000, 26400, -2.460000, -0.220000
1476387227264, 8.720000, 8.710000, 14500, 8.720000, 26400, -2.350000, -0.210000
1476387229279, 8.710000, 8.710000, 12400, 8.720000, 26500, -2.460000, -0.220000
1476387231300, 8.710000, 8.710000, 14200, 8.720000, 26400, -2.460000, -0.220000
1476387232773, 8.715000, 8.710000, 22000, 8.720000, 18700, -2.410000, -0.215000
1476387235268, 8.715000, 8.710000, 19100, 8.720000, 19400, -2.410000, -0.215000
1476387237271, 8.710000, 8.710000, 19100, 8.720000, 19800, -2.460000, -0.220000
1476387239280, 8.710000, 8.710000, 21800, 8.720000, 19600, -2.460000, -0.220000
1476387241274, 8.710000, 8.710000, 13900, 8.720000, 19800, -2.460000, -0.220000
1476387243305, 8.720000, 8.710000, 15100, 8.720000, 19900, -2.350000, -0.210000
1476387245284, 8.710000, 8.710000, 13900, 8.720000, 20200, -2.460000, -0.220000
1476387246775, 8.710000, 8.710000, 12800, 8.720000, 20800, -2.460000, -0.220000
1476387249275, 8.710000, 8.710000, 12900, 8.720000, 20700, -2.460000, -0.220000
1476387251272, 8.710000, 8.710000, 12900, 8.720000, 20700, -2.460000, -0.220000
1476387252781, 8.710000, 8.710000, 12900, 8.720000, 20700, -2.460000, -0.220000
1476387255284, 8.710000, 8.710000, 12900, 8.720000, 20700, -2.460000, -0.220000
1476387257279, 8.720000, 8.710000, 12900, 8.720000, 27400, -2.350000, -0.210000
1476387259305, 8.710000, 8.710000, 13000, 8.720000, 28600, -2.460000, -0.220000
1476387260780, 8.710000, 8.710000, 12200, 8.720000, 30500, -2.460000, -0.220000
1476387263282, 8.715000, 8.710000, 12200, 8.720000, 30400, -2.410000, -0.215000
1476387264781, 8.710000, 8.710000, 12200, 8.720000, 30400, -2.460000, -0.220000
1476387267286, 8.710000, 8.710000, 12200, 8.720000, 30300, -2.460000, -0.220000
1476387269293, 8.710000, 8.710000, 10600, 8.720000, 30500, -2.460000, -0.220000
1476387271287, 8.710000, 8.710000, 10600, 8.720000, 30500, -2.460000, -0.220000
1476387273282, 8.715000, 8.710000, 10600, 8.720000, 30500, -2.410000, -0.215000
1476387275290, 8.715000, 8.710000, 10600, 8.720000, 30500, -2.410000, -0.215000
1476387277280, 8.710000, 8.710000, 9800, 8.720000, 30300, -2.460000, -0.220000
1476387279295, 8.710000, 8.710000, 9500, 8.720000, 30500, -2.460000, -0.220000
1476387281293, 8.715000, 8.710000, 8600, 8.720000, 37300, -2.410000, -0.215000
1476387283296, 8.705000, 8.700000, 27200, 8.710000, 10200, -2.520000, -0.225000
1476387285296, 8.715000, 8.710000, 24100, 8.720000, 33200, -2.410000, -0.215000
1476387287303, 8.710000, 8.710000, 21100, 8.720000, 33200, -2.460000, -0.220000
1476387289313, 8.710000, 8.710000, 21100, 8.720000, 33300, -2.460000, -0.220000
1476387291296, 8.710000, 8.710000, 19600, 8.720000, 31600, -2.460000, -0.220000
1476387293281, 8.710000, 8.710000, 17000, 8.720000, 33200, -2.460000, -0.220000
1476387295286, 8.710000, 8.710000, 16400, 8.720000, 33200, -2.460000, -0.220000
1476388731855, 8.720000, 8.710000, 83000, 8.720000, 46400, -2.350000, -0.210000
1476388733402, 8.715000, 8.710000, 77000, 8.720000, 49500, -2.410000, -0.215000
1476388735388, 8.710000, 8.710000, 72700, 8.720000, 68100, -2.460000, -0.220000
1476388737372, 8.715000, 8.710000, 80800, 8.720000, 66800, -2.410000, -0.215000
1476388739410, 8.710000, 8.710000, 80600, 8.720000, 67000, -2.460000, -0.220000
1476388741361, 8.715000, 8.710000, 73900, 8.720000, 69200, -2.410000, -0.215000
1476388743378, 8.710000, 8.710000, 74000, 8.720000, 68700, -2.460000, -0.220000
1476388745378, 8.720000, 8.710000, 74700, 8.720000, 68100, -2.350000, -0.210000
1476388747374, 8.715000, 8.710000, 93200, 8.720000, 57800, -2.410000, -0.215000
1476388749371, 8.720000, 8.710000, 85800, 8.720000, 55700, -2.350000, -0.210000
1476388751883, 8.720000, 8.710000, 93300, 8.720000, 53300, -2.350000, -0.210000
1476388753499, 8.720000, 8.710000, 103000, 8.720000, 34000, -2.350000, -0.210000
1476388755369, 8.715000, 8.710000, 102600, 8.720000, 39000, -2.410000, -0.215000
1476388757425, 8.720000, 8.710000, 101100, 8.720000, 41800, -2.350000, -0.210000
1476388759384, 8.715000, 8.710000, 96000, 8.720000, 53400, -2.410000, -0.215000
1476388761383, 8.720000, 8.710000, 102800, 8.720000, 43700, -2.350000, -0.210000
1476388763383, 8.720000, 8.710000, 102800, 8.720000, 41400, -2.350000, -0.210000
1476388765390, 8.720000, 8.710000, 103000, 8.720000, 43900, -2.350000, -0.210000
1476388767391, 8.715000, 8.710000, 102100, 8.720000, 43600, -2.410000, -0.215000
1476388769753, 8.720000, 8.710000, 104200, 8.720000, 38200, -2.350000, -0.210000
1476388771759, 8.730000, 8.720000, 65900, 8.730000, 79500, -2.240000, -0.200000
1476388773763, 8.725000, 8.720000, 65000, 8.730000, 78400, -2.300000, -0.205000
1476388775754, 8.730000, 8.720000, 65100, 8.730000, 87100, -2.240000, -0.200000
1476388777760, 8.725000, 8.720000, 64200, 8.730000, 87100, -2.300000, -0.205000
1476388779756, 8.730000, 8.720000, 66700, 8.730000, 87100, -2.240000, -0.200000
1476388781758, 8.730000, 8.720000, 68000, 8.730000, 80300, -2.240000, -0.200000
1476388783756, 8.730000, 8.720000, 70200, 8.730000, 89300, -2.240000, -0.200000
1476388785755, 8.730000, 8.720000, 69100, 8.730000, 93300, -2.240000, -0.200000
1476388787796, 8.730000, 8.720000, 67900, 8.730000, 85300, -2.240000, -0.200000
1476388789765, 8.730000, 8.720000, 68100, 8.730000, 85000, -2.240000, -0.200000
1476388791759, 8.730000, 8.720000, 65500, 8.730000, 85100, -2.240000, -0.200000
1476388793768, 8.730000, 8.720000, 68700, 8.730000, 82800, -2.240000, -0.200000
1476388795759, 8.728900, 8.720000, 64800, 8.730000, 77400, -2.250000, -0.201100
1476388797770, 8.730000, 8.720000, 67900, 8.730000, 40900, -2.240000, -0.200000
1476388799756, 8.730000, 8.720000, 33100, 8.730000, 45900, -2.240000, -0.200000
1476388801806, 8.730000, 8.720000, 75100, 8.730000, 83500, -2.240000, -0.200000
1476388803766, 8.730000, 8.720000, 75100, 8.730000, 83500, -2.240000, -0.200000
1476388805771, 8.730000, 8.720000, 75100, 8.730000, 83500, -2.240000, -0.200000
1476388806888, 8.730000, 0.000000, 0, 0.000000, 0, -2.240000, 0.000000
1476388806888, 8.730000, 0.000000, 0, 0.000000, 0, -2.240000, 0.000000
1476388806888, 8.730000, 0.000000, 0, 0.000000, 0, -2.240000, 0.000000
