1476365401403, 32.250000, 0.000000, 0, 0.000000, 0, -1.650000, 0.000000
1476365404555, 32.209999, 32.080002, 100, 32.790001, 1500, -1.770000, -0.580000
1476365406575, 32.209999, 32.090000, 1000, 32.790001, 1500, -1.770000, -0.580000
1476365408579, 32.209999, 32.080002, 100, 32.790001, 1500, -1.770000, -0.580000
1476365410089, 32.209999, 32.080002, 100, 32.830002, 1000, -1.770000, -0.580000
1476365412575, 32.209999, 32.080002, 100, 32.830002, 1000, -1.770000, -0.580000
1476365414578, 32.209999, 32.080002, 100, 32.830002, 1000, -1.770000, -0.580000
1476365416084, 32.209999, 32.090000, 300, 32.830002, 1000, -1.770000, -0.580000
1476365418607, 32.209999, 32.080002, 100, 32.790001, 1500, -1.770000, -0.580000
1476365420591, 32.209999, 32.110001, 100, 32.770000, 100, -1.770000, -0.580000
1476365422619, 32.209999, 32.090000, 1000, 32.840000, 100, -1.770000, -0.580000
1476365424581, 32.209999, 32.099998, 100, 32.730000, 1000, -1.770000, -0.580000
1476365426579, 32.209999, 32.099998, 200, 32.730000, 1000, -1.770000, -0.580000
1476365428585, 32.209999, 32.099998, 200, 32.730000, 1000, -1.770000, -0.580000
1476365430575, 32.209999, 32.099998, 200, 32.730000, 1000, -1.770000, -0.580000
1476365432588, 32.209999, 32.099998, 200, 32.730000, 1000, -1.770000, -0.580000
1476365434595, 32.209999, 32.099998, 200, 32.730000, 1000, -1.770000, -0.580000
1476365436588, 32.209999, 32.099998, 200, 32.730000, 1000, -1.770000, -0.580000
1476365438589, 32.209999, 32.099998, 200, 32.730000, 1000, -1.770000, -0.580000
1476365440585, 32.209999, 32.099998, 300, 32.730000, 1000, -1.770000, -0.580000
1476365442589, 32.209999, 32.099998, 300, 32.730000, 1000, -1.770000, -0.580000
1476365444588, 32.209999, 32.099998, 300, 32.730000, 1000, -1.770000, -0.580000
1476365446587, 32.209999, 32.099998, 300, 32.730000, 1000, -1.770000, -0.580000
1476365448621, 32.209999, 32.099998, 300, 32.730000, 1000, -1.770000, -0.580000
1476365450093, 32.209999, 32.099998, 300, 32.730000, 1000, -1.770000, -0.580000
1476365452092, 32.209999, 32.099998, 300, 32.730000, 1000, -1.770000, -0.580000
1476365454583, 32.209999, 32.110001, 100, 32.730000, 100, -1.770000, -0.580000
1476365456594, 32.209999, 32.110001, 100, 32.720001, 1000, -1.770000, -0.580000
1476365458593, 32.209999, 32.110001, 100, 32.720001, 1000, -1.770000, -0.580000
1476365460111, 32.209999, 32.110001, 100, 32.720001, 1000, -1.770000, -0.580000
1476365462611, 32.209999, 32.110001, 100, 32.750000, 1000, -1.770000, -0.580000
1476365464595, 32.189999, 32.099998, 100, 32.740002, 100, -1.830000, -0.600000
1476365466596, 32.189999, 32.099998, 100, 32.740002, 100, -1.830000, -0.600000
1476365468603, 32.189999, 32.099998, 100, 32.740002, 100, -1.830000, -0.600000
1476365470098, 32.189999, 32.099998, 100, 32.740002, 100, -1.830000, -0.600000
1476365471602, 32.189999, 32.099998, 100, 32.740002, 100, -1.830000, -0.600000
1476365474614, 32.189999, 32.099998, 100, 32.740002, 100, -1.830000, -0.600000
1476365476601, 32.189999, 32.099998, 100, 32.730000, 1000, -1.830000, -0.600000
1476365478581, 32.189999, 32.099998, 100, 32.730000, 1000, -1.830000, -0.600000
1476365480607, 32.189999, 32.099998, 100, 32.730000, 1000, -1.830000, -0.600000
1476365482595, 32.189999, 32.099998, 100, 32.730000, 1000, -1.830000, -0.600000
1476365484645, 32.189999, 32.099998, 100, 32.730000, 1000, -1.830000, -0.600000
1476365486105, 32.189999, 32.099998, 100, 32.730000, 1000, -1.830000, -0.600000
1476365488611, 32.189999, 32.099998, 100, 32.730000, 1000, -1.830000, -0.600000
1476365490103, 32.189999, 32.099998, 100, 32.730000, 1000, -1.830000, -0.600000
1476365492104, 32.189999, 32.099998, 100, 32.730000, 1000, -1.830000, -0.600000
1476365494601, 32.189999, 32.099998, 100, 32.689999, 1000, -1.830000, -0.600000
1476365496611, 32.189999, 32.099998, 100, 32.689999, 1000, -1.830000, -0.600000
1476365498098, 32.189999, 32.099998, 100, 32.689999, 1000, -1.830000, -0.600000
1476365500607, 32.189999, 32.099998, 100, 32.689999, 1000, -1.830000, -0.600000
1476365502598, 32.189999, 32.099998, 100, 32.680000, 1000, -1.830000, -0.600000
1476365504613, 32.189999, 32.099998, 100, 32.680000, 1000, -1.830000, -0.600000
1476365506122, 32.189999, 32.099998, 100, 32.680000, 1000, -1.830000, -0.600000
1476365508608, 32.189999, 32.099998, 100, 32.680000, 1000, -1.830000, -0.600000
1476365510607, 32.189999, 32.099998, 100, 32.680000, 1000, -1.830000, -0.600000
1476365512513, 32.189999, 32.099998, 100, 32.680000, 1000, -1.830000, -0.600000
1476365514518, 32.189999, 32.099998, 100, 32.680000, 1000, -1.830000, -0.600000
1476365516018, 32.189999, 32.099998, 100, 32.680000, 1000, -1.830000, -0.600000
1476365518528, 32.189999, 32.099998, 100, 32.680000, 1000, -1.830000, -0.600000
1476365520016, 32.189999, 32.099998, 100, 32.680000, 1000, -1.830000, -0.600000
1476365522016, 32.189999, 32.099998, 100, 32.730000, 1000, -1.830000, -0.600000
1476365524020, 32.189999, 32.099998, 100, 32.689999, 200, -1.830000, -0.600000
1476365526016, 32.189999, 32.099998, 100, 32.639999, 100, -1.830000, -0.600000
1476365528523, 32.189999, 32.099998, 100, 32.639999, 100, -1.830000, -0.600000
1476365530518, 32.189999, 32.099998, 100, 32.639999, 100, -1.830000, -0.600000
1476365532041, 32.189999, 32.099998, 100, 32.639999, 200, -1.830000, -0.600000
1476365534602, 32.189999, 32.099998, 100, 32.639999, 200, -1.830000, -0.600000
1476365536527, 32.189999, 32.099998, 100, 32.619999, 1000, -1.830000, -0.600000
1476365538524, 32.189999, 32.099998, 100, 32.639999, 200, -1.830000, -0.600000
1476365540524, 32.189999, 32.099998, 100, 32.610001, 1000, -1.830000, -0.600000
1476365542525, 32.189999, 32.099998, 100, 32.580002, 1000, -1.830000, -0.600000
1476365544026, 32.189999, 32.099998, 100, 32.580002, 1000, -1.830000, -0.600000
1476365546041, 32.189999, 32.099998, 100, 32.549999, 1000, -1.830000, -0.600000
1476365548548, 32.189999, 32.099998, 100, 32.549999, 1000, -1.830000, -0.600000
1476365550549, 32.189999, 32.099998, 100, 32.549999, 1000, -1.830000, -0.600000
1476365552532, 32.189999, 32.099998, 100, 32.549999, 1000, -1.830000, -0.600000
1476365553535, 32.189999, 32.099998, 100, 32.549999, 1000, -1.830000, -0.600000
1476365556539, 32.189999, 32.099998, 100, 32.549999, 1000, -1.830000, -0.600000
1476365558535, 32.189999, 32.099998, 100, 32.549999, 1000, -1.830000, -0.600000
1476365560035, 32.189999, 32.099998, 100, 32.549999, 1000, -1.830000, -0.600000
1476365562552, 32.189999, 32.099998, 100, 32.549999, 1000, -1.830000, -0.600000
1476365564044, 32.189999, 32.099998, 100, 32.529999, 1000, -1.830000, -0.600000
1476365566541, 32.189999, 32.099998, 100, 32.529999, 1000, -1.830000, -0.600000
1476365568035, 32.189999, 32.099998, 100, 32.529999, 1000, -1.830000, -0.600000
1476365570539, 32.189999, 32.099998, 100, 32.529999, 1000, -1.830000, -0.600000
1476365572048, 32.189999, 32.099998, 100, 32.529999, 1000, -1.830000, -0.600000
1476365574048, 32.189999, 32.099998, 100, 32.529999, 1000, -1.830000, -0.600000
1476365576555, 32.189999, 32.110001, 100, 32.549999, 1000, -1.830000, -0.600000
1476365578527, 32.189999, 32.110001, 100, 32.549999, 1000, -1.830000, -0.600000
1476365580580, 32.189999, 32.110001, 100, 32.549999, 1000, -1.830000, -0.600000
1476365582544, 32.189999, 32.110001, 100, 32.549999, 1000, -1.830000, -0.600000
1476365584542, 32.189999, 32.110001, 100, 32.549999, 1000, -1.830000, -0.600000
1476365586543, 32.189999, 32.110001, 100, 32.549999, 1000, -1.830000, -0.600000
1476365588545, 32.189999, 32.110001, 100, 32.549999, 1000, -1.830000, -0.600000
1476365590542, 32.189999, 32.110001, 100, 32.549999, 100, -1.830000, -0.600000
1476365592544, 32.189999, 32.110001, 100, 32.549999, 100, -1.830000, -0.600000
1476365594558, 32.189999, 32.110001, 100, 32.549999, 100, -1.830000, -0.600000
1476365596543, 32.189999, 32.110001, 100, 32.540001, 1000, -1.830000, -0.600000
1476365598541, 32.189999, 32.110001, 100, 32.540001, 1000, -1.830000, -0.600000
1476365600548, 32.189999, 32.110001, 100, 32.540001, 1000, -1.830000, -0.600000
1476365602554, 32.189999, 32.110001, 100, 32.540001, 1000, -1.830000, -0.600000
1476365604563, 32.189999, 32.110001, 100, 32.540001, 1000, -1.830000, -0.600000
1476365606598, 32.189999, 32.110001, 100, 32.540001, 1000, -1.830000, -0.600000
1476365608573, 32.189999, 32.110001, 100, 32.529999, 100, -1.830000, -0.600000
1476365610562, 32.189999, 32.110001, 100, 32.520000, 100, -1.830000, -0.600000
1476365612056, 32.189999, 32.110001, 100, 32.520000, 100, -1.830000, -0.600000
1476365614562, 32.189999, 32.110001, 100, 32.520000, 100, -1.830000, -0.600000
1476365616051, 32.189999, 32.110001, 100, 32.520000, 100, -1.830000, -0.600000
1476365618552, 32.189999, 32.110001, 100, 32.520000, 100, -1.830000, -0.600000
1476365619555, 32.189999, 32.110001, 100, 32.520000, 100, -1.830000, -0.600000
1476365622572, 32.189999, 32.110001, 100, 32.520000, 100, -1.830000, -0.600000
1476365624050, 32.189999, 32.110001, 100, 32.520000, 100, -1.830000, -0.600000
1476365626057, 32.189999, 32.110001, 100, 32.520000, 100, -1.830000, -0.600000
1476365628054, 32.189999, 32.110001, 100, 32.490002, 100, -1.830000, -0.600000
1476365630560, 32.189999, 32.110001, 100, 32.490002, 100, -1.830000, -0.600000
1476365632565, 32.189999, 32.110001, 100, 32.490002, 100, -1.830000, -0.600000
1476365633058, 32.189999, 32.110001, 100, 32.490002, 100, -1.830000, -0.600000
1476365636062, 32.189999, 32.110001, 100, 32.490002, 100, -1.830000, -0.600000
1476365638562, 32.189999, 32.119999, 200, 32.490002, 100, -1.830000, -0.600000
1476365640054, 32.189999, 32.119999, 200, 32.490002, 100, -1.830000, -0.600000
1476365642565, 32.189999, 32.119999, 200, 32.490002, 100, -1.830000, -0.600000
1476365644063, 32.189999, 32.119999, 200, 32.490002, 100, -1.830000, -0.600000
1476365646558, 32.439999, 32.119999, 100, 32.490002, 100, -1.070000, -0.350000
1476365648587, 32.439999, 32.119999, 100, 32.490002, 100, -1.070000, -0.350000
1476365650591, 32.439999, 32.119999, 100, 32.490002, 100, -1.070000, -0.350000
1476365652561, 32.439999, 32.119999, 100, 32.490002, 100, -1.070000, -0.350000
1476365654565, 32.439999, 32.119999, 100, 32.490002, 100, -1.070000, -0.350000
1476365656574, 32.439999, 32.119999, 100, 32.490002, 100, -1.070000, -0.350000
1476365658574, 32.439999, 32.119999, 100, 32.490002, 100, -1.070000, -0.350000
1476365660562, 32.439999, 32.119999, 100, 32.490002, 100, -1.070000, -0.350000
1476365662563, 32.439999, 32.119999, 100, 32.490002, 100, -1.070000, -0.350000
1476365664562, 32.439999, 32.119999, 100, 32.490002, 100, -1.070000, -0.350000
1476365666572, 32.439999, 32.119999, 100, 32.490002, 100, -1.070000, -0.350000
1476365667623, 32.439999, 32.119999, 100, 32.490002, 100, -1.070000, -0.350000
1476365669575, 32.439999, 32.119999, 100, 32.490002, 100, -1.070000, -0.350000
1476365672571, 32.439999, 32.119999, 100, 32.480000, 200, -1.070000, -0.350000
1476365674573, 32.439999, 32.119999, 100, 32.480000, 200, -1.070000, -0.350000
1476365676569, 32.439999, 32.119999, 100, 32.480000, 200, -1.070000, -0.350000
1476365678604, 32.439999, 32.119999, 100, 32.480000, 200, -1.070000, -0.350000
1476365680084, 32.439999, 32.119999, 100, 32.480000, 200, -1.070000, -0.350000
1476365682583, 32.439999, 32.119999, 100, 32.480000, 200, -1.070000, -0.350000
1476365684577, 32.439999, 32.119999, 100, 32.480000, 200, -1.070000, -0.350000
1476365686574, 32.439999, 32.119999, 100, 32.480000, 200, -1.070000, -0.350000
1476365688569, 32.439999, 32.119999, 100, 32.480000, 200, -1.070000, -0.350000
1476365690579, 32.439999, 32.119999, 100, 32.480000, 200, -1.070000, -0.350000
1476365692576, 32.439999, 32.119999, 100, 32.480000, 200, -1.070000, -0.350000
1476365694567, 32.439999, 32.119999, 100, 32.480000, 200, -1.070000, -0.350000
1476365696591, 32.439999, 32.119999, 100, 32.480000, 200, -1.070000, -0.350000
1476365698590, 32.439999, 32.119999, 100, 32.480000, 200, -1.070000, -0.350000
1476365700587, 32.439999, 32.119999, 100, 32.480000, 100, -1.070000, -0.350000
1476365702598, 32.439999, 32.130001, 100, 32.480000, 100, -1.070000, -0.350000
1476365704592, 32.439999, 32.130001, 100, 32.480000, 100, -1.070000, -0.350000
1476365706645, 32.439999, 32.130001, 100, 32.480000, 100, -1.070000, -0.350000
1476365708083, 32.439999, 32.130001, 100, 32.480000, 100, -1.070000, -0.350000
1476365710609, 32.439999, 32.130001, 100, 32.480000, 100, -1.070000, -0.350000
1476365712585, 32.439999, 32.130001, 100, 32.480000, 100, -1.070000, -0.350000
1476365714588, 32.439999, 32.130001, 100, 32.480000, 100, -1.070000, -0.350000
1476365716078, 32.439999, 32.130001, 100, 32.480000, 100, -1.070000, -0.350000
1476365718091, 32.439999, 32.130001, 100, 32.480000, 200, -1.070000, -0.350000
1476365720089, 32.439999, 32.130001, 100, 32.480000, 200, -1.070000, -0.350000
1476365722581, 32.439999, 32.130001, 100, 32.480000, 200, -1.070000, -0.350000
1476365724089, 32.439999, 32.130001, 100, 32.480000, 200, -1.070000, -0.350000
1476365726099, 32.439999, 32.130001, 100, 32.480000, 200, -1.070000, -0.350000
1476365728087, 32.439999, 32.130001, 100, 32.480000, 200, -1.070000, -0.350000
1476365730596, 32.439999, 32.139999, 1000, 32.480000, 200, -1.070000, -0.350000
1476365732585, 32.439999, 32.150002, 100, 32.480000, 100, -1.070000, -0.350000
1476365734603, 32.439999, 32.150002, 100, 32.480000, 100, -1.070000, -0.350000
1476365735103, 32.439999, 32.150002, 100, 32.480000, 100, -1.070000, -0.350000
1476365737656, 32.439999, 32.200001, 200, 32.480000, 100, -1.070000, -0.350000
1476365739102, 32.439999, 32.200001, 200, 32.480000, 100, -1.070000, -0.350000
1476365742593, 32.439999, 32.209999, 100, 32.480000, 100, -1.070000, -0.350000
1476365744149, 32.439999, 32.209999, 100, 32.480000, 200, -1.070000, -0.350000
1476365746105, 32.439999, 32.230000, 100, 32.480000, 100, -1.070000, -0.350000
1476365748590, 32.439999, 32.230000, 100, 32.480000, 100, -1.070000, -0.350000
1476365750610, 32.439999, 32.230000, 100, 32.480000, 100, -1.070000, -0.350000
1476365752629, 32.439999, 32.230000, 100, 32.480000, 100, -1.070000, -0.350000
1476365754604, 32.439999, 32.250000, 100, 32.480000, 100, -1.070000, -0.350000
1476365756595, 32.439999, 32.250000, 100, 32.480000, 100, -1.070000, -0.350000
1476365758101, 32.439999, 32.250000, 100, 32.480000, 100, -1.070000, -0.350000
1476365760101, 32.439999, 32.259998, 500, 32.480000, 200, -1.070000, -0.350000
1476365762600, 32.439999, 32.270000, 100, 32.480000, 100, -1.070000, -0.350000
1476365764144, 32.439999, 32.270000, 100, 32.480000, 100, -1.070000, -0.350000
1476365766617, 32.439999, 32.270000, 100, 32.480000, 100, -1.070000, -0.350000
1476365768624, 32.439999, 32.270000, 100, 32.480000, 100, -1.070000, -0.350000
1476365770655, 32.439999, 32.270000, 100, 32.480000, 100, -1.070000, -0.350000
1476365772620, 32.439999, 32.279999, 300, 32.480000, 100, -1.070000, -0.350000
1476365774613, 32.439999, 32.279999, 300, 32.480000, 100, -1.070000, -0.350000
1476365776618, 32.439999, 32.279999, 300, 32.480000, 100, -1.070000, -0.350000
1476365778619, 32.439999, 32.279999, 300, 32.480000, 100, -1.070000, -0.350000
1476365780682, 32.439999, 32.290001, 300, 32.450001, 200, -1.070000, -0.350000
1476365782603, 32.439999, 32.290001, 300, 32.450001, 200, -1.070000, -0.350000
1476365784614, 32.439999, 32.290001, 300, 32.450001, 200, -1.070000, -0.350000
1476365786131, 32.439999, 32.290001, 300, 32.450001, 200, -1.070000, -0.350000
1476365788621, 32.439999, 32.290001, 100, 32.450001, 300, -1.070000, -0.350000
1476365790609, 32.439999, 32.290001, 100, 32.450001, 300, -1.070000, -0.350000
1476365792115, 32.439999, 32.290001, 100, 32.450001, 400, -1.070000, -0.350000
1476365794668, 32.339500, 32.290001, 100, 32.450001, 400, -1.370000, -0.450500
1476365796621, 32.339500, 32.290001, 200, 32.450001, 300, -1.370000, -0.450500
1476365798623, 32.339500, 32.290001, 200, 32.450001, 300, -1.370000, -0.450500
1476365801018, 32.339500, 32.290001, 200, 32.450001, 300, -1.370000, -0.450500
1476365803012, 32.339500, 32.290001, 200, 32.450001, 300, -1.370000, -0.450500
1476365804521, 32.339500, 32.290001, 200, 32.450001, 300, -1.370000, -0.450500
1476365806517, 32.339500, 32.290001, 200, 32.450001, 400, -1.370000, -0.450500
1476365809019, 32.339500, 32.200001, 200, 32.270000, 100, -1.370000, -0.450500
1476365811022, 32.339500, 32.200001, 200, 32.270000, 100, -1.370000, -0.450500
1476365813020, 32.339500, 32.200001, 200, 32.270000, 100, -1.370000, -0.450500
1476365815061, 32.339500, 32.200001, 200, 32.270000, 100, -1.370000, -0.450500
1476365817017, 32.339500, 32.200001, 200, 32.270000, 100, -1.370000, -0.450500
1476365819022, 32.339500, 32.200001, 200, 32.270000, 100, -1.370000, -0.450500
1476365820525, 32.339500, 32.200001, 200, 32.270000, 100, -1.370000, -0.450500
1476365821532, 32.339500, 32.200001, 200, 32.270000, 100, -1.370000, -0.450500
1476365825020, 32.339500, 32.200001, 200, 32.270000, 100, -1.370000, -0.450500
1476365827026, 32.339500, 32.200001, 100, 32.270000, 100, -1.370000, -0.450500
1476365829021, 32.339500, 32.200001, 200, 32.270000, 100, -1.370000, -0.450500
1476365831020, 32.339500, 32.200001, 100, 32.270000, 100, -1.370000, -0.450500
1476365833029, 32.339500, 32.200001, 100, 32.270000, 100, -1.370000, -0.450500
1476365835027, 32.339500, 32.200001, 100, 32.270000, 100, -1.370000, -0.450500
1476365837028, 32.339500, 32.200001, 100, 32.270000, 100, -1.370000, -0.450500
1476365838528, 32.200001, 32.200001, 100, 32.270000, 100, -1.800000, -0.590000
1476365840034, 32.200001, 32.200001, 100, 32.270000, 100, -1.800000, -0.590000
1476365843040, 32.200001, 32.200001, 100, 32.270000, 100, -1.800000, -0.590000
1476365845031, 32.200001, 32.200001, 100, 32.270000, 100, -1.800000, -0.590000
1476365847036, 32.200001, 32.200001, 100, 32.270000, 100, -1.800000, -0.590000
1476365849032, 32.200001, 32.200001, 100, 32.270000, 100, -1.800000, -0.590000
1476365851035, 32.200001, 32.200001, 100, 32.270000, 100, -1.800000, -0.590000
1476365853042, 32.200001, 32.200001, 100, 32.279999, 200, -1.800000, -0.590000
1476365855042, 32.200001, 32.200001, 100, 32.279999, 200, -1.800000, -0.590000
1476365857041, 32.200001, 32.200001, 200, 32.279999, 100, -1.800000, -0.590000
1476365859075, 32.200001, 32.200001, 200, 32.299999, 100, -1.800000, -0.590000
1476365861037, 32.200001, 32.200001, 200, 32.299999, 100, -1.800000, -0.590000
1476365863036, 32.200001, 32.200001, 200, 32.299999, 100, -1.800000, -0.590000
1476365865040, 32.200001, 32.200001, 200, 32.380001, 100, -1.800000, -0.590000
1476365867038, 32.200001, 32.200001, 200, 32.380001, 200, -1.800000, -0.590000
1476365869060, 32.200001, 32.200001, 200, 32.380001, 100, -1.800000, -0.590000
1476365871044, 32.200001, 32.200001, 200, 32.369999, 100, -1.800000, -0.590000
1476365873037, 32.200001, 32.200001, 200, 32.349998, 100, -1.800000, -0.590000
1476365875050, 32.200001, 32.200001, 200, 32.340000, 100, -1.800000, -0.590000
1476365876540, 32.200001, 32.200001, 200, 32.340000, 100, -1.800000, -0.590000
1476365879047, 32.200001, 32.200001, 200, 32.340000, 100, -1.800000, -0.590000
1476365880549, 32.200001, 32.200001, 200, 32.340000, 100, -1.800000, -0.590000
1476365883045, 32.200001, 32.200001, 200, 32.340000, 100, -1.800000, -0.590000
1476365885054, 32.200001, 32.200001, 200, 32.340000, 100, -1.800000, -0.590000
1476365887040, 32.200001, 32.209999, 100, 32.340000, 100, -1.800000, -0.590000
1476365888044, 32.200001, 32.209999, 100, 32.340000, 100, -1.800000, -0.590000
1476365891027, 32.200001, 32.209999, 100, 32.290001, 100, -1.800000, -0.590000
1476365994087, 32.240002, 32.240002, 100, 32.310001, 100, -1.680000, -0.550000
1476365994087, 32.240002, 32.240002, 100, 32.310001, 100, -1.680000, -0.550000
1476365994087, 32.240002, 32.240002, 100, 32.310001, 100, -1.680000, -0.550000
1476365994087, 32.240002, 32.240002, 100, 32.310001, 100, -1.680000, -0.550000
1476365994087, 32.240002, 32.240002, 100, 32.310001, 100, -1.680000, -0.550000
1476365994087, 32.240002, 32.240002, 100, 32.310001, 100, -1.680000, -0.550000
1476365994087, 32.240002, 32.240002, 100, 32.310001, 100, -1.680000, -0.550000
1476365994087, 32.240002, 32.240002, 100, 32.310001, 100, -1.680000, -0.550000
1476365994087, 32.240002, 32.240002, 100, 32.310001, 100, -1.680000, -0.550000
1476366074129, 32.240002, 32.200001, 100, 32.270000, 100, -1.680000, -0.550000
1476366076616, 32.240002, 32.200001, 100, 32.270000, 100, -1.680000, -0.550000
1476366078597, 32.240002, 32.209999, 100, 32.290001, 100, -1.680000, -0.550000
1476366080617, 32.240002, 32.209999, 100, 32.290001, 100, -1.680000, -0.550000
1476366082623, 32.240002, 32.209999, 100, 32.290001, 100, -1.680000, -0.550000
1476366084625, 32.240002, 32.200001, 100, 32.290001, 100, -1.680000, -0.550000
1476366086627, 32.240002, 32.200001, 100, 32.290001, 100, -1.680000, -0.550000
1476366088528, 32.240002, 32.200001, 100, 32.290001, 100, -1.680000, -0.550000
1476366090545, 32.240002, 32.200001, 100, 32.290001, 100, -1.680000, -0.550000
1476366092517, 32.240002, 32.200001, 100, 32.290001, 100, -1.680000, -0.550000
1476366095021, 32.240002, 32.200001, 100, 32.290001, 100, -1.680000, -0.550000
1476366097017, 32.240002, 32.200001, 100, 32.290001, 100, -1.680000, -0.550000
1476366099025, 32.240002, 32.220001, 100, 32.299999, 100, -1.680000, -0.550000
1476366100527, 32.240002, 32.220001, 100, 32.299999, 100, -1.680000, -0.550000
1476366103027, 32.240002, 32.220001, 100, 32.299999, 100, -1.680000, -0.550000
1476366105044, 32.240002, 32.220001, 100, 32.330002, 200, -1.680000, -0.550000
1476366107021, 32.240002, 32.220001, 100, 32.330002, 200, -1.680000, -0.550000
1476366108524, 32.240002, 32.220001, 100, 32.330002, 200, -1.680000, -0.550000
1476366111021, 32.240002, 32.220001, 100, 32.330002, 200, -1.680000, -0.550000
1476366113025, 32.240002, 32.220001, 100, 32.330002, 200, -1.680000, -0.550000
1476366115027, 32.240002, 32.220001, 100, 32.330002, 200, -1.680000, -0.550000
1476366116525, 32.240002, 32.220001, 100, 32.330002, 200, -1.680000, -0.550000
1476366119033, 32.240002, 32.220001, 100, 32.330002, 200, -1.680000, -0.550000
1476366121028, 32.240002, 32.220001, 100, 32.330002, 300, -1.680000, -0.550000
1476366123027, 32.240002, 32.220001, 100, 32.330002, 300, -1.680000, -0.550000
1476366125033, 32.240002, 32.220001, 100, 32.330002, 300, -1.680000, -0.550000
1476366127029, 32.240002, 32.220001, 100, 32.330002, 300, -1.680000, -0.550000
1476366129033, 32.240002, 32.220001, 100, 32.330002, 300, -1.680000, -0.550000
1476366131060, 32.240002, 32.220001, 100, 32.330002, 200, -1.680000, -0.550000
1476366133040, 32.240002, 32.220001, 100, 32.330002, 200, -1.680000, -0.550000
1476366135047, 32.240002, 32.220001, 100, 32.330002, 200, -1.680000, -0.550000
1476366137033, 32.240002, 32.220001, 100, 32.330002, 200, -1.680000, -0.550000
1476366139072, 32.240002, 32.220001, 100, 32.330002, 200, -1.680000, -0.550000
1476366139072, 32.240002, 32.220001, 100, 32.330002, 200, -1.680000, -0.550000
1476366143039, 32.240002, 32.220001, 100, 32.330002, 300, -1.680000, -0.550000
1476366145039, 32.240002, 32.220001, 100, 32.330002, 300, -1.680000, -0.550000
1476366147061, 32.240002, 32.209999, 100, 32.330002, 200, -1.680000, -0.550000
1476366148546, 32.240002, 32.209999, 100, 32.330002, 200, -1.680000, -0.550000
1476366151049, 32.240002, 32.209999, 100, 32.330002, 200, -1.680000, -0.550000
1476366153041, 32.240002, 32.209999, 100, 32.330002, 200, -1.680000, -0.550000
1476366155037, 32.240002, 32.209999, 100, 32.330002, 200, -1.680000, -0.550000
1476366157043, 32.240002, 32.209999, 100, 32.330002, 200, -1.680000, -0.550000
1476366159042, 32.240002, 32.209999, 100, 32.330002, 200, -1.680000, -0.550000
1476366160048, 32.240002, 32.209999, 100, 32.330002, 200, -1.680000, -0.550000
1476366163046, 32.240002, 32.209999, 100, 32.330002, 200, -1.680000, -0.550000
1476366165082, 32.240002, 32.209999, 100, 32.330002, 200, -1.680000, -0.550000
1476366167042, 32.240002, 32.209999, 100, 32.330002, 200, -1.680000, -0.550000
1476366169056, 32.240002, 32.209999, 100, 32.330002, 300, -1.680000, -0.550000
1476366171037, 32.240002, 32.209999, 100, 32.330002, 300, -1.680000, -0.550000
1476366173042, 32.240002, 32.220001, 100, 32.330002, 300, -1.680000, -0.550000
1476366175151, 32.240002, 32.220001, 100, 32.330002, 300, -1.680000, -0.550000
1476366176569, 32.240002, 32.220001, 100, 32.330002, 300, -1.680000, -0.550000
1476366179054, 32.240002, 32.220001, 100, 32.330002, 300, -1.680000, -0.550000
1476366181052, 32.240002, 32.220001, 100, 32.330002, 300, -1.680000, -0.550000
1476366183050, 32.261799, 32.220001, 100, 32.320000, 100, -1.610000, -0.528200
1476366184559, 32.261799, 32.220001, 100, 32.320000, 100, -1.610000, -0.528200
1476366187053, 32.261799, 32.220001, 100, 32.320000, 100, -1.610000, -0.528200
1476366188549, 32.261799, 32.220001, 100, 32.320000, 100, -1.610000, -0.528200
1476366191055, 32.261799, 32.220001, 100, 32.290001, 100, -1.610000, -0.528200
1476366193053, 32.261799, 32.209999, 100, 32.290001, 100, -1.610000, -0.528200
1476366194564, 32.261799, 32.209999, 100, 32.290001, 100, -1.610000, -0.528200
1476366197062, 32.261799, 32.209999, 100, 32.290001, 100, -1.610000, -0.528200
1476366199057, 32.261799, 32.209999, 100, 32.290001, 100, -1.610000, -0.528200
1476366201055, 32.320000, 32.240002, 100, 32.320000, 100, -1.430000, -0.470000
1476366203063, 32.320000, 32.240002, 100, 32.320000, 100, -1.430000, -0.470000
1476366205081, 32.320000, 32.240002, 100, 32.320000, 100, -1.430000, -0.470000
1476366207060, 32.320000, 32.250000, 100, 32.320000, 100, -1.430000, -0.470000
1476366208567, 32.320000, 32.250000, 100, 32.320000, 100, -1.430000, -0.470000
1476366211101, 32.320000, 32.270000, 100, 32.340000, 100, -1.430000, -0.470000
1476366213060, 32.320000, 32.270000, 100, 32.360001, 100, -1.430000, -0.470000
1476366215065, 32.320000, 32.270000, 100, 32.360001, 100, -1.430000, -0.470000
1476366216578, 32.320000, 32.270000, 100, 32.360001, 100, -1.430000, -0.470000
1476366219068, 32.320000, 32.270000, 100, 32.349998, 100, -1.430000, -0.470000
1476366221113, 32.320000, 32.270000, 100, 32.349998, 100, -1.430000, -0.470000
1476366223062, 32.320000, 32.270000, 100, 32.349998, 100, -1.430000, -0.470000
1476366225066, 32.320000, 32.270000, 100, 32.349998, 100, -1.430000, -0.470000
1476366227070, 32.320000, 32.270000, 100, 32.349998, 100, -1.430000, -0.470000
1476366229063, 32.270000, 32.259998, 100, 32.310001, 100, -1.590000, -0.520000
1476366231108, 32.270000, 32.259998, 100, 32.310001, 100, -1.590000, -0.520000
1476366233073, 32.270000, 32.200001, 100, 32.299999, 100, -1.590000, -0.520000
1476366234565, 32.270000, 32.200001, 100, 32.299999, 100, -1.590000, -0.520000
1476366237060, 32.270000, 32.200001, 100, 32.299999, 100, -1.590000, -0.520000
1476366239068, 32.270000, 32.200001, 100, 32.299999, 100, -1.590000, -0.520000
1476366241070, 32.270000, 32.200001, 100, 32.299999, 100, -1.590000, -0.520000
1476366243070, 32.270000, 32.200001, 100, 32.299999, 100, -1.590000, -0.520000
1476366245077, 32.270000, 32.200001, 100, 32.299999, 100, -1.590000, -0.520000
1476366247083, 32.270000, 32.200001, 100, 32.299999, 100, -1.590000, -0.520000
1476366249079, 32.270000, 32.200001, 100, 32.299999, 100, -1.590000, -0.520000
1476366251081, 32.270000, 32.200001, 100, 32.299999, 100, -1.590000, -0.520000
1476366253072, 32.270000, 32.200001, 100, 32.299999, 100, -1.590000, -0.520000
1476366255084, 32.270000, 32.200001, 100, 32.299999, 100, -1.590000, -0.520000
1476366256587, 32.270000, 32.200001, 100, 32.299999, 100, -1.590000, -0.520000
1476366258578, 32.270000, 32.200001, 100, 32.299999, 100, -1.590000, -0.520000
1476366261085, 32.270000, 32.200001, 100, 32.299999, 100, -1.590000, -0.520000
1476366263127, 32.270000, 32.200001, 100, 32.299999, 100, -1.590000, -0.520000
1476366264588, 32.270000, 32.200001, 100, 32.299999, 100, -1.590000, -0.520000
1476366267130, 32.270000, 32.209999, 200, 32.299999, 100, -1.590000, -0.520000
1476366269077, 32.270000, 32.209999, 200, 32.299999, 100, -1.590000, -0.520000
1476366271082, 32.270000, 32.209999, 200, 32.299999, 100, -1.590000, -0.520000
1476366272073, 32.270000, 32.209999, 200, 32.299999, 100, -1.590000, -0.520000
1476366275090, 32.270000, 32.209999, 200, 32.299999, 100, -1.590000, -0.520000
1476366277137, 32.270000, 32.200001, 100, 32.299999, 100, -1.590000, -0.520000
1476366279085, 32.270000, 32.200001, 100, 32.299999, 100, -1.590000, -0.520000
1476366281082, 32.259998, 32.200001, 100, 32.299999, 100, -1.620000, -0.530000
1476366282594, 32.259998, 32.200001, 100, 32.299999, 100, -1.620000, -0.530000
1476366285094, 32.259998, 32.220001, 100, 32.299999, 100, -1.620000, -0.530000
1476366287127, 32.259998, 32.220001, 100, 32.310001, 100, -1.620000, -0.530000
1476366289095, 32.259998, 32.220001, 100, 32.310001, 100, -1.620000, -0.530000
1476366291113, 32.259998, 32.220001, 100, 32.310001, 200, -1.620000, -0.530000
1476366293094, 32.259998, 32.220001, 100, 32.310001, 200, -1.620000, -0.530000
1476366295098, 32.259998, 32.220001, 100, 32.310001, 200, -1.620000, -0.530000
1476366297128, 32.259998, 32.220001, 100, 32.310001, 200, -1.620000, -0.530000
1476366299085, 32.259998, 32.220001, 100, 32.310001, 200, -1.620000, -0.530000
1476366301085, 32.259998, 32.200001, 100, 32.279999, 100, -1.620000, -0.530000
1476366303113, 32.259998, 32.200001, 100, 32.279999, 100, -1.620000, -0.530000
1476366305092, 32.259998, 32.200001, 100, 32.279999, 100, -1.620000, -0.530000
1476366307130, 32.259998, 32.209999, 300, 32.279999, 100, -1.620000, -0.530000
1476366309090, 32.259998, 32.209999, 300, 32.279999, 100, -1.620000, -0.530000
1476366310593, 32.259998, 32.209999, 300, 32.290001, 100, -1.620000, -0.530000
1476366313095, 32.310001, 32.209999, 300, 32.310001, 100, -1.460000, -0.480000
1476366315093, 32.310001, 32.200001, 100, 32.310001, 100, -1.460000, -0.480000
1476366316595, 32.310001, 32.200001, 100, 32.310001, 100, -1.460000, -0.480000
1476366318606, 32.310001, 32.209999, 400, 32.310001, 100, -1.460000, -0.480000
1476366321106, 32.310001, 32.209999, 400, 32.310001, 100, -1.460000, -0.480000
1476366323113, 32.310001, 32.209999, 400, 32.310001, 100, -1.460000, -0.480000
1476366325107, 32.310001, 32.200001, 100, 32.299999, 100, -1.460000, -0.480000
1476366327105, 32.310001, 32.200001, 100, 32.299999, 100, -1.460000, -0.480000
1476366329102, 32.310001, 32.200001, 100, 32.299999, 100, -1.460000, -0.480000
1476366331120, 32.310001, 32.209999, 500, 32.310001, 100, -1.460000, -0.480000
1476366332641, 32.310001, 32.209999, 500, 32.310001, 200, -1.460000, -0.480000
1476366334616, 32.310001, 32.209999, 500, 32.310001, 200, -1.460000, -0.480000
1476366337115, 32.310001, 32.220001, 100, 32.310001, 200, -1.460000, -0.480000
1476366338100, 32.310001, 32.220001, 100, 32.310001, 200, -1.460000, -0.480000
1476366341109, 32.310001, 32.220001, 100, 32.310001, 200, -1.460000, -0.480000
1476366343161, 32.310001, 32.220001, 100, 32.310001, 200, -1.460000, -0.480000
1476366345117, 32.310001, 32.220001, 100, 32.310001, 200, -1.460000, -0.480000
1476366346635, 32.310001, 32.220001, 100, 32.310001, 200, -1.460000, -0.480000
1476366349116, 32.310001, 32.220001, 100, 32.310001, 200, -1.460000, -0.480000
1476366351119, 32.310001, 32.200001, 100, 32.310001, 200, -1.460000, -0.480000
1476366352624, 32.310001, 32.209999, 600, 32.310001, 200, -1.460000, -0.480000
1476366354098, 32.310001, 32.209999, 600, 32.310001, 300, -1.460000, -0.480000
1476366357115, 32.310001, 32.209999, 600, 32.310001, 300, -1.460000, -0.480000
1476366359134, 32.310001, 32.209999, 600, 32.310001, 300, -1.460000, -0.480000
1476366361131, 32.310001, 32.209999, 600, 32.310001, 300, -1.460000, -0.480000
1476366362615, 32.310001, 32.200001, 100, 32.279999, 100, -1.460000, -0.480000
1476366364618, 32.310001, 32.209999, 400, 32.290001, 200, -1.460000, -0.480000
1476366367113, 32.310001, 32.209999, 400, 32.290001, 200, -1.460000, -0.480000
1476366369108, 32.310001, 32.209999, 400, 32.299999, 100, -1.460000, -0.480000
1476366370620, 32.310001, 32.209999, 400, 32.299999, 100, -1.460000, -0.480000
1476366373020, 32.310001, 32.209999, 400, 32.299999, 100, -1.460000, -0.480000
1476366374519, 32.310001, 32.209999, 300, 32.299999, 100, -1.460000, -0.480000
1476366376528, 32.310001, 32.209999, 300, 32.299999, 100, -1.460000, -0.480000
1476366379022, 32.310001, 32.209999, 300, 32.299999, 100, -1.460000, -0.480000
1476366380019, 32.310001, 32.209999, 300, 32.299999, 100, -1.460000, -0.480000
1476366383022, 32.310001, 32.200001, 100, 32.290001, 100, -1.460000, -0.480000
1476366385024, 32.310001, 32.209999, 200, 32.290001, 200, -1.460000, -0.480000
1476366385024, 32.310001, 32.209999, 200, 32.290001, 200, -1.460000, -0.480000
1476366388523, 32.310001, 32.220001, 100, 32.299999, 200, -1.460000, -0.480000
1476366391059, 32.310001, 32.220001, 100, 32.299999, 200, -1.460000, -0.480000
1476366392034, 32.310001, 32.220001, 100, 32.299999, 200, -1.460000, -0.480000
1476366395033, 32.310001, 32.209999, 100, 32.299999, 200, -1.460000, -0.480000
1476366396526, 32.310001, 32.209999, 100, 32.299999, 200, -1.460000, -0.480000
1476366399061, 32.310001, 32.209999, 100, 32.299999, 200, -1.460000, -0.480000
1476366401028, 32.310001, 32.209999, 100, 32.299999, 200, -1.460000, -0.480000
1476366403051, 32.310001, 32.209999, 100, 32.299999, 200, -1.460000, -0.480000
1476366405032, 32.310001, 32.209999, 100, 32.299999, 200, -1.460000, -0.480000
1476366407046, 32.310001, 32.200001, 100, 32.299999, 200, -1.460000, -0.480000
1476366408531, 32.310001, 32.200001, 100, 32.299999, 200, -1.460000, -0.480000
1476366410540, 32.310001, 32.200001, 100, 32.299999, 200, -1.460000, -0.480000
1476366412033, 32.310001, 32.200001, 100, 32.299999, 200, -1.460000, -0.480000
1476366415030, 32.310001, 32.200001, 100, 32.299999, 200, -1.460000, -0.480000
1476366417031, 32.310001, 32.200001, 100, 32.299999, 200, -1.460000, -0.480000
1476366419046, 32.310001, 32.200001, 100, 32.299999, 200, -1.460000, -0.480000
1476366421039, 32.310001, 32.200001, 100, 32.299999, 200, -1.460000, -0.480000
1476366423035, 32.310001, 32.200001, 100, 32.299999, 200, -1.460000, -0.480000
1476366425043, 32.310001, 32.200001, 100, 32.299999, 200, -1.460000, -0.480000
1476366427041, 32.310001, 32.200001, 100, 32.299999, 200, -1.460000, -0.480000
1476366428544, 32.310001, 32.200001, 100, 32.290001, 100, -1.460000, -0.480000
1476366431049, 32.310001, 32.200001, 100, 32.290001, 200, -1.460000, -0.480000
1476366433121, 32.310001, 32.200001, 100, 32.290001, 200, -1.460000, -0.480000
1476366435043, 32.310001, 32.200001, 100, 32.290001, 200, -1.460000, -0.480000
1476366437047, 32.310001, 32.200001, 100, 32.290001, 200, -1.460000, -0.480000
1476366439048, 32.310001, 32.200001, 100, 32.290001, 200, -1.460000, -0.480000
1476366441056, 32.310001, 32.209999, 200, 32.290001, 200, -1.460000, -0.480000
1476366443057, 32.310001, 32.209999, 200, 32.290001, 100, -1.460000, -0.480000
1476366445046, 32.310001, 32.220001, 100, 32.290001, 100, -1.460000, -0.480000
1476366447050, 32.310001, 32.209999, 100, 32.290001, 100, -1.460000, -0.480000
1476366449099, 32.310001, 32.209999, 100, 32.290001, 100, -1.460000, -0.480000
1476366451086, 32.310001, 32.209999, 100, 32.290001, 100, -1.460000, -0.480000
1476366453050, 32.310001, 32.209999, 100, 32.290001, 100, -1.460000, -0.480000
1476366455090, 32.310001, 32.209999, 100, 32.290001, 100, -1.460000, -0.480000
1476366457050, 32.310001, 32.209999, 100, 32.290001, 100, -1.460000, -0.480000
1476366459056, 32.310001, 32.209999, 100, 32.290001, 100, -1.460000, -0.480000
1476366460066, 32.310001, 32.209999, 100, 32.290001, 100, -1.460000, -0.480000
1476366463070, 32.310001, 32.209999, 100, 32.290001, 100, -1.460000, -0.480000
1476366465054, 32.310001, 32.209999, 100, 32.290001, 100, -1.460000, -0.480000
1476366467058, 32.290001, 32.220001, 100, 32.310001, 100, -1.520000, -0.500000
1476366468554, 32.310001, 32.250000, 100, 32.310001, 100, -1.460000, -0.480000
1476366471060, 32.310001, 32.250000, 100, 32.310001, 100, -1.460000, -0.480000
1476366473062, 32.310001, 32.250000, 100, 32.330002, 100, -1.460000, -0.480000
1476366475053, 32.310001, 32.250000, 100, 32.330002, 100, -1.460000, -0.480000
1476366476584, 32.310001, 32.250000, 100, 32.330002, 100, -1.460000, -0.480000
1476366479082, 32.310001, 32.250000, 100, 32.349998, 100, -1.460000, -0.480000
1476366481105, 32.310001, 32.250000, 100, 32.349998, 100, -1.460000, -0.480000
1476366483068, 32.310001, 32.270000, 100, 32.349998, 100, -1.460000, -0.480000
1476366484568, 32.310001, 32.270000, 100, 32.360001, 100, -1.460000, -0.480000
1476366487071, 32.310001, 32.270000, 100, 32.360001, 100, -1.460000, -0.480000
1476366489056, 32.310001, 32.270000, 100, 32.360001, 100, -1.460000, -0.480000
1476366491069, 32.310001, 32.270000, 100, 32.360001, 100, -1.460000, -0.480000
1476366492603, 32.310001, 32.270000, 100, 32.360001, 100, -1.460000, -0.480000
1476366495069, 32.310001, 32.270000, 100, 32.360001, 100, -1.460000, -0.480000
1476366497070, 32.310001, 32.270000, 100, 32.360001, 100, -1.460000, -0.480000
1476366498612, 32.310001, 32.270000, 100, 32.360001, 100, -1.460000, -0.480000
1476366501076, 32.310001, 32.270000, 100, 32.360001, 100, -1.460000, -0.480000
1476366503060, 32.310001, 32.270000, 100, 32.360001, 100, -1.460000, -0.480000
1476366505083, 32.310001, 32.270000, 100, 32.360001, 100, -1.460000, -0.480000
1476366507077, 32.310001, 32.270000, 100, 32.360001, 100, -1.460000, -0.480000
1476366509110, 32.310001, 32.270000, 100, 32.360001, 100, -1.460000, -0.480000
1476366511084, 32.310001, 32.270000, 100, 32.360001, 100, -1.460000, -0.480000
1476366513084, 32.310001, 32.270000, 100, 32.360001, 100, -1.460000, -0.480000
1476366515076, 32.310001, 32.270000, 100, 32.360001, 100, -1.460000, -0.480000
1476366517074, 32.310001, 32.290001, 200, 32.389999, 100, -1.460000, -0.480000
1476366519074, 32.310001, 32.290001, 200, 32.389999, 100, -1.460000, -0.480000
1476366521081, 32.310001, 32.290001, 200, 32.389999, 100, -1.460000, -0.480000
1476366523084, 32.310001, 32.290001, 200, 32.389999, 100, -1.460000, -0.480000
1476366525120, 32.310001, 32.290001, 200, 32.389999, 100, -1.460000, -0.480000
1476366527068, 32.310001, 32.290001, 200, 32.389999, 100, -1.460000, -0.480000
1476366529077, 32.310001, 32.290001, 200, 32.389999, 100, -1.460000, -0.480000
1476366531083, 32.310001, 32.290001, 200, 32.389999, 100, -1.460000, -0.480000
1476366532585, 32.310001, 32.290001, 200, 32.389999, 100, -1.460000, -0.480000
1476366535077, 32.310001, 32.290001, 200, 32.389999, 100, -1.460000, -0.480000
1476366537076, 32.310001, 32.290001, 200, 32.389999, 100, -1.460000, -0.480000
1476366539115, 32.310001, 32.290001, 200, 32.389999, 100, -1.460000, -0.480000
1476366541138, 32.310001, 32.290001, 200, 32.380001, 200, -1.460000, -0.480000
1476366543098, 32.310001, 32.290001, 200, 32.380001, 100, -1.460000, -0.480000
1476366545088, 32.310001, 32.290001, 200, 32.380001, 100, -1.460000, -0.480000
1476366546080, 32.310001, 32.290001, 200, 32.380001, 100, -1.460000, -0.480000
1476366549094, 32.310001, 32.290001, 200, 32.380001, 100, -1.460000, -0.480000
1476366550582, 32.310001, 32.290001, 200, 32.380001, 100, -1.460000, -0.480000
1476366552583, 32.310001, 32.290001, 200, 32.380001, 100, -1.460000, -0.480000
1476366555098, 32.310001, 32.290001, 200, 32.380001, 100, -1.460000, -0.480000
1476366557157, 32.310001, 32.290001, 200, 32.380001, 100, -1.460000, -0.480000
1476366559106, 32.310001, 32.290001, 200, 32.380001, 100, -1.460000, -0.480000
1476366561100, 32.310001, 32.290001, 200, 32.380001, 100, -1.460000, -0.480000
1476366563085, 32.310001, 32.290001, 200, 32.380001, 100, -1.460000, -0.480000
1476366565098, 32.310001, 32.290001, 200, 32.380001, 100, -1.460000, -0.480000
1476366567095, 32.310001, 32.290001, 200, 32.380001, 100, -1.460000, -0.480000
1476366569103, 32.310001, 32.290001, 200, 32.380001, 100, -1.460000, -0.480000
1476366571086, 32.310001, 32.290001, 200, 32.380001, 100, -1.460000, -0.480000
1476366573151, 32.310001, 32.290001, 200, 32.380001, 100, -1.460000, -0.480000
1476366575119, 32.310001, 32.290001, 200, 32.380001, 100, -1.460000, -0.480000
1476366577100, 32.310001, 32.290001, 200, 32.380001, 100, -1.460000, -0.480000
1476366579096, 32.310001, 32.290001, 200, 32.380001, 100, -1.460000, -0.480000
1476366581099, 32.310001, 32.290001, 200, 32.380001, 100, -1.460000, -0.480000
1476366583094, 32.310001, 32.290001, 200, 32.380001, 100, -1.460000, -0.480000
1476366585106, 32.310001, 32.290001, 200, 32.380001, 100, -1.460000, -0.480000
1476366587136, 32.310001, 32.290001, 200, 32.380001, 100, -1.460000, -0.480000
1476366589094, 32.310001, 32.290001, 200, 32.380001, 100, -1.460000, -0.480000
1476366591099, 32.310001, 32.290001, 200, 32.380001, 100, -1.460000, -0.480000
1476366592661, 32.310001, 32.290001, 200, 32.380001, 100, -1.460000, -0.480000
1476366595105, 32.310001, 32.290001, 200, 32.380001, 100, -1.460000, -0.480000
1476366597114, 32.310001, 32.290001, 200, 32.380001, 100, -1.460000, -0.480000
1476366599106, 32.310001, 32.290001, 200, 32.380001, 100, -1.460000, -0.480000
1476366601113, 32.310001, 32.290001, 200, 32.380001, 100, -1.460000, -0.480000
1476366602164, 32.310001, 32.290001, 200, 32.380001, 100, -1.460000, -0.480000
1476366605108, 32.310001, 32.290001, 200, 32.380001, 100, -1.460000, -0.480000
1476366607118, 32.310001, 32.290001, 200, 32.380001, 100, -1.460000, -0.480000
1476366609144, 32.310001, 32.290001, 200, 32.380001, 100, -1.460000, -0.480000
1476366610605, 32.310001, 32.290001, 200, 32.380001, 100, -1.460000, -0.480000
1476366612613, 32.310001, 32.290001, 200, 32.380001, 100, -1.460000, -0.480000
1476366615112, 32.310001, 32.290001, 200, 32.380001, 100, -1.460000, -0.480000
1476366616604, 32.310001, 32.290001, 200, 32.380001, 100, -1.460000, -0.480000
1476366619100, 32.310001, 32.290001, 200, 32.380001, 100, -1.460000, -0.480000
1476366620622, 32.310001, 32.290001, 200, 32.380001, 100, -1.460000, -0.480000
1476366622608, 32.310001, 32.310001, 100, 32.410000, 200, -1.460000, -0.480000
1476366625116, 32.310001, 32.310001, 100, 32.410000, 200, -1.460000, -0.480000
1476366627112, 32.310001, 32.310001, 100, 32.410000, 200, -1.460000, -0.480000
1476366629119, 32.310001, 32.310001, 100, 32.410000, 200, -1.460000, -0.480000
1476366631129, 32.310001, 32.310001, 100, 32.410000, 200, -1.460000, -0.480000
1476366633120, 32.310001, 32.310001, 100, 32.410000, 200, -1.460000, -0.480000
1476366635161, 32.310001, 32.310001, 100, 32.410000, 200, -1.460000, -0.480000
1476366637110, 32.310001, 32.310001, 100, 32.410000, 200, -1.460000, -0.480000
1476366639126, 32.310001, 32.310001, 100, 32.410000, 200, -1.460000, -0.480000
1476366641107, 32.310001, 32.310001, 100, 32.410000, 200, -1.460000, -0.480000
1476366643118, 32.310001, 32.310001, 100, 32.410000, 200, -1.460000, -0.480000
1476366643627, 32.310001, 32.310001, 100, 32.410000, 100, -1.460000, -0.480000
1476366646634, 32.310001, 32.310001, 100, 32.410000, 200, -1.460000, -0.480000
1476366649519, 32.310001, 32.310001, 100, 32.410000, 100, -1.460000, -0.480000
1476366651521, 32.310001, 32.310001, 100, 32.410000, 100, -1.460000, -0.480000
1476366653015, 32.310001, 32.310001, 100, 32.410000, 100, -1.460000, -0.480000
1476366655527, 32.310001, 32.310001, 100, 32.400002, 100, -1.460000, -0.480000
1476366656520, 32.310001, 32.310001, 100, 32.400002, 100, -1.460000, -0.480000
1476366658521, 32.310001, 32.310001, 100, 32.400002, 100, -1.460000, -0.480000
1476366661026, 32.310001, 32.310001, 100, 32.400002, 100, -1.460000, -0.480000
1476366663523, 32.310001, 32.310001, 100, 32.400002, 100, -1.460000, -0.480000
1476366664527, 32.310001, 32.310001, 100, 32.400002, 100, -1.460000, -0.480000
1476366667528, 32.310001, 32.310001, 100, 32.389999, 100, -1.460000, -0.480000
1476366669528, 32.310001, 32.310001, 100, 32.380001, 100, -1.460000, -0.480000
1476366671531, 32.299999, 32.299999, 100, 32.310001, 100, -1.490000, -0.490000
1476366673539, 32.299999, 32.209999, 100, 32.299999, 100, -1.490000, -0.490000
1476366675029, 32.299999, 32.209999, 100, 32.299999, 100, -1.490000, -0.490000
1476366677045, 32.299999, 32.209999, 100, 32.299999, 100, -1.490000, -0.490000
1476366679559, 32.299999, 32.209999, 100, 32.299999, 100, -1.490000, -0.490000
1476366681536, 32.299999, 32.209999, 100, 32.299999, 100, -1.490000, -0.490000
1476366683530, 32.299999, 32.209999, 100, 32.299999, 100, -1.490000, -0.490000
1476366685539, 32.299999, 32.200001, 100, 32.299999, 100, -1.490000, -0.490000
1476366687533, 32.299999, 32.220001, 100, 32.299999, 100, -1.490000, -0.490000
1476366689524, 32.299999, 32.220001, 100, 32.299999, 100, -1.490000, -0.490000
1476366691062, 32.299999, 32.220001, 100, 32.299999, 100, -1.490000, -0.490000
1476366693537, 32.299999, 32.200001, 100, 32.279999, 100, -1.490000, -0.490000
1476366695531, 32.290001, 32.230000, 100, 32.360001, 100, -1.520000, -0.500000
1476366696535, 32.290001, 32.230000, 100, 32.360001, 100, -1.520000, -0.500000
1476366699538, 32.290001, 32.220001, 100, 32.330002, 100, -1.520000, -0.500000
1476366701537, 32.290001, 32.209999, 100, 32.320000, 100, -1.520000, -0.500000
1476366703039, 32.290001, 32.200001, 100, 32.290001, 100, -1.520000, -0.500000
1476366705539, 32.290001, 32.220001, 100, 32.290001, 100, -1.520000, -0.500000
1476366707542, 32.290001, 32.220001, 100, 32.299999, 100, -1.520000, -0.500000
1476366709049, 32.290001, 32.220001, 100, 32.299999, 100, -1.520000, -0.500000
1476366711542, 32.290001, 32.200001, 100, 32.290001, 100, -1.520000, -0.500000
1476366713539, 32.290001, 32.209999, 100, 32.290001, 100, -1.520000, -0.500000
1476366715546, 32.290001, 32.209999, 100, 32.389999, 200, -1.520000, -0.500000
1476366717036, 32.290001, 32.209999, 200, 32.369999, 100, -1.520000, -0.500000
1476366719559, 32.290001, 32.230000, 100, 32.330002, 100, -1.520000, -0.500000
1476366721547, 32.290001, 32.230000, 100, 32.330002, 100, -1.520000, -0.500000
1476366723546, 32.290001, 32.230000, 100, 32.360001, 100, -1.520000, -0.500000
1476366725045, 32.290001, 32.230000, 100, 32.320000, 100, -1.520000, -0.500000
1476366727547, 32.290001, 32.209999, 200, 32.290001, 100, -1.520000, -0.500000
1476366729553, 32.290001, 32.209999, 200, 32.290001, 100, -1.520000, -0.500000
1476366731552, 32.290001, 32.209999, 200, 32.290001, 100, -1.520000, -0.500000
1476366733061, 32.290001, 32.209999, 200, 32.299999, 100, -1.520000, -0.500000
1476366735060, 32.290001, 32.209999, 100, 32.299999, 100, -1.520000, -0.500000
1476366737559, 32.290001, 32.200001, 100, 32.360001, 100, -1.520000, -0.500000
1476366739554, 32.290001, 32.209999, 100, 32.320000, 100, -1.520000, -0.500000
1476366741553, 32.290001, 32.209999, 100, 32.299999, 100, -1.520000, -0.500000
1476366743568, 32.290001, 32.209999, 100, 32.299999, 100, -1.520000, -0.500000
1476366745566, 32.290001, 32.209999, 100, 32.360001, 100, -1.520000, -0.500000
1476366747552, 32.290001, 32.200001, 100, 32.330002, 100, -1.520000, -0.500000
1476366749595, 32.290001, 32.209999, 100, 32.310001, 100, -1.520000, -0.500000
1476366751560, 32.290001, 32.209999, 100, 32.310001, 100, -1.520000, -0.500000
1476366753555, 32.290001, 32.200001, 100, 32.389999, 100, -1.520000, -0.500000
1476366755555, 32.290001, 32.220001, 200, 32.340000, 100, -1.520000, -0.500000
1476366757056, 32.290001, 32.220001, 200, 32.320000, 100, -1.520000, -0.500000
1476366759597, 32.290001, 32.220001, 200, 32.320000, 100, -1.520000, -0.500000
1476366760055, 32.290001, 32.220001, 200, 32.320000, 100, -1.520000, -0.500000
1476366763090, 32.290001, 32.209999, 100, 32.310001, 100, -1.520000, -0.500000
1476366765557, 32.290001, 32.209999, 100, 32.310001, 100, -1.520000, -0.500000
1476366767559, 32.290001, 32.209999, 100, 32.320000, 100, -1.520000, -0.500000
1476366769059, 32.290001, 32.209999, 100, 32.320000, 100, -1.520000, -0.500000
1476366771563, 32.290001, 32.209999, 100, 32.310001, 100, -1.520000, -0.500000
1476366773565, 32.290001, 32.209999, 100, 32.310001, 100, -1.520000, -0.500000
1476366775066, 32.290001, 32.209999, 100, 32.310001, 100, -1.520000, -0.500000
1476366777615, 32.290001, 32.209999, 100, 32.310001, 100, -1.520000, -0.500000
1476366779575, 32.290001, 32.209999, 100, 32.310001, 100, -1.520000, -0.500000
1476366781566, 32.290001, 32.209999, 100, 32.310001, 100, -1.520000, -0.500000
1476366783063, 32.290001, 32.220001, 100, 32.349998, 100, -1.520000, -0.500000
1476366785574, 32.290001, 32.220001, 100, 32.349998, 100, -1.520000, -0.500000
1476366787571, 32.290001, 32.209999, 100, 32.340000, 100, -1.520000, -0.500000
1476366789080, 32.290001, 32.209999, 100, 32.340000, 100, -1.520000, -0.500000
1476366791565, 32.290001, 32.209999, 100, 32.340000, 100, -1.520000, -0.500000
1476366793571, 32.290001, 32.220001, 100, 32.330002, 100, -1.520000, -0.500000
1476366795569, 32.290001, 32.220001, 100, 32.330002, 100, -1.520000, -0.500000
1476366797565, 32.290001, 32.220001, 100, 32.330002, 100, -1.520000, -0.500000
1476366798574, 32.290001, 32.220001, 100, 32.340000, 100, -1.520000, -0.500000
1476366801568, 32.290001, 32.200001, 100, 32.320000, 100, -1.520000, -0.500000
1476366803589, 32.290001, 32.209999, 100, 32.310001, 100, -1.520000, -0.500000
1476366805072, 32.290001, 32.209999, 100, 32.310001, 100, -1.520000, -0.500000
1476366807583, 32.290001, 32.209999, 100, 32.310001, 100, -1.520000, -0.500000
1476366809565, 32.290001, 32.209999, 100, 32.310001, 100, -1.520000, -0.500000
1476366811571, 32.290001, 32.209999, 100, 32.310001, 100, -1.520000, -0.500000
1476366813570, 32.290001, 32.209999, 100, 32.310001, 100, -1.520000, -0.500000
1476366815575, 32.290001, 32.209999, 100, 32.310001, 100, -1.520000, -0.500000
1476366817603, 32.290001, 32.209999, 100, 32.310001, 100, -1.520000, -0.500000
1476366819605, 32.290001, 32.209999, 100, 32.310001, 100, -1.520000, -0.500000
1476366821561, 32.290001, 32.209999, 100, 32.310001, 100, -1.520000, -0.500000
1476366823573, 32.290001, 32.209999, 100, 32.310001, 100, -1.520000, -0.500000
1476366825072, 32.290001, 32.209999, 100, 32.310001, 100, -1.520000, -0.500000
1476366827583, 32.290001, 32.209999, 100, 32.310001, 100, -1.520000, -0.500000
1476366829577, 32.290001, 32.209999, 100, 32.310001, 100, -1.520000, -0.500000
1476366831081, 32.290001, 32.209999, 100, 32.310001, 100, -1.520000, -0.500000
1476366833572, 32.290001, 32.209999, 100, 32.310001, 100, -1.520000, -0.500000
1476366835587, 32.290001, 32.200001, 100, 32.299999, 100, -1.520000, -0.500000
1476366837594, 32.290001, 32.200001, 100, 32.299999, 100, -1.520000, -0.500000
1476366838583, 32.290001, 32.200001, 100, 32.299999, 100, -1.520000, -0.500000
1476366841590, 32.290001, 32.209999, 100, 32.299999, 100, -1.520000, -0.500000
1476366843086, 32.290001, 32.209999, 100, 32.299999, 100, -1.520000, -0.500000
1476366845572, 32.290001, 32.220001, 100, 32.299999, 100, -1.520000, -0.500000
1476366847102, 32.290001, 32.220001, 100, 32.299999, 100, -1.520000, -0.500000
1476366849600, 32.290001, 32.220001, 100, 32.299999, 100, -1.520000, -0.500000
1476366851598, 32.290001, 32.220001, 100, 32.299999, 100, -1.520000, -0.500000
1476366853588, 32.290001, 32.220001, 100, 32.299999, 100, -1.520000, -0.500000
1476366855584, 32.290001, 32.209999, 100, 32.299999, 100, -1.520000, -0.500000
1476366857099, 32.290001, 32.209999, 100, 32.299999, 100, -1.520000, -0.500000
1476366859101, 32.290001, 32.209999, 100, 32.299999, 100, -1.520000, -0.500000
1476366861120, 32.290001, 32.209999, 100, 32.299999, 100, -1.520000, -0.500000
1476366863602, 32.290001, 32.209999, 100, 32.299999, 100, -1.520000, -0.500000
1476366865104, 32.290001, 32.209999, 100, 32.299999, 200, -1.520000, -0.500000
1476366867613, 32.290001, 32.209999, 100, 32.299999, 200, -1.520000, -0.500000
1476366869638, 32.290001, 32.209999, 100, 32.299999, 200, -1.520000, -0.500000
1476366871597, 32.290001, 32.209999, 100, 32.299999, 200, -1.520000, -0.500000
1476366872591, 32.290001, 32.209999, 100, 32.299999, 200, -1.520000, -0.500000
1476366875647, 32.290001, 32.209999, 100, 32.299999, 200, -1.520000, -0.500000
1476366877620, 32.290001, 32.209999, 100, 32.299999, 200, -1.520000, -0.500000
1476366879633, 32.290001, 32.209999, 100, 32.299999, 200, -1.520000, -0.500000
1476366881588, 32.290001, 32.209999, 100, 32.299999, 200, -1.520000, -0.500000
1476366883103, 32.290001, 32.209999, 100, 32.299999, 200, -1.520000, -0.500000
1476366885610, 32.290001, 32.209999, 100, 32.299999, 200, -1.520000, -0.500000
1476366887604, 32.290001, 32.209999, 100, 32.299999, 200, -1.520000, -0.500000
1476366888604, 32.290001, 32.209999, 100, 32.299999, 200, -1.520000, -0.500000
1476366891607, 32.290001, 32.209999, 100, 32.299999, 200, -1.520000, -0.500000
1476366893601, 32.290001, 32.209999, 100, 32.299999, 200, -1.520000, -0.500000
1476366895601, 32.290001, 32.209999, 100, 32.299999, 200, -1.520000, -0.500000
1476366897599, 32.290001, 32.209999, 100, 32.299999, 200, -1.520000, -0.500000
1476366899641, 32.290001, 32.209999, 100, 32.299999, 200, -1.520000, -0.500000
1476366901106, 32.290001, 32.209999, 100, 32.299999, 200, -1.520000, -0.500000
1476366903111, 32.290001, 32.209999, 100, 32.299999, 200, -1.520000, -0.500000
1476366905617, 32.290001, 32.209999, 100, 32.299999, 200, -1.520000, -0.500000
1476366907110, 32.290001, 32.209999, 100, 32.299999, 200, -1.520000, -0.500000
1476366909608, 32.290001, 32.209999, 100, 32.299999, 200, -1.520000, -0.500000
1476366911109, 32.290001, 32.209999, 100, 32.299999, 200, -1.520000, -0.500000
1476366912111, 32.290001, 32.209999, 100, 32.299999, 200, -1.520000, -0.500000
1476366915116, 32.290001, 32.209999, 100, 32.299999, 200, -1.520000, -0.500000
1476366917642, 32.290001, 32.209999, 100, 32.299999, 200, -1.520000, -0.500000
1476366919128, 32.290001, 32.209999, 100, 32.299999, 200, -1.520000, -0.500000
1476366921126, 32.290001, 32.209999, 100, 32.299999, 200, -1.520000, -0.500000
1476366923621, 32.290001, 32.209999, 100, 32.299999, 200, -1.520000, -0.500000
1476366925627, 32.290001, 32.209999, 100, 32.299999, 200, -1.520000, -0.500000
1476366927624, 32.290001, 32.209999, 100, 32.299999, 100, -1.520000, -0.500000
1476366929635, 32.290001, 32.209999, 100, 32.299999, 100, -1.520000, -0.500000
1476366931618, 32.290001, 32.209999, 100, 32.299999, 100, -1.520000, -0.500000
1476366932135, 32.290001, 32.209999, 100, 32.299999, 100, -1.520000, -0.500000
1476366935522, 32.290001, 32.209999, 100, 32.299999, 100, -1.520000, -0.500000
1476366937522, 32.290001, 32.200001, 100, 32.299999, 100, -1.520000, -0.500000
1476366938522, 32.290001, 32.209999, 200, 32.299999, 100, -1.520000, -0.500000
1476366941523, 32.290001, 32.209999, 200, 32.299999, 100, -1.520000, -0.500000
1476366943018, 32.290001, 32.209999, 200, 32.299999, 100, -1.520000, -0.500000
1476366945018, 32.290001, 32.209999, 200, 32.299999, 100, -1.520000, -0.500000
1476366947519, 32.290001, 32.209999, 200, 32.299999, 100, -1.520000, -0.500000
1476366949524, 32.290001, 32.209999, 200, 32.299999, 100, -1.520000, -0.500000
1476366951527, 32.290001, 32.209999, 200, 32.299999, 100, -1.520000, -0.500000
1476366953526, 32.290001, 32.209999, 200, 32.299999, 100, -1.520000, -0.500000
1476366955521, 32.290001, 32.200001, 100, 32.299999, 100, -1.520000, -0.500000
1476366957536, 32.290001, 32.200001, 100, 32.299999, 100, -1.520000, -0.500000
1476366959582, 32.290001, 32.200001, 100, 32.299999, 100, -1.520000, -0.500000
1476366961549, 32.290001, 32.209999, 100, 32.279999, 100, -1.520000, -0.500000
1476366963525, 32.290001, 32.209999, 100, 32.279999, 100, -1.520000, -0.500000
1476366965532, 32.290001, 32.209999, 100, 32.279999, 100, -1.520000, -0.500000
1476366967527, 32.290001, 32.200001, 100, 32.279999, 100, -1.520000, -0.500000
1476366969527, 32.290001, 32.200001, 100, 32.279999, 100, -1.520000, -0.500000
1476366971533, 32.290001, 32.200001, 100, 32.279999, 100, -1.520000, -0.500000
1476366973538, 32.290001, 32.200001, 100, 32.279999, 100, -1.520000, -0.500000
1476366975548, 32.290001, 32.200001, 100, 32.279999, 100, -1.520000, -0.500000
1476366977026, 32.290001, 32.200001, 100, 32.279999, 100, -1.520000, -0.500000
1476366979530, 32.290001, 32.200001, 100, 32.279999, 100, -1.520000, -0.500000
1476366981528, 32.290001, 32.200001, 100, 32.270000, 100, -1.520000, -0.500000
1476366983535, 32.290001, 32.200001, 100, 32.270000, 100, -1.520000, -0.500000
1476366985531, 32.290001, 32.200001, 100, 32.270000, 100, -1.520000, -0.500000
1476366987531, 32.290001, 32.200001, 100, 32.270000, 100, -1.520000, -0.500000
1476366989551, 32.290001, 32.200001, 100, 32.270000, 100, -1.520000, -0.500000
1476366991042, 32.290001, 32.200001, 100, 32.270000, 100, -1.520000, -0.500000
1476366993041, 32.290001, 32.200001, 100, 32.270000, 100, -1.520000, -0.500000
1476366995535, 32.290001, 32.200001, 100, 32.270000, 100, -1.520000, -0.500000
1476366997538, 32.290001, 32.200001, 100, 32.270000, 100, -1.520000, -0.500000
1476366999549, 32.290001, 32.200001, 100, 32.270000, 100, -1.520000, -0.500000
1476367001558, 32.290001, 32.200001, 100, 32.270000, 100, -1.520000, -0.500000
1476367003544, 32.290001, 32.200001, 100, 32.270000, 100, -1.520000, -0.500000
1476367005546, 32.290001, 32.200001, 100, 32.270000, 100, -1.520000, -0.500000
1476367007545, 32.290001, 32.200001, 100, 32.270000, 100, -1.520000, -0.500000
1476367009555, 32.290001, 32.200001, 100, 32.270000, 100, -1.520000, -0.500000
1476367011045, 32.290001, 32.200001, 100, 32.270000, 100, -1.520000, -0.500000
1476367013543, 32.290001, 32.200001, 100, 32.270000, 100, -1.520000, -0.500000
1476367015561, 32.290001, 32.200001, 100, 32.270000, 100, -1.520000, -0.500000
1476367017597, 32.290001, 32.200001, 100, 32.270000, 100, -1.520000, -0.500000
1476367019544, 32.290001, 32.200001, 100, 32.270000, 100, -1.520000, -0.500000
1476367021544, 32.259998, 32.200001, 100, 32.259998, 100, -1.620000, -0.530000
1476367023545, 32.259998, 32.200001, 100, 32.259998, 100, -1.620000, -0.530000
1476367025558, 32.259998, 32.200001, 100, 32.259998, 100, -1.620000, -0.530000
1476367027547, 32.259998, 32.200001, 100, 32.259998, 100, -1.620000, -0.530000
1476367029554, 32.259998, 32.200001, 100, 32.259998, 100, -1.620000, -0.530000
1476367031571, 32.259998, 32.200001, 100, 32.259998, 100, -1.620000, -0.530000
1476367032554, 32.259998, 32.200001, 100, 32.250000, 100, -1.620000, -0.530000
1476367035053, 32.250000, 32.209999, 100, 32.250000, 200, -1.650000, -0.540000
1476367037557, 32.200001, 32.200001, 100, 32.230000, 200, -1.800000, -0.590000
1476367039056, 32.200001, 32.200001, 200, 32.230000, 200, -1.800000, -0.590000
1476367041566, 32.230000, 32.209999, 100, 32.240002, 100, -1.710000, -0.560000
1476367043560, 32.230000, 32.200001, 200, 32.240002, 100, -1.710000, -0.560000
1476367045581, 32.230000, 32.200001, 200, 32.240002, 100, -1.710000, -0.560000
1476367047559, 32.230000, 32.200001, 200, 32.240002, 100, -1.710000, -0.560000
1476367049553, 32.240002, 32.220001, 100, 32.240002, 100, -1.680000, -0.550000
1476367051057, 32.240002, 32.220001, 200, 32.240002, 100, -1.680000, -0.550000
1476367053561, 32.240002, 32.220001, 200, 32.250000, 100, -1.680000, -0.550000
1476367055577, 32.240002, 32.220001, 200, 32.250000, 100, -1.680000, -0.550000
1476367057061, 32.240002, 32.220001, 200, 32.259998, 100, -1.680000, -0.550000
1476367059565, 32.240002, 32.220001, 200, 32.259998, 100, -1.680000, -0.550000
1476367061574, 32.240002, 32.220001, 200, 32.259998, 100, -1.680000, -0.550000
1476367063572, 32.240002, 32.220001, 100, 32.259998, 100, -1.680000, -0.550000
1476367065564, 32.250000, 32.220001, 200, 32.259998, 100, -1.650000, -0.540000
1476367067565, 32.250000, 32.220001, 200, 32.299999, 100, -1.650000, -0.540000
1476367069065, 32.250000, 32.220001, 200, 32.299999, 100, -1.650000, -0.540000
1476367071575, 32.250000, 32.220001, 200, 32.299999, 100, -1.650000, -0.540000
1476367073588, 32.250000, 32.220001, 200, 32.290001, 100, -1.650000, -0.540000
1476367075575, 32.290001, 32.240002, 200, 32.290001, 100, -1.520000, -0.500000
1476367077059, 32.290001, 32.240002, 200, 32.290001, 100, -1.520000, -0.500000
1476367079563, 32.290001, 32.240002, 200, 32.270000, 100, -1.520000, -0.500000
1476367081558, 32.290001, 32.240002, 200, 32.270000, 100, -1.520000, -0.500000
1476367083569, 32.290001, 32.240002, 200, 32.270000, 100, -1.520000, -0.500000
1476367085577, 32.279999, 32.259998, 100, 32.299999, 100, -1.560000, -0.510000
1476367087591, 32.279999, 32.259998, 100, 32.299999, 100, -1.560000, -0.510000
1476367089082, 32.279999, 32.259998, 100, 32.299999, 100, -1.560000, -0.510000
1476367091622, 32.279999, 32.259998, 100, 32.299999, 100, -1.560000, -0.510000
1476367092571, 32.279999, 32.259998, 100, 32.299999, 100, -1.560000, -0.510000
1476367095078, 32.279999, 32.259998, 100, 32.299999, 100, -1.560000, -0.510000
1476367097575, 32.279999, 32.259998, 100, 32.299999, 100, -1.560000, -0.510000
1476367099575, 32.279999, 32.259998, 100, 32.299999, 100, -1.560000, -0.510000
1476367101578, 32.279999, 32.259998, 100, 32.299999, 100, -1.560000, -0.510000
1476367102587, 32.279999, 32.259998, 100, 32.299999, 100, -1.560000, -0.510000
1476367105092, 32.279999, 32.259998, 100, 32.299999, 100, -1.560000, -0.510000
1476367107585, 32.279999, 32.259998, 100, 32.299999, 100, -1.560000, -0.510000
1476367108617, 32.279999, 32.259998, 100, 32.299999, 100, -1.560000, -0.510000
1476367111582, 32.279999, 32.259998, 100, 32.299999, 100, -1.560000, -0.510000
1476367113590, 32.279999, 32.259998, 100, 32.310001, 100, -1.560000, -0.510000
1476367115612, 32.279999, 32.259998, 100, 32.310001, 100, -1.560000, -0.510000
1476367117595, 32.279999, 32.259998, 100, 32.310001, 100, -1.560000, -0.510000
1476367119592, 32.279999, 32.259998, 100, 32.310001, 100, -1.560000, -0.510000
1476367121577, 32.279999, 32.259998, 100, 32.310001, 100, -1.560000, -0.510000
1476367123583, 32.279999, 32.259998, 100, 32.310001, 100, -1.560000, -0.510000
1476367125570, 32.279999, 32.259998, 100, 32.310001, 100, -1.560000, -0.510000
1476367127589, 32.279999, 32.259998, 100, 32.310001, 100, -1.560000, -0.510000
1476367129581, 32.279999, 32.259998, 100, 32.310001, 100, -1.560000, -0.510000
1476367131618, 32.279999, 32.259998, 100, 32.310001, 100, -1.560000, -0.510000
1476367133630, 32.279999, 32.259998, 100, 32.310001, 100, -1.560000, -0.510000
1476367135590, 32.279999, 32.259998, 100, 32.310001, 100, -1.560000, -0.510000
1476367137592, 32.279999, 32.259998, 100, 32.310001, 100, -1.560000, -0.510000
1476367139582, 32.279999, 32.259998, 100, 32.310001, 100, -1.560000, -0.510000
1476367141591, 32.279999, 32.259998, 100, 32.310001, 100, -1.560000, -0.510000
1476367143588, 32.279999, 32.259998, 100, 32.310001, 100, -1.560000, -0.510000
1476367145641, 32.279999, 32.259998, 100, 32.310001, 100, -1.560000, -0.510000
1476367147588, 32.279999, 32.259998, 100, 32.310001, 100, -1.560000, -0.510000
1476367149619, 32.279999, 32.259998, 100, 32.310001, 100, -1.560000, -0.510000
1476367151084, 32.279999, 32.259998, 100, 32.310001, 100, -1.560000, -0.510000
1476367153587, 32.279999, 32.259998, 100, 32.310001, 100, -1.560000, -0.510000
1476367155576, 32.279999, 32.259998, 100, 32.310001, 100, -1.560000, -0.510000
1476367157083, 32.279999, 32.259998, 100, 32.310001, 100, -1.560000, -0.510000
1476367159588, 32.279999, 32.259998, 100, 32.310001, 100, -1.560000, -0.510000
1476367161585, 32.279999, 32.259998, 100, 32.310001, 100, -1.560000, -0.510000
1476367162096, 32.279999, 32.259998, 100, 32.310001, 100, -1.560000, -0.510000
1476367165586, 32.279999, 32.259998, 100, 32.310001, 100, -1.560000, -0.510000
1476367167601, 32.279999, 32.259998, 100, 32.310001, 100, -1.560000, -0.510000
1476367169095, 32.279999, 32.259998, 100, 32.310001, 100, -1.560000, -0.510000
1476367171606, 32.279999, 32.259998, 100, 32.310001, 100, -1.560000, -0.510000
1476367173102, 32.279999, 32.259998, 100, 32.310001, 100, -1.560000, -0.510000
1476367175098, 32.279999, 32.259998, 100, 32.310001, 100, -1.560000, -0.510000
1476367177596, 32.279999, 32.259998, 100, 32.310001, 100, -1.560000, -0.510000
1476367179613, 32.279999, 32.259998, 100, 32.310001, 100, -1.560000, -0.510000
1476367181601, 32.279999, 32.259998, 100, 32.310001, 100, -1.560000, -0.510000
1476367183106, 32.279999, 32.259998, 100, 32.310001, 100, -1.560000, -0.510000
1476367185595, 32.279999, 32.259998, 100, 32.310001, 200, -1.560000, -0.510000
1476367187596, 32.279999, 32.259998, 100, 32.310001, 200, -1.560000, -0.510000
1476367189100, 32.279999, 32.259998, 100, 32.310001, 200, -1.560000, -0.510000
1476367191597, 32.279999, 32.259998, 100, 32.310001, 200, -1.560000, -0.510000
1476367193612, 32.279999, 32.259998, 100, 32.310001, 200, -1.560000, -0.510000
1476367195607, 32.279999, 32.259998, 100, 32.310001, 200, -1.560000, -0.510000
1476367197609, 32.279999, 32.259998, 100, 32.310001, 200, -1.560000, -0.510000
1476367199613, 32.279999, 32.259998, 100, 32.310001, 200, -1.560000, -0.510000
1476367201615, 32.279999, 32.259998, 100, 32.310001, 200, -1.560000, -0.510000
1476367203613, 32.279999, 32.259998, 100, 32.310001, 200, -1.560000, -0.510000
1476367205600, 32.279999, 32.259998, 100, 32.310001, 200, -1.560000, -0.510000
1476367207611, 32.279999, 32.259998, 100, 32.310001, 200, -1.560000, -0.510000
1476367209630, 32.279999, 32.259998, 100, 32.310001, 200, -1.560000, -0.510000
1476367211603, 32.279999, 32.259998, 100, 32.310001, 200, -1.560000, -0.510000
1476367213658, 32.279999, 32.259998, 200, 32.299999, 100, -1.560000, -0.510000
1476367215621, 32.279999, 32.259998, 200, 32.299999, 100, -1.560000, -0.510000
1476367217614, 32.279999, 32.279999, 200, 32.310001, 100, -1.560000, -0.510000
1476367219607, 32.279999, 32.279999, 200, 32.310001, 100, -1.560000, -0.510000
1476367221650, 32.279999, 32.279999, 200, 32.310001, 100, -1.560000, -0.510000
1476367223635, 32.279999, 32.279999, 200, 32.310001, 100, -1.560000, -0.510000
1476367225613, 32.279999, 32.290001, 100, 32.310001, 100, -1.560000, -0.510000
1476367227120, 32.279999, 32.290001, 100, 32.310001, 100, -1.560000, -0.510000
1476367229611, 32.279999, 32.290001, 100, 32.310001, 100, -1.560000, -0.510000
1476367232015, 32.279999, 32.290001, 100, 32.310001, 100, -1.560000, -0.510000
1476367233516, 32.279999, 32.299999, 200, 32.320000, 200, -1.560000, -0.510000
1476367236018, 32.279999, 32.299999, 200, 32.320000, 200, -1.560000, -0.510000
1476367238020, 32.320000, 32.299999, 300, 32.369999, 200, -1.430000, -0.470000
1476367240014, 32.320000, 32.320000, 100, 32.369999, 100, -1.430000, -0.470000
1476367242019, 32.320000, 32.320000, 100, 32.369999, 100, -1.430000, -0.470000
1476367244020, 32.342999, 32.320000, 100, 32.369999, 100, -1.360000, -0.447000
1476367246018, 32.342999, 32.340000, 200, 32.369999, 100, -1.360000, -0.447000
1476367247525, 32.342999, 32.340000, 200, 32.380001, 100, -1.360000, -0.447000
1476367249519, 32.342999, 32.340000, 200, 32.380001, 100, -1.360000, -0.447000
1476367251520, 32.380001, 32.380001, 100, 32.459999, 100, -1.250000, -0.410000
1476367254032, 32.329601, 32.299999, 100, 32.360001, 100, -1.400000, -0.460400
1476367256017, 32.340000, 32.299999, 100, 32.360001, 100, -1.370000, -0.450000
1476367258020, 32.340000, 32.299999, 100, 32.349998, 200, -1.370000, -0.450000
1476367259057, 32.340000, 32.299999, 100, 32.349998, 200, -1.370000, -0.450000
1476367262025, 32.340000, 32.310001, 100, 32.349998, 200, -1.370000, -0.450000
1476367263527, 32.340000, 32.310001, 100, 32.349998, 200, -1.370000, -0.450000
1476367265557, 32.340000, 32.310001, 100, 32.349998, 200, -1.370000, -0.450000
1476367268029, 32.340000, 32.310001, 100, 32.349998, 200, -1.370000, -0.450000
1476367270028, 32.340000, 32.310001, 100, 32.349998, 200, -1.370000, -0.450000
1476367272034, 32.340000, 32.310001, 100, 32.349998, 200, -1.370000, -0.450000
1476367274031, 32.340000, 32.310001, 100, 32.349998, 200, -1.370000, -0.450000
1476367276026, 32.340000, 32.310001, 200, 32.330002, 100, -1.370000, -0.450000
1476367277532, 32.340000, 32.310001, 200, 32.330002, 100, -1.370000, -0.450000
1476367279540, 32.340000, 32.310001, 200, 32.330002, 100, -1.370000, -0.450000
1476367281536, 32.340000, 32.310001, 200, 32.330002, 100, -1.370000, -0.450000
1476367284031, 32.340000, 32.310001, 200, 32.330002, 100, -1.370000, -0.450000
1476367286034, 32.340000, 32.310001, 200, 32.330002, 100, -1.370000, -0.450000
1476367286034, 32.340000, 32.310001, 200, 32.330002, 100, -1.370000, -0.450000
1476367290032, 32.340000, 32.310001, 200, 32.349998, 100, -1.370000, -0.450000
1476367292041, 32.340000, 32.310001, 200, 32.349998, 100, -1.370000, -0.450000
1476367294042, 32.340000, 32.310001, 200, 32.349998, 100, -1.370000, -0.450000
1476367296037, 32.340000, 32.310001, 200, 32.340000, 100, -1.370000, -0.450000
1476367297544, 32.340000, 32.310001, 200, 32.340000, 100, -1.370000, -0.450000
1476367300039, 32.340000, 32.310001, 200, 32.340000, 100, -1.370000, -0.450000
1476367302034, 32.340000, 32.310001, 200, 32.349998, 100, -1.370000, -0.450000
1476367303545, 32.340000, 32.310001, 200, 32.349998, 100, -1.370000, -0.450000
1476367305043, 32.340000, 32.310001, 200, 32.349998, 100, -1.370000, -0.450000
1476367308039, 32.340000, 32.310001, 200, 32.349998, 100, -1.370000, -0.450000
1476367310042, 32.340000, 32.310001, 200, 32.349998, 100, -1.370000, -0.450000
1476367312047, 32.340000, 32.310001, 200, 32.349998, 100, -1.370000, -0.450000
1476367313552, 32.340000, 32.310001, 200, 32.349998, 100, -1.370000, -0.450000
1476367316045, 32.340000, 32.310001, 200, 32.349998, 100, -1.370000, -0.450000
1476367318042, 32.340000, 32.310001, 200, 32.349998, 100, -1.370000, -0.450000
1476367320046, 32.340000, 32.310001, 200, 32.349998, 100, -1.370000, -0.450000
1476367322041, 32.340000, 32.310001, 200, 32.349998, 100, -1.370000, -0.450000
1476367323540, 32.340000, 32.310001, 200, 32.349998, 100, -1.370000, -0.450000
1476367326047, 32.340000, 32.310001, 200, 32.349998, 100, -1.370000, -0.450000
1476367326543, 32.340000, 32.310001, 200, 32.349998, 100, -1.370000, -0.450000
1476367330064, 32.340000, 32.310001, 200, 32.349998, 100, -1.370000, -0.450000
1476367332049, 32.340000, 32.310001, 200, 32.349998, 100, -1.370000, -0.450000
1476367334051, 32.340000, 32.310001, 200, 32.349998, 100, -1.370000, -0.450000
1476367336065, 32.310001, 32.230000, 100, 32.299999, 100, -1.460000, -0.480000
1476367338039, 32.310001, 32.230000, 100, 32.290001, 100, -1.460000, -0.480000
1476367340049, 32.310001, 32.230000, 100, 32.290001, 100, -1.460000, -0.480000
1476367342055, 32.310001, 32.220001, 100, 32.279999, 100, -1.460000, -0.480000
1476367344051, 32.310001, 32.230000, 100, 32.279999, 100, -1.460000, -0.480000
1476367346088, 32.254002, 32.230000, 100, 32.279999, 200, -1.630000, -0.536000
1476367348051, 32.254002, 32.230000, 100, 32.279999, 200, -1.630000, -0.536000
1476367350053, 32.254002, 32.230000, 100, 32.279999, 200, -1.630000, -0.536000
1476367351051, 32.254002, 32.230000, 100, 32.279999, 200, -1.630000, -0.536000
1476367354055, 32.254002, 32.230000, 100, 32.279999, 200, -1.630000, -0.536000
1476367356055, 32.230000, 32.230000, 100, 32.279999, 200, -1.710000, -0.560000
1476367358064, 32.230000, 32.230000, 200, 32.279999, 200, -1.710000, -0.560000
1476367360069, 32.230000, 32.230000, 200, 32.279999, 200, -1.710000, -0.560000
1476367362065, 32.230000, 32.230000, 200, 32.279999, 200, -1.710000, -0.560000
1476367364072, 32.230000, 32.230000, 200, 32.279999, 200, -1.710000, -0.560000
1476367366056, 32.230000, 32.230000, 200, 32.279999, 200, -1.710000, -0.560000
1476367368064, 32.230000, 32.230000, 200, 32.279999, 200, -1.710000, -0.560000
1476367370060, 32.230000, 32.230000, 200, 32.279999, 200, -1.710000, -0.560000
1476367372055, 32.230000, 32.230000, 200, 32.270000, 100, -1.710000, -0.560000
1476367374074, 32.230000, 32.230000, 200, 32.250000, 100, -1.710000, -0.560000
1476367375566, 32.230000, 32.230000, 200, 32.250000, 100, -1.710000, -0.560000
1476367378069, 32.209999, 32.200001, 200, 32.230000, 100, -1.770000, -0.580000
1476367380065, 32.209999, 32.200001, 200, 32.230000, 100, -1.770000, -0.580000
1476367382068, 32.209999, 32.200001, 200, 32.230000, 100, -1.770000, -0.580000
1476367384063, 32.209999, 32.200001, 200, 32.230000, 100, -1.770000, -0.580000
1476367386061, 32.209999, 32.200001, 200, 32.230000, 100, -1.770000, -0.580000
1476367388086, 32.209999, 32.200001, 200, 32.230000, 100, -1.770000, -0.580000
1476367389092, 32.209999, 32.200001, 200, 32.230000, 100, -1.770000, -0.580000
1476367392075, 32.209999, 32.200001, 200, 32.230000, 100, -1.770000, -0.580000
1476367394065, 32.209999, 32.200001, 200, 32.230000, 100, -1.770000, -0.580000
1476367396067, 32.209999, 32.200001, 200, 32.230000, 100, -1.770000, -0.580000
1476367398081, 32.209999, 32.200001, 200, 32.230000, 100, -1.770000, -0.580000
1476367400075, 32.209999, 32.200001, 200, 32.230000, 100, -1.770000, -0.580000
1476367402080, 32.209999, 32.200001, 200, 32.230000, 100, -1.770000, -0.580000
1476367403570, 32.209999, 32.209999, 100, 32.230000, 200, -1.770000, -0.580000
1476367406079, 32.209999, 32.200001, 200, 32.230000, 200, -1.770000, -0.580000
1476367408070, 32.209999, 32.200001, 200, 32.230000, 200, -1.770000, -0.580000
1476367410079, 32.230000, 32.209999, 200, 32.230000, 200, -1.710000, -0.560000
1476367412078, 32.230000, 32.209999, 200, 32.230000, 200, -1.710000, -0.560000
1476367414075, 32.230000, 32.209999, 200, 32.230000, 100, -1.710000, -0.560000
1476367416077, 32.230000, 32.209999, 200, 32.230000, 100, -1.710000, -0.560000
1476367417581, 32.209999, 32.200001, 200, 32.230000, 100, -1.770000, -0.580000
1476367419057, 32.195000, 32.130001, 500, 32.209999, 200, -1.810000, -0.595000
1476367421577, 32.195000, 32.139999, 200, 32.209999, 300, -1.810000, -0.595000
1476367423582, 32.195000, 32.139999, 200, 32.209999, 300, -1.810000, -0.595000
1476367426090, 32.195000, 32.139999, 200, 32.209999, 300, -1.810000, -0.595000
1476367427070, 32.195000, 32.150002, 200, 32.209999, 300, -1.810000, -0.595000
1476367429590, 32.195000, 32.150002, 200, 32.209999, 300, -1.810000, -0.595000
1476367432065, 32.195000, 32.150002, 200, 32.209999, 300, -1.810000, -0.595000
1476367434084, 32.195000, 32.150002, 100, 32.209999, 300, -1.810000, -0.595000
1476367436117, 32.195000, 32.150002, 100, 32.209999, 300, -1.810000, -0.595000
1476367438062, 32.195000, 32.150002, 100, 32.209999, 300, -1.810000, -0.595000
1476367440102, 32.195000, 32.150002, 100, 32.209999, 300, -1.810000, -0.595000
1476367442081, 32.195000, 32.150002, 100, 32.209999, 300, -1.810000, -0.595000
1476367444088, 32.169998, 32.150002, 100, 32.180000, 100, -1.890000, -0.620000
1476367446107, 32.169998, 32.150002, 100, 32.180000, 200, -1.890000, -0.620000
1476367448095, 32.169998, 32.150002, 100, 32.180000, 200, -1.890000, -0.620000
1476367449627, 32.169998, 32.150002, 100, 32.180000, 200, -1.890000, -0.620000
1476367452081, 32.169998, 32.150002, 100, 32.180000, 200, -1.890000, -0.620000
1476367454093, 32.169998, 32.150002, 100, 32.180000, 200, -1.890000, -0.620000
1476367456091, 32.169998, 32.150002, 100, 32.180000, 200, -1.890000, -0.620000
1476367458096, 32.169998, 32.150002, 100, 32.180000, 200, -1.890000, -0.620000
1476367460080, 32.180000, 32.160000, 200, 32.230000, 100, -1.860000, -0.610000
1476367462091, 32.180000, 32.160000, 200, 32.230000, 100, -1.860000, -0.610000
1476367464089, 32.180000, 32.180000, 200, 32.230000, 100, -1.860000, -0.610000
1476367466086, 32.180000, 32.180000, 200, 32.240002, 200, -1.860000, -0.610000
1476367468098, 32.180000, 32.180000, 200, 32.240002, 200, -1.860000, -0.610000
1476367469613, 32.180000, 32.180000, 200, 32.240002, 200, -1.860000, -0.610000
1476367471600, 32.180000, 32.180000, 200, 32.240002, 200, -1.860000, -0.610000
1476367473602, 32.180000, 32.180000, 200, 32.240002, 200, -1.860000, -0.610000
1476367475608, 32.180000, 32.189999, 200, 32.240002, 100, -1.860000, -0.610000
1476367478096, 32.180000, 32.189999, 200, 32.240002, 100, -1.860000, -0.610000
1476367480104, 32.180000, 32.189999, 200, 32.240002, 100, -1.860000, -0.610000
1476367482100, 32.180000, 32.189999, 200, 32.240002, 100, -1.860000, -0.610000
1476367484096, 32.180000, 32.189999, 200, 32.240002, 100, -1.860000, -0.610000
1476367486096, 32.180000, 32.189999, 200, 32.240002, 100, -1.860000, -0.610000
1476367487605, 32.180000, 32.189999, 200, 32.240002, 100, -1.860000, -0.610000
1476367489623, 32.180000, 32.189999, 200, 32.240002, 100, -1.860000, -0.610000
1476367492118, 32.180000, 32.189999, 200, 32.240002, 100, -1.860000, -0.610000
1476367494106, 32.180000, 32.189999, 200, 32.240002, 100, -1.860000, -0.610000
1476367495607, 32.180000, 32.189999, 200, 32.240002, 100, -1.860000, -0.610000
1476367498103, 32.180000, 32.189999, 200, 32.240002, 100, -1.860000, -0.610000
1476367500104, 32.180000, 32.189999, 200, 32.240002, 100, -1.860000, -0.610000
1476367502129, 32.180000, 32.189999, 200, 32.240002, 100, -1.860000, -0.610000
1476367504118, 32.215000, 32.189999, 200, 32.240002, 100, -1.750000, -0.575000
1476367506105, 32.213699, 32.189999, 200, 32.240002, 100, -1.760000, -0.576300
1476367507622, 32.213699, 32.189999, 200, 32.240002, 100, -1.760000, -0.576300
1476367510113, 32.213699, 32.189999, 200, 32.240002, 100, -1.760000, -0.576300
1476367512109, 32.213699, 32.189999, 200, 32.240002, 100, -1.760000, -0.576300
1476367514118, 32.213699, 32.189999, 200, 32.240002, 100, -1.760000, -0.576300
1476367516108, 32.213699, 32.189999, 200, 32.240002, 100, -1.760000, -0.576300
1476367517626, 32.213699, 32.189999, 200, 32.240002, 100, -1.760000, -0.576300
1476367519614, 32.213699, 32.189999, 200, 32.240002, 100, -1.760000, -0.576300
1476367522122, 32.213699, 32.189999, 200, 32.240002, 100, -1.760000, -0.576300
1476367524129, 32.213699, 32.189999, 200, 32.240002, 100, -1.760000, -0.576300
1476367525605, 32.213699, 32.189999, 200, 32.240002, 100, -1.760000, -0.576300
1476367527596, 32.213699, 32.189999, 200, 32.240002, 100, -1.760000, -0.576300
1476367530127, 32.213699, 32.189999, 200, 32.209999, 100, -1.760000, -0.576300
1476367532131, 32.213699, 32.189999, 200, 32.209999, 100, -1.760000, -0.576300
1476367534026, 32.213699, 32.189999, 200, 32.209999, 100, -1.760000, -0.576300
1476367536021, 32.220001, 32.209999, 100, 32.270000, 100, -1.740000, -0.570000
1476367538016, 32.220001, 32.209999, 100, 32.270000, 100, -1.740000, -0.570000
1476367540018, 32.220001, 32.209999, 100, 32.270000, 100, -1.740000, -0.570000
1476367542017, 32.220001, 32.209999, 100, 32.330002, 200, -1.740000, -0.570000
1476367544023, 32.220001, 32.209999, 100, 32.259998, 100, -1.740000, -0.570000
1476367546022, 32.230000, 32.209999, 100, 32.330002, 200, -1.710000, -0.560000
1476367548036, 32.230000, 32.209999, 100, 32.330002, 200, -1.710000, -0.560000
1476367550065, 32.230000, 32.209999, 100, 32.299999, 100, -1.710000, -0.560000
1476367552021, 32.210999, 32.209999, 200, 32.330002, 100, -1.770000, -0.579000
1476367554026, 32.210999, 32.209999, 100, 32.320000, 100, -1.770000, -0.579000
1476367556023, 32.255501, 32.230000, 100, 32.330002, 100, -1.630000, -0.534500
1476367557028, 32.255501, 32.230000, 100, 32.330002, 100, -1.630000, -0.534500
1476367560033, 32.255501, 32.250000, 100, 32.330002, 100, -1.630000, -0.534500
1476367562034, 32.255501, 32.250000, 100, 32.330002, 100, -1.630000, -0.534500
1476367564028, 32.255501, 32.250000, 100, 32.330002, 100, -1.630000, -0.534500
1476367566025, 32.255501, 32.250000, 100, 32.330002, 100, -1.630000, -0.534500
1476367568030, 32.320000, 32.250000, 100, 32.330002, 100, -1.430000, -0.470000
1476367569534, 32.320000, 32.250000, 100, 32.330002, 100, -1.430000, -0.470000
1476367572031, 32.320000, 32.250000, 100, 32.330002, 100, -1.430000, -0.470000
1476367573048, 32.320000, 32.250000, 100, 32.330002, 100, -1.430000, -0.470000
1476367576036, 32.320000, 32.250000, 100, 32.330002, 100, -1.430000, -0.470000
1476367578040, 32.320000, 32.250000, 100, 32.330002, 100, -1.430000, -0.470000
1476367579548, 32.320000, 32.250000, 100, 32.330002, 100, -1.430000, -0.470000
1476367582032, 32.320000, 32.250000, 100, 32.330002, 100, -1.430000, -0.470000
1476367584036, 32.320000, 32.250000, 100, 32.330002, 100, -1.430000, -0.470000
1476367585535, 32.320000, 32.250000, 100, 32.330002, 100, -1.430000, -0.470000
1476367588044, 32.320000, 32.250000, 100, 32.330002, 100, -1.430000, -0.470000
1476367590036, 32.320000, 32.250000, 100, 32.330002, 100, -1.430000, -0.470000
1476367592065, 32.320000, 32.250000, 100, 32.330002, 100, -1.430000, -0.470000
1476367594032, 32.320000, 32.250000, 100, 32.330002, 100, -1.430000, -0.470000
1476367595541, 32.320000, 32.250000, 100, 32.330002, 100, -1.430000, -0.470000
1476367598045, 32.320000, 32.250000, 100, 32.330002, 100, -1.430000, -0.470000
1476367600042, 32.320000, 32.250000, 100, 32.330002, 100, -1.430000, -0.470000
1476367602035, 32.320000, 32.250000, 100, 32.330002, 100, -1.430000, -0.470000
1476367604037, 32.320000, 32.250000, 100, 32.330002, 100, -1.430000, -0.470000
1476367606078, 32.320000, 32.250000, 100, 32.330002, 100, -1.430000, -0.470000
1476367607561, 32.320000, 32.250000, 100, 32.330002, 100, -1.430000, -0.470000
1476367609547, 32.320000, 32.270000, 100, 32.330002, 100, -1.430000, -0.470000
1476367612047, 32.320000, 32.270000, 100, 32.330002, 100, -1.430000, -0.470000
1476367614056, 32.320000, 32.270000, 100, 32.330002, 100, -1.430000, -0.470000
1476367616046, 32.320000, 32.270000, 100, 32.330002, 100, -1.430000, -0.470000
1476367618046, 32.320000, 32.270000, 100, 32.330002, 100, -1.430000, -0.470000
1476367619560, 32.320000, 32.270000, 100, 32.330002, 100, -1.430000, -0.470000
1476367620547, 32.320000, 32.270000, 100, 32.330002, 100, -1.430000, -0.470000
1476367623551, 32.320000, 32.270000, 100, 32.330002, 100, -1.430000, -0.470000
1476367626057, 32.320000, 32.270000, 100, 32.330002, 100, -1.430000, -0.470000
1476367627556, 32.320000, 32.270000, 100, 32.330002, 100, -1.430000, -0.470000
1476367630048, 32.320000, 32.270000, 100, 32.330002, 100, -1.430000, -0.470000
1476367632064, 32.320000, 32.270000, 100, 32.330002, 100, -1.430000, -0.470000
1476367634050, 32.320000, 32.270000, 100, 32.330002, 100, -1.430000, -0.470000
1476367636064, 32.320000, 32.270000, 100, 32.330002, 100, -1.430000, -0.470000
1476367637562, 32.320000, 32.270000, 100, 32.330002, 100, -1.430000, -0.470000
1476367640052, 32.320000, 32.270000, 100, 32.330002, 100, -1.430000, -0.470000
1476367642052, 32.320000, 32.270000, 100, 32.330002, 100, -1.430000, -0.470000
1476367644059, 32.320000, 32.270000, 100, 32.330002, 100, -1.430000, -0.470000
1476367646061, 32.320000, 32.270000, 100, 32.320000, 700, -1.430000, -0.470000
1476367648095, 32.320000, 32.270000, 100, 32.320000, 700, -1.430000, -0.470000
1476367650059, 32.320000, 32.270000, 100, 32.320000, 700, -1.430000, -0.470000
1476367652085, 32.320000, 32.270000, 100, 32.320000, 700, -1.430000, -0.470000
1476367654085, 32.320000, 32.270000, 100, 32.320000, 700, -1.430000, -0.470000
1476367656058, 32.320000, 32.270000, 100, 32.320000, 700, -1.430000, -0.470000
1476367658062, 32.320000, 32.270000, 100, 32.320000, 700, -1.430000, -0.470000
1476367660061, 32.320000, 32.270000, 100, 32.320000, 700, -1.430000, -0.470000
1476367662061, 32.320000, 32.270000, 100, 32.320000, 700, -1.430000, -0.470000
1476367664059, 32.320000, 32.270000, 100, 32.320000, 700, -1.430000, -0.470000
1476367666067, 32.320000, 32.270000, 100, 32.320000, 700, -1.430000, -0.470000
1476367667589, 32.320000, 32.270000, 100, 32.320000, 700, -1.430000, -0.470000
1476367670064, 32.320000, 32.270000, 100, 32.320000, 700, -1.430000, -0.470000
1476367672064, 32.320000, 32.270000, 100, 32.320000, 700, -1.430000, -0.470000
1476367674076, 32.320000, 32.270000, 100, 32.320000, 700, -1.430000, -0.470000
1476367676068, 32.320000, 32.270000, 100, 32.320000, 700, -1.430000, -0.470000
1476367678060, 32.320000, 32.270000, 100, 32.320000, 700, -1.430000, -0.470000
1476367680062, 32.320000, 32.270000, 100, 32.320000, 700, -1.430000, -0.470000
1476367682144, 32.320000, 32.270000, 100, 32.320000, 700, -1.430000, -0.470000
1476367683570, 32.320000, 32.270000, 100, 32.320000, 700, -1.430000, -0.470000
1476367686039, 32.320000, 32.270000, 100, 32.320000, 700, -1.430000, -0.470000
1476367688064, 32.320000, 32.270000, 100, 32.320000, 700, -1.430000, -0.470000
1476367690071, 32.320000, 32.270000, 100, 32.320000, 700, -1.430000, -0.470000
1476367692070, 32.320000, 32.270000, 100, 32.320000, 700, -1.430000, -0.470000
1476367693568, 32.320000, 32.270000, 100, 32.320000, 700, -1.430000, -0.470000
1476367696076, 32.320000, 32.270000, 100, 32.320000, 700, -1.430000, -0.470000
1476367697596, 32.270000, 32.209999, 100, 32.310001, 100, -1.590000, -0.520000
1476367700070, 32.270000, 32.209999, 100, 32.299999, 200, -1.590000, -0.520000
1476367702086, 32.270000, 32.209999, 100, 32.299999, 200, -1.590000, -0.520000
1476367704067, 32.270000, 32.209999, 100, 32.299999, 200, -1.590000, -0.520000
1476367706100, 32.270000, 32.209999, 100, 32.299999, 200, -1.590000, -0.520000
1476367708084, 32.270000, 32.209999, 100, 32.299999, 200, -1.590000, -0.520000
1476367710085, 32.270000, 32.220001, 100, 32.299999, 200, -1.590000, -0.520000
1476367711599, 32.270000, 32.220001, 100, 32.299999, 200, -1.590000, -0.520000
1476367714076, 32.270000, 32.220001, 100, 32.299999, 200, -1.590000, -0.520000
1476367716075, 32.270000, 32.220001, 100, 32.299999, 200, -1.590000, -0.520000
1476367718075, 32.270000, 32.220001, 100, 32.299999, 200, -1.590000, -0.520000
1476367720114, 32.270000, 32.230000, 100, 32.299999, 100, -1.590000, -0.520000
1476367721575, 32.270000, 32.209999, 100, 32.299999, 100, -1.590000, -0.520000
1476367723610, 32.270000, 32.230000, 100, 32.299999, 100, -1.590000, -0.520000
1476367725585, 32.270000, 32.230000, 100, 32.299999, 100, -1.590000, -0.520000
1476367728094, 32.270000, 32.230000, 100, 32.299999, 100, -1.590000, -0.520000
1476367730083, 32.270000, 32.250000, 100, 32.299999, 100, -1.590000, -0.520000
1476367732072, 32.270000, 32.250000, 100, 32.299999, 100, -1.590000, -0.520000
1476367734079, 32.270000, 32.250000, 100, 32.299999, 100, -1.590000, -0.520000
1476367736083, 32.279999, 32.270000, 200, 32.320000, 600, -1.560000, -0.510000
1476367738071, 32.279999, 32.270000, 200, 32.320000, 600, -1.560000, -0.510000
1476367740082, 32.279999, 32.270000, 200, 32.320000, 600, -1.560000, -0.510000
1476367742075, 32.279999, 32.270000, 200, 32.320000, 600, -1.560000, -0.510000
1476367744082, 32.279999, 32.270000, 200, 32.320000, 600, -1.560000, -0.510000
1476367746092, 32.279999, 32.270000, 200, 32.320000, 600, -1.560000, -0.510000
1476367748132, 32.279999, 32.270000, 200, 32.320000, 600, -1.560000, -0.510000
1476367750088, 32.279999, 32.270000, 200, 32.320000, 600, -1.560000, -0.510000
1476367751644, 32.279999, 32.270000, 200, 32.320000, 600, -1.560000, -0.510000
1476367754085, 32.279999, 32.270000, 200, 32.320000, 600, -1.560000, -0.510000
1476367756091, 32.279999, 32.270000, 200, 32.320000, 600, -1.560000, -0.510000
1476367758085, 32.279999, 32.270000, 200, 32.320000, 600, -1.560000, -0.510000
1476367760096, 32.279999, 32.270000, 200, 32.320000, 600, -1.560000, -0.510000
1476367762081, 32.279999, 32.270000, 200, 32.320000, 600, -1.560000, -0.510000
1476367764095, 32.279999, 32.270000, 200, 32.320000, 600, -1.560000, -0.510000
1476367766139, 32.279999, 32.270000, 200, 32.320000, 600, -1.560000, -0.510000
1476367768089, 32.279999, 32.270000, 200, 32.320000, 600, -1.560000, -0.510000
1476367770098, 32.279999, 32.270000, 200, 32.320000, 600, -1.560000, -0.510000
1476367771601, 32.279999, 32.270000, 200, 32.320000, 600, -1.560000, -0.510000
1476367774098, 32.279999, 32.270000, 200, 32.320000, 600, -1.560000, -0.510000
1476367776089, 32.279999, 32.270000, 200, 32.320000, 600, -1.560000, -0.510000
1476367777587, 32.279999, 32.270000, 200, 32.320000, 600, -1.560000, -0.510000
1476367780192, 32.279999, 32.270000, 200, 32.320000, 600, -1.560000, -0.510000
1476367782112, 32.279999, 32.270000, 200, 32.320000, 600, -1.560000, -0.510000
1476367784093, 32.279999, 32.270000, 200, 32.320000, 600, -1.560000, -0.510000
1476367786102, 32.279999, 32.270000, 200, 32.320000, 600, -1.560000, -0.510000
1476367788104, 32.279999, 32.270000, 200, 32.320000, 600, -1.560000, -0.510000
1476367790119, 32.279999, 32.270000, 200, 32.320000, 600, -1.560000, -0.510000
1476367792111, 32.279999, 32.270000, 200, 32.320000, 600, -1.560000, -0.510000
1476367794107, 32.279999, 32.270000, 200, 32.320000, 600, -1.560000, -0.510000
1476367796104, 32.279999, 32.270000, 200, 32.320000, 600, -1.560000, -0.510000
1476367798117, 32.279999, 32.270000, 200, 32.320000, 600, -1.560000, -0.510000
1476367800114, 32.279999, 32.270000, 200, 32.320000, 600, -1.560000, -0.510000
1476367801620, 32.279999, 32.270000, 200, 32.320000, 600, -1.560000, -0.510000
1476367804158, 32.279999, 32.270000, 200, 32.320000, 600, -1.560000, -0.510000
1476367806117, 32.279999, 32.270000, 200, 32.320000, 600, -1.560000, -0.510000
1476367808104, 32.279999, 32.270000, 200, 32.320000, 600, -1.560000, -0.510000
1476367810121, 32.279999, 32.270000, 200, 32.320000, 600, -1.560000, -0.510000
1476367811132, 32.279999, 32.270000, 200, 32.320000, 600, -1.560000, -0.510000
1476367814141, 32.279999, 32.270000, 200, 32.320000, 600, -1.560000, -0.510000
1476367816111, 32.279999, 32.270000, 200, 32.320000, 600, -1.560000, -0.510000
1476367818119, 32.279999, 32.270000, 200, 32.320000, 600, -1.560000, -0.510000
1476367820127, 32.279999, 32.270000, 200, 32.320000, 600, -1.560000, -0.510000
1476367822121, 32.279999, 32.270000, 200, 32.320000, 600, -1.560000, -0.510000
1476367824122, 32.279999, 32.270000, 200, 32.320000, 600, -1.560000, -0.510000
1476367826136, 32.279999, 32.270000, 200, 32.320000, 600, -1.560000, -0.510000
1476367828035, 32.279999, 32.270000, 200, 32.320000, 600, -1.560000, -0.510000
1476367830021, 32.279999, 32.270000, 200, 32.320000, 600, -1.560000, -0.510000
1476367832024, 32.279999, 32.290001, 100, 32.320000, 600, -1.560000, -0.510000
1476367833517, 32.279999, 32.290001, 100, 32.320000, 600, -1.560000, -0.510000
1476367836022, 32.279999, 32.290001, 100, 32.320000, 600, -1.560000, -0.510000
1476367838023, 32.279999, 32.290001, 100, 32.320000, 600, -1.560000, -0.510000
1476367839524, 32.279999, 32.290001, 100, 32.320000, 600, -1.560000, -0.510000
1476367842032, 32.279999, 32.290001, 100, 32.320000, 600, -1.560000, -0.510000
1476367843538, 32.279999, 32.290001, 100, 32.320000, 600, -1.560000, -0.510000
1476367846020, 32.279999, 32.290001, 100, 32.320000, 600, -1.560000, -0.510000
1476367848022, 32.279999, 32.290001, 100, 32.320000, 600, -1.560000, -0.510000
1476367850030, 32.279999, 32.290001, 100, 32.320000, 600, -1.560000, -0.510000
1476367852023, 32.279999, 32.290001, 100, 32.320000, 600, -1.560000, -0.510000
1476367854030, 32.279999, 32.290001, 100, 32.320000, 600, -1.560000, -0.510000
1476367856027, 32.279999, 32.290001, 100, 32.320000, 600, -1.560000, -0.510000
1476367858033, 32.279999, 32.290001, 100, 32.320000, 600, -1.560000, -0.510000
1476367859548, 32.279999, 32.290001, 100, 32.320000, 600, -1.560000, -0.510000
1476367862034, 32.279999, 32.290001, 100, 32.320000, 600, -1.560000, -0.510000
1476367864037, 32.279999, 32.290001, 100, 32.320000, 600, -1.560000, -0.510000
1476367866030, 32.279999, 32.290001, 100, 32.320000, 600, -1.560000, -0.510000
1476367868043, 32.279999, 32.290001, 100, 32.320000, 600, -1.560000, -0.510000
1476367869532, 32.279999, 32.290001, 100, 32.320000, 600, -1.560000, -0.510000
1476367870597, 32.279999, 32.290001, 100, 32.320000, 600, -1.560000, -0.510000
1476367874040, 32.279999, 32.279999, 400, 32.310001, 200, -1.560000, -0.510000
1476367876036, 32.279999, 32.279999, 400, 32.310001, 200, -1.560000, -0.510000
1476367878033, 32.279999, 32.279999, 400, 32.310001, 200, -1.560000, -0.510000
1476367880037, 32.279999, 32.279999, 400, 32.310001, 200, -1.560000, -0.510000
1476367882031, 32.279999, 32.279999, 400, 32.310001, 200, -1.560000, -0.510000
1476367884044, 32.279999, 32.279999, 400, 32.310001, 200, -1.560000, -0.510000
1476367885554, 32.279999, 32.279999, 400, 32.310001, 200, -1.560000, -0.510000
1476367888039, 32.279999, 32.279999, 400, 32.310001, 200, -1.560000, -0.510000
1476367889535, 32.279999, 32.279999, 400, 32.310001, 200, -1.560000, -0.510000
1476367891541, 32.279999, 32.279999, 400, 32.310001, 200, -1.560000, -0.510000
1476367894039, 32.279999, 32.279999, 400, 32.310001, 200, -1.560000, -0.510000
1476367896045, 32.279999, 32.279999, 400, 32.310001, 200, -1.560000, -0.510000
1476367897542, 32.279999, 32.279999, 400, 32.310001, 200, -1.560000, -0.510000
1476367900050, 32.279999, 32.279999, 400, 32.310001, 200, -1.560000, -0.510000
1476367902086, 32.279999, 32.279999, 400, 32.310001, 200, -1.560000, -0.510000
1476367903548, 32.279999, 32.279999, 400, 32.310001, 200, -1.560000, -0.510000
1476367906044, 32.279999, 32.279999, 400, 32.310001, 200, -1.560000, -0.510000
1476367908044, 32.279999, 32.279999, 400, 32.310001, 200, -1.560000, -0.510000
1476367910051, 32.279999, 32.279999, 400, 32.310001, 200, -1.560000, -0.510000
1476367912048, 32.279999, 32.279999, 400, 32.310001, 200, -1.560000, -0.510000
1476367913588, 32.279999, 32.279999, 400, 32.310001, 200, -1.560000, -0.510000
1476367915618, 32.279999, 32.279999, 400, 32.310001, 200, -1.560000, -0.510000
1476367918051, 32.279999, 32.279999, 400, 32.310001, 200, -1.560000, -0.510000
1476367920551, 32.279999, 32.279999, 300, 32.310001, 200, -1.560000, -0.510000
1476367922096, 32.279999, 32.279999, 300, 32.310001, 200, -1.560000, -0.510000
1476367924051, 32.279999, 32.279999, 300, 32.310001, 200, -1.560000, -0.510000
1476367926566, 32.279999, 32.279999, 300, 32.310001, 200, -1.560000, -0.510000
1476367928078, 32.279999, 32.279999, 300, 32.310001, 200, -1.560000, -0.510000
1476367930058, 32.279999, 32.279999, 300, 32.310001, 200, -1.560000, -0.510000
1476367932051, 32.279999, 32.279999, 300, 32.310001, 200, -1.560000, -0.510000
1476367934063, 32.279999, 32.279999, 300, 32.310001, 200, -1.560000, -0.510000
1476367936066, 32.279999, 32.279999, 300, 32.310001, 200, -1.560000, -0.510000
1476367938557, 32.279999, 32.279999, 300, 32.310001, 200, -1.560000, -0.510000
1476367940059, 32.279999, 32.279999, 300, 32.310001, 200, -1.560000, -0.510000
1476367941566, 32.279999, 32.279999, 300, 32.310001, 200, -1.560000, -0.510000
1476367943569, 32.279999, 32.279999, 300, 32.310001, 200, -1.560000, -0.510000
1476367946069, 32.279999, 32.279999, 300, 32.310001, 200, -1.560000, -0.510000
1476367948068, 32.279999, 32.279999, 300, 32.310001, 200, -1.560000, -0.510000
1476367950069, 32.279999, 32.279999, 300, 32.310001, 200, -1.560000, -0.510000
1476367952063, 32.279999, 32.279999, 300, 32.310001, 200, -1.560000, -0.510000
1476367954070, 32.320000, 32.310001, 200, 32.349998, 200, -1.430000, -0.470000
1476367956570, 32.320000, 32.310001, 200, 32.349998, 200, -1.430000, -0.470000
1476367958058, 32.320000, 32.310001, 200, 32.349998, 200, -1.430000, -0.470000
1476367960051, 32.320000, 32.310001, 200, 32.349998, 200, -1.430000, -0.470000
1476367962070, 32.320000, 32.310001, 200, 32.349998, 200, -1.430000, -0.470000
1476367964085, 32.320000, 32.310001, 200, 32.349998, 200, -1.430000, -0.470000
1476367966078, 32.320000, 32.310001, 200, 32.349998, 200, -1.430000, -0.470000
1476367968070, 32.320000, 32.310001, 200, 32.349998, 200, -1.430000, -0.470000
1476367970075, 32.320000, 32.310001, 200, 32.349998, 200, -1.430000, -0.470000
1476367972577, 32.320000, 32.310001, 200, 32.349998, 200, -1.430000, -0.470000
1476367974111, 32.320000, 32.310001, 200, 32.349998, 200, -1.430000, -0.470000
1476367976574, 32.320000, 32.310001, 200, 32.349998, 200, -1.430000, -0.470000
1476367978564, 32.320000, 32.310001, 200, 32.349998, 200, -1.430000, -0.470000
1476367980569, 32.320000, 32.310001, 200, 32.349998, 200, -1.430000, -0.470000
1476367982566, 32.320000, 32.310001, 200, 32.349998, 200, -1.430000, -0.470000
1476367984065, 32.320000, 32.310001, 200, 32.349998, 200, -1.430000, -0.470000
1476367986080, 32.320000, 32.310001, 200, 32.349998, 200, -1.430000, -0.470000
1476367988571, 32.320000, 32.310001, 200, 32.349998, 200, -1.430000, -0.470000
1476367990097, 32.320000, 32.310001, 200, 32.349998, 200, -1.430000, -0.470000
1476367992566, 32.320000, 32.310001, 200, 32.349998, 200, -1.430000, -0.470000
1476367994582, 32.320000, 32.310001, 200, 32.349998, 200, -1.430000, -0.470000
1476367996560, 32.320000, 32.310001, 200, 32.349998, 200, -1.430000, -0.470000
1476367998078, 32.320000, 32.310001, 200, 32.349998, 200, -1.430000, -0.470000
1476368000057, 32.320000, 32.310001, 200, 32.349998, 200, -1.430000, -0.470000
1476368002086, 32.320000, 32.310001, 200, 32.349998, 200, -1.430000, -0.470000
1476368004575, 32.320000, 32.310001, 200, 32.349998, 200, -1.430000, -0.470000
1476368006573, 32.320000, 32.310001, 200, 32.349998, 200, -1.430000, -0.470000
1476368008082, 32.320000, 32.310001, 200, 32.349998, 200, -1.430000, -0.470000
1476368010083, 32.320000, 32.310001, 200, 32.349998, 200, -1.430000, -0.470000
1476368012078, 32.320000, 32.310001, 200, 32.349998, 200, -1.430000, -0.470000
1476368014590, 32.320000, 32.310001, 200, 32.349998, 200, -1.430000, -0.470000
1476368016079, 32.320000, 32.310001, 200, 32.349998, 200, -1.430000, -0.470000
1476368018095, 32.320000, 32.310001, 200, 32.349998, 200, -1.430000, -0.470000
1476368020587, 32.320000, 32.310001, 200, 32.349998, 200, -1.430000, -0.470000
1476368022084, 32.320000, 32.310001, 200, 32.349998, 200, -1.430000, -0.470000
1476368024583, 32.320000, 32.310001, 200, 32.349998, 200, -1.430000, -0.470000
1476368026084, 32.320000, 32.310001, 200, 32.349998, 200, -1.430000, -0.470000
1476368028593, 32.320000, 32.310001, 200, 32.349998, 200, -1.430000, -0.470000
1476368030095, 32.320000, 32.310001, 200, 32.349998, 200, -1.430000, -0.470000
1476368032123, 32.320000, 32.310001, 200, 32.349998, 200, -1.430000, -0.470000
1476368034595, 32.320000, 32.310001, 200, 32.349998, 200, -1.430000, -0.470000
1476368036601, 32.320000, 32.310001, 200, 32.349998, 200, -1.430000, -0.470000
1476368038592, 32.320000, 32.310001, 200, 32.349998, 200, -1.430000, -0.470000
1476368040593, 32.320000, 32.310001, 200, 32.349998, 200, -1.430000, -0.470000
1476368042596, 32.320000, 32.310001, 200, 32.349998, 200, -1.430000, -0.470000
1476368044602, 32.320000, 32.310001, 200, 32.349998, 200, -1.430000, -0.470000
1476368046132, 32.320000, 32.310001, 200, 32.349998, 200, -1.430000, -0.470000
1476368048585, 32.320000, 32.310001, 200, 32.349998, 200, -1.430000, -0.470000
1476368050594, 32.320000, 32.310001, 200, 32.349998, 200, -1.430000, -0.470000
1476368052583, 32.320000, 32.310001, 200, 32.349998, 200, -1.430000, -0.470000
1476368054604, 32.320000, 32.310001, 200, 32.349998, 200, -1.430000, -0.470000
1476368056594, 32.320000, 32.310001, 200, 32.349998, 200, -1.430000, -0.470000
1476368058608, 32.320000, 32.310001, 200, 32.349998, 200, -1.430000, -0.470000
1476368060086, 32.320000, 32.310001, 200, 32.349998, 200, -1.430000, -0.470000
1476368062611, 32.320000, 32.310001, 200, 32.349998, 200, -1.430000, -0.470000
1476368064613, 32.320000, 32.310001, 200, 32.349998, 200, -1.430000, -0.470000
1476368066596, 32.320000, 32.310001, 200, 32.349998, 200, -1.430000, -0.470000
1476368068609, 32.320000, 32.310001, 200, 32.349998, 200, -1.430000, -0.470000
1476368070096, 32.320000, 32.310001, 200, 32.349998, 200, -1.430000, -0.470000
1476368072608, 32.320000, 32.310001, 200, 32.349998, 200, -1.430000, -0.470000
1476368074185, 32.320000, 32.310001, 200, 32.349998, 200, -1.430000, -0.470000
1476368076602, 32.320000, 32.310001, 200, 32.349998, 200, -1.430000, -0.470000
1476368078614, 32.320000, 32.310001, 200, 32.349998, 200, -1.430000, -0.470000
1476368080611, 32.320000, 32.310001, 200, 32.349998, 200, -1.430000, -0.470000
1476368082612, 32.320000, 32.310001, 200, 32.349998, 200, -1.430000, -0.470000
1476368084607, 32.349998, 32.340000, 100, 32.389999, 100, -1.340000, -0.440000
1476368086608, 32.349998, 32.340000, 200, 32.389999, 100, -1.340000, -0.440000
1476368087624, 32.349998, 32.340000, 200, 32.389999, 100, -1.340000, -0.440000
1476368090130, 32.349998, 32.340000, 200, 32.389999, 100, -1.340000, -0.440000
1476368092612, 32.349998, 32.340000, 200, 32.389999, 100, -1.340000, -0.440000
1476368094615, 32.349998, 32.340000, 200, 32.389999, 100, -1.340000, -0.440000
1476368096610, 32.389999, 32.380001, 100, 32.459999, 100, -1.220000, -0.400000
1476368098607, 32.389999, 32.380001, 100, 32.459999, 100, -1.220000, -0.400000
1476368100599, 32.389999, 32.380001, 100, 32.459999, 100, -1.220000, -0.400000
1476368102121, 32.389999, 32.380001, 100, 32.459999, 100, -1.220000, -0.400000
1476368104624, 32.389999, 32.380001, 200, 32.459999, 100, -1.220000, -0.400000
1476368106153, 32.389999, 32.380001, 200, 32.459999, 100, -1.220000, -0.400000
1476368108609, 32.389999, 32.380001, 200, 32.459999, 100, -1.220000, -0.400000
1476368110619, 32.389999, 32.380001, 200, 32.459999, 100, -1.220000, -0.400000
1476368112128, 32.389999, 32.380001, 400, 32.459999, 100, -1.220000, -0.400000
1476368114607, 32.389999, 32.380001, 400, 32.459999, 100, -1.220000, -0.400000
1476368116617, 32.389999, 32.380001, 400, 32.459999, 100, -1.220000, -0.400000
1476368118135, 32.389999, 32.380001, 400, 32.459999, 100, -1.220000, -0.400000
1476368120515, 32.389999, 32.380001, 400, 32.459999, 100, -1.220000, -0.400000
1476368122522, 32.389999, 32.380001, 400, 32.459999, 100, -1.220000, -0.400000
1476368124519, 32.389999, 32.380001, 400, 32.459999, 100, -1.220000, -0.400000
1476368126516, 32.389999, 32.380001, 400, 32.459999, 100, -1.220000, -0.400000
1476368128020, 32.389999, 32.380001, 400, 32.459999, 100, -1.220000, -0.400000
1476368130528, 32.389999, 32.380001, 400, 32.459999, 100, -1.220000, -0.400000
1476368132518, 32.389999, 32.389999, 200, 32.459999, 100, -1.220000, -0.400000
1476368134532, 32.389999, 32.389999, 200, 32.459999, 100, -1.220000, -0.400000
1476368136527, 32.389999, 32.410000, 200, 32.459999, 100, -1.220000, -0.400000
1476368138527, 32.389999, 32.410000, 200, 32.459999, 100, -1.220000, -0.400000
1476368140531, 32.459999, 32.439999, 200, 32.529999, 100, -1.010000, -0.330000
1476368142024, 32.459999, 32.439999, 200, 32.520000, 100, -1.010000, -0.330000
1476368144524, 32.459999, 32.439999, 200, 32.520000, 100, -1.010000, -0.330000
1476368146530, 32.459999, 32.439999, 300, 32.520000, 100, -1.010000, -0.330000
1476368148527, 32.459999, 32.439999, 300, 32.520000, 100, -1.010000, -0.330000
1476368150531, 32.459999, 32.439999, 300, 32.520000, 100, -1.010000, -0.330000
1476368152529, 32.459999, 32.439999, 300, 32.520000, 100, -1.010000, -0.330000
1476368154525, 32.459999, 32.439999, 300, 32.520000, 100, -1.010000, -0.330000
1476368156528, 32.459999, 32.439999, 300, 32.520000, 100, -1.010000, -0.330000
1476368158541, 32.459999, 32.439999, 300, 32.520000, 100, -1.010000, -0.330000
1476368160551, 32.459999, 32.439999, 300, 32.520000, 100, -1.010000, -0.330000
1476368161062, 32.459999, 32.439999, 300, 32.520000, 100, -1.010000, -0.330000
1476368164532, 32.459999, 32.439999, 300, 32.520000, 100, -1.010000, -0.330000
1476368166572, 32.459999, 32.439999, 300, 32.509998, 100, -1.010000, -0.330000
1476368168538, 32.459999, 32.439999, 300, 32.509998, 100, -1.010000, -0.330000
1476368170540, 32.459999, 32.439999, 300, 32.509998, 100, -1.010000, -0.330000
1476368172539, 32.459999, 32.439999, 300, 32.509998, 100, -1.010000, -0.330000
1476368174572, 32.459999, 32.439999, 300, 32.509998, 100, -1.010000, -0.330000
1476368176547, 32.459999, 32.450001, 200, 32.509998, 100, -1.010000, -0.330000
1476368178542, 32.459999, 32.450001, 200, 32.509998, 100, -1.010000, -0.330000
1476368180037, 32.459999, 32.450001, 200, 32.509998, 100, -1.010000, -0.330000
1476368182537, 32.459999, 32.450001, 300, 32.509998, 100, -1.010000, -0.330000
1476368184537, 32.459999, 32.450001, 300, 32.509998, 100, -1.010000, -0.330000
1476368186532, 32.459999, 32.450001, 300, 32.509998, 100, -1.010000, -0.330000
1476368188040, 32.459999, 32.450001, 300, 32.509998, 100, -1.010000, -0.330000
1476368190558, 32.459999, 32.450001, 300, 32.509998, 100, -1.010000, -0.330000
1476368192079, 32.459999, 32.450001, 300, 32.509998, 100, -1.010000, -0.330000
1476368194550, 32.459999, 32.450001, 300, 32.509998, 100, -1.010000, -0.330000
1476368196546, 32.459999, 32.450001, 300, 32.509998, 100, -1.010000, -0.330000
1476368198551, 32.459999, 32.450001, 300, 32.509998, 100, -1.010000, -0.330000
1476368200055, 32.459999, 32.450001, 300, 32.509998, 100, -1.010000, -0.330000
1476368201547, 32.459999, 32.450001, 300, 32.509998, 100, -1.010000, -0.330000
1476368204050, 32.509998, 32.509998, 100, 32.599998, 100, -0.850000, -0.280000
1476368206570, 32.509998, 32.509998, 100, 32.590000, 100, -0.850000, -0.280000
1476368208550, 32.509998, 32.509998, 100, 32.590000, 100, -0.850000, -0.280000
1476368210593, 32.509998, 32.509998, 100, 32.590000, 100, -0.850000, -0.280000
1476368212561, 32.509998, 32.509998, 100, 32.590000, 100, -0.850000, -0.280000
1476368214093, 32.509998, 32.509998, 100, 32.580002, 100, -0.850000, -0.280000
1476368216557, 32.509998, 32.509998, 100, 32.580002, 100, -0.850000, -0.280000
1476368218593, 32.509998, 32.509998, 100, 32.580002, 100, -0.850000, -0.280000
1476368220537, 32.509998, 32.509998, 100, 32.580002, 100, -0.850000, -0.280000
1476368222045, 32.509998, 32.509998, 100, 32.580002, 100, -0.850000, -0.280000
1476368224551, 32.509998, 32.509998, 100, 32.580002, 100, -0.850000, -0.280000
1476368226558, 32.509998, 32.509998, 100, 32.580002, 100, -0.850000, -0.280000
1476368228560, 32.509998, 32.509998, 100, 32.580002, 100, -0.850000, -0.280000
1476368230552, 32.509998, 32.509998, 100, 32.580002, 100, -0.850000, -0.280000
1476368232598, 32.509998, 32.509998, 100, 32.580002, 100, -0.850000, -0.280000
1476368234069, 32.509998, 32.509998, 100, 32.580002, 100, -0.850000, -0.280000
1476368236571, 32.509998, 32.509998, 100, 32.580002, 100, -0.850000, -0.280000
1476368238558, 32.509998, 32.509998, 100, 32.580002, 100, -0.850000, -0.280000
1476368240555, 32.509998, 32.509998, 100, 32.580002, 100, -0.850000, -0.280000
1476368242054, 32.509998, 32.509998, 100, 32.580002, 100, -0.850000, -0.280000
1476368244565, 32.509998, 32.509998, 200, 32.580002, 100, -0.850000, -0.280000
1476368246578, 32.509998, 32.509998, 200, 32.580002, 100, -0.850000, -0.280000
1476368248563, 32.509998, 32.509998, 200, 32.580002, 100, -0.850000, -0.280000
1476368250566, 32.509998, 32.509998, 200, 32.580002, 100, -0.850000, -0.280000
1476368252577, 32.509998, 32.509998, 200, 32.580002, 100, -0.850000, -0.280000
1476368254571, 32.509998, 32.509998, 200, 32.580002, 100, -0.850000, -0.280000
1476368256571, 32.509998, 32.509998, 200, 32.580002, 100, -0.850000, -0.280000
1476368258556, 32.509998, 32.509998, 200, 32.580002, 100, -0.850000, -0.280000
1476368259581, 32.509998, 32.509998, 200, 32.580002, 100, -0.850000, -0.280000
1476368262067, 32.509998, 32.509998, 200, 32.580002, 100, -0.850000, -0.280000
1476368264567, 32.509998, 32.509998, 200, 32.580002, 100, -0.850000, -0.280000
1476368266592, 32.509998, 32.509998, 200, 32.580002, 100, -0.850000, -0.280000
1476368268577, 32.509998, 32.509998, 200, 32.580002, 100, -0.850000, -0.280000
1476368270065, 32.509998, 32.509998, 200, 32.580002, 100, -0.850000, -0.280000
1476368272571, 32.509998, 32.509998, 200, 32.580002, 100, -0.850000, -0.280000
1476368274567, 32.509998, 32.509998, 200, 32.580002, 100, -0.850000, -0.280000
1476368276572, 32.509998, 32.509998, 200, 32.580002, 100, -0.850000, -0.280000
1476368278138, 32.509998, 32.509998, 200, 32.580002, 100, -0.850000, -0.280000
1476368280078, 32.509998, 32.509998, 200, 32.580002, 100, -0.850000, -0.280000
1476368282577, 32.509998, 32.509998, 200, 32.580002, 100, -0.850000, -0.280000
1476368284584, 32.509998, 32.509998, 200, 32.580002, 100, -0.850000, -0.280000
1476368286567, 32.509998, 32.509998, 200, 32.580002, 100, -0.850000, -0.280000
1476368288579, 32.509998, 32.509998, 200, 32.580002, 100, -0.850000, -0.280000
1476368290576, 32.509998, 32.509998, 200, 32.580002, 100, -0.850000, -0.280000
1476368292595, 32.509998, 32.509998, 200, 32.580002, 100, -0.850000, -0.280000
1476368294589, 32.509998, 32.509998, 200, 32.580002, 200, -0.850000, -0.280000
1476368296576, 32.509998, 32.509998, 200, 32.580002, 300, -0.850000, -0.280000
1476368298579, 32.509998, 32.509998, 200, 32.580002, 300, -0.850000, -0.280000
1476368300572, 32.509998, 32.509998, 200, 32.580002, 300, -0.850000, -0.280000
1476368302587, 32.509998, 32.509998, 200, 32.580002, 300, -0.850000, -0.280000
1476368304582, 32.509998, 32.509998, 200, 32.580002, 300, -0.850000, -0.280000
1476368306587, 32.509998, 32.509998, 200, 32.580002, 300, -0.850000, -0.280000
1476368308122, 32.509998, 32.509998, 200, 32.580002, 300, -0.850000, -0.280000
1476368310579, 32.400002, 32.400002, 100, 32.480000, 100, -1.190000, -0.390000
1476368312594, 32.400002, 32.299999, 100, 32.400002, 300, -1.190000, -0.390000
1476368314578, 32.400002, 32.360001, 100, 32.400002, 200, -1.190000, -0.390000
1476368316630, 32.400002, 32.360001, 100, 32.400002, 200, -1.190000, -0.390000
1476368318585, 32.400002, 32.360001, 100, 32.400002, 200, -1.190000, -0.390000
1476368320592, 32.400002, 32.360001, 100, 32.400002, 200, -1.190000, -0.390000
1476368322613, 32.400002, 32.360001, 100, 32.400002, 200, -1.190000, -0.390000
1476368324117, 32.400002, 32.360001, 100, 32.400002, 200, -1.190000, -0.390000
1476368326584, 32.400002, 32.360001, 100, 32.410000, 200, -1.190000, -0.390000
1476368328090, 32.400002, 32.360001, 100, 32.410000, 200, -1.190000, -0.390000
1476368330589, 32.400002, 32.360001, 100, 32.410000, 100, -1.190000, -0.390000
1476368332593, 32.400002, 32.360001, 100, 32.410000, 100, -1.190000, -0.390000
1476368334590, 32.400002, 32.360001, 100, 32.410000, 100, -1.190000, -0.390000
1476368336598, 32.400002, 32.360001, 100, 32.410000, 100, -1.190000, -0.390000
1476368338612, 32.400002, 32.360001, 100, 32.410000, 100, -1.190000, -0.390000
1476368340097, 32.400002, 32.360001, 100, 32.410000, 100, -1.190000, -0.390000
1476368342587, 32.400002, 32.360001, 100, 32.410000, 100, -1.190000, -0.390000
1476368344598, 32.400002, 32.349998, 200, 32.410000, 100, -1.190000, -0.390000
1476368346600, 32.400002, 32.349998, 100, 32.410000, 100, -1.190000, -0.390000
1476368348588, 32.400002, 32.360001, 100, 32.410000, 100, -1.190000, -0.390000
1476368350099, 32.400002, 32.360001, 100, 32.410000, 100, -1.190000, -0.390000
1476368352643, 32.400002, 32.369999, 100, 32.410000, 100, -1.190000, -0.390000
1476368354596, 32.400002, 32.360001, 100, 32.410000, 100, -1.190000, -0.390000
1476368356605, 32.400002, 32.360001, 100, 32.410000, 100, -1.190000, -0.390000
1476368358601, 32.400002, 32.369999, 100, 32.410000, 100, -1.190000, -0.390000
1476368360601, 32.400002, 32.369999, 100, 32.410000, 100, -1.190000, -0.390000
1476368362591, 32.400002, 32.369999, 100, 32.410000, 100, -1.190000, -0.390000
1476368364100, 32.400002, 32.349998, 100, 32.410000, 100, -1.190000, -0.390000
1476368366601, 32.400002, 32.360001, 100, 32.410000, 100, -1.190000, -0.390000
1476368368600, 32.400002, 32.360001, 100, 32.410000, 100, -1.190000, -0.390000
1476368370601, 32.400002, 32.360001, 100, 32.410000, 100, -1.190000, -0.390000
1476368372597, 32.400002, 32.360001, 100, 32.410000, 100, -1.190000, -0.390000
1476368374660, 32.400002, 32.360001, 100, 32.410000, 100, -1.190000, -0.390000
1476368376596, 32.400002, 32.369999, 100, 32.410000, 100, -1.190000, -0.390000
1476368378596, 32.400002, 32.369999, 100, 32.410000, 100, -1.190000, -0.390000
1476368380115, 32.400002, 32.360001, 100, 32.410000, 100, -1.190000, -0.390000
1476368382084, 32.400002, 32.360001, 200, 32.410000, 100, -1.190000, -0.390000
1476368384609, 32.410000, 32.389999, 100, 32.490002, 100, -1.160000, -0.380000
1476368386607, 32.410000, 32.400002, 100, 32.500000, 100, -1.160000, -0.380000
1476368388598, 32.410000, 32.389999, 100, 32.490002, 100, -1.160000, -0.380000
1476368390617, 32.410000, 32.389999, 100, 32.490002, 200, -1.160000, -0.380000
1476368392610, 32.410000, 32.400002, 100, 32.490002, 100, -1.160000, -0.380000
1476368394620, 32.410000, 32.400002, 100, 32.490002, 100, -1.160000, -0.380000
1476368396618, 32.410000, 32.400002, 100, 32.490002, 100, -1.160000, -0.380000
1476368398620, 32.549999, 32.459999, 100, 32.570000, 100, -0.730000, -0.240000
1476368400117, 32.490002, 32.490002, 100, 32.599998, 200, -0.910000, -0.300000
1476368402610, 32.490002, 32.490002, 100, 32.599998, 200, -0.910000, -0.300000
1476368404612, 32.490002, 32.490002, 100, 32.599998, 200, -0.910000, -0.300000
1476368406645, 32.490002, 32.459999, 200, 32.590000, 100, -0.910000, -0.300000
1476368408152, 32.490002, 32.459999, 200, 32.590000, 100, -0.910000, -0.300000
1476368410169, 32.490002, 32.459999, 200, 32.590000, 100, -0.910000, -0.300000
1476368412518, 32.590000, 32.580002, 600, 32.590000, 100, -0.610000, -0.200000
1476368414521, 32.590000, 32.590000, 100, 32.700001, 100, -0.610000, -0.200000
1476368416016, 32.590000, 32.590000, 100, 32.700001, 100, -0.610000, -0.200000
1476368418555, 32.590000, 32.580002, 100, 32.680000, 200, -0.610000, -0.200000
1476368420519, 32.590000, 32.490002, 200, 32.669998, 100, -0.610000, -0.200000
1476368422523, 32.590000, 32.509998, 100, 32.669998, 100, -0.610000, -0.200000
1476368424032, 32.590000, 32.509998, 300, 32.669998, 100, -0.610000, -0.200000
1476368426522, 32.590000, 32.509998, 300, 32.669998, 100, -0.610000, -0.200000
1476368428020, 32.590000, 32.509998, 300, 32.669998, 100, -0.610000, -0.200000
1476368430025, 32.590000, 32.509998, 300, 32.669998, 100, -0.610000, -0.200000
1476368431524, 32.590000, 32.509998, 300, 32.669998, 100, -0.610000, -0.200000
1476368434521, 32.590000, 32.529999, 200, 32.660000, 200, -0.610000, -0.200000
1476368436536, 32.590000, 32.529999, 200, 32.660000, 200, -0.610000, -0.200000
1476368438020, 32.590000, 32.529999, 200, 32.660000, 200, -0.610000, -0.200000
1476368440524, 32.595001, 32.529999, 300, 32.660000, 200, -0.590000, -0.195000
1476368442529, 32.595001, 32.540001, 100, 32.650002, 200, -0.590000, -0.195000
1476368444522, 32.560001, 32.549999, 100, 32.650002, 200, -0.700000, -0.230000
1476368446534, 32.560001, 32.549999, 100, 32.650002, 200, -0.700000, -0.230000
1476368448533, 32.560001, 32.549999, 100, 32.650002, 100, -0.700000, -0.230000
1476368450527, 32.560001, 32.549999, 100, 32.650002, 100, -0.700000, -0.230000
1476368452549, 32.560001, 32.549999, 200, 32.650002, 100, -0.700000, -0.230000
1476368454529, 32.560001, 32.549999, 100, 32.650002, 100, -0.700000, -0.230000
1476368456535, 32.560001, 32.549999, 100, 32.650002, 100, -0.700000, -0.230000
1476368458533, 32.560001, 32.549999, 100, 32.650002, 100, -0.700000, -0.230000
1476368460024, 32.560001, 32.549999, 100, 32.650002, 100, -0.700000, -0.230000
1476368462531, 32.560001, 32.549999, 100, 32.650002, 100, -0.700000, -0.230000
1476368464544, 32.560001, 32.549999, 100, 32.650002, 100, -0.700000, -0.230000
1476368466535, 32.560001, 32.549999, 100, 32.650002, 100, -0.700000, -0.230000
1476368468542, 32.560001, 32.549999, 100, 32.650002, 100, -0.700000, -0.230000
1476368470529, 32.560001, 32.549999, 100, 32.639999, 200, -0.700000, -0.230000
1476368472543, 32.560001, 32.549999, 100, 32.639999, 200, -0.700000, -0.230000
1476368474533, 32.560001, 32.549999, 100, 32.639999, 200, -0.700000, -0.230000
1476368476031, 32.560001, 32.549999, 100, 32.639999, 200, -0.700000, -0.230000
1476368478043, 32.560001, 32.549999, 100, 32.639999, 200, -0.700000, -0.230000
1476368480032, 32.560001, 32.549999, 100, 32.639999, 200, -0.700000, -0.230000
1476368482536, 32.560001, 32.549999, 100, 32.639999, 200, -0.700000, -0.230000
1476368484572, 32.560001, 32.549999, 100, 32.639999, 200, -0.700000, -0.230000
1476368486548, 32.560001, 32.549999, 100, 32.639999, 200, -0.700000, -0.230000
1476368488538, 32.560001, 32.549999, 100, 32.639999, 200, -0.700000, -0.230000
1476368490550, 32.560001, 32.549999, 100, 32.639999, 200, -0.700000, -0.230000
1476368492551, 32.560001, 32.549999, 100, 32.639999, 200, -0.700000, -0.230000
1476368494054, 32.560001, 32.549999, 100, 32.639999, 200, -0.700000, -0.230000
1476368496554, 32.560001, 32.549999, 100, 32.639999, 200, -0.700000, -0.230000
1476368498548, 32.560001, 32.549999, 100, 32.639999, 200, -0.700000, -0.230000
1476368500047, 32.560001, 32.549999, 100, 32.639999, 200, -0.700000, -0.230000
1476368502552, 32.560001, 32.549999, 100, 32.639999, 200, -0.700000, -0.230000
1476368504541, 32.560001, 32.549999, 100, 32.639999, 200, -0.700000, -0.230000
1476368506560, 32.560001, 32.549999, 100, 32.639999, 200, -0.700000, -0.230000
1476368508550, 32.560001, 32.549999, 100, 32.639999, 200, -0.700000, -0.230000
1476368510550, 32.560001, 32.549999, 100, 32.639999, 200, -0.700000, -0.230000
1476368512546, 32.560001, 32.549999, 100, 32.639999, 200, -0.700000, -0.230000
1476368514553, 32.560001, 32.549999, 100, 32.639999, 200, -0.700000, -0.230000
1476368516560, 32.560001, 32.549999, 100, 32.639999, 200, -0.700000, -0.230000
1476368518556, 32.560001, 32.549999, 100, 32.639999, 300, -0.700000, -0.230000
1476368520560, 32.560001, 32.549999, 100, 32.639999, 300, -0.700000, -0.230000
1476368522569, 32.560001, 32.549999, 100, 32.639999, 300, -0.700000, -0.230000
1476368524557, 32.560001, 32.549999, 100, 32.639999, 300, -0.700000, -0.230000
1476368526555, 32.560001, 32.549999, 100, 32.639999, 300, -0.700000, -0.230000
1476368528559, 32.560001, 32.549999, 200, 32.639999, 300, -0.700000, -0.230000
1476368530557, 32.560001, 32.549999, 200, 32.639999, 300, -0.700000, -0.230000
1476368532554, 32.560001, 32.549999, 200, 32.639999, 300, -0.700000, -0.230000
1476368534635, 32.560001, 32.549999, 200, 32.639999, 300, -0.700000, -0.230000
1476368536557, 32.560001, 32.549999, 200, 32.639999, 300, -0.700000, -0.230000
1476368538574, 32.560001, 32.549999, 200, 32.639999, 300, -0.700000, -0.230000
1476368540568, 32.639999, 32.549999, 200, 32.639999, 300, -0.460000, -0.150000
1476368542565, 32.639999, 32.549999, 200, 32.630001, 200, -0.460000, -0.150000
1476368544551, 32.639999, 32.549999, 200, 32.630001, 200, -0.460000, -0.150000
1476368546555, 32.639999, 32.549999, 200, 32.630001, 200, -0.460000, -0.150000
1476368548560, 32.639999, 32.549999, 200, 32.630001, 100, -0.460000, -0.150000
1476368550563, 32.639999, 32.549999, 200, 32.630001, 100, -0.460000, -0.150000
1476368552569, 32.639999, 32.560001, 100, 32.630001, 100, -0.460000, -0.150000
1476368554574, 32.639999, 32.560001, 100, 32.630001, 100, -0.460000, -0.150000
1476368556065, 32.639999, 32.570000, 100, 32.630001, 100, -0.460000, -0.150000
1476368558558, 32.639999, 32.570000, 100, 32.630001, 100, -0.460000, -0.150000
1476368560060, 32.639999, 32.570000, 100, 32.630001, 100, -0.460000, -0.150000
1476368562567, 32.639999, 32.570000, 100, 32.630001, 100, -0.460000, -0.150000
1476368564561, 32.639999, 32.570000, 100, 32.630001, 100, -0.460000, -0.150000
1476368566092, 32.639999, 32.570000, 100, 32.630001, 100, -0.460000, -0.150000
1476368568124, 32.639999, 32.570000, 100, 32.630001, 100, -0.460000, -0.150000
1476368570570, 32.639999, 32.570000, 100, 32.630001, 100, -0.460000, -0.150000
1476368572070, 32.639999, 32.570000, 100, 32.630001, 100, -0.460000, -0.150000
1476368574574, 32.639999, 32.570000, 100, 32.630001, 100, -0.460000, -0.150000
1476368576581, 32.639999, 32.570000, 100, 32.630001, 100, -0.460000, -0.150000
1476368578069, 32.639999, 32.570000, 100, 32.630001, 100, -0.460000, -0.150000
1476368580575, 32.639999, 32.570000, 100, 32.630001, 100, -0.460000, -0.150000
1476368582570, 32.639999, 32.570000, 100, 32.630001, 100, -0.460000, -0.150000
1476368584572, 32.639999, 32.570000, 100, 32.630001, 100, -0.460000, -0.150000
1476368586568, 32.639999, 32.570000, 100, 32.630001, 100, -0.460000, -0.150000
1476368588572, 32.639999, 32.570000, 100, 32.630001, 100, -0.460000, -0.150000
1476368590073, 32.639999, 32.570000, 100, 32.630001, 100, -0.460000, -0.150000
1476368592612, 32.639999, 32.570000, 100, 32.630001, 200, -0.460000, -0.150000
1476368594587, 32.639999, 32.570000, 100, 32.630001, 200, -0.460000, -0.150000
1476368596636, 32.639999, 32.570000, 100, 32.630001, 200, -0.460000, -0.150000
1476368598593, 32.639999, 32.570000, 100, 32.630001, 200, -0.460000, -0.150000
1476368600573, 32.639999, 32.570000, 100, 32.630001, 200, -0.460000, -0.150000
1476368602628, 32.639999, 32.570000, 100, 32.630001, 200, -0.460000, -0.150000
1476368604583, 32.639999, 32.570000, 100, 32.630001, 200, -0.460000, -0.150000
1476368606578, 32.639999, 32.570000, 100, 32.630001, 200, -0.460000, -0.150000
1476368608084, 32.639999, 32.570000, 100, 32.630001, 200, -0.460000, -0.150000
1476368610604, 32.639999, 32.570000, 100, 32.630001, 200, -0.460000, -0.150000
1476368612612, 32.584999, 32.580002, 100, 32.619999, 100, -0.630000, -0.205000
1476368614579, 32.584999, 32.580002, 100, 32.619999, 100, -0.630000, -0.205000
1476368616584, 32.584999, 32.580002, 300, 32.619999, 100, -0.630000, -0.205000
1476368618589, 32.596001, 32.580002, 300, 32.619999, 100, -0.590000, -0.194000
1476368620592, 32.596001, 32.580002, 300, 32.619999, 100, -0.590000, -0.194000
1476368622583, 32.596001, 32.580002, 300, 32.619999, 100, -0.590000, -0.194000
1476368624590, 32.596001, 32.580002, 300, 32.619999, 100, -0.590000, -0.194000
1476368626611, 32.596001, 32.580002, 300, 32.619999, 100, -0.590000, -0.194000
1476368628592, 32.596001, 32.580002, 300, 32.619999, 100, -0.590000, -0.194000
1476368630094, 32.596001, 32.580002, 300, 32.619999, 100, -0.590000, -0.194000
1476368632596, 32.596001, 32.580002, 300, 32.619999, 100, -0.590000, -0.194000
1476368634589, 32.596001, 32.580002, 300, 32.619999, 100, -0.590000, -0.194000
1476368635605, 32.596001, 32.580002, 300, 32.619999, 100, -0.590000, -0.194000
1476368638625, 32.596001, 32.580002, 300, 32.619999, 100, -0.590000, -0.194000
1476368640614, 32.596001, 32.580002, 300, 32.619999, 100, -0.590000, -0.194000
1476368642589, 32.596001, 32.580002, 300, 32.619999, 200, -0.590000, -0.194000
1476368644084, 32.596001, 32.580002, 300, 32.619999, 200, -0.590000, -0.194000
1476368646602, 32.596001, 32.580002, 300, 32.619999, 200, -0.590000, -0.194000
1476368648598, 32.596001, 32.580002, 300, 32.619999, 200, -0.590000, -0.194000
1476368650595, 32.610001, 32.580002, 300, 32.619999, 200, -0.550000, -0.180000
1476368652626, 32.610001, 32.580002, 300, 32.619999, 200, -0.550000, -0.180000
1476368654597, 32.610001, 32.580002, 300, 32.610001, 100, -0.550000, -0.180000
1476368656094, 32.595001, 32.570000, 100, 32.610001, 200, -0.590000, -0.195000
1476368658603, 32.595001, 32.570000, 100, 32.610001, 200, -0.590000, -0.195000
1476368660597, 32.529999, 32.450001, 100, 32.560001, 300, -0.790000, -0.260000
1476368662596, 32.529999, 32.470001, 400, 32.560001, 300, -0.790000, -0.260000
1476368664601, 32.490002, 32.470001, 400, 32.560001, 300, -0.910000, -0.300000
1476368666606, 32.490002, 32.480000, 100, 32.560001, 300, -0.910000, -0.300000
1476368668617, 32.490002, 32.480000, 100, 32.560001, 300, -0.910000, -0.300000
1476368670661, 32.490002, 32.480000, 100, 32.560001, 300, -0.910000, -0.300000
1476368672597, 32.490002, 32.480000, 100, 32.560001, 300, -0.910000, -0.300000
1476368674591, 32.490002, 32.480000, 100, 32.560001, 300, -0.910000, -0.300000
1476368675601, 32.490002, 32.480000, 100, 32.560001, 300, -0.910000, -0.300000
1476368678606, 32.490002, 32.480000, 100, 32.560001, 300, -0.910000, -0.300000
1476368680604, 32.490002, 32.480000, 100, 32.560001, 300, -0.910000, -0.300000
1476368682615, 32.490002, 32.480000, 100, 32.560001, 300, -0.910000, -0.300000
1476368684133, 32.490002, 32.480000, 100, 32.560001, 300, -0.910000, -0.300000
1476368686618, 32.490002, 32.480000, 100, 32.560001, 300, -0.910000, -0.300000
1476368688608, 32.490002, 32.480000, 100, 32.560001, 300, -0.910000, -0.300000
1476368690113, 32.490002, 32.480000, 100, 32.560001, 400, -0.910000, -0.300000
1476368692609, 32.490002, 32.480000, 100, 32.560001, 300, -0.910000, -0.300000
1476368694610, 32.490002, 32.480000, 100, 32.560001, 300, -0.910000, -0.300000
1476368696594, 32.490002, 32.480000, 100, 32.560001, 300, -0.910000, -0.300000
1476368698636, 32.490002, 32.480000, 100, 32.560001, 300, -0.910000, -0.300000
1476368700618, 32.490002, 32.480000, 100, 32.560001, 300, -0.910000, -0.300000
1476368702616, 32.490002, 32.480000, 100, 32.560001, 300, -0.910000, -0.300000
1476368704622, 32.490002, 32.480000, 100, 32.560001, 300, -0.910000, -0.300000
1476368706613, 32.490002, 32.480000, 100, 32.560001, 300, -0.910000, -0.300000
1476368708115, 32.490002, 32.480000, 100, 32.560001, 300, -0.910000, -0.300000
1476368711020, 32.490002, 32.480000, 100, 32.560001, 400, -0.910000, -0.300000
1476368712516, 32.490002, 32.480000, 100, 32.560001, 400, -0.910000, -0.300000
1476368714521, 32.490002, 32.480000, 100, 32.560001, 300, -0.910000, -0.300000
1476368716516, 32.490002, 32.480000, 100, 32.560001, 300, -0.910000, -0.300000
1476368719023, 32.490002, 32.480000, 100, 32.560001, 300, -0.910000, -0.300000
1476368720517, 32.490002, 32.480000, 100, 32.560001, 300, -0.910000, -0.300000
1476368723016, 32.490002, 32.480000, 100, 32.560001, 300, -0.910000, -0.300000
1476368723523, 32.490002, 32.480000, 100, 32.560001, 300, -0.910000, -0.300000
1476368727017, 32.490002, 32.480000, 100, 32.560001, 300, -0.910000, -0.300000
1476368729026, 32.490002, 32.480000, 100, 32.560001, 300, -0.910000, -0.300000
1476368729531, 32.490002, 32.480000, 100, 32.560001, 300, -0.910000, -0.300000
1476368733027, 32.490002, 32.480000, 100, 32.560001, 300, -0.910000, -0.300000
1476368735027, 32.490002, 32.480000, 100, 32.560001, 300, -0.910000, -0.300000
1476368737020, 32.490002, 32.480000, 100, 32.549999, 200, -0.910000, -0.300000
1476368739016, 32.490002, 32.480000, 100, 32.540001, 200, -0.910000, -0.300000
1476368741022, 32.490002, 32.480000, 100, 32.540001, 300, -0.910000, -0.300000
1476368743057, 32.490002, 32.480000, 100, 32.540001, 300, -0.910000, -0.300000
1476368745026, 32.490002, 32.480000, 100, 32.540001, 300, -0.910000, -0.300000
1476368747026, 32.490002, 32.480000, 100, 32.540001, 300, -0.910000, -0.300000
1476368749027, 32.490002, 32.480000, 100, 32.540001, 300, -0.910000, -0.300000
1476368751024, 32.490002, 32.500000, 100, 32.540001, 200, -0.910000, -0.300000
1476368753033, 32.490002, 32.500000, 100, 32.540001, 200, -0.910000, -0.300000
1476368755031, 32.490002, 32.500000, 100, 32.540001, 200, -0.910000, -0.300000
1476368757040, 32.490002, 32.500000, 100, 32.540001, 200, -0.910000, -0.300000
1476368759027, 32.490002, 32.500000, 100, 32.540001, 200, -0.910000, -0.300000
1476368761033, 32.490002, 32.500000, 100, 32.540001, 200, -0.910000, -0.300000
1476368763030, 32.490002, 32.500000, 100, 32.540001, 200, -0.910000, -0.300000
1476368765037, 32.490002, 32.500000, 100, 32.540001, 200, -0.910000, -0.300000
1476368766540, 32.490002, 32.500000, 100, 32.540001, 200, -0.910000, -0.300000
1476368768539, 32.490002, 32.490002, 200, 32.540001, 200, -0.910000, -0.300000
1476368770534, 32.490002, 32.490002, 200, 32.540001, 200, -0.910000, -0.300000
1476368773073, 32.490002, 32.490002, 200, 32.540001, 200, -0.910000, -0.300000
1476368775030, 32.490002, 32.490002, 200, 32.540001, 200, -0.910000, -0.300000
1476368777032, 32.490002, 32.490002, 200, 32.540001, 200, -0.910000, -0.300000
1476368778546, 32.490002, 32.490002, 200, 32.540001, 200, -0.910000, -0.300000
1476368781070, 32.490002, 32.490002, 200, 32.540001, 200, -0.910000, -0.300000
1476368782542, 32.490002, 32.490002, 200, 32.540001, 300, -0.910000, -0.300000
1476368785044, 32.490002, 32.490002, 200, 32.540001, 300, -0.910000, -0.300000
1476368786557, 32.490002, 32.490002, 200, 32.540001, 300, -0.910000, -0.300000
1476368789039, 32.490002, 32.490002, 200, 32.540001, 300, -0.910000, -0.300000
1476368790535, 32.490002, 32.490002, 200, 32.540001, 300, -0.910000, -0.300000
1476368793045, 32.490002, 32.490002, 200, 32.540001, 300, -0.910000, -0.300000
1476368795045, 32.490002, 32.490002, 200, 32.540001, 300, -0.910000, -0.300000
1476368797039, 32.490002, 32.490002, 200, 32.540001, 300, -0.910000, -0.300000
1476368799040, 32.490002, 32.490002, 200, 32.540001, 300, -0.910000, -0.300000
1476368801048, 32.529999, 32.500000, 200, 32.590000, 100, -0.790000, -0.260000
1476368803067, 32.529999, 32.500000, 200, 32.580002, 100, -0.790000, -0.260000
1476368805052, 32.509998, 32.500000, 200, 32.570000, 100, -0.850000, -0.280000
1476368807047, 32.509998, 32.500000, 200, 32.570000, 100, -0.850000, -0.280000
1476368809046, 32.509998, 32.500000, 200, 32.570000, 100, -0.850000, -0.280000
1476368811049, 32.509998, 32.500000, 200, 32.570000, 100, -0.850000, -0.280000
1476368813053, 32.509998, 32.500000, 200, 32.570000, 100, -0.850000, -0.280000
1476368815048, 32.509998, 32.500000, 200, 32.570000, 100, -0.850000, -0.280000
1476368816580, 32.509998, 32.500000, 300, 32.570000, 100, -0.850000, -0.280000
1476368819043, 32.509998, 32.540001, 100, 32.570000, 100, -0.850000, -0.280000
1476368821061, 32.509998, 32.540001, 100, 32.570000, 100, -0.850000, -0.280000
1476368823053, 32.509998, 32.540001, 100, 32.570000, 100, -0.850000, -0.280000
1476368825090, 32.509998, 32.540001, 100, 32.570000, 100, -0.850000, -0.280000
1476368827051, 32.509998, 32.540001, 100, 32.570000, 100, -0.850000, -0.280000
1476368829058, 32.509998, 32.540001, 100, 32.570000, 100, -0.850000, -0.280000
1476368830562, 32.509998, 32.540001, 100, 32.570000, 100, -0.850000, -0.280000
1476368833060, 32.509998, 32.540001, 100, 32.570000, 100, -0.850000, -0.280000
1476368835055, 32.509998, 32.540001, 100, 32.570000, 200, -0.850000, -0.280000
1476368837059, 32.509998, 32.540001, 100, 32.570000, 200, -0.850000, -0.280000
1476368839055, 32.509998, 32.540001, 100, 32.570000, 200, -0.850000, -0.280000
1476368840539, 32.570000, 32.540001, 100, 32.570000, 200, -0.670000, -0.220000
1476368843052, 32.555000, 32.540001, 100, 32.560001, 100, -0.720000, -0.235000
1476368845090, 32.555000, 32.540001, 100, 32.560001, 100, -0.720000, -0.235000
1476368847050, 32.540001, 32.540001, 100, 32.560001, 100, -0.760000, -0.250000
1476368849059, 32.540001, 32.540001, 100, 32.560001, 100, -0.760000, -0.250000
1476368851063, 32.540001, 32.529999, 200, 32.560001, 100, -0.760000, -0.250000
1476368853063, 32.540001, 32.529999, 200, 32.549999, 100, -0.760000, -0.250000
1476368855070, 32.540001, 32.529999, 200, 32.549999, 100, -0.760000, -0.250000
1476368857061, 32.540001, 32.529999, 200, 32.549999, 100, -0.760000, -0.250000
1476368859078, 32.529999, 32.520000, 300, 32.549999, 100, -0.790000, -0.260000
1476368861077, 32.529999, 32.520000, 100, 32.549999, 100, -0.790000, -0.260000
1476368863065, 32.529999, 32.520000, 100, 32.549999, 100, -0.790000, -0.260000
1476368865050, 32.529999, 32.520000, 100, 32.549999, 100, -0.790000, -0.260000
1476368867067, 32.529999, 32.520000, 100, 32.549999, 100, -0.790000, -0.260000
1476368869062, 32.529999, 32.520000, 100, 32.549999, 100, -0.790000, -0.260000
1476368871058, 32.529999, 32.520000, 100, 32.549999, 100, -0.790000, -0.260000
1476368873105, 32.529999, 32.520000, 100, 32.549999, 100, -0.790000, -0.260000
1476368875055, 32.529999, 32.520000, 100, 32.549999, 100, -0.790000, -0.260000
1476368877067, 32.529999, 32.520000, 100, 32.549999, 100, -0.790000, -0.260000
1476368879061, 32.529999, 32.520000, 100, 32.549999, 100, -0.790000, -0.260000
1476368881071, 32.450001, 32.389999, 100, 32.500000, 100, -1.040000, -0.340000
1476368883077, 32.450001, 32.410000, 200, 32.500000, 100, -1.040000, -0.340000
1476368885068, 32.450001, 32.410000, 200, 32.500000, 100, -1.040000, -0.340000
1476368887063, 32.450001, 32.410000, 200, 32.500000, 100, -1.040000, -0.340000
1476368889095, 32.450001, 32.410000, 200, 32.500000, 100, -1.040000, -0.340000
1476368891075, 32.450001, 32.410000, 200, 32.500000, 100, -1.040000, -0.340000
1476368893054, 32.450001, 32.369999, 100, 32.490002, 100, -1.040000, -0.340000
1476368894559, 32.450001, 32.400002, 100, 32.480000, 100, -1.040000, -0.340000
1476368897069, 32.450001, 32.410000, 100, 32.480000, 100, -1.040000, -0.340000
1476368899063, 32.450001, 32.410000, 100, 32.480000, 100, -1.040000, -0.340000
1476368901081, 32.450001, 32.410000, 100, 32.480000, 100, -1.040000, -0.340000
1476368903129, 32.450001, 32.410000, 100, 32.480000, 100, -1.040000, -0.340000
1476368905071, 32.450001, 32.410000, 100, 32.480000, 100, -1.040000, -0.340000
1476368907078, 32.450001, 32.410000, 100, 32.480000, 100, -1.040000, -0.340000
1476368909074, 32.450001, 32.410000, 100, 32.480000, 100, -1.040000, -0.340000
1476368911115, 32.450001, 32.410000, 100, 32.480000, 100, -1.040000, -0.340000
1476368913078, 32.450001, 32.410000, 100, 32.480000, 100, -1.040000, -0.340000
1476368915085, 32.450001, 32.410000, 100, 32.480000, 100, -1.040000, -0.340000
1476368917078, 32.450001, 32.410000, 100, 32.480000, 100, -1.040000, -0.340000
1476368919080, 32.450001, 32.410000, 100, 32.480000, 100, -1.040000, -0.340000
1476368921088, 32.450001, 32.410000, 100, 32.480000, 100, -1.040000, -0.340000
1476368923067, 32.450001, 32.410000, 100, 32.480000, 100, -1.040000, -0.340000
1476368925109, 32.450001, 32.410000, 100, 32.480000, 100, -1.040000, -0.340000
1476368927072, 32.450001, 32.410000, 100, 32.480000, 100, -1.040000, -0.340000
1476368929091, 32.450001, 32.410000, 100, 32.480000, 100, -1.040000, -0.340000
1476368931120, 32.450001, 32.410000, 100, 32.480000, 100, -1.040000, -0.340000
1476368933082, 32.450001, 32.410000, 100, 32.480000, 100, -1.040000, -0.340000
1476368935094, 32.450001, 32.410000, 100, 32.480000, 100, -1.040000, -0.340000
1476368936590, 32.450001, 32.410000, 100, 32.480000, 100, -1.040000, -0.340000
1476368939089, 32.450001, 32.410000, 100, 32.480000, 100, -1.040000, -0.340000
1476368941101, 32.450001, 32.410000, 100, 32.480000, 100, -1.040000, -0.340000
1476368942095, 32.450001, 32.410000, 100, 32.480000, 100, -1.040000, -0.340000
1476368945125, 32.465000, 32.410000, 100, 32.480000, 100, -0.990000, -0.325000
1476368946104, 32.465000, 32.410000, 100, 32.480000, 100, -0.990000, -0.325000
1476368949095, 32.419998, 32.410000, 100, 32.470001, 100, -1.130000, -0.370000
1476368951090, 32.419998, 32.410000, 100, 32.470001, 100, -1.130000, -0.370000
1476368953095, 32.410000, 32.410000, 100, 32.470001, 100, -1.160000, -0.380000
1476368955082, 32.410000, 32.410000, 100, 32.470001, 100, -1.160000, -0.380000
1476368957090, 32.410000, 32.410000, 100, 32.470001, 100, -1.160000, -0.380000
1476368959100, 32.410000, 32.410000, 100, 32.470001, 100, -1.160000, -0.380000
1476368961104, 32.410000, 32.410000, 100, 32.470001, 100, -1.160000, -0.380000
1476368963097, 32.410000, 32.410000, 100, 32.470001, 100, -1.160000, -0.380000
1476368965098, 32.410000, 32.410000, 100, 32.470001, 100, -1.160000, -0.380000
1476368966591, 32.410000, 32.410000, 100, 32.470001, 100, -1.160000, -0.380000
1476368968609, 32.410000, 32.410000, 100, 32.470001, 100, -1.160000, -0.380000
1476368971092, 32.410000, 32.410000, 100, 32.470001, 100, -1.160000, -0.380000
1476368973088, 32.410000, 32.410000, 100, 32.470001, 100, -1.160000, -0.380000
1476368975113, 32.410000, 32.410000, 100, 32.470001, 100, -1.160000, -0.380000
1476368974599, 32.410000, 32.410000, 100, 32.470001, 100, -1.160000, -0.380000
1476368979107, 32.410000, 32.410000, 100, 32.470001, 100, -1.160000, -0.380000
1476368981159, 32.410000, 32.410000, 100, 32.470001, 100, -1.160000, -0.380000
1476368982606, 32.410000, 32.410000, 100, 32.470001, 100, -1.160000, -0.380000
1476368985104, 32.410000, 32.410000, 100, 32.470001, 100, -1.160000, -0.380000
1476368987094, 32.410000, 32.410000, 100, 32.470001, 100, -1.160000, -0.380000
1476368989106, 32.410000, 32.410000, 100, 32.470001, 100, -1.160000, -0.380000
1476368991104, 32.410000, 32.410000, 100, 32.470001, 100, -1.160000, -0.380000
1476368993105, 32.410000, 32.410000, 100, 32.470001, 100, -1.160000, -0.380000
1476368995101, 32.410000, 32.410000, 100, 32.470001, 100, -1.160000, -0.380000
1476368997107, 32.410000, 32.410000, 100, 32.470001, 100, -1.160000, -0.380000
1476368999147, 32.410000, 32.410000, 100, 32.470001, 100, -1.160000, -0.380000
1476369001093, 32.410000, 32.410000, 100, 32.470001, 100, -1.160000, -0.380000
1476369002639, 32.410000, 32.410000, 100, 32.470001, 100, -1.160000, -0.380000
1476369004639, 32.410000, 32.410000, 100, 32.470001, 100, -1.160000, -0.380000
1476369006606, 32.410000, 32.410000, 100, 32.470001, 100, -1.160000, -0.380000
1476369009097, 32.410000, 32.410000, 100, 32.470001, 100, -1.160000, -0.380000
1476369011106, 32.410000, 32.410000, 100, 32.470001, 100, -1.160000, -0.380000
1476369012609, 32.410000, 32.410000, 100, 32.470001, 100, -1.160000, -0.380000
1476369015014, 32.410000, 32.410000, 100, 32.470001, 100, -1.160000, -0.380000
1476369017029, 32.410000, 32.410000, 100, 32.470001, 100, -1.160000, -0.380000
1476369018013, 32.410000, 32.410000, 100, 32.470001, 100, -1.160000, -0.380000
1476369020514, 32.410000, 32.410000, 100, 32.470001, 100, -1.160000, -0.380000
1476369021513, 32.410000, 32.410000, 100, 32.470001, 100, -1.160000, -0.380000
1476369024517, 32.410000, 32.410000, 100, 32.470001, 100, -1.160000, -0.380000
1476369027022, 32.410000, 32.410000, 100, 32.470001, 100, -1.160000, -0.380000
1476369029013, 32.410000, 32.410000, 100, 32.470001, 100, -1.160000, -0.380000
1476369031024, 32.410000, 32.410000, 100, 32.470001, 100, -1.160000, -0.380000
1476369033018, 32.410000, 32.410000, 100, 32.459999, 100, -1.160000, -0.380000
1476369035020, 32.410000, 32.410000, 100, 32.459999, 100, -1.160000, -0.380000
1476369037023, 32.410000, 32.410000, 100, 32.459999, 100, -1.160000, -0.380000
1476369039024, 32.410000, 32.410000, 100, 32.459999, 100, -1.160000, -0.380000
1476369041026, 32.410000, 32.410000, 100, 32.459999, 200, -1.160000, -0.380000
1476369043016, 32.410000, 32.439999, 100, 32.459999, 200, -1.160000, -0.380000
1476369045020, 32.450001, 32.439999, 100, 32.459999, 200, -1.040000, -0.340000
1476369047030, 32.380001, 32.380001, 100, 32.450001, 300, -1.250000, -0.410000
1476369049021, 32.380001, 32.380001, 100, 32.450001, 300, -1.250000, -0.410000
1476369051024, 32.380001, 32.380001, 100, 32.439999, 200, -1.250000, -0.410000
1476369053032, 32.380001, 32.380001, 100, 32.439999, 200, -1.250000, -0.410000
1476369055028, 32.380001, 32.380001, 100, 32.439999, 200, -1.250000, -0.410000
1476369057033, 32.380001, 32.380001, 200, 32.439999, 200, -1.250000, -0.410000
1476369059023, 32.380001, 32.380001, 100, 32.439999, 200, -1.250000, -0.410000
1476369061028, 32.380001, 32.380001, 100, 32.439999, 200, -1.250000, -0.410000
1476369063032, 32.380001, 32.380001, 100, 32.439999, 200, -1.250000, -0.410000
1476369065027, 32.380001, 32.380001, 100, 32.439999, 200, -1.250000, -0.410000
1476369067052, 32.380001, 32.380001, 100, 32.439999, 200, -1.250000, -0.410000
1476369069025, 32.380001, 32.380001, 100, 32.439999, 200, -1.250000, -0.410000
1476369071036, 32.380001, 32.380001, 100, 32.439999, 200, -1.250000, -0.410000
1476369073033, 32.380001, 32.380001, 100, 32.439999, 200, -1.250000, -0.410000
1476369074537, 32.380001, 32.380001, 100, 32.439999, 200, -1.250000, -0.410000
1476369077032, 32.380001, 32.380001, 100, 32.439999, 200, -1.250000, -0.410000
1476369078550, 32.380001, 32.380001, 100, 32.439999, 200, -1.250000, -0.410000
1476369081038, 32.380001, 32.380001, 100, 32.439999, 200, -1.250000, -0.410000
1476369082037, 32.380001, 32.380001, 100, 32.439999, 200, -1.250000, -0.410000
1476369085032, 32.380001, 32.380001, 100, 32.439999, 200, -1.250000, -0.410000
1476369087065, 32.380001, 32.380001, 100, 32.439999, 200, -1.250000, -0.410000
1476369089035, 32.380001, 32.380001, 100, 32.439999, 200, -1.250000, -0.410000
1476369091045, 32.380001, 32.380001, 100, 32.439999, 200, -1.250000, -0.410000
1476369091045, 32.380001, 32.380001, 100, 32.439999, 200, -1.250000, -0.410000
1476369095034, 32.380001, 32.380001, 100, 32.439999, 200, -1.250000, -0.410000
1476369097037, 32.380001, 32.380001, 100, 32.439999, 200, -1.250000, -0.410000
1476369099036, 32.380001, 32.360001, 200, 32.439999, 200, -1.250000, -0.410000
1476369101046, 32.380001, 32.360001, 100, 32.439999, 200, -1.250000, -0.410000
1476369102544, 32.380001, 32.360001, 100, 32.439999, 200, -1.250000, -0.410000
1476369105044, 32.380001, 32.360001, 100, 32.439999, 200, -1.250000, -0.410000
1476369106550, 32.380001, 32.360001, 100, 32.439999, 200, -1.250000, -0.410000
1476369109043, 32.380001, 32.360001, 100, 32.439999, 200, -1.250000, -0.410000
1476369110542, 32.380001, 32.360001, 100, 32.439999, 200, -1.250000, -0.410000
1476369113043, 32.380001, 32.360001, 100, 32.439999, 200, -1.250000, -0.410000
1476369115045, 32.380001, 32.360001, 100, 32.439999, 200, -1.250000, -0.410000
1476369117054, 32.380001, 32.360001, 100, 32.439999, 200, -1.250000, -0.410000
1476369119047, 32.380001, 32.360001, 100, 32.439999, 200, -1.250000, -0.410000
1476369121044, 32.380001, 32.360001, 100, 32.439999, 200, -1.250000, -0.410000
1476369122590, 32.380001, 32.360001, 100, 32.439999, 200, -1.250000, -0.410000
1476369125032, 32.380001, 32.360001, 100, 32.439999, 200, -1.250000, -0.410000
1476369126549, 32.380001, 32.360001, 100, 32.439999, 200, -1.250000, -0.410000
1476369129055, 32.380001, 32.360001, 100, 32.439999, 200, -1.250000, -0.410000
1476369131049, 32.380001, 32.360001, 100, 32.439999, 200, -1.250000, -0.410000
1476369133056, 32.380001, 32.360001, 100, 32.439999, 200, -1.250000, -0.410000
1476369135059, 32.380001, 32.360001, 100, 32.439999, 200, -1.250000, -0.410000
1476369137063, 32.380001, 32.360001, 100, 32.439999, 200, -1.250000, -0.410000
1476369139061, 32.380001, 32.360001, 100, 32.439999, 200, -1.250000, -0.410000
1476369141051, 32.380001, 32.360001, 100, 32.439999, 200, -1.250000, -0.410000
1476369142564, 32.380001, 32.360001, 100, 32.439999, 200, -1.250000, -0.410000
1476369144560, 32.380001, 32.360001, 100, 32.439999, 200, -1.250000, -0.410000
1476369147094, 32.380001, 32.360001, 100, 32.439999, 200, -1.250000, -0.410000
1476369149071, 32.380001, 32.360001, 100, 32.439999, 200, -1.250000, -0.410000
1476369150566, 32.380001, 32.360001, 100, 32.439999, 200, -1.250000, -0.410000
1476369153077, 32.380001, 32.360001, 100, 32.439999, 200, -1.250000, -0.410000
1476369155071, 32.380001, 32.360001, 100, 32.439999, 200, -1.250000, -0.410000
1476369157101, 32.380001, 32.360001, 100, 32.439999, 200, -1.250000, -0.410000
1476369159056, 32.380001, 32.360001, 100, 32.439999, 200, -1.250000, -0.410000
1476369161076, 32.380001, 32.360001, 100, 32.439999, 200, -1.250000, -0.410000
1476369163074, 32.380001, 32.360001, 100, 32.439999, 200, -1.250000, -0.410000
1476369165072, 32.380001, 32.360001, 100, 32.439999, 200, -1.250000, -0.410000
1476369166572, 32.380001, 32.360001, 100, 32.439999, 200, -1.250000, -0.410000
1476369169078, 32.380001, 32.360001, 100, 32.439999, 200, -1.250000, -0.410000
1476369170070, 32.380001, 32.360001, 100, 32.439999, 200, -1.250000, -0.410000
1476369173072, 32.380001, 32.360001, 100, 32.439999, 200, -1.250000, -0.410000
1476369175057, 32.380001, 32.360001, 100, 32.439999, 200, -1.250000, -0.410000
1476369177073, 32.380001, 32.360001, 100, 32.439999, 200, -1.250000, -0.410000
1476369179082, 32.380001, 32.360001, 100, 32.439999, 200, -1.250000, -0.410000
1476369181083, 32.380001, 32.360001, 100, 32.439999, 200, -1.250000, -0.410000
1476369183068, 32.380001, 32.360001, 100, 32.439999, 200, -1.250000, -0.410000
1476369185069, 32.380001, 32.360001, 100, 32.439999, 200, -1.250000, -0.410000
1476369187062, 32.380001, 32.360001, 100, 32.439999, 200, -1.250000, -0.410000
1476369189072, 32.380001, 32.360001, 100, 32.439999, 200, -1.250000, -0.410000
1476369191068, 32.380001, 32.360001, 100, 32.439999, 200, -1.250000, -0.410000
1476369193078, 32.380001, 32.360001, 100, 32.439999, 200, -1.250000, -0.410000
1476369195060, 32.380001, 32.360001, 100, 32.439999, 200, -1.250000, -0.410000
1476369197095, 32.380001, 32.360001, 100, 32.439999, 100, -1.250000, -0.410000
1476369198575, 32.380001, 32.360001, 100, 32.439999, 100, -1.250000, -0.410000
1476369201108, 32.380001, 32.360001, 100, 32.439999, 100, -1.250000, -0.410000
1476369203063, 32.380001, 32.360001, 100, 32.439999, 100, -1.250000, -0.410000
1476369205078, 32.380001, 32.360001, 100, 32.439999, 100, -1.250000, -0.410000
1476369207080, 32.380001, 32.360001, 100, 32.439999, 100, -1.250000, -0.410000
1476369208583, 32.380001, 32.360001, 100, 32.439999, 100, -1.250000, -0.410000
1476369211105, 32.380001, 32.360001, 100, 32.439999, 100, -1.250000, -0.410000
1476369213086, 32.380001, 32.360001, 100, 32.439999, 100, -1.250000, -0.410000
1476369215082, 32.380001, 32.360001, 100, 32.439999, 100, -1.250000, -0.410000
1476369217085, 32.380001, 32.360001, 100, 32.439999, 200, -1.250000, -0.410000
1476369218586, 32.380001, 32.360001, 100, 32.439999, 300, -1.250000, -0.410000
1476369221078, 32.380001, 32.360001, 100, 32.439999, 300, -1.250000, -0.410000
1476369223121, 32.380001, 32.380001, 100, 32.439999, 200, -1.250000, -0.410000
1476369225161, 32.380001, 32.380001, 100, 32.439999, 200, -1.250000, -0.410000
1476369227071, 32.380001, 32.380001, 200, 32.439999, 200, -1.250000, -0.410000
1476369229085, 32.380001, 32.380001, 100, 32.439999, 200, -1.250000, -0.410000
1476369231086, 32.380001, 32.380001, 100, 32.439999, 200, -1.250000, -0.410000
1476369233105, 32.450001, 32.400002, 100, 32.490002, 100, -1.040000, -0.340000
1476369235087, 32.445000, 32.430000, 100, 32.490002, 100, -1.050000, -0.345000
1476369236591, 32.445000, 32.430000, 100, 32.480000, 100, -1.050000, -0.345000
1476369239093, 32.445000, 32.410000, 100, 32.480000, 100, -1.050000, -0.345000
1476369240084, 32.445000, 32.410000, 100, 32.480000, 100, -1.050000, -0.345000
1476369242624, 32.445000, 32.410000, 100, 32.480000, 100, -1.050000, -0.345000
1476369245089, 32.445000, 32.410000, 100, 32.480000, 100, -1.050000, -0.345000
1476369247089, 32.445000, 32.430000, 100, 32.480000, 100, -1.050000, -0.345000
1476369310655, 32.540001, 32.529999, 200, 32.590000, 100, -0.760000, -0.250000
1476369310655, 32.540001, 32.529999, 200, 32.590000, 100, -0.760000, -0.250000
1476369311619, 32.540001, 32.529999, 200, 32.590000, 100, -0.760000, -0.250000
1476369313650, 32.540001, 32.529999, 200, 32.590000, 100, -0.760000, -0.250000
1476369315531, 32.540001, 32.529999, 200, 32.590000, 100, -0.760000, -0.250000
1476369317015, 32.540001, 32.529999, 200, 32.590000, 100, -0.760000, -0.250000
1476369319520, 32.540001, 32.529999, 100, 32.590000, 100, -0.760000, -0.250000
1476369322013, 32.540001, 32.529999, 100, 32.590000, 100, -0.760000, -0.250000
1476369323517, 32.540001, 32.529999, 100, 32.590000, 100, -0.760000, -0.250000
1476369325015, 32.540001, 32.529999, 100, 32.590000, 100, -0.760000, -0.250000
1476369327521, 32.540001, 32.529999, 100, 32.590000, 100, -0.760000, -0.250000
1476369330016, 32.540001, 32.529999, 100, 32.590000, 100, -0.760000, -0.250000
1476369331528, 32.540001, 32.529999, 100, 32.590000, 100, -0.760000, -0.250000
1476369333522, 32.540001, 32.529999, 100, 32.590000, 100, -0.760000, -0.250000
1476369336016, 32.540001, 32.529999, 100, 32.590000, 100, -0.760000, -0.250000
1476369337523, 32.540001, 32.529999, 100, 32.590000, 100, -0.760000, -0.250000
1476369340022, 32.540001, 32.529999, 100, 32.590000, 100, -0.760000, -0.250000
1476369341535, 32.540001, 32.529999, 200, 32.590000, 100, -0.760000, -0.250000
1476369343546, 32.540001, 32.529999, 200, 32.590000, 100, -0.760000, -0.250000
1476369345558, 32.540001, 32.529999, 200, 32.590000, 100, -0.760000, -0.250000
1476369347527, 32.540001, 32.529999, 200, 32.590000, 100, -0.760000, -0.250000
1476369349525, 32.540001, 32.529999, 200, 32.590000, 100, -0.760000, -0.250000
1476369351033, 32.540001, 32.529999, 200, 32.590000, 100, -0.760000, -0.250000
1476369353532, 32.540001, 32.529999, 200, 32.590000, 100, -0.760000, -0.250000
1476369355536, 32.540001, 32.529999, 200, 32.590000, 100, -0.760000, -0.250000
1476369358029, 32.540001, 32.529999, 200, 32.590000, 100, -0.760000, -0.250000
1476369360028, 32.540001, 32.529999, 200, 32.590000, 100, -0.760000, -0.250000
1476369361039, 32.540001, 32.529999, 200, 32.590000, 100, -0.760000, -0.250000
1476369363535, 32.540001, 32.529999, 200, 32.590000, 100, -0.760000, -0.250000
1476369365529, 32.540001, 32.529999, 200, 32.590000, 100, -0.760000, -0.250000
1476369368017, 32.540001, 32.529999, 200, 32.590000, 100, -0.760000, -0.250000
1476369369551, 32.540001, 32.529999, 200, 32.590000, 100, -0.760000, -0.250000
1476369372040, 32.540001, 32.529999, 200, 32.590000, 100, -0.760000, -0.250000
1476369373545, 32.540001, 32.529999, 200, 32.590000, 100, -0.760000, -0.250000
1476369375537, 32.540001, 32.529999, 200, 32.590000, 100, -0.760000, -0.250000
1476369377545, 32.540001, 32.529999, 200, 32.590000, 100, -0.760000, -0.250000
1476369379542, 32.540001, 32.529999, 200, 32.590000, 100, -0.760000, -0.250000
1476369381526, 32.540001, 32.529999, 200, 32.590000, 100, -0.760000, -0.250000
1476369383037, 32.540001, 32.529999, 200, 32.590000, 100, -0.760000, -0.250000
1476369384537, 32.540001, 32.529999, 200, 32.590000, 100, -0.760000, -0.250000
1476369388038, 32.540001, 32.529999, 200, 32.590000, 100, -0.760000, -0.250000
1476369389547, 32.540001, 32.529999, 200, 32.590000, 100, -0.760000, -0.250000
1476369392041, 32.540001, 32.529999, 200, 32.590000, 100, -0.760000, -0.250000
1476369393048, 32.540001, 32.529999, 200, 32.590000, 100, -0.760000, -0.250000
1476369395538, 32.560001, 32.520000, 200, 32.590000, 100, -0.700000, -0.230000
1476369397548, 32.560001, 32.520000, 200, 32.590000, 100, -0.700000, -0.230000
1476369400035, 32.555000, 32.520000, 100, 32.590000, 100, -0.720000, -0.235000
1476369401553, 32.555000, 32.529999, 100, 32.590000, 100, -0.720000, -0.235000
1476369403542, 32.555000, 32.529999, 200, 32.590000, 100, -0.720000, -0.235000
1476369405046, 32.555000, 32.529999, 200, 32.590000, 100, -0.720000, -0.235000
1476369407551, 32.555000, 32.529999, 100, 32.590000, 100, -0.720000, -0.235000
1476369409547, 32.555000, 32.529999, 100, 32.590000, 100, -0.720000, -0.235000
1476369411550, 32.555000, 32.529999, 100, 32.590000, 100, -0.720000, -0.235000
1476369413548, 32.555000, 32.529999, 100, 32.590000, 100, -0.720000, -0.235000
1476369414054, 32.555000, 32.529999, 100, 32.590000, 100, -0.720000, -0.235000
1476369417540, 32.555000, 32.529999, 100, 32.590000, 100, -0.720000, -0.235000
1476369419554, 32.555000, 32.529999, 100, 32.590000, 100, -0.720000, -0.235000
1476369421549, 32.555000, 32.529999, 100, 32.590000, 100, -0.720000, -0.235000
1476369423553, 32.555000, 32.529999, 100, 32.590000, 100, -0.720000, -0.235000
1476369425559, 32.555000, 32.529999, 100, 32.590000, 100, -0.720000, -0.235000
1476369427568, 32.555000, 32.529999, 100, 32.590000, 100, -0.720000, -0.235000
1476369429057, 32.555000, 32.529999, 100, 32.590000, 100, -0.720000, -0.235000
1476369431558, 32.555000, 32.529999, 100, 32.590000, 100, -0.720000, -0.235000
1476369433551, 32.555000, 32.529999, 100, 32.590000, 100, -0.720000, -0.235000
1476369436052, 32.555000, 32.529999, 100, 32.590000, 100, -0.720000, -0.235000
1476369437545, 32.555000, 32.529999, 100, 32.590000, 100, -0.720000, -0.235000
1476369439563, 32.555000, 32.529999, 100, 32.590000, 100, -0.720000, -0.235000
1476369442058, 32.529999, 32.520000, 100, 32.590000, 100, -0.790000, -0.260000
1476369443560, 32.529999, 32.520000, 100, 32.590000, 100, -0.790000, -0.260000
1476369445553, 32.529999, 32.520000, 100, 32.590000, 100, -0.790000, -0.260000
1476369447099, 32.529999, 32.520000, 100, 32.590000, 100, -0.790000, -0.260000
1476369449568, 32.529999, 32.520000, 100, 32.590000, 100, -0.790000, -0.260000
1476369451059, 32.529999, 32.520000, 100, 32.590000, 100, -0.790000, -0.260000
1476369454061, 32.529999, 32.520000, 100, 32.590000, 100, -0.790000, -0.260000
1476369455567, 32.529999, 32.520000, 100, 32.580002, 200, -0.790000, -0.260000
1476369457066, 32.540001, 32.490002, 100, 32.560001, 100, -0.760000, -0.250000
1476369459590, 32.490002, 32.480000, 100, 32.549999, 100, -0.910000, -0.300000
1476369461621, 32.490002, 32.480000, 100, 32.549999, 100, -0.910000, -0.300000
1476369463571, 32.490002, 32.480000, 100, 32.549999, 100, -0.910000, -0.300000
1476369465607, 32.490002, 32.480000, 100, 32.549999, 100, -0.910000, -0.300000
1476369468056, 32.490002, 32.480000, 100, 32.549999, 100, -0.910000, -0.300000
1476369469567, 32.490002, 32.480000, 100, 32.549999, 100, -0.910000, -0.300000
1476369471574, 32.490002, 32.480000, 100, 32.549999, 100, -0.910000, -0.300000
1476369473588, 32.490002, 32.480000, 100, 32.549999, 100, -0.910000, -0.300000
1476369475072, 32.490002, 32.480000, 100, 32.549999, 100, -0.910000, -0.300000
1476369477569, 32.490002, 32.480000, 100, 32.549999, 100, -0.910000, -0.300000
1476369480070, 32.490002, 32.480000, 100, 32.549999, 100, -0.910000, -0.300000
1476369481589, 32.490002, 32.480000, 100, 32.549999, 100, -0.910000, -0.300000
1476369483586, 32.490002, 32.480000, 100, 32.549999, 100, -0.910000, -0.300000
1476369485564, 32.490002, 32.480000, 100, 32.549999, 100, -0.910000, -0.300000
1476369487588, 32.490002, 32.480000, 100, 32.549999, 100, -0.910000, -0.300000
1476369489073, 32.490002, 32.480000, 100, 32.549999, 100, -0.910000, -0.300000
1476369490584, 32.480000, 32.439999, 100, 32.540001, 300, -0.950000, -0.310000
1476369493586, 32.445000, 32.439999, 100, 32.529999, 200, -1.050000, -0.345000
1476369495587, 32.445000, 32.400002, 100, 32.529999, 200, -1.050000, -0.345000
1476369497587, 32.445000, 32.410000, 100, 32.509998, 200, -1.050000, -0.345000
1476369499583, 32.445000, 32.410000, 100, 32.509998, 100, -1.050000, -0.345000
1476369501578, 32.445000, 32.419998, 100, 32.509998, 100, -1.050000, -0.345000
1476369503573, 32.445000, 32.400002, 100, 32.500000, 200, -1.050000, -0.345000
1476369504593, 32.445000, 32.400002, 100, 32.500000, 200, -1.050000, -0.345000
1476369507119, 32.445000, 32.400002, 100, 32.500000, 200, -1.050000, -0.345000
1476369509573, 32.445000, 32.410000, 200, 32.490002, 100, -1.050000, -0.345000
1476369512089, 32.445000, 32.410000, 200, 32.490002, 100, -1.050000, -0.345000
1476369513587, 32.445000, 32.410000, 200, 32.490002, 100, -1.050000, -0.345000
1476369515599, 32.445000, 32.410000, 200, 32.490002, 100, -1.050000, -0.345000
1476369517594, 32.445000, 32.410000, 200, 32.490002, 100, -1.050000, -0.345000
1476369519583, 32.445000, 32.400002, 200, 32.480000, 200, -1.050000, -0.345000
1476369521605, 32.445000, 32.380001, 500, 32.470001, 100, -1.050000, -0.345000
1476369523589, 32.445000, 32.389999, 200, 32.470001, 100, -1.050000, -0.345000
1476369525582, 32.445000, 32.389999, 100, 32.470001, 100, -1.050000, -0.345000
1476369527591, 32.445000, 32.400002, 200, 32.470001, 100, -1.050000, -0.345000
1476369529583, 32.445000, 32.410000, 100, 32.470001, 100, -1.050000, -0.345000
1476369531600, 32.445000, 32.410000, 100, 32.470001, 100, -1.050000, -0.345000
1476369533152, 32.445000, 32.410000, 100, 32.470001, 100, -1.050000, -0.345000
1476369535122, 32.445000, 32.410000, 100, 32.470001, 100, -1.050000, -0.345000
1476369537592, 32.436699, 32.400002, 100, 32.470001, 100, -1.080000, -0.353300
1476369539594, 32.410000, 32.400002, 100, 32.470001, 100, -1.160000, -0.380000
1476369541570, 32.410000, 32.400002, 100, 32.470001, 100, -1.160000, -0.380000
1476369543593, 32.410000, 32.380001, 100, 32.470001, 100, -1.160000, -0.380000
1476369545598, 32.410000, 32.380001, 100, 32.470001, 100, -1.160000, -0.380000
1476369547588, 32.410000, 32.389999, 100, 32.470001, 200, -1.160000, -0.380000
1476369549617, 32.410000, 32.380001, 100, 32.470001, 200, -1.160000, -0.380000
1476369551594, 32.410000, 32.380001, 100, 32.470001, 200, -1.160000, -0.380000
1476369554092, 32.410000, 32.389999, 100, 32.470001, 200, -1.160000, -0.380000
1476369556092, 32.410000, 32.380001, 100, 32.470001, 200, -1.160000, -0.380000
1476369558096, 32.410000, 32.380001, 100, 32.470001, 200, -1.160000, -0.380000
1476369560094, 32.410000, 32.380001, 100, 32.470001, 200, -1.160000, -0.380000
1476369561615, 32.410000, 32.389999, 200, 32.470001, 200, -1.160000, -0.380000
1476369564097, 32.410000, 32.389999, 200, 32.470001, 200, -1.160000, -0.380000
1476369566094, 32.410000, 32.389999, 200, 32.470001, 200, -1.160000, -0.380000
1476369568108, 32.410000, 32.389999, 200, 32.470001, 200, -1.160000, -0.380000
1476369569596, 32.410000, 32.389999, 200, 32.470001, 200, -1.160000, -0.380000
1476369572102, 32.410000, 32.389999, 200, 32.470001, 200, -1.160000, -0.380000
1476369574089, 32.410000, 32.400002, 100, 32.470001, 200, -1.160000, -0.380000
1476369576116, 32.410000, 32.400002, 100, 32.470001, 200, -1.160000, -0.380000
1476369578086, 32.410000, 32.400002, 200, 32.470001, 200, -1.160000, -0.380000
1476369579602, 32.410000, 32.400002, 200, 32.470001, 200, -1.160000, -0.380000
1476369582095, 32.410000, 32.400002, 200, 32.470001, 200, -1.160000, -0.380000
1476369584102, 32.400002, 32.400002, 100, 32.459999, 200, -1.190000, -0.390000
1476369586104, 32.400002, 32.369999, 100, 32.450001, 300, -1.190000, -0.390000
1476369588101, 32.400002, 32.369999, 100, 32.450001, 300, -1.190000, -0.390000
1476369590100, 32.400002, 32.369999, 100, 32.450001, 300, -1.190000, -0.390000
1476369590610, 32.400002, 32.369999, 100, 32.450001, 300, -1.190000, -0.390000
1476369594138, 32.400002, 32.369999, 100, 32.450001, 300, -1.190000, -0.390000
1476369596108, 32.400002, 32.369999, 100, 32.450001, 300, -1.190000, -0.390000
1476369598104, 32.400002, 32.369999, 100, 32.450001, 300, -1.190000, -0.390000
1476369600102, 32.400002, 32.369999, 100, 32.450001, 300, -1.190000, -0.390000
1476369601611, 32.400002, 32.369999, 100, 32.450001, 300, -1.190000, -0.390000
1476369604108, 32.449902, 32.369999, 100, 32.450001, 300, -1.040000, -0.340100
1476369606122, 32.449902, 32.340000, 100, 32.450001, 300, -1.040000, -0.340100
1476369607141, 32.410000, 32.360001, 100, 32.439999, 200, -1.160000, -0.380000
1476369608629, 32.410000, 32.340000, 200, 32.439999, 200, -1.160000, -0.380000
1476369612126, 32.410000, 32.349998, 100, 32.439999, 200, -1.160000, -0.380000
1476369614112, 32.410000, 32.349998, 100, 32.439999, 200, -1.160000, -0.380000
1476369616107, 32.410000, 32.349998, 100, 32.439999, 200, -1.160000, -0.380000
1476369617624, 32.410000, 32.349998, 100, 32.439999, 200, -1.160000, -0.380000
1476369619609, 32.410000, 32.349998, 100, 32.439999, 200, -1.160000, -0.380000
1476369621516, 32.410000, 32.349998, 100, 32.439999, 200, -1.160000, -0.380000
1476369624026, 32.410000, 32.349998, 100, 32.439999, 200, -1.160000, -0.380000
1476369626015, 32.410000, 32.349998, 100, 32.439999, 200, -1.160000, -0.380000
1476369627519, 32.410000, 32.349998, 100, 32.439999, 200, -1.160000, -0.380000
1476369630014, 32.410000, 32.349998, 100, 32.439999, 200, -1.160000, -0.380000
1476369632012, 32.410000, 32.349998, 100, 32.439999, 200, -1.160000, -0.380000
1476369633519, 32.410000, 32.349998, 100, 32.439999, 200, -1.160000, -0.380000
1476369636011, 32.410000, 32.349998, 100, 32.439999, 200, -1.160000, -0.380000
1476369637523, 32.410000, 32.349998, 100, 32.439999, 200, -1.160000, -0.380000
1476369639516, 32.410000, 32.349998, 100, 32.439999, 200, -1.160000, -0.380000
1476369642023, 32.410000, 32.349998, 100, 32.439999, 200, -1.160000, -0.380000
1476369644020, 32.410000, 32.349998, 200, 32.439999, 200, -1.160000, -0.380000
1476369646021, 32.410000, 32.349998, 200, 32.439999, 200, -1.160000, -0.380000
1476369648024, 32.410000, 32.349998, 200, 32.439999, 200, -1.160000, -0.380000
1476369650020, 32.410000, 32.349998, 200, 32.439999, 200, -1.160000, -0.380000
1476369651546, 32.410000, 32.349998, 200, 32.439999, 200, -1.160000, -0.380000
1476369654060, 32.410000, 32.349998, 300, 32.439999, 200, -1.160000, -0.380000
1476369656027, 32.410000, 32.349998, 300, 32.439999, 200, -1.160000, -0.380000
1476369658018, 32.410000, 32.349998, 300, 32.439999, 200, -1.160000, -0.380000
1476369660024, 32.410000, 32.369999, 100, 32.439999, 200, -1.160000, -0.380000
1476369661025, 32.410000, 32.369999, 100, 32.439999, 200, -1.160000, -0.380000
1476369663523, 32.410000, 32.369999, 300, 32.439999, 200, -1.160000, -0.380000
1476369665533, 32.410000, 32.369999, 300, 32.439999, 200, -1.160000, -0.380000
1476369668025, 32.388901, 32.369999, 300, 32.439999, 200, -1.220000, -0.401100
1476369670034, 32.388901, 32.369999, 300, 32.439999, 200, -1.220000, -0.401100
1476369672032, 32.388901, 32.369999, 300, 32.439999, 200, -1.220000, -0.401100
1476369673067, 32.388901, 32.369999, 300, 32.439999, 200, -1.220000, -0.401100
1476369676031, 32.388901, 32.369999, 300, 32.439999, 200, -1.220000, -0.401100
1476369678027, 32.388901, 32.369999, 300, 32.439999, 200, -1.220000, -0.401100
1476369680046, 32.388901, 32.369999, 300, 32.439999, 200, -1.220000, -0.401100
1476369682032, 32.388901, 32.369999, 200, 32.439999, 200, -1.220000, -0.401100
1476369683530, 32.388901, 32.369999, 200, 32.439999, 200, -1.220000, -0.401100
1476369686025, 32.388901, 32.369999, 100, 32.439999, 200, -1.220000, -0.401100
1476369688031, 32.388901, 32.369999, 100, 32.439999, 200, -1.220000, -0.401100
1476369690037, 32.388901, 32.369999, 100, 32.439999, 200, -1.220000, -0.401100
1476369690529, 32.388901, 32.369999, 100, 32.439999, 200, -1.220000, -0.401100
1476369694044, 32.388901, 32.369999, 100, 32.439999, 200, -1.220000, -0.401100
1476369696031, 32.388901, 32.369999, 100, 32.439999, 200, -1.220000, -0.401100
1476369698043, 32.388901, 32.369999, 100, 32.439999, 200, -1.220000, -0.401100
1476369700038, 32.388901, 32.369999, 100, 32.439999, 200, -1.220000, -0.401100
1476369701536, 32.388901, 32.369999, 100, 32.439999, 200, -1.220000, -0.401100
1476369704048, 32.388901, 32.369999, 100, 32.439999, 200, -1.220000, -0.401100
1476369706035, 32.388901, 32.369999, 100, 32.439999, 200, -1.220000, -0.401100
1476369708068, 32.388901, 32.369999, 100, 32.439999, 200, -1.220000, -0.401100
1476369710041, 32.388901, 32.369999, 100, 32.439999, 200, -1.220000, -0.401100
1476369712041, 32.388901, 32.369999, 100, 32.439999, 200, -1.220000, -0.401100
1476369714051, 32.388901, 32.369999, 100, 32.439999, 200, -1.220000, -0.401100
1476369716035, 32.388901, 32.369999, 100, 32.439999, 200, -1.220000, -0.401100
1476369718038, 32.388901, 32.369999, 100, 32.439999, 200, -1.220000, -0.401100
1476369719558, 32.388901, 32.369999, 100, 32.439999, 300, -1.220000, -0.401100
1476369722053, 32.388901, 32.369999, 100, 32.439999, 300, -1.220000, -0.401100
1476369724040, 32.388901, 32.369999, 100, 32.439999, 300, -1.220000, -0.401100
1476369725552, 32.388901, 32.369999, 100, 32.439999, 300, -1.220000, -0.401100
1476369728039, 32.388901, 32.369999, 100, 32.439999, 300, -1.220000, -0.401100
1476369730038, 32.388901, 32.369999, 100, 32.439999, 300, -1.220000, -0.401100
1476369732053, 32.388901, 32.369999, 100, 32.439999, 300, -1.220000, -0.401100
1476369734045, 32.388901, 32.369999, 100, 32.439999, 300, -1.220000, -0.401100
1476369735548, 32.388901, 32.369999, 100, 32.439999, 300, -1.220000, -0.401100
1476369737546, 32.388901, 32.369999, 100, 32.439999, 300, -1.220000, -0.401100
1476369740047, 32.388901, 32.369999, 100, 32.439999, 300, -1.220000, -0.401100
1476369742046, 32.388901, 32.369999, 200, 32.439999, 300, -1.220000, -0.401100
1476369743586, 32.388901, 32.369999, 100, 32.439999, 300, -1.220000, -0.401100
1476369746049, 32.388901, 32.369999, 200, 32.439999, 300, -1.220000, -0.401100
1476369747556, 32.388901, 32.369999, 200, 32.439999, 300, -1.220000, -0.401100
1476369750052, 32.388901, 32.369999, 200, 32.439999, 300, -1.220000, -0.401100
1476369752046, 32.388901, 32.369999, 200, 32.439999, 300, -1.220000, -0.401100
1476369754049, 32.388901, 32.369999, 200, 32.439999, 300, -1.220000, -0.401100
1476369756050, 32.388901, 32.369999, 200, 32.439999, 300, -1.220000, -0.401100
1476369758048, 32.388901, 32.369999, 200, 32.439999, 300, -1.220000, -0.401100
1476369760055, 32.388901, 32.369999, 200, 32.439999, 400, -1.220000, -0.401100
1476369761550, 32.388901, 32.369999, 200, 32.439999, 400, -1.220000, -0.401100
1476369763554, 32.388901, 32.369999, 200, 32.439999, 400, -1.220000, -0.401100
1476369766061, 32.388901, 32.369999, 200, 32.439999, 400, -1.220000, -0.401100
1476369768058, 32.415001, 32.400002, 100, 32.470001, 100, -1.140000, -0.375000
1476369769552, 32.415001, 32.410000, 100, 32.470001, 100, -1.140000, -0.375000
1476369772055, 32.415001, 32.410000, 100, 32.470001, 100, -1.140000, -0.375000
1476369774063, 32.415001, 32.410000, 100, 32.470001, 100, -1.140000, -0.375000
1476369776075, 32.415001, 32.410000, 100, 32.470001, 100, -1.140000, -0.375000
1476369778071, 32.415001, 32.410000, 100, 32.490002, 200, -1.140000, -0.375000
1476369780076, 32.415001, 32.410000, 100, 32.490002, 200, -1.140000, -0.375000
1476369782058, 32.415001, 32.410000, 100, 32.490002, 200, -1.140000, -0.375000
1476369784064, 32.415001, 32.410000, 100, 32.490002, 200, -1.140000, -0.375000
1476369786062, 32.415001, 32.410000, 100, 32.490002, 200, -1.140000, -0.375000
1476369788072, 32.415001, 32.410000, 100, 32.490002, 200, -1.140000, -0.375000
1476369790063, 32.415001, 32.410000, 100, 32.490002, 200, -1.140000, -0.375000
1476369792074, 32.415001, 32.410000, 100, 32.490002, 200, -1.140000, -0.375000
1476369794063, 32.415001, 32.410000, 100, 32.490002, 200, -1.140000, -0.375000
1476369796098, 32.415001, 32.410000, 100, 32.490002, 200, -1.140000, -0.375000
1476369798078, 32.415001, 32.410000, 100, 32.490002, 200, -1.140000, -0.375000
1476369800062, 32.415001, 32.410000, 100, 32.490002, 200, -1.140000, -0.375000
1476369802059, 32.415001, 32.410000, 100, 32.490002, 200, -1.140000, -0.375000
1476369804069, 32.415001, 32.410000, 100, 32.490002, 200, -1.140000, -0.375000
1476369806064, 32.450001, 32.439999, 200, 32.490002, 100, -1.040000, -0.340000
1476369807564, 32.450001, 32.439999, 200, 32.490002, 100, -1.040000, -0.340000
1476369810092, 32.450001, 32.439999, 300, 32.490002, 100, -1.040000, -0.340000
1476369812072, 32.450001, 32.439999, 300, 32.490002, 100, -1.040000, -0.340000
1476369813575, 32.450001, 32.439999, 300, 32.490002, 100, -1.040000, -0.340000
1476369816066, 32.450001, 32.450001, 500, 32.520000, 200, -1.040000, -0.340000
1476369818070, 32.450001, 32.450001, 500, 32.520000, 200, -1.040000, -0.340000
1476369820075, 32.450001, 32.450001, 500, 32.520000, 200, -1.040000, -0.340000
1476369822060, 32.450001, 32.450001, 500, 32.520000, 200, -1.040000, -0.340000
1476369824089, 32.450001, 32.450001, 500, 32.520000, 200, -1.040000, -0.340000
1476369826081, 32.450001, 32.450001, 500, 32.520000, 100, -1.040000, -0.340000
1476369828073, 32.450001, 32.450001, 500, 32.520000, 100, -1.040000, -0.340000
1476369830069, 32.450001, 32.450001, 500, 32.520000, 100, -1.040000, -0.340000
1476369832074, 32.450001, 32.450001, 500, 32.520000, 100, -1.040000, -0.340000
1476369834073, 32.450001, 32.450001, 500, 32.520000, 100, -1.040000, -0.340000
1476369835091, 32.450001, 32.450001, 500, 32.520000, 100, -1.040000, -0.340000
1476369838064, 32.450001, 32.450001, 500, 32.540001, 100, -1.040000, -0.340000
1476369839591, 32.450001, 32.450001, 500, 32.540001, 100, -1.040000, -0.340000
1476369842083, 32.450001, 32.450001, 500, 32.540001, 100, -1.040000, -0.340000
1476369844086, 32.450001, 32.450001, 500, 32.540001, 100, -1.040000, -0.340000
1476369846083, 32.450001, 32.450001, 500, 32.540001, 100, -1.040000, -0.340000
1476369848095, 32.450001, 32.450001, 500, 32.540001, 100, -1.040000, -0.340000
1476369850083, 32.529999, 32.459999, 200, 32.540001, 100, -0.790000, -0.260000
1476369851584, 32.529999, 32.459999, 200, 32.540001, 100, -0.790000, -0.260000
1476369854078, 32.529999, 32.459999, 300, 32.529999, 100, -0.790000, -0.260000
1476369856076, 32.529999, 32.459999, 300, 32.529999, 100, -0.790000, -0.260000
1476369858086, 32.529999, 32.459999, 300, 32.529999, 100, -0.790000, -0.260000
1476369860094, 32.529999, 32.459999, 300, 32.529999, 100, -0.790000, -0.260000
1476369862144, 32.529999, 32.459999, 300, 32.529999, 100, -0.790000, -0.260000
1476369863629, 32.529999, 32.459999, 300, 32.529999, 100, -0.790000, -0.260000
1476369866100, 32.529999, 32.459999, 300, 32.529999, 100, -0.790000, -0.260000
1476369868091, 32.529999, 32.459999, 300, 32.529999, 100, -0.790000, -0.260000
1476369870080, 32.529999, 32.459999, 300, 32.529999, 100, -0.790000, -0.260000
1476369872094, 32.529900, 32.459999, 300, 32.529999, 100, -0.790000, -0.260100
1476369874081, 32.529900, 32.459999, 300, 32.529999, 100, -0.790000, -0.260100
1476369876134, 32.529900, 32.459999, 300, 32.529999, 100, -0.790000, -0.260100
1476369878104, 32.529900, 32.459999, 300, 32.540001, 100, -0.790000, -0.260100
1476369879594, 32.529900, 32.459999, 300, 32.540001, 100, -0.790000, -0.260100
1476369882125, 32.529900, 32.459999, 300, 32.540001, 100, -0.790000, -0.260100
1476369884094, 32.529900, 32.470001, 100, 32.540001, 100, -0.790000, -0.260100
1476369886091, 32.529900, 32.470001, 100, 32.540001, 100, -0.790000, -0.260100
1476369888106, 32.529900, 32.470001, 100, 32.540001, 100, -0.790000, -0.260100
1476369890096, 32.529900, 32.470001, 100, 32.540001, 100, -0.790000, -0.260100
1476369892105, 32.529900, 32.470001, 100, 32.540001, 200, -0.790000, -0.260100
1476369894131, 32.529900, 32.470001, 100, 32.540001, 100, -0.790000, -0.260100
1476369896100, 32.529900, 32.470001, 100, 32.540001, 100, -0.790000, -0.260100
1476369898084, 32.529900, 32.470001, 100, 32.540001, 100, -0.790000, -0.260100
1476369900096, 32.529900, 32.470001, 100, 32.540001, 100, -0.790000, -0.260100
1476369902107, 32.529900, 32.470001, 100, 32.540001, 100, -0.790000, -0.260100
1476369904099, 32.529900, 32.470001, 100, 32.540001, 100, -0.790000, -0.260100
1476369906105, 32.529900, 32.470001, 100, 32.540001, 100, -0.790000, -0.260100
1476369908118, 32.529900, 32.470001, 100, 32.540001, 100, -0.790000, -0.260100
1476369910116, 32.529900, 32.470001, 100, 32.540001, 100, -0.790000, -0.260100
1476369912108, 32.529900, 32.470001, 100, 32.540001, 100, -0.790000, -0.260100
1476369914102, 32.529900, 32.470001, 100, 32.540001, 200, -0.790000, -0.260100
1476369916106, 32.529900, 32.470001, 100, 32.540001, 100, -0.790000, -0.260100
1476369918114, 32.529900, 32.470001, 100, 32.540001, 100, -0.790000, -0.260100
1476369920114, 32.529900, 32.470001, 100, 32.540001, 100, -0.790000, -0.260100
1476369922177, 32.529900, 32.470001, 100, 32.540001, 100, -0.790000, -0.260100
1476369924118, 32.529900, 32.470001, 100, 32.540001, 100, -0.790000, -0.260100
1476369926164, 32.529900, 32.470001, 100, 32.540001, 100, -0.790000, -0.260100
1476369928109, 32.529900, 32.459999, 100, 32.540001, 100, -0.790000, -0.260100
1476369930111, 32.529900, 32.459999, 100, 32.540001, 100, -0.790000, -0.260100
1476369931599, 32.529900, 32.459999, 100, 32.529999, 100, -0.790000, -0.260100
1476369934104, 32.529900, 32.459999, 100, 32.529999, 100, -0.790000, -0.260100
1476369936116, 32.529900, 32.459999, 100, 32.529999, 100, -0.790000, -0.260100
1476369938093, 32.529900, 32.459999, 100, 32.529999, 100, -0.790000, -0.260100
1476369940104, 32.529900, 32.459999, 100, 32.529999, 100, -0.790000, -0.260100
1476369942102, 32.529900, 32.459999, 100, 32.529999, 100, -0.790000, -0.260100
1476369944242, 32.529900, 32.459999, 100, 32.529999, 100, -0.790000, -0.260100
1476369946021, 32.529900, 32.459999, 100, 32.529999, 100, -0.790000, -0.260100
1476369948013, 32.529900, 32.459999, 100, 32.529999, 100, -0.790000, -0.260100
1476369949520, 32.529900, 32.459999, 100, 32.529999, 100, -0.790000, -0.260100
1476369951530, 32.529900, 32.459999, 100, 32.529999, 100, -0.790000, -0.260100
1476369954031, 32.529900, 32.459999, 100, 32.529999, 100, -0.790000, -0.260100
1476369956024, 32.509998, 32.470001, 100, 32.540001, 100, -0.850000, -0.280000
1476369958055, 32.509998, 32.470001, 100, 32.540001, 100, -0.850000, -0.280000
1476369959527, 32.509998, 32.470001, 100, 32.540001, 100, -0.850000, -0.280000
1476369962014, 32.509998, 32.470001, 100, 32.540001, 100, -0.850000, -0.280000
1476369964018, 32.509998, 32.470001, 100, 32.560001, 200, -0.850000, -0.280000
1476369965523, 32.509998, 32.470001, 100, 32.549999, 100, -0.850000, -0.280000
1476369967537, 32.509998, 32.470001, 100, 32.549999, 100, -0.850000, -0.280000
1476369969521, 32.509998, 32.470001, 100, 32.549999, 100, -0.850000, -0.280000
1476369972023, 32.509998, 32.470001, 100, 32.549999, 100, -0.850000, -0.280000
1476369974521, 32.509998, 32.470001, 100, 32.549999, 100, -0.850000, -0.280000
1476369976021, 32.509998, 32.470001, 100, 32.549999, 100, -0.850000, -0.280000
1476369976525, 32.509998, 32.470001, 100, 32.549999, 100, -0.850000, -0.280000
1476369980053, 32.509998, 32.470001, 100, 32.549999, 100, -0.850000, -0.280000
1476369980521, 32.509998, 32.470001, 100, 32.549999, 100, -0.850000, -0.280000
1476369983533, 32.509998, 32.480000, 100, 32.549999, 100, -0.850000, -0.280000
1476369986031, 32.509998, 32.480000, 100, 32.549999, 100, -0.850000, -0.280000
1476369988024, 32.509998, 32.480000, 200, 32.549999, 100, -0.850000, -0.280000
1476369990024, 32.509998, 32.480000, 200, 32.560001, 200, -0.850000, -0.280000
1476369992032, 32.509998, 32.480000, 100, 32.549999, 200, -0.850000, -0.280000
1476369994122, 32.509998, 32.480000, 100, 32.549999, 100, -0.850000, -0.280000
1476369995540, 32.509998, 32.480000, 100, 32.549999, 100, -0.850000, -0.280000
1476369998028, 32.509998, 32.480000, 100, 32.540001, 100, -0.850000, -0.280000
1476370000041, 32.509998, 32.480000, 100, 32.540001, 100, -0.850000, -0.280000
1476370001531, 32.509998, 32.480000, 100, 32.540001, 100, -0.850000, -0.280000
1476370004031, 32.509998, 32.480000, 100, 32.540001, 100, -0.850000, -0.280000
1476370006029, 32.509998, 32.480000, 100, 32.540001, 100, -0.850000, -0.280000
1476370008038, 32.509998, 32.480000, 100, 32.540001, 100, -0.850000, -0.280000
1476370010058, 32.509998, 32.480000, 100, 32.540001, 100, -0.850000, -0.280000
1476370012031, 32.509998, 32.480000, 100, 32.540001, 100, -0.850000, -0.280000
1476370014033, 32.509998, 32.480000, 100, 32.540001, 100, -0.850000, -0.280000
1476370015037, 32.509998, 32.480000, 100, 32.540001, 100, -0.850000, -0.280000
1476370018076, 32.509998, 32.480000, 100, 32.540001, 100, -0.850000, -0.280000
1476370019543, 32.509998, 32.480000, 100, 32.540001, 100, -0.850000, -0.280000
1476370022042, 32.509998, 32.480000, 100, 32.540001, 100, -0.850000, -0.280000
1476370024050, 32.509998, 32.480000, 100, 32.540001, 100, -0.850000, -0.280000
1476370026044, 32.509998, 32.480000, 100, 32.540001, 100, -0.850000, -0.280000
1476370028046, 32.480000, 32.470001, 100, 32.509998, 100, -0.950000, -0.310000
1476370030045, 32.450001, 32.450001, 300, 32.470001, 100, -1.040000, -0.340000
1476370031548, 32.450001, 32.430000, 100, 32.480000, 100, -1.040000, -0.340000
1476370034038, 32.450001, 32.430000, 100, 32.480000, 100, -1.040000, -0.340000
1476370036077, 32.450001, 32.430000, 100, 32.490002, 100, -1.040000, -0.340000
1476370038063, 32.450001, 32.410000, 100, 32.500000, 400, -1.040000, -0.340000
1476370040050, 32.450001, 32.410000, 100, 32.500000, 400, -1.040000, -0.340000
1476370042043, 32.450001, 32.419998, 100, 32.490002, 200, -1.040000, -0.340000
1476370044547, 32.450001, 32.419998, 100, 32.490002, 200, -1.040000, -0.340000
1476370046049, 32.450001, 32.419998, 100, 32.490002, 200, -1.040000, -0.340000
1476370048549, 32.450001, 32.419998, 100, 32.470001, 100, -1.040000, -0.340000
1476370050044, 32.450001, 32.419998, 100, 32.470001, 100, -1.040000, -0.340000
1476370051091, 32.450001, 32.419998, 100, 32.470001, 100, -1.040000, -0.340000
1476370054054, 32.450001, 32.389999, 100, 32.470001, 200, -1.040000, -0.340000
1476370056548, 32.450001, 32.389999, 100, 32.470001, 200, -1.040000, -0.340000
1476370057550, 32.450001, 32.389999, 100, 32.470001, 200, -1.040000, -0.340000
1476370060049, 32.450001, 32.389999, 100, 32.470001, 200, -1.040000, -0.340000
1476370062052, 32.450001, 32.389999, 100, 32.470001, 200, -1.040000, -0.340000
1476370064050, 32.450001, 32.400002, 100, 32.470001, 200, -1.040000, -0.340000
1476370066551, 32.450001, 32.400002, 100, 32.470001, 200, -1.040000, -0.340000
1476370068071, 32.450001, 32.400002, 100, 32.470001, 200, -1.040000, -0.340000
1476370070054, 32.450001, 32.389999, 100, 32.470001, 200, -1.040000, -0.340000
1476370071558, 32.450001, 32.389999, 100, 32.470001, 200, -1.040000, -0.340000
1476370074558, 32.450001, 32.389999, 100, 32.470001, 200, -1.040000, -0.340000
1476370076551, 32.450001, 32.389999, 100, 32.470001, 200, -1.040000, -0.340000
1476370078057, 32.450001, 32.389999, 100, 32.470001, 200, -1.040000, -0.340000
1476370080069, 32.450001, 32.389999, 100, 32.470001, 200, -1.040000, -0.340000
1476370082105, 32.450001, 32.389999, 100, 32.470001, 200, -1.040000, -0.340000
1476370084068, 32.450001, 32.389999, 100, 32.470001, 200, -1.040000, -0.340000
1476370085605, 32.450001, 32.389999, 100, 32.470001, 200, -1.040000, -0.340000
1476370088071, 32.450001, 32.389999, 100, 32.470001, 200, -1.040000, -0.340000
1476370090556, 32.450001, 32.389999, 100, 32.470001, 200, -1.040000, -0.340000
1476370092056, 32.450001, 32.389999, 100, 32.470001, 200, -1.040000, -0.340000
1476370094091, 32.450001, 32.389999, 100, 32.470001, 200, -1.040000, -0.340000
1476370096078, 32.430000, 32.389999, 100, 32.450001, 200, -1.100000, -0.360000
1476370098564, 32.430000, 32.389999, 100, 32.450001, 100, -1.100000, -0.360000
1476370100558, 32.430000, 32.389999, 100, 32.450001, 100, -1.100000, -0.360000
1476370102562, 32.430000, 32.389999, 100, 32.439999, 200, -1.100000, -0.360000
1476370104554, 32.430000, 32.389999, 100, 32.430000, 200, -1.100000, -0.360000
1476370106066, 32.430000, 32.389999, 100, 32.430000, 100, -1.100000, -0.360000
1476370108569, 32.430000, 32.389999, 100, 32.430000, 100, -1.100000, -0.360000
1476370110074, 32.430000, 32.389999, 100, 32.430000, 100, -1.100000, -0.360000
1476370111574, 32.430000, 32.389999, 100, 32.430000, 100, -1.100000, -0.360000
1476370114072, 32.430000, 32.389999, 100, 32.430000, 100, -1.100000, -0.360000
1476370116060, 32.430000, 32.389999, 100, 32.430000, 100, -1.100000, -0.360000
1476370118067, 32.430000, 32.389999, 100, 32.430000, 200, -1.100000, -0.360000
1476370120078, 32.430000, 32.389999, 100, 32.430000, 200, -1.100000, -0.360000
1476370122566, 32.430000, 32.389999, 100, 32.430000, 200, -1.100000, -0.360000
1476370124083, 32.430000, 32.389999, 100, 32.430000, 100, -1.100000, -0.360000
1476370126067, 32.430000, 32.389999, 100, 32.430000, 100, -1.100000, -0.360000
1476370128073, 32.430000, 32.389999, 100, 32.430000, 100, -1.100000, -0.360000
1476370130074, 32.430000, 32.389999, 100, 32.430000, 100, -1.100000, -0.360000
1476370132067, 32.430000, 32.389999, 100, 32.430000, 100, -1.100000, -0.360000
1476370134082, 32.430000, 32.389999, 100, 32.430000, 100, -1.100000, -0.360000
1476370136071, 32.430000, 32.389999, 100, 32.430000, 100, -1.100000, -0.360000
1476370138123, 32.430000, 32.389999, 100, 32.430000, 100, -1.100000, -0.360000
1476370139075, 32.430000, 32.389999, 100, 32.430000, 100, -1.100000, -0.360000
1476370142580, 32.430000, 32.389999, 100, 32.430000, 300, -1.100000, -0.360000
1476370144080, 32.430000, 32.389999, 100, 32.430000, 200, -1.100000, -0.360000
1476370146084, 32.430000, 32.389999, 100, 32.430000, 200, -1.100000, -0.360000
1476370148584, 32.430000, 32.389999, 100, 32.430000, 200, -1.100000, -0.360000
1476370150078, 32.430000, 32.389999, 100, 32.430000, 200, -1.100000, -0.360000
1476370152077, 32.430000, 32.369999, 200, 32.419998, 300, -1.100000, -0.360000
1476370154074, 32.430000, 32.369999, 200, 32.419998, 200, -1.100000, -0.360000
1476370156110, 32.430000, 32.369999, 100, 32.419998, 200, -1.100000, -0.360000
1476370158084, 32.430000, 32.369999, 100, 32.419998, 200, -1.100000, -0.360000
1476370160091, 32.430000, 32.369999, 100, 32.419998, 200, -1.100000, -0.360000
1476370162079, 32.430000, 32.369999, 100, 32.419998, 200, -1.100000, -0.360000
1476370164090, 32.430000, 32.369999, 100, 32.419998, 200, -1.100000, -0.360000
1476370166085, 32.430000, 32.369999, 100, 32.419998, 200, -1.100000, -0.360000
1476370168589, 32.430000, 32.369999, 100, 32.419998, 200, -1.100000, -0.360000
1476370170579, 32.430000, 32.369999, 100, 32.419998, 200, -1.100000, -0.360000
1476370172089, 32.430000, 32.369999, 100, 32.419998, 200, -1.100000, -0.360000
1476370174094, 32.430000, 32.369999, 100, 32.419998, 200, -1.100000, -0.360000
1476370176588, 32.430000, 32.380001, 100, 32.419998, 200, -1.100000, -0.360000
1476370178084, 32.430000, 32.380001, 100, 32.419998, 300, -1.100000, -0.360000
1476370180589, 32.430000, 32.380001, 100, 32.419998, 300, -1.100000, -0.360000
1476370182094, 32.430000, 32.380001, 100, 32.419998, 200, -1.100000, -0.360000
1476370183596, 32.430000, 32.380001, 100, 32.419998, 200, -1.100000, -0.360000
1476370186596, 32.430000, 32.380001, 100, 32.419998, 200, -1.100000, -0.360000
1476370188589, 32.430000, 32.380001, 100, 32.419998, 200, -1.100000, -0.360000
1476370190602, 32.430000, 32.380001, 100, 32.419998, 200, -1.100000, -0.360000
1476370192093, 32.430000, 32.380001, 100, 32.419998, 200, -1.100000, -0.360000
1476370194594, 32.430000, 32.380001, 100, 32.419998, 200, -1.100000, -0.360000
1476370196640, 32.430000, 32.380001, 100, 32.419998, 200, -1.100000, -0.360000
1476370198098, 32.430000, 32.380001, 100, 32.419998, 200, -1.100000, -0.360000
1476370200600, 32.430000, 32.380001, 100, 32.419998, 200, -1.100000, -0.360000
1476370202591, 32.430000, 32.380001, 100, 32.419998, 300, -1.100000, -0.360000
1476370204108, 32.430000, 32.380001, 100, 32.419998, 300, -1.100000, -0.360000
1476370206104, 32.430000, 32.380001, 100, 32.419998, 400, -1.100000, -0.360000
1476370208599, 32.430000, 32.380001, 100, 32.419998, 400, -1.100000, -0.360000
1476370210121, 32.430000, 32.380001, 100, 32.419998, 300, -1.100000, -0.360000
1476370212132, 32.430000, 32.380001, 100, 32.419998, 300, -1.100000, -0.360000
1476370214619, 32.430000, 32.380001, 100, 32.419998, 300, -1.100000, -0.360000
1476370216609, 32.430000, 32.380001, 100, 32.419998, 300, -1.100000, -0.360000
1476370218601, 32.430000, 32.380001, 100, 32.419998, 300, -1.100000, -0.360000
1476370220114, 32.430000, 32.380001, 100, 32.419998, 300, -1.100000, -0.360000
1476370222611, 32.430000, 32.419998, 100, 32.470001, 100, -1.100000, -0.360000
1476370224151, 32.430000, 32.419998, 100, 32.470001, 100, -1.100000, -0.360000
1476370226634, 32.430000, 32.419998, 100, 32.470001, 100, -1.100000, -0.360000
1476370228610, 32.430000, 32.419998, 100, 32.470001, 100, -1.100000, -0.360000
1476370230613, 32.430000, 32.419998, 100, 32.470001, 100, -1.100000, -0.360000
1476370232610, 32.430000, 32.419998, 100, 32.470001, 100, -1.100000, -0.360000
1476370234106, 32.430000, 32.419998, 100, 32.470001, 100, -1.100000, -0.360000
1476370236113, 32.430000, 32.419998, 100, 32.470001, 100, -1.100000, -0.360000
1476370238122, 32.430000, 32.419998, 100, 32.470001, 100, -1.100000, -0.360000
1476370240621, 32.430000, 32.419998, 100, 32.470001, 100, -1.100000, -0.360000
1476370242621, 32.430000, 32.419998, 100, 32.470001, 100, -1.100000, -0.360000
1476370244112, 32.430000, 32.419998, 100, 32.470001, 100, -1.100000, -0.360000
1476370246610, 32.430000, 32.419998, 100, 32.470001, 100, -1.100000, -0.360000
1476370248637, 32.430000, 32.419998, 100, 32.470001, 100, -1.100000, -0.360000
1476370250120, 32.430000, 32.419998, 100, 32.470001, 100, -1.100000, -0.360000
1476370252527, 32.430000, 32.419998, 100, 32.470001, 100, -1.100000, -0.360000
1476370254519, 32.430000, 32.419998, 100, 32.470001, 100, -1.100000, -0.360000
1476370256017, 32.430000, 32.419998, 100, 32.470001, 100, -1.100000, -0.360000
1476370258521, 32.430000, 32.419998, 100, 32.470001, 100, -1.100000, -0.360000
1476370260518, 32.430000, 32.419998, 100, 32.470001, 100, -1.100000, -0.360000
1476370262523, 32.430000, 32.419998, 100, 32.470001, 100, -1.100000, -0.360000
1476370264024, 32.430000, 32.419998, 100, 32.470001, 100, -1.100000, -0.360000
1476370266528, 32.430000, 32.419998, 100, 32.470001, 200, -1.100000, -0.360000
1476370268521, 32.430000, 32.419998, 100, 32.470001, 200, -1.100000, -0.360000
1476370270016, 32.430000, 32.419998, 100, 32.470001, 200, -1.100000, -0.360000
1476370272040, 32.430000, 32.419998, 100, 32.470001, 100, -1.100000, -0.360000
1476370274520, 32.430000, 32.419998, 100, 32.470001, 100, -1.100000, -0.360000
1476370276519, 32.430000, 32.419998, 100, 32.470001, 100, -1.100000, -0.360000
1476370278522, 32.430000, 32.419998, 100, 32.470001, 100, -1.100000, -0.360000
1476370280524, 32.430000, 32.419998, 200, 32.470001, 200, -1.100000, -0.360000
1476370282529, 32.430000, 32.419998, 200, 32.470001, 200, -1.100000, -0.360000
1476370284028, 32.430000, 32.419998, 200, 32.470001, 200, -1.100000, -0.360000
1476370286531, 32.430000, 32.419998, 200, 32.470001, 100, -1.100000, -0.360000
1476370288523, 32.430000, 32.419998, 200, 32.470001, 100, -1.100000, -0.360000
1476370290528, 32.430000, 32.419998, 200, 32.470001, 100, -1.100000, -0.360000
1476370292533, 32.430000, 32.419998, 200, 32.470001, 100, -1.100000, -0.360000
1476370293531, 32.430000, 32.419998, 200, 32.470001, 100, -1.100000, -0.360000
1476370296527, 32.430000, 32.419998, 200, 32.470001, 100, -1.100000, -0.360000
1476370298563, 32.430000, 32.419998, 200, 32.470001, 100, -1.100000, -0.360000
1476370300038, 32.430000, 32.419998, 200, 32.470001, 100, -1.100000, -0.360000
1476370302528, 32.430000, 32.419998, 200, 32.470001, 100, -1.100000, -0.360000
1476370304035, 32.430000, 32.419998, 200, 32.470001, 100, -1.100000, -0.360000
1476370306537, 32.430000, 32.419998, 200, 32.470001, 100, -1.100000, -0.360000
1476370308530, 32.430000, 32.419998, 200, 32.470001, 100, -1.100000, -0.360000
1476370310545, 32.430000, 32.419998, 200, 32.470001, 100, -1.100000, -0.360000
1476370312544, 32.430000, 32.419998, 200, 32.470001, 100, -1.100000, -0.360000
1476370314565, 32.430000, 32.419998, 200, 32.470001, 100, -1.100000, -0.360000
1476370316039, 32.430000, 32.419998, 200, 32.470001, 100, -1.100000, -0.360000
1476370318536, 32.430000, 32.419998, 200, 32.470001, 100, -1.100000, -0.360000
1476370320073, 32.430000, 32.419998, 200, 32.470001, 100, -1.100000, -0.360000
1476370321535, 32.430000, 32.419998, 200, 32.470001, 100, -1.100000, -0.360000
1476370324042, 32.430000, 32.419998, 200, 32.470001, 100, -1.100000, -0.360000
1476370326548, 32.430000, 32.419998, 200, 32.470001, 100, -1.100000, -0.360000
1476370328548, 32.430000, 32.419998, 200, 32.470001, 100, -1.100000, -0.360000
1476370330535, 32.430000, 32.419998, 200, 32.470001, 100, -1.100000, -0.360000
1476370332549, 32.430000, 32.419998, 200, 32.459999, 100, -1.100000, -0.360000
1476370334543, 32.430000, 32.419998, 200, 32.459999, 100, -1.100000, -0.360000
1476370336543, 32.430000, 32.419998, 200, 32.459999, 100, -1.100000, -0.360000
1476370338564, 32.430000, 32.419998, 200, 32.459999, 100, -1.100000, -0.360000
1476370340036, 32.430000, 32.419998, 200, 32.459999, 100, -1.100000, -0.360000
1476370341562, 32.430000, 32.419998, 200, 32.459999, 200, -1.100000, -0.360000
1476370344556, 32.430000, 32.419998, 200, 32.459999, 200, -1.100000, -0.360000
1476370346048, 32.430000, 32.419998, 200, 32.459999, 100, -1.100000, -0.360000
1476370348045, 32.430000, 32.419998, 200, 32.459999, 100, -1.100000, -0.360000
1476370350533, 32.430000, 32.419998, 200, 32.459999, 100, -1.100000, -0.360000
1476370352563, 32.430000, 32.419998, 200, 32.459999, 100, -1.100000, -0.360000
1476370354548, 32.430000, 32.419998, 200, 32.459999, 100, -1.100000, -0.360000
1476370356047, 32.430000, 32.419998, 200, 32.459999, 100, -1.100000, -0.360000
1476370358553, 32.430000, 32.419998, 200, 32.459999, 100, -1.100000, -0.360000
1476370360580, 32.430000, 32.419998, 200, 32.459999, 100, -1.100000, -0.360000
1476370362560, 32.430000, 32.419998, 100, 32.459999, 100, -1.100000, -0.360000
1476370364558, 32.430000, 32.419998, 100, 32.459999, 100, -1.100000, -0.360000
1476370366546, 32.430000, 32.419998, 100, 32.459999, 100, -1.100000, -0.360000
1476370368541, 32.430000, 32.419998, 100, 32.459999, 100, -1.100000, -0.360000
1476370370555, 32.430000, 32.419998, 100, 32.459999, 100, -1.100000, -0.360000
1476370372049, 32.430000, 32.419998, 100, 32.459999, 100, -1.100000, -0.360000
1476370374580, 32.430000, 32.419998, 100, 32.459999, 100, -1.100000, -0.360000
1476370376550, 32.430000, 32.419998, 100, 32.459999, 100, -1.100000, -0.360000
1476370378561, 32.430000, 32.419998, 100, 32.459999, 100, -1.100000, -0.360000
1476370380560, 32.430000, 32.419998, 100, 32.459999, 100, -1.100000, -0.360000
1476370382559, 32.430000, 32.419998, 100, 32.459999, 100, -1.100000, -0.360000
1476370384560, 32.430000, 32.419998, 100, 32.459999, 100, -1.100000, -0.360000
1476370386079, 32.430000, 32.419998, 100, 32.459999, 100, -1.100000, -0.360000
1476370388541, 32.430000, 32.419998, 100, 32.459999, 100, -1.100000, -0.360000
1476370390556, 32.430000, 32.419998, 100, 32.459999, 100, -1.100000, -0.360000
1476370392554, 32.430000, 32.419998, 100, 32.459999, 100, -1.100000, -0.360000
1476370394064, 32.430000, 32.419998, 100, 32.459999, 100, -1.100000, -0.360000
1476370396064, 32.430000, 32.419998, 100, 32.459999, 100, -1.100000, -0.360000
1476370398557, 32.430000, 32.419998, 100, 32.459999, 100, -1.100000, -0.360000
1476370400092, 32.430000, 32.419998, 100, 32.459999, 100, -1.100000, -0.360000
1476370402561, 32.430000, 32.419998, 100, 32.459999, 100, -1.100000, -0.360000
1476370404554, 32.430000, 32.419998, 100, 32.459999, 100, -1.100000, -0.360000
1476370406556, 32.430000, 32.419998, 100, 32.459999, 100, -1.100000, -0.360000
1476370408057, 32.430000, 32.419998, 100, 32.459999, 100, -1.100000, -0.360000
1476370410557, 32.430000, 32.419998, 100, 32.459999, 100, -1.100000, -0.360000
1476370412567, 32.430000, 32.419998, 100, 32.459999, 100, -1.100000, -0.360000
1476370414582, 32.430000, 32.419998, 100, 32.459999, 100, -1.100000, -0.360000
1476370416551, 32.430000, 32.419998, 100, 32.459999, 100, -1.100000, -0.360000
1476370418056, 32.430000, 32.419998, 100, 32.459999, 100, -1.100000, -0.360000
1476370420563, 32.430000, 32.419998, 100, 32.459999, 100, -1.100000, -0.360000
1476370422060, 32.430000, 32.419998, 100, 32.459999, 100, -1.100000, -0.360000
1476370424062, 32.430000, 32.419998, 100, 32.459999, 100, -1.100000, -0.360000
1476370426568, 32.430000, 32.419998, 100, 32.459999, 100, -1.100000, -0.360000
1476370428069, 32.430000, 32.419998, 100, 32.459999, 100, -1.100000, -0.360000
1476370430571, 32.459999, 32.470001, 100, 32.509998, 100, -1.010000, -0.330000
1476370432567, 32.459999, 32.470001, 100, 32.509998, 100, -1.010000, -0.330000
1476370434570, 32.459999, 32.470001, 100, 32.509998, 100, -1.010000, -0.330000
1476370436564, 32.459999, 32.470001, 100, 32.509998, 100, -1.010000, -0.330000
1476370438576, 32.459999, 32.470001, 100, 32.509998, 100, -1.010000, -0.330000
1476370440562, 32.459999, 32.470001, 100, 32.509998, 100, -1.010000, -0.330000
1476370442635, 32.459999, 32.470001, 100, 32.509998, 100, -1.010000, -0.330000
1476370444105, 32.459999, 32.470001, 100, 32.509998, 100, -1.010000, -0.330000
1476370446592, 32.459999, 32.470001, 100, 32.509998, 100, -1.010000, -0.330000
1476370448578, 32.459999, 32.470001, 100, 32.509998, 100, -1.010000, -0.330000
1476370450573, 32.459999, 32.470001, 100, 32.509998, 100, -1.010000, -0.330000
1476370452579, 32.459999, 32.470001, 100, 32.509998, 100, -1.010000, -0.330000
1476370454569, 32.459999, 32.470001, 100, 32.509998, 100, -1.010000, -0.330000
1476370456560, 32.459999, 32.470001, 100, 32.509998, 100, -1.010000, -0.330000
1476370458080, 32.459999, 32.470001, 100, 32.509998, 100, -1.010000, -0.330000
1476370460100, 32.459999, 32.470001, 100, 32.509998, 100, -1.010000, -0.330000
1476370462576, 32.470001, 32.459999, 100, 32.500000, 100, -0.980000, -0.320000
1476370464565, 32.470001, 32.459999, 100, 32.500000, 100, -0.980000, -0.320000
1476370466577, 32.470001, 32.459999, 100, 32.500000, 100, -0.980000, -0.320000
1476370468077, 32.470001, 32.459999, 100, 32.500000, 100, -0.980000, -0.320000
1476370470594, 32.470001, 32.459999, 100, 32.500000, 100, -0.980000, -0.320000
1476370472588, 32.470001, 32.459999, 100, 32.500000, 100, -0.980000, -0.320000
1476370474574, 32.470001, 32.459999, 100, 32.500000, 100, -0.980000, -0.320000
1476370475585, 32.470001, 32.459999, 100, 32.500000, 100, -0.980000, -0.320000
1476370478621, 32.459999, 32.439999, 200, 32.500000, 100, -1.010000, -0.330000
1476370480590, 32.459999, 32.439999, 100, 32.500000, 100, -1.010000, -0.330000
1476370482581, 32.459999, 32.439999, 100, 32.500000, 100, -1.010000, -0.330000
1476370484585, 32.459999, 32.439999, 100, 32.500000, 100, -1.010000, -0.330000
1476370486583, 32.459999, 32.439999, 100, 32.500000, 200, -1.010000, -0.330000
1476370488103, 32.459999, 32.439999, 100, 32.500000, 200, -1.010000, -0.330000
1476370490574, 32.459999, 32.439999, 100, 32.500000, 200, -1.010000, -0.330000
1476370492576, 32.459999, 32.439999, 100, 32.500000, 100, -1.010000, -0.330000
1476370494584, 32.459999, 32.439999, 100, 32.500000, 100, -1.010000, -0.330000
1476370496629, 32.459999, 32.439999, 100, 32.500000, 200, -1.010000, -0.330000
1476370498580, 32.459999, 32.439999, 100, 32.500000, 200, -1.010000, -0.330000
1476370500591, 32.459999, 32.439999, 100, 32.500000, 200, -1.010000, -0.330000
1476370502614, 32.459999, 32.439999, 100, 32.500000, 200, -1.010000, -0.330000
1476370504591, 32.459999, 32.439999, 100, 32.500000, 200, -1.010000, -0.330000
1476370506593, 32.459999, 32.439999, 100, 32.500000, 100, -1.010000, -0.330000
1476370508600, 32.459999, 32.439999, 100, 32.500000, 100, -1.010000, -0.330000
1476370510599, 32.459999, 32.439999, 100, 32.500000, 100, -1.010000, -0.330000
1476370512588, 32.459999, 32.439999, 100, 32.500000, 100, -1.010000, -0.330000
1476370514631, 32.459999, 32.439999, 100, 32.500000, 100, -1.010000, -0.330000
1476370516082, 32.459999, 32.439999, 100, 32.500000, 100, -1.010000, -0.330000
1476370518172, 32.459999, 32.439999, 100, 32.500000, 100, -1.010000, -0.330000
1476370520584, 32.459999, 32.439999, 100, 32.500000, 100, -1.010000, -0.330000
1476370522603, 32.459999, 32.439999, 100, 32.500000, 100, -1.010000, -0.330000
1476370524598, 32.459999, 32.439999, 100, 32.500000, 100, -1.010000, -0.330000
1476370526586, 32.459999, 32.439999, 100, 32.500000, 100, -1.010000, -0.330000
1476370528591, 32.459999, 32.439999, 100, 32.500000, 100, -1.010000, -0.330000
1476370530584, 32.459999, 32.439999, 100, 32.500000, 100, -1.010000, -0.330000
1476370532107, 32.459999, 32.439999, 100, 32.500000, 100, -1.010000, -0.330000
1476370533606, 32.459999, 32.439999, 100, 32.500000, 100, -1.010000, -0.330000
1476370536586, 32.459999, 32.439999, 100, 32.500000, 100, -1.010000, -0.330000
1476370538582, 32.459999, 32.439999, 100, 32.500000, 100, -1.010000, -0.330000
1476370540096, 32.459999, 32.439999, 100, 32.500000, 100, -1.010000, -0.330000
1476370542586, 32.459999, 32.439999, 100, 32.500000, 100, -1.010000, -0.330000
1476370543593, 32.459999, 32.439999, 100, 32.500000, 100, -1.010000, -0.330000
1476370546600, 32.459999, 32.450001, 100, 32.500000, 100, -1.010000, -0.330000
1476370548101, 32.459999, 32.450001, 100, 32.500000, 100, -1.010000, -0.330000
1476370550603, 32.459999, 32.450001, 200, 32.500000, 100, -1.010000, -0.330000
1476370552600, 32.459999, 32.450001, 100, 32.500000, 200, -1.010000, -0.330000
1476370554597, 32.459999, 32.450001, 100, 32.500000, 100, -1.010000, -0.330000
1476370556604, 32.459999, 32.450001, 100, 32.500000, 100, -1.010000, -0.330000
1476370558139, 32.459999, 32.450001, 100, 32.500000, 100, -1.010000, -0.330000
1476370560630, 32.459999, 32.450001, 100, 32.500000, 100, -1.010000, -0.330000
1476370561904, 32.459999, 32.450001, 100, 32.500000, 100, -1.010000, -0.330000
1476370564518, 32.459999, 32.450001, 100, 32.500000, 100, -1.010000, -0.330000
1476370566014, 32.459999, 32.450001, 100, 32.500000, 100, -1.010000, -0.330000
1476370568550, 32.450001, 32.419998, 200, 32.500000, 100, -1.040000, -0.340000
1476370570515, 32.450001, 32.419998, 200, 32.500000, 100, -1.040000, -0.340000
1476370572516, 32.450001, 32.419998, 100, 32.500000, 100, -1.040000, -0.340000
1476370574539, 32.450001, 32.419998, 100, 32.500000, 100, -1.040000, -0.340000
1476370576521, 32.450001, 32.419998, 100, 32.500000, 100, -1.040000, -0.340000
1476370578517, 32.450001, 32.419998, 100, 32.500000, 100, -1.040000, -0.340000
1476370580522, 32.459999, 32.419998, 100, 32.500000, 100, -1.010000, -0.330000
1476370582517, 32.459999, 32.419998, 100, 32.459999, 100, -1.010000, -0.330000
1476370584516, 32.459999, 32.419998, 100, 32.459999, 100, -1.010000, -0.330000
1476370586525, 32.459999, 32.419998, 100, 32.459999, 100, -1.010000, -0.330000
1476370588524, 32.450001, 32.419998, 100, 32.459999, 100, -1.040000, -0.340000
1476370590019, 32.450001, 32.419998, 100, 32.459999, 100, -1.040000, -0.340000
1476370592518, 32.450001, 32.419998, 100, 32.470001, 300, -1.040000, -0.340000
1476370594528, 32.450001, 32.419998, 100, 32.470001, 300, -1.040000, -0.340000
1476370596024, 32.450001, 32.419998, 100, 32.470001, 300, -1.040000, -0.340000
1476370598517, 32.450001, 32.419998, 100, 32.470001, 300, -1.040000, -0.340000
1476370600023, 32.450001, 32.419998, 100, 32.470001, 300, -1.040000, -0.340000
1476370602520, 32.450001, 32.419998, 100, 32.470001, 300, -1.040000, -0.340000
1476370604524, 32.450001, 32.419998, 100, 32.470001, 300, -1.040000, -0.340000
1476370606545, 32.450001, 32.419998, 100, 32.470001, 300, -1.040000, -0.340000
1476370608019, 32.450001, 32.419998, 100, 32.470001, 300, -1.040000, -0.340000
1476370610521, 32.450001, 32.419998, 100, 32.459999, 100, -1.040000, -0.340000
1476370612523, 32.450001, 32.419998, 100, 32.459999, 100, -1.040000, -0.340000
1476370614535, 32.450001, 32.419998, 100, 32.459999, 100, -1.040000, -0.340000
1476370616023, 32.450001, 32.419998, 100, 32.459999, 100, -1.040000, -0.340000
1476370618535, 32.450001, 32.419998, 100, 32.470001, 200, -1.040000, -0.340000
1476370619533, 32.450001, 32.419998, 100, 32.470001, 200, -1.040000, -0.340000
1476370622534, 32.450001, 32.419998, 100, 32.470001, 200, -1.040000, -0.340000
1476370624527, 32.450001, 32.419998, 100, 32.470001, 200, -1.040000, -0.340000
1476370626527, 32.450001, 32.419998, 100, 32.470001, 200, -1.040000, -0.340000
1476370628535, 32.450001, 32.419998, 100, 32.470001, 200, -1.040000, -0.340000
1476370630534, 32.450001, 32.419998, 100, 32.470001, 200, -1.040000, -0.340000
1476370632028, 32.450001, 32.419998, 100, 32.470001, 200, -1.040000, -0.340000
1476370634032, 32.450001, 32.419998, 100, 32.470001, 200, -1.040000, -0.340000
1476370636046, 32.450001, 32.419998, 100, 32.470001, 200, -1.040000, -0.340000
1476370638540, 32.450001, 32.419998, 100, 32.470001, 200, -1.040000, -0.340000
1476370641033, 32.450001, 32.419998, 100, 32.470001, 200, -1.040000, -0.340000
1476370642543, 32.450001, 32.419998, 100, 32.470001, 200, -1.040000, -0.340000
1476370644538, 32.450001, 32.419998, 100, 32.470001, 200, -1.040000, -0.340000
1476370646543, 32.450001, 32.419998, 100, 32.470001, 200, -1.040000, -0.340000
1476370648550, 32.450001, 32.419998, 100, 32.470001, 200, -1.040000, -0.340000
1476370650047, 32.450001, 32.419998, 100, 32.470001, 200, -1.040000, -0.340000
1476370653042, 32.450001, 32.419998, 100, 32.470001, 200, -1.040000, -0.340000
1476370654543, 32.450001, 32.419998, 100, 32.470001, 200, -1.040000, -0.340000
1476370656529, 32.450001, 32.419998, 100, 32.470001, 200, -1.040000, -0.340000
1476370658032, 32.450001, 32.419998, 100, 32.470001, 200, -1.040000, -0.340000
1476370660548, 32.450001, 32.419998, 100, 32.470001, 200, -1.040000, -0.340000
1476370662539, 32.450001, 32.419998, 100, 32.470001, 200, -1.040000, -0.340000
1476370665038, 32.450001, 32.419998, 100, 32.470001, 200, -1.040000, -0.340000
1476370667043, 32.450001, 32.419998, 100, 32.470001, 200, -1.040000, -0.340000
1476370668038, 32.450001, 32.419998, 100, 32.470001, 200, -1.040000, -0.340000
1476370670529, 32.450001, 32.419998, 100, 32.470001, 200, -1.040000, -0.340000
1476370672039, 32.450001, 32.419998, 200, 32.470001, 200, -1.040000, -0.340000
1476370674539, 32.450001, 32.419998, 200, 32.470001, 200, -1.040000, -0.340000
1476370677040, 32.450001, 32.430000, 200, 32.470001, 200, -1.040000, -0.340000
1476370678579, 32.450001, 32.430000, 200, 32.470001, 200, -1.040000, -0.340000
1476370681038, 32.450001, 32.430000, 200, 32.470001, 200, -1.040000, -0.340000
1476370681547, 32.450001, 32.430000, 200, 32.470001, 200, -1.040000, -0.340000
1476370685043, 32.450001, 32.419998, 200, 32.470001, 200, -1.040000, -0.340000
1476370686544, 32.450001, 32.419998, 200, 32.470001, 200, -1.040000, -0.340000
1476370688545, 32.450001, 32.419998, 200, 32.470001, 200, -1.040000, -0.340000
1476370690550, 32.450001, 32.419998, 200, 32.470001, 200, -1.040000, -0.340000
1476370692576, 32.450001, 32.419998, 200, 32.470001, 200, -1.040000, -0.340000
1476370694544, 32.450001, 32.419998, 200, 32.470001, 200, -1.040000, -0.340000
1476370696553, 32.450001, 32.419998, 200, 32.470001, 200, -1.040000, -0.340000
1476370699045, 32.450001, 32.419998, 200, 32.470001, 200, -1.040000, -0.340000
1476370701045, 32.450001, 32.419998, 200, 32.470001, 200, -1.040000, -0.340000
1476370703043, 32.450001, 32.419998, 200, 32.470001, 200, -1.040000, -0.340000
1476370705050, 32.450001, 32.419998, 200, 32.470001, 200, -1.040000, -0.340000
1476370706052, 32.450001, 32.419998, 200, 32.470001, 200, -1.040000, -0.340000
1476370709044, 32.450001, 32.419998, 200, 32.470001, 200, -1.040000, -0.340000
1476370711050, 32.450001, 32.419998, 200, 32.470001, 200, -1.040000, -0.340000
1476370712569, 32.450001, 32.419998, 200, 32.470001, 200, -1.040000, -0.340000
1476370714059, 32.450001, 32.419998, 200, 32.470001, 200, -1.040000, -0.340000
1476370717051, 32.450001, 32.419998, 200, 32.470001, 200, -1.040000, -0.340000
1476370719052, 32.450001, 32.419998, 200, 32.470001, 200, -1.040000, -0.340000
1476370721073, 32.450001, 32.419998, 200, 32.470001, 200, -1.040000, -0.340000
1476370722575, 32.450001, 32.419998, 200, 32.470001, 200, -1.040000, -0.340000
1476370724546, 32.450001, 32.419998, 200, 32.470001, 200, -1.040000, -0.340000
1476370727049, 32.450001, 32.419998, 200, 32.470001, 200, -1.040000, -0.340000
1476370728560, 32.450001, 32.419998, 200, 32.470001, 200, -1.040000, -0.340000
1476370731054, 32.450001, 32.419998, 200, 32.470001, 200, -1.040000, -0.340000
1476370733057, 32.450001, 32.419998, 200, 32.470001, 200, -1.040000, -0.340000
1476370734565, 32.450001, 32.419998, 200, 32.470001, 200, -1.040000, -0.340000
1476370736572, 32.450001, 32.419998, 200, 32.470001, 200, -1.040000, -0.340000
1476370739064, 32.450001, 32.419998, 200, 32.470001, 200, -1.040000, -0.340000
1476370741055, 32.450001, 32.419998, 200, 32.470001, 200, -1.040000, -0.340000
1476370742593, 32.450001, 32.430000, 100, 32.470001, 300, -1.040000, -0.340000
1476370745060, 32.450001, 32.430000, 100, 32.470001, 300, -1.040000, -0.340000
1476370747066, 32.450001, 32.419998, 200, 32.459999, 200, -1.040000, -0.340000
1476370748567, 32.450001, 32.419998, 200, 32.459999, 200, -1.040000, -0.340000
1476370750564, 32.450001, 32.419998, 200, 32.459999, 200, -1.040000, -0.340000
1476370752584, 32.450001, 32.419998, 200, 32.459999, 200, -1.040000, -0.340000
1476370755062, 32.450001, 32.419998, 200, 32.459999, 200, -1.040000, -0.340000
1476370757060, 32.450001, 32.419998, 200, 32.459999, 200, -1.040000, -0.340000
1476370759059, 32.450001, 32.419998, 200, 32.459999, 200, -1.040000, -0.340000
1476370760065, 32.450001, 32.419998, 200, 32.459999, 200, -1.040000, -0.340000
1476370762562, 32.450001, 32.419998, 200, 32.459999, 200, -1.040000, -0.340000
1476370765094, 32.450001, 32.419998, 200, 32.459999, 200, -1.040000, -0.340000
1476370765094, 32.450001, 32.419998, 200, 32.459999, 200, -1.040000, -0.340000
1476370769061, 32.450001, 32.419998, 200, 32.459999, 300, -1.040000, -0.340000
1476370771070, 32.450001, 32.419998, 200, 32.459999, 300, -1.040000, -0.340000
1476370773073, 32.450001, 32.419998, 200, 32.459999, 300, -1.040000, -0.340000
1476370774581, 32.450001, 32.419998, 200, 32.459999, 300, -1.040000, -0.340000
1476370777078, 32.450001, 32.419998, 200, 32.459999, 200, -1.040000, -0.340000
1476370779072, 32.450001, 32.419998, 200, 32.459999, 200, -1.040000, -0.340000
1476370780068, 32.450001, 32.419998, 200, 32.459999, 200, -1.040000, -0.340000
1476370783066, 32.450001, 32.419998, 200, 32.459999, 200, -1.040000, -0.340000
1476370784576, 32.450001, 32.419998, 200, 32.459999, 300, -1.040000, -0.340000
1476370787075, 32.450001, 32.419998, 200, 32.459999, 300, -1.040000, -0.340000
1476370789063, 32.450001, 32.419998, 200, 32.459999, 300, -1.040000, -0.340000
1476370791066, 32.450001, 32.419998, 200, 32.459999, 300, -1.040000, -0.340000
1476370793070, 32.450001, 32.419998, 300, 32.459999, 300, -1.040000, -0.340000
1476370794594, 32.450001, 32.419998, 300, 32.459999, 300, -1.040000, -0.340000
1476370797063, 32.450001, 32.419998, 300, 32.459999, 300, -1.040000, -0.340000
1476370799080, 32.459999, 32.430000, 300, 32.509998, 300, -1.010000, -0.330000
1476370801077, 32.459999, 32.430000, 300, 32.509998, 300, -1.010000, -0.330000
1476370803068, 32.459999, 32.430000, 300, 32.509998, 200, -1.010000, -0.330000
1476370805069, 32.459999, 32.450001, 100, 32.509998, 100, -1.010000, -0.330000
1476370807071, 32.459999, 32.450001, 100, 32.509998, 100, -1.010000, -0.330000
1476370809087, 32.459999, 32.450001, 100, 32.509998, 100, -1.010000, -0.330000
1476370811074, 32.459999, 32.450001, 100, 32.509998, 100, -1.010000, -0.330000
1476370812589, 32.459999, 32.439999, 100, 32.509998, 100, -1.010000, -0.330000
1476370815069, 32.459999, 32.439999, 100, 32.509998, 100, -1.010000, -0.330000
1476370817119, 32.459999, 32.439999, 100, 32.509998, 100, -1.010000, -0.330000
1476370819071, 32.459999, 32.439999, 100, 32.509998, 100, -1.010000, -0.330000
1476370821081, 32.459999, 32.450001, 100, 32.509998, 100, -1.010000, -0.330000
1476370823077, 32.459999, 32.450001, 100, 32.509998, 100, -1.010000, -0.330000
1476370825105, 32.459999, 32.450001, 100, 32.509998, 100, -1.010000, -0.330000
1476370827081, 32.459999, 32.450001, 100, 32.509998, 100, -1.010000, -0.330000
1476370829075, 32.459999, 32.450001, 100, 32.509998, 100, -1.010000, -0.330000
1476370831086, 32.459999, 32.450001, 100, 32.509998, 100, -1.010000, -0.330000
1476370833098, 32.459999, 32.450001, 100, 32.509998, 100, -1.010000, -0.330000
1476370835092, 32.459999, 32.450001, 100, 32.490002, 100, -1.010000, -0.330000
1476370837078, 32.470001, 32.439999, 200, 32.480000, 100, -0.980000, -0.320000
1476370839082, 32.470001, 32.439999, 200, 32.480000, 100, -0.980000, -0.320000
1476370839638, 32.470001, 32.439999, 200, 32.480000, 100, -0.980000, -0.320000
1476370843076, 32.470001, 32.439999, 200, 32.480000, 200, -0.980000, -0.320000
1476370845086, 32.470001, 32.450001, 100, 32.500000, 100, -0.980000, -0.320000
1476370847141, 32.470001, 32.450001, 100, 32.500000, 100, -0.980000, -0.320000
1476370849088, 32.470001, 32.450001, 100, 32.500000, 100, -0.980000, -0.320000
1476370849590, 32.470001, 32.450001, 100, 32.500000, 100, -0.980000, -0.320000
1476370851616, 32.470001, 32.450001, 100, 32.500000, 100, -0.980000, -0.320000
1476370855084, 32.470001, 32.450001, 100, 32.500000, 100, -0.980000, -0.320000
1476370856087, 32.470001, 32.450001, 100, 32.500000, 100, -0.980000, -0.320000
1476370859087, 32.470001, 32.450001, 100, 32.500000, 100, -0.980000, -0.320000
1476370861096, 32.470001, 32.450001, 100, 32.500000, 100, -0.980000, -0.320000
1476370863102, 32.470001, 32.450001, 100, 32.509998, 100, -0.980000, -0.320000
1476370864583, 32.470001, 32.450001, 100, 32.509998, 100, -0.980000, -0.320000
1476370867110, 32.470001, 32.450001, 100, 32.509998, 100, -0.980000, -0.320000
1476370869098, 32.470001, 32.459999, 100, 32.509998, 100, -0.980000, -0.320000
1476370871093, 32.470001, 32.480000, 100, 32.509998, 100, -0.980000, -0.320000
1476370873082, 32.470001, 32.480000, 100, 32.509998, 100, -0.980000, -0.320000
1476370875099, 32.470001, 32.480000, 100, 32.509998, 100, -0.980000, -0.320000
1476370877094, 32.470001, 32.480000, 100, 32.509998, 100, -0.980000, -0.320000
1476370879083, 32.470001, 32.480000, 100, 32.509998, 100, -0.980000, -0.320000
1476370880621, 32.470001, 32.480000, 100, 32.509998, 100, -0.980000, -0.320000
1476370883095, 32.470001, 32.480000, 100, 32.509998, 100, -0.980000, -0.320000
1476370884601, 32.470001, 32.480000, 100, 32.509998, 100, -0.980000, -0.320000
1476370887014, 32.470001, 32.480000, 100, 32.509998, 200, -0.980000, -0.320000
1476370888511, 32.470001, 32.480000, 100, 32.509998, 200, -0.980000, -0.320000
1476370891011, 32.470001, 32.480000, 100, 32.509998, 100, -0.980000, -0.320000
1476370893011, 32.470001, 32.480000, 100, 32.509998, 100, -0.980000, -0.320000
1476370895017, 32.470001, 32.480000, 100, 32.509998, 100, -0.980000, -0.320000
1476370895513, 32.470001, 32.480000, 100, 32.509998, 100, -0.980000, -0.320000
1476370899019, 32.470001, 32.480000, 100, 32.509998, 100, -0.980000, -0.320000
1476370901018, 32.470001, 32.480000, 100, 32.509998, 100, -0.980000, -0.320000
1476370903014, 32.470001, 32.480000, 100, 32.509998, 100, -0.980000, -0.320000
1476370904514, 32.470001, 32.480000, 100, 32.509998, 100, -0.980000, -0.320000
1476370906557, 32.470001, 32.480000, 100, 32.509998, 100, -0.980000, -0.320000
1476370909018, 32.470001, 32.480000, 100, 32.509998, 100, -0.980000, -0.320000
1476370911016, 32.470001, 32.480000, 100, 32.509998, 100, -0.980000, -0.320000
1476370913027, 32.470001, 32.480000, 100, 32.509998, 100, -0.980000, -0.320000
1476370914516, 32.470001, 32.480000, 100, 32.509998, 100, -0.980000, -0.320000
1476370917017, 32.470001, 32.480000, 100, 32.509998, 100, -0.980000, -0.320000
1476370919019, 32.470001, 32.480000, 100, 32.509998, 100, -0.980000, -0.320000
1476370921022, 32.470001, 32.480000, 100, 32.509998, 100, -0.980000, -0.320000
1476370923017, 32.470001, 32.480000, 100, 32.509998, 100, -0.980000, -0.320000
1476370924529, 32.470001, 32.480000, 100, 32.509998, 100, -0.980000, -0.320000
1476370926530, 32.470001, 32.480000, 100, 32.509998, 100, -0.980000, -0.320000
1476370928521, 32.470001, 32.480000, 100, 32.509998, 100, -0.980000, -0.320000
1476370931021, 32.470001, 32.480000, 100, 32.509998, 100, -0.980000, -0.320000
1476370933023, 32.470001, 32.480000, 200, 32.509998, 100, -0.980000, -0.320000
1476370934533, 32.470001, 32.480000, 200, 32.509998, 100, -0.980000, -0.320000
1476370936025, 32.470001, 32.480000, 200, 32.509998, 100, -0.980000, -0.320000
1476370939029, 32.470001, 32.480000, 200, 32.509998, 100, -0.980000, -0.320000
1476370940532, 32.470001, 32.480000, 200, 32.509998, 100, -0.980000, -0.320000
1476370943039, 32.470001, 32.480000, 200, 32.509998, 100, -0.980000, -0.320000
1476370945025, 32.470001, 32.480000, 200, 32.509998, 100, -0.980000, -0.320000
1476370946530, 32.470001, 32.480000, 200, 32.509998, 100, -0.980000, -0.320000
1476370949031, 32.470001, 32.480000, 200, 32.509998, 100, -0.980000, -0.320000
1476370951030, 32.470001, 32.480000, 200, 32.509998, 100, -0.980000, -0.320000
1476370953034, 32.470001, 32.480000, 200, 32.509998, 100, -0.980000, -0.320000
1476370954032, 32.470001, 32.480000, 200, 32.509998, 100, -0.980000, -0.320000
1476370957030, 32.470001, 32.480000, 200, 32.509998, 100, -0.980000, -0.320000
1476370959033, 32.470001, 32.480000, 200, 32.509998, 100, -0.980000, -0.320000
1476370961033, 32.470001, 32.480000, 200, 32.509998, 100, -0.980000, -0.320000
1476370963032, 32.470001, 32.480000, 200, 32.509998, 100, -0.980000, -0.320000
1476370964538, 32.470001, 32.480000, 200, 32.509998, 100, -0.980000, -0.320000
1476370967036, 32.470001, 32.480000, 200, 32.509998, 100, -0.980000, -0.320000
1476370969062, 32.470001, 32.480000, 200, 32.509998, 100, -0.980000, -0.320000
1476370971045, 32.470001, 32.480000, 200, 32.509998, 100, -0.980000, -0.320000
1476370973078, 32.470001, 32.480000, 200, 32.509998, 100, -0.980000, -0.320000
1476370975037, 32.470001, 32.480000, 200, 32.509998, 100, -0.980000, -0.320000
1476370977035, 32.509998, 32.500000, 100, 32.509998, 100, -0.850000, -0.280000
1476370979035, 32.529999, 32.520000, 100, 32.590000, 100, -0.790000, -0.260000
1476370981036, 32.529999, 32.529999, 200, 32.590000, 100, -0.790000, -0.260000
1476370983039, 32.529999, 32.529999, 300, 32.590000, 100, -0.790000, -0.260000
1476370985055, 32.529999, 32.529999, 300, 32.590000, 100, -0.790000, -0.260000
1476370987087, 32.529999, 32.529999, 300, 32.590000, 100, -0.790000, -0.260000
1476370989036, 32.529999, 32.529999, 300, 32.590000, 100, -0.790000, -0.260000
1476370990545, 32.529999, 32.529999, 300, 32.590000, 100, -0.790000, -0.260000
1476370993039, 32.529999, 32.529999, 300, 32.580002, 300, -0.790000, -0.260000
1476370995035, 32.529999, 32.529999, 300, 32.580002, 100, -0.790000, -0.260000
1476370996551, 32.529999, 32.529999, 300, 32.580002, 100, -0.790000, -0.260000
1476370999043, 32.529999, 32.529999, 300, 32.580002, 100, -0.790000, -0.260000
1476371001043, 32.529999, 32.529999, 300, 32.580002, 100, -0.790000, -0.260000
1476371003049, 32.529999, 32.529999, 300, 32.580002, 100, -0.790000, -0.260000
1476371004551, 32.529999, 32.529999, 300, 32.580002, 100, -0.790000, -0.260000
1476371007047, 32.529999, 32.529999, 300, 32.580002, 100, -0.790000, -0.260000
1476371008585, 32.529999, 32.529999, 300, 32.580002, 100, -0.790000, -0.260000
1476371010542, 32.529999, 32.529999, 300, 32.580002, 100, -0.790000, -0.260000
1476371013049, 32.529999, 32.529999, 300, 32.580002, 100, -0.790000, -0.260000
1476371015062, 32.529999, 32.529999, 300, 32.580002, 100, -0.790000, -0.260000
1476371017058, 32.529999, 32.529999, 300, 32.580002, 100, -0.790000, -0.260000
1476371018549, 32.529999, 32.529999, 300, 32.580002, 100, -0.790000, -0.260000
1476371021052, 32.529999, 32.529999, 300, 32.590000, 100, -0.790000, -0.260000
1476371022560, 32.529999, 32.529999, 300, 32.590000, 100, -0.790000, -0.260000
1476371025043, 32.529999, 32.529999, 300, 32.590000, 100, -0.790000, -0.260000
1476371027049, 32.529999, 32.529999, 300, 32.590000, 100, -0.790000, -0.260000
1476371029078, 32.529999, 32.529999, 300, 32.590000, 100, -0.790000, -0.260000
1476371031050, 32.529999, 32.529999, 300, 32.590000, 100, -0.790000, -0.260000
1476371032049, 32.529999, 32.529999, 300, 32.590000, 100, -0.790000, -0.260000
1476371034561, 32.529999, 32.529999, 300, 32.590000, 100, -0.790000, -0.260000
1476371037089, 32.529999, 32.529999, 300, 32.590000, 100, -0.790000, -0.260000
1476371039063, 32.529999, 32.529999, 300, 32.590000, 100, -0.790000, -0.260000
1476371041060, 32.529999, 32.529999, 300, 32.590000, 100, -0.790000, -0.260000
1476371043077, 32.529999, 32.529999, 300, 32.590000, 100, -0.790000, -0.260000
1476371045056, 32.610001, 32.540001, 300, 32.610001, 100, -0.550000, -0.180000
1476371047051, 32.610001, 32.540001, 300, 32.610001, 200, -0.550000, -0.180000
1476371049062, 32.610001, 32.540001, 300, 32.610001, 200, -0.550000, -0.180000
1476371051055, 32.610001, 32.540001, 300, 32.610001, 200, -0.550000, -0.180000
1476371053058, 32.610001, 32.540001, 200, 32.599998, 100, -0.550000, -0.180000
1476371054061, 32.610001, 32.540001, 200, 32.599998, 100, -0.550000, -0.180000
1476371056057, 32.610001, 32.540001, 100, 32.599998, 100, -0.550000, -0.180000
1476371059098, 32.610001, 32.540001, 100, 32.599998, 100, -0.550000, -0.180000
1476371061061, 32.610001, 32.540001, 100, 32.599998, 100, -0.550000, -0.180000
1476371063061, 32.610001, 32.540001, 100, 32.599998, 200, -0.550000, -0.180000
1476371065064, 32.610001, 32.540001, 100, 32.590000, 300, -0.550000, -0.180000
1476371067064, 32.610001, 32.540001, 100, 32.590000, 300, -0.550000, -0.180000
1476371069070, 32.610001, 32.540001, 100, 32.590000, 300, -0.550000, -0.180000
1476371070565, 32.610001, 32.540001, 100, 32.590000, 300, -0.550000, -0.180000
1476371073074, 32.610001, 32.540001, 100, 32.590000, 300, -0.550000, -0.180000
1476371075068, 32.610001, 32.540001, 100, 32.590000, 300, -0.550000, -0.180000
1476371077076, 32.549999, 32.529999, 100, 32.560001, 100, -0.730000, -0.240000
1476371078567, 32.549999, 32.529999, 100, 32.560001, 200, -0.730000, -0.240000
1476371081062, 32.549198, 32.529999, 100, 32.570000, 500, -0.730000, -0.240800
1476371083079, 32.549198, 32.529999, 100, 32.570000, 400, -0.730000, -0.240800
1476371085063, 32.549198, 32.529999, 100, 32.570000, 200, -0.730000, -0.240800
1476371086582, 32.549198, 32.529999, 100, 32.570000, 200, -0.730000, -0.240800
1476371089125, 32.549198, 32.529999, 100, 32.570000, 200, -0.730000, -0.240800
1476371091097, 32.529999, 32.509998, 100, 32.570000, 300, -0.790000, -0.260000
1476371093080, 32.529999, 32.509998, 100, 32.570000, 200, -0.790000, -0.260000
1476371094076, 32.529999, 32.509998, 100, 32.570000, 200, -0.790000, -0.260000
1476371097080, 32.529999, 32.490002, 300, 32.570000, 200, -0.790000, -0.260000
1476371099063, 32.529999, 32.500000, 100, 32.570000, 200, -0.790000, -0.260000
1476371101077, 32.529999, 32.500000, 100, 32.570000, 300, -0.790000, -0.260000
1476371102586, 32.505001, 32.500000, 100, 32.570000, 200, -0.870000, -0.285000
1476371105078, 32.505001, 32.500000, 100, 32.570000, 200, -0.870000, -0.285000
1476371107084, 32.505001, 32.490002, 100, 32.570000, 200, -0.870000, -0.285000
1476371108583, 32.505001, 32.490002, 100, 32.570000, 200, -0.870000, -0.285000
1476371111066, 32.505001, 32.490002, 100, 32.570000, 200, -0.870000, -0.285000
1476371113082, 32.505001, 32.470001, 100, 32.540001, 300, -0.870000, -0.285000
1476371115075, 32.505001, 32.470001, 100, 32.540001, 400, -0.870000, -0.285000
1476371117090, 32.505001, 32.470001, 100, 32.540001, 400, -0.870000, -0.285000
1476371119086, 32.505001, 32.470001, 100, 32.540001, 400, -0.870000, -0.285000
1476371121070, 32.505001, 32.470001, 100, 32.540001, 400, -0.870000, -0.285000
1476371123080, 32.505001, 32.459999, 100, 32.540001, 400, -0.870000, -0.285000
1476371125075, 32.505001, 32.459999, 100, 32.540001, 400, -0.870000, -0.285000
1476371127079, 32.505001, 32.459999, 100, 32.540001, 400, -0.870000, -0.285000
1476371129086, 32.505001, 32.459999, 100, 32.540001, 400, -0.870000, -0.285000
1476371131088, 32.505001, 32.450001, 100, 32.520000, 200, -0.870000, -0.285000
1476371133090, 32.505001, 32.459999, 100, 32.520000, 200, -0.870000, -0.285000
1476371134590, 32.505001, 32.459999, 100, 32.520000, 200, -0.870000, -0.285000
1476371137078, 32.505001, 32.459999, 100, 32.509998, 100, -0.870000, -0.285000
1476371139081, 32.505001, 32.459999, 100, 32.509998, 200, -0.870000, -0.285000
1476371141090, 32.480000, 32.450001, 100, 32.509998, 200, -0.950000, -0.310000
1476371143084, 32.480000, 32.450001, 100, 32.509998, 200, -0.950000, -0.310000
1476371144585, 32.480000, 32.450001, 100, 32.509998, 200, -0.950000, -0.310000
1476371146079, 32.480000, 32.450001, 100, 32.509998, 200, -0.950000, -0.310000
1476371148594, 32.480000, 32.439999, 100, 32.509998, 200, -0.950000, -0.310000
1476371150595, 32.480000, 32.439999, 100, 32.509998, 200, -0.950000, -0.310000
1476371153091, 32.480000, 32.439999, 100, 32.500000, 200, -0.950000, -0.310000
1476371155089, 32.480000, 32.439999, 100, 32.500000, 200, -0.950000, -0.310000
1476371157093, 32.480000, 32.439999, 100, 32.500000, 200, -0.950000, -0.310000
1476371158601, 32.480000, 32.439999, 100, 32.500000, 200, -0.950000, -0.310000
1476371161110, 32.480000, 32.439999, 100, 32.500000, 200, -0.950000, -0.310000
1476371163120, 32.480000, 32.439999, 100, 32.500000, 200, -0.950000, -0.310000
1476371165094, 32.480000, 32.439999, 100, 32.500000, 200, -0.950000, -0.310000
1476371167095, 32.480000, 32.439999, 100, 32.500000, 200, -0.950000, -0.310000
1476371169094, 32.480000, 32.439999, 100, 32.500000, 200, -0.950000, -0.310000
1476371171093, 32.480000, 32.439999, 100, 32.500000, 200, -0.950000, -0.310000
1476371172599, 32.480000, 32.430000, 300, 32.500000, 200, -0.950000, -0.310000
1476371175103, 32.480000, 32.430000, 300, 32.500000, 200, -0.950000, -0.310000
1476371177092, 32.480000, 32.430000, 300, 32.500000, 200, -0.950000, -0.310000
1476371178100, 32.480000, 32.430000, 300, 32.500000, 200, -0.950000, -0.310000
1476371181105, 32.480000, 32.419998, 100, 32.500000, 200, -0.950000, -0.310000
1476371183100, 32.480000, 32.419998, 100, 32.500000, 200, -0.950000, -0.310000
1476371185100, 32.480000, 32.430000, 200, 32.500000, 200, -0.950000, -0.310000
1476371187103, 32.480000, 32.439999, 100, 32.500000, 200, -0.950000, -0.310000
1476371189105, 32.480000, 32.439999, 100, 32.500000, 200, -0.950000, -0.310000
1476371191110, 32.480000, 32.439999, 100, 32.500000, 200, -0.950000, -0.310000
1476371192605, 32.480000, 32.439999, 100, 32.500000, 200, -0.950000, -0.310000
1476371195100, 32.480000, 32.439999, 100, 32.500000, 200, -0.950000, -0.310000
1476371197110, 32.480000, 32.439999, 100, 32.500000, 200, -0.950000, -0.310000
1476371198617, 32.480000, 32.439999, 100, 32.490002, 100, -0.950000, -0.310000
1476371201092, 32.480000, 32.439999, 100, 32.490002, 200, -0.950000, -0.310000
1476371203094, 32.480000, 32.439999, 100, 32.490002, 200, -0.950000, -0.310000
1476371205410, 32.480000, 32.439999, 100, 32.490002, 200, -0.950000, -0.310000
1476371207023, 32.480000, 32.439999, 100, 32.490002, 200, -0.950000, -0.310000
1476371208520, 32.480000, 32.439999, 100, 32.490002, 200, -0.950000, -0.310000
1476371211017, 32.480000, 32.439999, 100, 32.490002, 200, -0.950000, -0.310000
1476371213014, 32.480000, 32.439999, 100, 32.490002, 200, -0.950000, -0.310000
1476371215017, 32.480000, 32.439999, 100, 32.490002, 200, -0.950000, -0.310000
1476371217018, 32.480000, 32.439999, 100, 32.490002, 200, -0.950000, -0.310000
1476371219013, 32.480000, 32.439999, 100, 32.490002, 200, -0.950000, -0.310000
1476371220013, 32.480000, 32.439999, 100, 32.490002, 200, -0.950000, -0.310000
1476371223057, 32.480000, 32.439999, 100, 32.490002, 200, -0.950000, -0.310000
1476371224036, 32.480000, 32.439999, 100, 32.490002, 200, -0.950000, -0.310000
1476371227017, 32.480000, 32.439999, 100, 32.490002, 200, -0.950000, -0.310000
1476371229018, 32.480000, 32.450001, 100, 32.490002, 200, -0.950000, -0.310000
1476371231020, 32.490002, 32.470001, 100, 32.490002, 100, -0.910000, -0.300000
1476371233016, 32.490002, 32.470001, 100, 32.490002, 100, -0.910000, -0.300000
1476371235021, 32.490002, 32.470001, 200, 32.509998, 100, -0.910000, -0.300000
1476371237019, 32.470001, 32.470001, 300, 32.500000, 100, -0.980000, -0.320000
1476371239025, 32.470001, 32.470001, 300, 32.500000, 100, -0.980000, -0.320000
1476371241025, 32.470001, 32.480000, 200, 32.500000, 100, -0.980000, -0.320000
1476371243521, 32.470001, 32.470001, 200, 32.500000, 100, -0.980000, -0.320000
1476371245026, 32.470001, 32.470001, 200, 32.500000, 100, -0.980000, -0.320000
1476371247022, 32.470001, 32.470001, 200, 32.500000, 100, -0.980000, -0.320000
1476371249057, 32.470001, 32.470001, 200, 32.500000, 100, -0.980000, -0.320000
1476371251026, 32.470001, 32.470001, 200, 32.500000, 100, -0.980000, -0.320000
1476371252026, 32.470001, 32.470001, 200, 32.500000, 100, -0.980000, -0.320000
1476371255028, 32.470001, 32.470001, 200, 32.500000, 100, -0.980000, -0.320000
1476371257026, 32.470001, 32.470001, 200, 32.500000, 100, -0.980000, -0.320000
1476371259028, 32.470001, 32.470001, 200, 32.500000, 100, -0.980000, -0.320000
1476371261031, 32.470001, 32.470001, 200, 32.500000, 100, -0.980000, -0.320000
1476371262535, 32.470001, 32.470001, 200, 32.500000, 100, -0.980000, -0.320000
1476371265033, 32.470001, 32.470001, 200, 32.500000, 100, -0.980000, -0.320000
1476371267055, 32.470001, 32.470001, 200, 32.480000, 100, -0.980000, -0.320000
1476371267055, 32.470001, 32.470001, 200, 32.480000, 100, -0.980000, -0.320000
1476371271030, 32.470001, 32.470001, 200, 32.480000, 100, -0.980000, -0.320000
1476371273535, 32.470001, 32.470001, 200, 32.480000, 100, -0.980000, -0.320000
1476371275029, 32.459999, 32.439999, 100, 32.470001, 100, -1.010000, -0.330000
1476371276038, 32.459999, 32.439999, 100, 32.470001, 200, -1.010000, -0.330000
1476371278534, 32.459999, 32.439999, 100, 32.470001, 200, -1.010000, -0.330000
1476371281066, 32.459999, 32.400002, 100, 32.470001, 200, -1.010000, -0.330000
1476371283035, 32.459999, 32.400002, 100, 32.470001, 200, -1.010000, -0.330000
1476371285034, 32.459999, 32.400002, 100, 32.470001, 300, -1.010000, -0.330000
1476371287046, 32.430000, 32.400002, 100, 32.470001, 300, -1.100000, -0.360000
1476371288534, 32.430000, 32.400002, 100, 32.470001, 300, -1.100000, -0.360000
1476371291033, 32.430000, 32.400002, 100, 32.470001, 300, -1.100000, -0.360000
1476371293045, 32.430000, 32.400002, 100, 32.470001, 300, -1.100000, -0.360000
1476371295041, 32.430000, 32.400002, 100, 32.470001, 300, -1.100000, -0.360000
1476371297052, 32.430000, 32.400002, 100, 32.470001, 300, -1.100000, -0.360000
1476371299062, 32.430000, 32.400002, 100, 32.470001, 300, -1.100000, -0.360000
1476371301031, 32.430000, 32.400002, 100, 32.470001, 300, -1.100000, -0.360000
1476371301539, 32.430000, 32.400002, 100, 32.470001, 300, -1.100000, -0.360000
1476371305037, 32.430000, 32.400002, 100, 32.470001, 300, -1.100000, -0.360000
1476371307034, 32.426601, 32.400002, 100, 32.470001, 300, -1.110000, -0.363400
1476371309039, 32.426601, 32.400002, 100, 32.470001, 300, -1.110000, -0.363400
1476371311049, 32.426601, 32.400002, 100, 32.470001, 300, -1.110000, -0.363400
1476371312544, 32.426601, 32.400002, 100, 32.470001, 300, -1.110000, -0.363400
1476371315038, 32.426601, 32.400002, 100, 32.470001, 300, -1.110000, -0.363400
1476371317045, 32.435001, 32.400002, 100, 32.470001, 300, -1.080000, -0.355000
1476371319038, 32.435001, 32.400002, 100, 32.470001, 300, -1.080000, -0.355000
1476371321541, 32.435001, 32.400002, 100, 32.470001, 300, -1.080000, -0.355000
1476371323050, 32.435001, 32.400002, 100, 32.470001, 300, -1.080000, -0.355000
1476371325076, 32.435001, 32.400002, 100, 32.470001, 300, -1.080000, -0.355000
1476371327038, 32.435001, 32.400002, 100, 32.470001, 300, -1.080000, -0.355000
1476371329052, 32.435001, 32.400002, 100, 32.470001, 300, -1.080000, -0.355000
1476371331088, 32.435001, 32.400002, 100, 32.470001, 300, -1.080000, -0.355000
1476371333038, 32.435001, 32.400002, 100, 32.470001, 300, -1.080000, -0.355000
1476371335549, 32.435001, 32.400002, 100, 32.470001, 300, -1.080000, -0.355000
1476371337551, 32.435001, 32.400002, 100, 32.470001, 300, -1.080000, -0.355000
1476371339051, 32.435001, 32.400002, 100, 32.470001, 300, -1.080000, -0.355000
1476371341551, 32.435001, 32.410000, 200, 32.470001, 300, -1.080000, -0.355000
1476371343046, 32.435001, 32.410000, 100, 32.470001, 300, -1.080000, -0.355000
1476371345539, 32.435001, 32.410000, 100, 32.470001, 400, -1.080000, -0.355000
1476371346548, 32.435001, 32.410000, 100, 32.470001, 400, -1.080000, -0.355000
1476371349542, 32.435001, 32.410000, 100, 32.470001, 300, -1.080000, -0.355000
1476371351552, 32.400002, 32.400002, 100, 32.470001, 300, -1.190000, -0.390000
1476371352549, 32.400002, 32.400002, 100, 32.470001, 300, -1.190000, -0.390000
1476371355083, 32.400002, 32.400002, 100, 32.470001, 400, -1.190000, -0.390000
1476371357108, 32.400002, 32.400002, 100, 32.459999, 200, -1.190000, -0.390000
1476371359556, 32.400002, 32.400002, 100, 32.459999, 100, -1.190000, -0.390000
1476371361544, 32.400002, 32.400002, 100, 32.459999, 100, -1.190000, -0.390000
1476371363548, 32.400002, 32.400002, 100, 32.459999, 100, -1.190000, -0.390000
1476371365562, 32.400002, 32.400002, 100, 32.459999, 100, -1.190000, -0.390000
1476371367054, 32.419998, 32.400002, 100, 32.419998, 200, -1.130000, -0.370000
1476371369060, 32.419998, 32.400002, 100, 32.419998, 200, -1.130000, -0.370000
1476371371035, 32.419998, 32.360001, 100, 32.410000, 100, -1.130000, -0.370000
1476371373555, 32.419998, 32.360001, 100, 32.410000, 200, -1.130000, -0.370000
1476371375556, 32.419998, 32.360001, 100, 32.410000, 200, -1.130000, -0.370000
1476371377560, 32.419998, 32.360001, 100, 32.410000, 200, -1.130000, -0.370000
1476371379054, 32.419998, 32.360001, 100, 32.410000, 200, -1.130000, -0.370000
1476371381552, 32.410000, 32.380001, 100, 32.419998, 200, -1.160000, -0.380000
1476371383081, 32.400002, 32.380001, 100, 32.419998, 100, -1.190000, -0.390000
1476371384582, 32.400002, 32.380001, 100, 32.419998, 100, -1.190000, -0.390000
1476371387548, 32.400002, 32.380001, 100, 32.419998, 100, -1.190000, -0.390000
1476371389568, 32.400002, 32.380001, 100, 32.419998, 100, -1.190000, -0.390000
1476371391053, 32.400002, 32.380001, 100, 32.419998, 100, -1.190000, -0.390000
1476371393569, 32.400002, 32.380001, 100, 32.419998, 100, -1.190000, -0.390000
1476371395563, 32.400002, 32.380001, 100, 32.419998, 100, -1.190000, -0.390000
1476371397574, 32.400002, 32.380001, 100, 32.419998, 100, -1.190000, -0.390000
1476371399072, 32.400002, 32.380001, 100, 32.419998, 100, -1.190000, -0.390000
1476371401062, 32.400002, 32.380001, 100, 32.419998, 100, -1.190000, -0.390000
1476371403559, 32.400002, 32.380001, 100, 32.419998, 100, -1.190000, -0.390000
1476371405562, 32.400002, 32.380001, 100, 32.419998, 100, -1.190000, -0.390000
1476371407558, 32.400002, 32.380001, 100, 32.419998, 100, -1.190000, -0.390000
1476371409570, 32.400002, 32.380001, 100, 32.419998, 100, -1.190000, -0.390000
1476371411563, 32.400002, 32.380001, 100, 32.419998, 100, -1.190000, -0.390000
1476371412063, 32.400002, 32.380001, 100, 32.419998, 100, -1.190000, -0.390000
1476371415574, 32.400002, 32.380001, 100, 32.419998, 100, -1.190000, -0.390000
1476371417566, 32.400002, 32.380001, 100, 32.419998, 100, -1.190000, -0.390000
1476371419569, 32.400002, 32.380001, 100, 32.419998, 100, -1.190000, -0.390000
1476371421575, 32.400002, 32.380001, 100, 32.419998, 100, -1.190000, -0.390000
1476371422576, 32.400002, 32.380001, 100, 32.419998, 100, -1.190000, -0.390000
1476371425575, 32.400002, 32.380001, 100, 32.419998, 100, -1.190000, -0.390000
1476371427612, 32.400002, 32.380001, 100, 32.419998, 100, -1.190000, -0.390000
1476371429571, 32.400002, 32.380001, 100, 32.419998, 100, -1.190000, -0.390000
1476371431115, 32.400002, 32.380001, 100, 32.419998, 200, -1.190000, -0.390000
1476371433576, 32.400002, 32.380001, 100, 32.419998, 100, -1.190000, -0.390000
1476371435067, 32.400002, 32.380001, 100, 32.419998, 100, -1.190000, -0.390000
1476371437079, 32.400002, 32.380001, 100, 32.419998, 100, -1.190000, -0.390000
1476371439630, 32.400002, 32.380001, 100, 32.419998, 100, -1.190000, -0.390000
1476371441579, 32.400002, 32.380001, 100, 32.419998, 100, -1.190000, -0.390000
1476371443579, 32.400002, 32.380001, 100, 32.419998, 100, -1.190000, -0.390000
1476371445078, 32.400002, 32.380001, 100, 32.419998, 100, -1.190000, -0.390000
1476371447586, 32.400002, 32.380001, 100, 32.419998, 100, -1.190000, -0.390000
1476371449577, 32.400002, 32.380001, 100, 32.419998, 100, -1.190000, -0.390000
1476371451583, 32.400002, 32.380001, 100, 32.419998, 100, -1.190000, -0.390000
1476371453081, 32.400002, 32.380001, 100, 32.419998, 100, -1.190000, -0.390000
1476371455582, 32.400002, 32.380001, 100, 32.419998, 100, -1.190000, -0.390000
1476371457091, 32.400002, 32.380001, 100, 32.419998, 100, -1.190000, -0.390000
1476371459586, 32.400002, 32.380001, 100, 32.419998, 100, -1.190000, -0.390000
1476371461086, 32.400002, 32.380001, 100, 32.419998, 100, -1.190000, -0.390000
1476371463081, 32.400002, 32.380001, 100, 32.419998, 100, -1.190000, -0.390000
1476371465588, 32.400002, 32.380001, 100, 32.419998, 100, -1.190000, -0.390000
1476371467085, 32.400002, 32.380001, 100, 32.419998, 100, -1.190000, -0.390000
1476371469636, 32.400002, 32.380001, 100, 32.419998, 100, -1.190000, -0.390000
1476371471094, 32.400002, 32.380001, 100, 32.419998, 100, -1.190000, -0.390000
1476371473578, 32.400002, 32.380001, 100, 32.419998, 100, -1.190000, -0.390000
1476371475113, 32.400002, 32.380001, 100, 32.419998, 100, -1.190000, -0.390000
1476371477589, 32.400002, 32.380001, 100, 32.419998, 100, -1.190000, -0.390000
1476371479598, 32.400002, 32.380001, 100, 32.419998, 100, -1.190000, -0.390000
1476371481105, 32.400002, 32.380001, 100, 32.419998, 100, -1.190000, -0.390000
1476371483093, 32.400002, 32.380001, 100, 32.419998, 100, -1.190000, -0.390000
1476371485625, 32.400002, 32.380001, 100, 32.419998, 100, -1.190000, -0.390000
1476371487602, 32.400002, 32.349998, 200, 32.410000, 100, -1.190000, -0.390000
1476371489088, 32.400002, 32.349998, 200, 32.410000, 100, -1.190000, -0.390000
1476371491596, 32.400002, 32.349998, 200, 32.410000, 100, -1.190000, -0.390000
1476371493612, 32.400002, 32.349998, 200, 32.410000, 100, -1.190000, -0.390000
1476371495585, 32.400002, 32.349998, 200, 32.410000, 100, -1.190000, -0.390000
1476371497103, 32.400002, 32.349998, 200, 32.410000, 100, -1.190000, -0.390000
1476371499124, 32.400002, 32.349998, 200, 32.410000, 100, -1.190000, -0.390000
1476371501600, 32.400002, 32.349998, 200, 32.410000, 100, -1.190000, -0.390000
1476371502597, 32.400002, 32.349998, 200, 32.410000, 100, -1.190000, -0.390000
1476371505605, 32.400002, 32.349998, 200, 32.410000, 100, -1.190000, -0.390000
1476371507606, 32.400002, 32.349998, 200, 32.410000, 100, -1.190000, -0.390000
1476371509101, 32.400002, 32.349998, 200, 32.410000, 100, -1.190000, -0.390000
1476371511599, 32.400002, 32.349998, 200, 32.410000, 100, -1.190000, -0.390000
1476371513151, 32.400002, 32.349998, 200, 32.410000, 100, -1.190000, -0.390000
1476371515626, 32.410000, 32.389999, 100, 32.419998, 100, -1.160000, -0.380000
1476371517099, 32.410000, 32.389999, 100, 32.419998, 100, -1.160000, -0.380000
1476371519605, 32.410000, 32.389999, 100, 32.419998, 100, -1.160000, -0.380000
1476371521610, 32.410000, 32.389999, 200, 32.419998, 100, -1.160000, -0.380000
1476371523604, 32.410000, 32.389999, 300, 32.419998, 100, -1.160000, -0.380000
1476371525597, 32.419998, 32.419998, 200, 32.500000, 100, -1.130000, -0.370000
1476371527612, 32.419998, 32.419998, 200, 32.490002, 100, -1.130000, -0.370000
1476371529096, 32.419998, 32.419998, 200, 32.490002, 100, -1.130000, -0.370000
1476371531518, 32.419998, 32.419998, 200, 32.490002, 100, -1.130000, -0.370000
1476371533516, 32.419998, 32.419998, 200, 32.490002, 100, -1.130000, -0.370000
1476371535008, 32.419998, 32.419998, 200, 32.490002, 100, -1.130000, -0.370000
1476371537514, 32.419998, 32.419998, 200, 32.490002, 100, -1.130000, -0.370000
1476371539511, 32.419998, 32.419998, 100, 32.490002, 100, -1.130000, -0.370000
1476371541522, 32.419998, 32.419998, 100, 32.490002, 100, -1.130000, -0.370000
1476371543514, 32.419998, 32.419998, 100, 32.490002, 100, -1.130000, -0.370000
1476371545522, 32.419998, 32.419998, 100, 32.490002, 100, -1.130000, -0.370000
1476371547519, 32.419998, 32.419998, 100, 32.490002, 100, -1.130000, -0.370000
1476371549518, 32.419998, 32.419998, 200, 32.480000, 100, -1.130000, -0.370000
1476371551555, 32.419998, 32.419998, 200, 32.480000, 100, -1.130000, -0.370000
1476371553517, 32.419998, 32.419998, 200, 32.480000, 100, -1.130000, -0.370000
1476371555524, 32.419998, 32.430000, 300, 32.480000, 100, -1.130000, -0.370000
1476371557522, 32.419998, 32.450001, 200, 32.480000, 100, -1.130000, -0.370000
1476371559517, 32.419998, 32.450001, 200, 32.480000, 100, -1.130000, -0.370000
1476371561525, 32.419998, 32.450001, 100, 32.480000, 100, -1.130000, -0.370000
1476371563521, 32.419998, 32.450001, 100, 32.480000, 100, -1.130000, -0.370000
1476371565523, 32.419998, 32.450001, 100, 32.480000, 100, -1.130000, -0.370000
1476371567529, 32.419998, 32.450001, 100, 32.480000, 100, -1.130000, -0.370000
1476371569532, 32.419998, 32.450001, 100, 32.480000, 100, -1.130000, -0.370000
1476371571531, 32.419998, 32.450001, 100, 32.480000, 100, -1.130000, -0.370000
1476371573537, 32.419998, 32.450001, 100, 32.480000, 100, -1.130000, -0.370000
1476371575523, 32.419998, 32.450001, 100, 32.480000, 100, -1.130000, -0.370000
1476371577564, 32.419998, 32.450001, 100, 32.480000, 100, -1.130000, -0.370000
1476371579027, 32.419998, 32.450001, 100, 32.480000, 100, -1.130000, -0.370000
1476371581538, 32.419998, 32.450001, 100, 32.480000, 100, -1.130000, -0.370000
1476371583523, 32.419998, 32.450001, 100, 32.480000, 100, -1.130000, -0.370000
1476371585523, 32.419998, 32.450001, 100, 32.480000, 100, -1.130000, -0.370000
1476371587029, 32.419998, 32.450001, 100, 32.480000, 100, -1.130000, -0.370000
1476371589527, 32.419998, 32.450001, 100, 32.480000, 100, -1.130000, -0.370000
1476371591543, 32.419998, 32.450001, 100, 32.480000, 100, -1.130000, -0.370000
1476371593536, 32.419998, 32.459999, 100, 32.490002, 100, -1.130000, -0.370000
1476371595024, 32.419998, 32.459999, 200, 32.509998, 100, -1.130000, -0.370000
1476371597528, 32.419998, 32.459999, 200, 32.509998, 100, -1.130000, -0.370000
1476371599536, 32.419998, 32.459999, 200, 32.509998, 100, -1.130000, -0.370000
1476371601534, 32.419998, 32.459999, 200, 32.509998, 100, -1.130000, -0.370000
1476371603534, 32.419998, 32.459999, 200, 32.509998, 100, -1.130000, -0.370000
1476371605538, 32.419998, 32.459999, 200, 32.509998, 100, -1.130000, -0.370000
1476371607540, 32.419998, 32.480000, 100, 32.540001, 100, -1.130000, -0.370000
1476371609534, 32.419998, 32.490002, 100, 32.580002, 200, -1.130000, -0.370000
1476371611029, 32.419998, 32.520000, 100, 32.570000, 100, -1.130000, -0.370000
1476371612532, 32.419998, 32.520000, 100, 32.570000, 100, -1.130000, -0.370000
1476371615548, 32.419998, 32.520000, 100, 32.570000, 100, -1.130000, -0.370000
1476371617542, 32.419998, 32.520000, 100, 32.570000, 100, -1.130000, -0.370000
1476371619577, 32.419998, 32.520000, 100, 32.570000, 100, -1.130000, -0.370000
1476371621034, 32.419998, 32.520000, 100, 32.570000, 100, -1.130000, -0.370000
1476371623539, 32.419998, 32.520000, 100, 32.560001, 100, -1.130000, -0.370000
1476371625538, 32.419998, 32.509998, 100, 32.560001, 200, -1.130000, -0.370000
1476371627036, 32.419998, 32.509998, 100, 32.560001, 200, -1.130000, -0.370000
1476371629540, 32.419998, 32.509998, 100, 32.560001, 200, -1.130000, -0.370000
1476371631536, 32.419998, 32.509998, 100, 32.560001, 200, -1.130000, -0.370000
1476371633561, 32.419998, 32.509998, 100, 32.560001, 200, -1.130000, -0.370000
1476371635544, 32.419998, 32.520000, 100, 32.560001, 200, -1.130000, -0.370000
1476371637536, 32.419998, 32.520000, 100, 32.560001, 200, -1.130000, -0.370000
1476371639535, 32.419998, 32.520000, 100, 32.560001, 200, -1.130000, -0.370000
1476371641546, 32.419998, 32.520000, 100, 32.560001, 100, -1.130000, -0.370000
1476371643542, 32.419998, 32.520000, 100, 32.560001, 100, -1.130000, -0.370000
1476371645554, 32.419998, 32.520000, 100, 32.560001, 100, -1.130000, -0.370000
1476371647544, 32.419998, 32.509998, 100, 32.549999, 200, -1.130000, -0.370000
1476371649548, 32.419998, 32.520000, 100, 32.549999, 100, -1.130000, -0.370000
1476371651548, 32.419998, 32.509998, 100, 32.549999, 100, -1.130000, -0.370000
1476371653538, 32.419998, 32.509998, 100, 32.549999, 100, -1.130000, -0.370000
1476371655545, 32.419998, 32.529999, 200, 32.560001, 100, -1.130000, -0.370000
1476371657550, 32.419998, 32.529999, 200, 32.570000, 100, -1.130000, -0.370000
1476371659563, 32.419998, 32.529999, 200, 32.570000, 100, -1.130000, -0.370000
1476371661587, 32.419998, 32.529999, 200, 32.570000, 100, -1.130000, -0.370000
1476371663534, 32.419998, 32.529999, 200, 32.570000, 100, -1.130000, -0.370000
1476371665547, 32.419998, 32.529999, 200, 32.570000, 100, -1.130000, -0.370000
1476371667546, 32.419998, 32.529999, 200, 32.570000, 100, -1.130000, -0.370000
1476371669552, 32.419998, 32.529999, 200, 32.570000, 100, -1.130000, -0.370000
1476371671556, 32.419998, 32.529999, 200, 32.570000, 100, -1.130000, -0.370000
1476371673051, 32.419998, 32.529999, 200, 32.570000, 100, -1.130000, -0.370000
1476371675556, 32.419998, 32.529999, 200, 32.560001, 100, -1.130000, -0.370000
1476371677557, 32.419998, 32.529999, 200, 32.560001, 100, -1.130000, -0.370000
1476371679551, 32.419998, 32.529999, 200, 32.560001, 100, -1.130000, -0.370000
1476371681560, 32.419998, 32.529999, 200, 32.560001, 100, -1.130000, -0.370000
1476371683560, 32.419998, 32.529999, 300, 32.560001, 100, -1.130000, -0.370000
1476371685564, 32.419998, 32.529999, 300, 32.560001, 100, -1.130000, -0.370000
1476371687569, 32.419998, 32.529999, 300, 32.560001, 100, -1.130000, -0.370000
1476371689595, 32.419998, 32.529999, 300, 32.560001, 100, -1.130000, -0.370000
1476371691561, 32.419998, 32.529999, 300, 32.560001, 100, -1.130000, -0.370000
1476371693567, 32.419998, 32.529999, 300, 32.560001, 100, -1.130000, -0.370000
1476371695561, 32.419998, 32.529999, 300, 32.560001, 100, -1.130000, -0.370000
1476371697606, 32.419998, 32.529999, 300, 32.560001, 100, -1.130000, -0.370000
1476371699559, 32.529999, 32.520000, 200, 32.549999, 200, -0.790000, -0.260000
1476371701631, 32.529999, 32.520000, 200, 32.549999, 100, -0.790000, -0.260000
1476371703571, 32.529999, 32.520000, 200, 32.549999, 100, -0.790000, -0.260000
1476371705592, 32.520000, 32.520000, 200, 32.549999, 100, -0.820000, -0.270000
1476371707568, 32.520000, 32.520000, 100, 32.549999, 100, -0.820000, -0.270000
1476371709563, 32.520000, 32.509998, 100, 32.540001, 100, -0.820000, -0.270000
1476371711055, 32.520000, 32.509998, 100, 32.540001, 100, -0.820000, -0.270000
1476371713603, 32.520000, 32.509998, 100, 32.540001, 100, -0.820000, -0.270000
1476371715066, 32.520000, 32.509998, 100, 32.540001, 100, -0.820000, -0.270000
1476371717605, 32.520000, 32.509998, 100, 32.540001, 100, -0.820000, -0.270000
1476371719573, 32.520000, 32.500000, 100, 32.540001, 100, -0.820000, -0.270000
1476371721599, 32.520000, 32.500000, 100, 32.540001, 100, -0.820000, -0.270000
1476371723065, 32.520000, 32.500000, 100, 32.540001, 100, -0.820000, -0.270000
1476371725600, 32.520000, 32.490002, 200, 32.540001, 100, -0.820000, -0.270000
1476371727563, 32.520000, 32.490002, 100, 32.540001, 100, -0.820000, -0.270000
1476371729568, 32.520000, 32.480000, 100, 32.529999, 200, -0.820000, -0.270000
1476371731609, 32.520000, 32.480000, 100, 32.529999, 200, -0.820000, -0.270000
1476371733593, 32.520000, 32.480000, 100, 32.529999, 200, -0.820000, -0.270000
1476371735062, 32.520000, 32.480000, 100, 32.529999, 200, -0.820000, -0.270000
1476371737575, 32.520000, 32.480000, 100, 32.529999, 200, -0.820000, -0.270000
1476371739577, 32.520000, 32.480000, 100, 32.520000, 200, -0.820000, -0.270000
1476371741572, 32.529999, 32.529999, 100, 32.580002, 100, -0.790000, -0.260000
1476371743574, 32.529999, 32.529999, 100, 32.580002, 100, -0.790000, -0.260000
1476371745597, 32.529999, 32.529999, 100, 32.580002, 100, -0.790000, -0.260000
1476371747585, 32.529999, 32.529999, 100, 32.580002, 100, -0.790000, -0.260000
1476371749585, 32.529999, 32.529999, 100, 32.580002, 100, -0.790000, -0.260000
1476371751571, 32.529999, 32.529999, 100, 32.580002, 100, -0.790000, -0.260000
1476371753080, 32.529999, 32.529999, 100, 32.580002, 100, -0.790000, -0.260000
1476371755624, 32.529999, 32.500000, 200, 32.570000, 100, -0.790000, -0.260000
1476371757570, 32.509998, 32.500000, 300, 32.560001, 100, -0.850000, -0.280000
1476371759574, 32.509998, 32.500000, 300, 32.560001, 100, -0.850000, -0.280000
1476371761589, 32.509998, 32.500000, 200, 32.560001, 100, -0.850000, -0.280000
1476371763583, 32.509998, 32.500000, 200, 32.560001, 100, -0.850000, -0.280000
1476371765587, 32.509998, 32.500000, 200, 32.560001, 100, -0.850000, -0.280000
1476371767582, 32.509998, 32.500000, 200, 32.560001, 100, -0.850000, -0.280000
1476371769577, 32.509998, 32.500000, 200, 32.560001, 100, -0.850000, -0.280000
1476371771568, 32.509998, 32.500000, 200, 32.560001, 100, -0.850000, -0.280000
1476371773599, 32.509998, 32.500000, 200, 32.560001, 100, -0.850000, -0.280000
1476371775585, 32.509998, 32.500000, 200, 32.560001, 100, -0.850000, -0.280000
1476371777591, 32.509998, 32.500000, 200, 32.560001, 100, -0.850000, -0.280000
1476371779585, 32.560001, 32.500000, 200, 32.560001, 100, -0.700000, -0.230000
1476371781592, 32.560001, 32.500000, 200, 32.560001, 100, -0.700000, -0.230000
1476371783592, 32.560001, 32.500000, 100, 32.560001, 100, -0.700000, -0.230000
1476371785587, 32.560001, 32.500000, 100, 32.560001, 100, -0.700000, -0.230000
1476371787599, 32.560001, 32.500000, 100, 32.560001, 100, -0.700000, -0.230000
1476371789589, 32.560001, 32.500000, 100, 32.560001, 100, -0.700000, -0.230000
1476371791090, 32.560001, 32.500000, 100, 32.560001, 100, -0.700000, -0.230000
1476371793656, 32.560001, 32.500000, 100, 32.560001, 100, -0.700000, -0.230000
1476371795601, 32.560001, 32.500000, 100, 32.560001, 100, -0.700000, -0.230000
1476371797588, 32.560001, 32.500000, 100, 32.560001, 100, -0.700000, -0.230000
1476371799601, 32.560001, 32.500000, 100, 32.560001, 100, -0.700000, -0.230000
1476371801593, 32.560001, 32.500000, 100, 32.560001, 100, -0.700000, -0.230000
1476371803585, 32.560001, 32.500000, 100, 32.560001, 200, -0.700000, -0.230000
1476371805629, 32.560001, 32.500000, 100, 32.560001, 100, -0.700000, -0.230000
1476371807584, 32.560001, 32.500000, 100, 32.560001, 200, -0.700000, -0.230000
1476371809585, 32.560001, 32.500000, 100, 32.560001, 200, -0.700000, -0.230000
1476371811579, 32.560001, 32.500000, 100, 32.560001, 200, -0.700000, -0.230000
1476371813587, 32.560001, 32.500000, 100, 32.560001, 200, -0.700000, -0.230000
1476371815598, 32.560001, 32.500000, 100, 32.560001, 100, -0.700000, -0.230000
1476371817588, 32.560001, 32.500000, 100, 32.560001, 100, -0.700000, -0.230000
1476371819610, 32.560001, 32.500000, 100, 32.560001, 100, -0.700000, -0.230000
1476371821617, 32.560001, 32.509998, 100, 32.560001, 100, -0.700000, -0.230000
1476371823606, 32.560001, 32.509998, 100, 32.560001, 100, -0.700000, -0.230000
1476371825588, 32.560001, 32.509998, 100, 32.560001, 100, -0.700000, -0.230000
1476371827612, 32.560001, 32.509998, 100, 32.560001, 100, -0.700000, -0.230000
1476371829601, 32.560001, 32.509998, 100, 32.560001, 100, -0.700000, -0.230000
1476371831605, 32.560001, 32.509998, 100, 32.560001, 100, -0.700000, -0.230000
1476371833600, 32.560001, 32.509998, 100, 32.560001, 100, -0.700000, -0.230000
1476371835620, 32.560001, 32.520000, 100, 32.560001, 100, -0.700000, -0.230000
1476371837121, 32.560001, 32.520000, 100, 32.560001, 100, -0.700000, -0.230000
1476371839089, 32.560001, 32.520000, 200, 32.560001, 100, -0.700000, -0.230000
1476371841593, 32.560001, 32.520000, 100, 32.560001, 100, -0.700000, -0.230000
1476371843605, 32.560001, 32.520000, 100, 32.560001, 100, -0.700000, -0.230000
1476371845615, 32.560001, 32.520000, 100, 32.560001, 100, -0.700000, -0.230000
1476371847606, 32.560001, 32.520000, 100, 32.560001, 100, -0.700000, -0.230000
1476371849104, 32.560001, 32.520000, 100, 32.560001, 100, -0.700000, -0.230000
1476371851609, 32.560001, 32.520000, 100, 32.560001, 100, -0.700000, -0.230000
1476371853113, 32.560001, 32.520000, 100, 32.560001, 100, -0.700000, -0.230000
1476371855595, 32.560001, 32.520000, 100, 32.560001, 100, -0.700000, -0.230000
1476371857612, 32.560001, 32.520000, 100, 32.560001, 100, -0.700000, -0.230000
1476371859609, 32.560001, 32.520000, 100, 32.560001, 100, -0.700000, -0.230000
1476371861616, 32.560001, 32.529999, 200, 32.580002, 100, -0.700000, -0.230000
1476371862647, 32.560001, 32.529999, 200, 32.580002, 100, -0.700000, -0.230000
1476371864522, 32.560001, 32.529999, 200, 32.580002, 100, -0.700000, -0.230000
1476371867517, 32.560001, 32.529999, 200, 32.580002, 100, -0.700000, -0.230000
1476371869015, 32.560001, 32.529999, 200, 32.580002, 100, -0.700000, -0.230000
1476371871520, 32.560001, 32.529999, 200, 32.580002, 100, -0.700000, -0.230000
1476371873519, 32.560001, 32.529999, 200, 32.580002, 100, -0.700000, -0.230000
1476371876015, 32.560001, 32.529999, 200, 32.580002, 100, -0.700000, -0.230000
1476371877017, 32.560001, 32.529999, 200, 32.580002, 100, -0.700000, -0.230000
1476371879516, 32.560001, 32.529999, 200, 32.580002, 100, -0.700000, -0.230000
1476371881516, 32.560001, 32.529999, 200, 32.580002, 100, -0.700000, -0.230000
1476371883523, 32.560001, 32.529999, 200, 32.580002, 100, -0.700000, -0.230000
1476371885523, 32.560001, 32.540001, 200, 32.630001, 400, -0.700000, -0.230000
1476371887518, 32.560001, 32.549999, 100, 32.630001, 300, -0.700000, -0.230000
1476371889520, 32.630001, 32.570000, 100, 32.630001, 200, -0.490000, -0.160000
1476371891020, 32.610001, 32.580002, 200, 32.630001, 200, -0.550000, -0.180000
1476371893523, 32.610001, 32.580002, 300, 32.630001, 200, -0.550000, -0.180000
1476371896029, 32.610001, 32.580002, 200, 32.630001, 200, -0.550000, -0.180000
1476371897525, 32.610001, 32.580002, 200, 32.630001, 200, -0.550000, -0.180000
1476371900022, 32.610001, 32.580002, 200, 32.630001, 200, -0.550000, -0.180000
1476371901521, 32.610001, 32.580002, 200, 32.630001, 200, -0.550000, -0.180000
1476371903529, 32.610001, 32.580002, 200, 32.630001, 200, -0.550000, -0.180000
1476371905527, 32.610001, 32.580002, 200, 32.630001, 200, -0.550000, -0.180000
1476371907528, 32.610001, 32.580002, 200, 32.630001, 200, -0.550000, -0.180000
1476371910021, 32.610001, 32.580002, 200, 32.630001, 200, -0.550000, -0.180000
1476371911529, 32.610001, 32.580002, 200, 32.630001, 200, -0.550000, -0.180000
1476371914034, 32.610001, 32.580002, 200, 32.630001, 200, -0.550000, -0.180000
1476371915525, 32.610001, 32.580002, 200, 32.630001, 200, -0.550000, -0.180000
1476371918022, 32.610001, 32.580002, 200, 32.630001, 200, -0.550000, -0.180000
1476371919527, 32.610001, 32.580002, 200, 32.630001, 200, -0.550000, -0.180000
1476371922023, 32.610001, 32.580002, 200, 32.630001, 200, -0.550000, -0.180000
1476371924031, 32.610001, 32.580002, 200, 32.630001, 200, -0.550000, -0.180000
1476371926033, 32.610001, 32.580002, 200, 32.630001, 200, -0.550000, -0.180000
1476371927538, 32.580002, 32.570000, 100, 32.619999, 200, -0.640000, -0.210000
1476371930026, 32.580002, 32.570000, 100, 32.619999, 200, -0.640000, -0.210000
1476371932029, 32.580002, 32.570000, 100, 32.619999, 200, -0.640000, -0.210000
1476371933537, 32.580002, 32.570000, 100, 32.619999, 200, -0.640000, -0.210000
1476371935532, 32.580002, 32.570000, 100, 32.619999, 200, -0.640000, -0.210000
1476371937536, 32.580002, 32.570000, 100, 32.619999, 200, -0.640000, -0.210000
1476371940040, 32.580002, 32.570000, 100, 32.619999, 200, -0.640000, -0.210000
1476371942030, 32.580002, 32.570000, 100, 32.619999, 200, -0.640000, -0.210000
1476371944038, 32.580002, 32.570000, 100, 32.619999, 200, -0.640000, -0.210000
1476371945533, 32.580002, 32.570000, 100, 32.619999, 200, -0.640000, -0.210000
1476371948040, 32.580002, 32.570000, 100, 32.619999, 200, -0.640000, -0.210000
1476371949569, 32.580002, 32.570000, 100, 32.619999, 200, -0.640000, -0.210000
1476371951539, 32.630001, 32.619999, 100, 32.680000, 100, -0.490000, -0.160000
1476371954046, 32.630001, 32.630001, 100, 32.680000, 100, -0.490000, -0.160000
1476371956041, 32.630001, 32.630001, 100, 32.680000, 100, -0.490000, -0.160000
1476371958045, 32.630001, 32.630001, 100, 32.680000, 100, -0.490000, -0.160000
1476371959538, 32.630001, 32.630001, 100, 32.700001, 100, -0.490000, -0.160000
1476371962043, 32.630001, 32.630001, 100, 32.709999, 200, -0.490000, -0.160000
1476371964051, 32.630001, 32.630001, 100, 32.709999, 200, -0.490000, -0.160000
1476371965554, 32.630001, 32.630001, 100, 32.709999, 200, -0.490000, -0.160000
1476371967589, 32.630001, 32.630001, 100, 32.709999, 200, -0.490000, -0.160000
1476371970046, 32.630001, 32.630001, 100, 32.709999, 200, -0.490000, -0.160000
1476371972048, 32.630001, 32.630001, 100, 32.709999, 200, -0.490000, -0.160000
1476371973549, 32.630001, 32.630001, 100, 32.709999, 200, -0.490000, -0.160000
1476371976047, 32.630001, 32.630001, 100, 32.709999, 200, -0.490000, -0.160000
1476371977574, 32.630001, 32.630001, 200, 32.709999, 200, -0.490000, -0.160000
1476371980069, 32.630001, 32.630001, 200, 32.709999, 200, -0.490000, -0.160000
1476371982050, 32.630001, 32.630001, 200, 32.709999, 200, -0.490000, -0.160000
1476371984049, 32.630001, 32.630001, 200, 32.709999, 200, -0.490000, -0.160000
1476371986053, 32.630001, 32.630001, 200, 32.709999, 200, -0.490000, -0.160000
1476371988056, 32.630001, 32.630001, 200, 32.709999, 200, -0.490000, -0.160000
1476371990050, 32.630001, 32.630001, 200, 32.709999, 200, -0.490000, -0.160000
1476371992065, 32.630001, 32.630001, 200, 32.709999, 200, -0.490000, -0.160000
1476371994051, 32.709999, 32.630001, 200, 32.709999, 200, -0.240000, -0.080000
1476371996053, 32.709999, 32.630001, 200, 32.709999, 200, -0.240000, -0.080000
1476371998051, 32.709999, 32.669998, 100, 32.709999, 100, -0.240000, -0.080000
1476371999553, 32.709999, 32.669998, 100, 32.740002, 100, -0.240000, -0.080000
1476372002056, 32.709999, 32.669998, 100, 32.740002, 100, -0.240000, -0.080000
1476372004059, 32.709999, 32.669998, 100, 32.740002, 100, -0.240000, -0.080000
1476372005596, 32.709999, 32.669998, 100, 32.740002, 100, -0.240000, -0.080000
1476372007082, 32.709999, 32.669998, 100, 32.740002, 100, -0.240000, -0.080000
1476372010076, 32.709999, 32.669998, 100, 32.740002, 100, -0.240000, -0.080000
1476372012052, 32.709999, 32.669998, 100, 32.720001, 300, -0.240000, -0.080000
1476372014060, 32.669998, 32.639999, 100, 32.709999, 200, -0.370000, -0.120000
1476372016063, 32.669998, 32.639999, 100, 32.709999, 200, -0.370000, -0.120000
1476372017560, 32.669998, 32.639999, 100, 32.709999, 200, -0.370000, -0.120000
1476372020058, 32.669998, 32.639999, 100, 32.709999, 200, -0.370000, -0.120000
1476372022078, 32.669998, 32.639999, 100, 32.709999, 200, -0.370000, -0.120000
1476372024064, 32.669998, 32.639999, 100, 32.709999, 200, -0.370000, -0.120000
1476372026066, 32.669998, 32.639999, 100, 32.709999, 100, -0.370000, -0.120000
1476372027567, 32.669998, 32.639999, 100, 32.709999, 100, -0.370000, -0.120000
1476372030057, 32.680000, 32.639999, 200, 32.709999, 100, -0.340000, -0.110000
1476372032060, 32.680000, 32.650002, 200, 32.709999, 100, -0.340000, -0.110000
1476372034056, 32.680000, 32.650002, 200, 32.720001, 100, -0.340000, -0.110000
1476372035601, 32.680000, 32.650002, 200, 32.720001, 100, -0.340000, -0.110000
1476372037566, 32.680000, 32.650002, 200, 32.720001, 100, -0.340000, -0.110000
1476372040072, 32.680000, 32.639999, 200, 32.720001, 100, -0.340000, -0.110000
1476372042069, 32.680000, 32.650002, 200, 32.720001, 100, -0.340000, -0.110000
1476372044061, 32.680000, 32.650002, 200, 32.720001, 100, -0.340000, -0.110000
1476372046072, 32.680000, 32.650002, 200, 32.709999, 100, -0.340000, -0.110000
1476372048076, 32.680000, 32.650002, 200, 32.709999, 100, -0.340000, -0.110000
1476372049564, 32.680000, 32.650002, 200, 32.709999, 100, -0.340000, -0.110000
1476372051621, 32.680000, 32.650002, 200, 32.720001, 100, -0.340000, -0.110000
1476372054079, 32.680000, 32.650002, 200, 32.720001, 100, -0.340000, -0.110000
1476372056073, 32.680000, 32.650002, 200, 32.720001, 100, -0.340000, -0.110000
1476372058081, 32.680000, 32.650002, 200, 32.720001, 100, -0.340000, -0.110000
1476372060073, 32.680000, 32.650002, 200, 32.720001, 100, -0.340000, -0.110000
1476372062070, 32.680000, 32.639999, 200, 32.720001, 100, -0.340000, -0.110000
1476372063566, 32.680000, 32.639999, 200, 32.700001, 200, -0.340000, -0.110000
1476372066083, 32.680000, 32.639999, 200, 32.700001, 200, -0.340000, -0.110000
1476372068073, 32.680000, 32.639999, 200, 32.700001, 200, -0.340000, -0.110000
1476372070071, 32.680000, 32.639999, 200, 32.700001, 200, -0.340000, -0.110000
1476372072076, 32.680000, 32.639999, 200, 32.700001, 200, -0.340000, -0.110000
1476372074088, 32.680000, 32.639999, 200, 32.700001, 200, -0.340000, -0.110000
1476372075115, 32.680000, 32.639999, 200, 32.700001, 200, -0.340000, -0.110000
1476372077588, 32.680000, 32.639999, 200, 32.700001, 200, -0.340000, -0.110000
1476372080086, 32.680000, 32.639999, 300, 32.700001, 200, -0.340000, -0.110000
1476372082073, 32.680000, 32.639999, 300, 32.700001, 200, -0.340000, -0.110000
1476372084081, 32.680000, 32.639999, 400, 32.700001, 200, -0.340000, -0.110000
1476372086077, 32.680000, 32.639999, 400, 32.700001, 200, -0.340000, -0.110000
1476372088083, 32.680000, 32.639999, 400, 32.700001, 200, -0.340000, -0.110000
1476372090085, 32.680000, 32.639999, 400, 32.700001, 200, -0.340000, -0.110000
1476372091624, 32.680000, 32.639999, 400, 32.700001, 200, -0.340000, -0.110000
1476372094086, 32.680000, 32.639999, 400, 32.700001, 200, -0.340000, -0.110000
1476372096087, 32.680000, 32.639999, 400, 32.700001, 200, -0.340000, -0.110000
1476372097594, 32.680000, 32.639999, 400, 32.700001, 200, -0.340000, -0.110000
1476372100077, 32.680000, 32.639999, 400, 32.700001, 200, -0.340000, -0.110000
1476372102086, 32.680000, 32.639999, 400, 32.700001, 200, -0.340000, -0.110000
1476372103587, 32.680000, 32.639999, 400, 32.700001, 200, -0.340000, -0.110000
1476372106090, 32.680000, 32.639999, 400, 32.700001, 200, -0.340000, -0.110000
1476372107600, 32.680000, 32.639999, 400, 32.700001, 200, -0.340000, -0.110000
1476372110088, 32.700001, 32.669998, 300, 32.740002, 100, -0.270000, -0.090000
1476372112086, 32.700001, 32.669998, 300, 32.740002, 100, -0.270000, -0.090000
1476372114080, 32.700001, 32.669998, 300, 32.740002, 100, -0.270000, -0.090000
1476372116089, 32.700001, 32.669998, 300, 32.740002, 100, -0.270000, -0.090000
1476372117608, 32.700001, 32.669998, 300, 32.740002, 100, -0.270000, -0.090000
1476372119603, 32.700001, 32.669998, 300, 32.740002, 100, -0.270000, -0.090000
1476372122086, 32.700001, 32.669998, 300, 32.740002, 100, -0.270000, -0.090000
1476372124083, 32.700001, 32.669998, 300, 32.740002, 100, -0.270000, -0.090000
1476372126099, 32.700001, 32.669998, 300, 32.740002, 100, -0.270000, -0.090000
1476372128097, 32.700001, 32.669998, 300, 32.740002, 100, -0.270000, -0.090000
1476372130093, 32.700001, 32.669998, 300, 32.740002, 100, -0.270000, -0.090000
1476372132093, 32.700001, 32.669998, 300, 32.740002, 100, -0.270000, -0.090000
1476372133091, 32.700001, 32.669998, 300, 32.740002, 100, -0.270000, -0.090000
1476372135124, 32.700001, 32.669998, 300, 32.740002, 100, -0.270000, -0.090000
1476372138104, 32.700001, 32.669998, 300, 32.740002, 100, -0.270000, -0.090000
1476372139141, 32.700001, 32.669998, 300, 32.740002, 100, -0.270000, -0.090000
1476372142110, 32.700001, 32.680000, 300, 32.740002, 100, -0.270000, -0.090000
1476372143619, 32.700001, 32.680000, 300, 32.740002, 100, -0.270000, -0.090000
1476372146109, 32.700001, 32.680000, 300, 32.740002, 100, -0.270000, -0.090000
1476372148108, 32.700001, 32.680000, 300, 32.740002, 100, -0.270000, -0.090000
1476372150131, 32.700001, 32.680000, 100, 32.740002, 100, -0.270000, -0.090000
1476372152108, 32.740002, 32.680000, 100, 32.740002, 100, -0.150000, -0.050000
1476372154112, 32.740002, 32.680000, 100, 32.740002, 100, -0.150000, -0.050000
1476372156143, 32.740002, 32.680000, 100, 32.740002, 100, -0.150000, -0.050000
1476372158106, 32.740002, 32.680000, 100, 32.740002, 100, -0.150000, -0.050000
1476372160115, 32.740002, 32.709999, 200, 32.740002, 100, -0.150000, -0.050000
1476372162109, 32.740002, 32.709999, 200, 32.740002, 100, -0.150000, -0.050000
1476372163602, 32.740002, 32.709999, 200, 32.740002, 100, -0.150000, -0.050000
1476372165610, 32.740002, 32.709999, 200, 32.740002, 100, -0.150000, -0.050000
1476372167115, 32.740002, 32.709999, 200, 32.740002, 100, -0.150000, -0.050000
1476372170112, 32.740002, 32.709999, 200, 32.740002, 100, -0.150000, -0.050000
1476372172117, 32.740002, 32.709999, 200, 32.740002, 100, -0.150000, -0.050000
1476372174113, 32.740002, 32.709999, 200, 32.740002, 100, -0.150000, -0.050000
1476372175612, 32.740002, 32.709999, 200, 32.740002, 100, -0.150000, -0.050000
1476372177110, 32.740002, 32.709999, 200, 32.740002, 100, -0.150000, -0.050000
1476372180017, 32.740002, 32.709999, 200, 32.740002, 100, -0.150000, -0.050000
1476372182013, 32.740002, 32.709999, 200, 32.740002, 100, -0.150000, -0.050000
1476372184015, 32.740002, 32.709999, 200, 32.740002, 100, -0.150000, -0.050000
1476372186014, 32.740002, 32.709999, 200, 32.740002, 100, -0.150000, -0.050000
1476372187519, 32.740002, 32.709999, 200, 32.740002, 100, -0.150000, -0.050000
1476372189019, 32.740002, 32.709999, 200, 32.740002, 100, -0.150000, -0.050000
1476372192016, 32.740002, 32.709999, 100, 32.740002, 100, -0.150000, -0.050000
1476372194017, 32.740002, 32.709999, 100, 32.740002, 100, -0.150000, -0.050000
1476372196020, 32.740002, 32.709999, 100, 32.740002, 100, -0.150000, -0.050000
1476372197521, 32.740002, 32.709999, 100, 32.740002, 100, -0.150000, -0.050000
1476372200024, 32.740002, 32.709999, 100, 32.740002, 100, -0.150000, -0.050000
1476372201021, 32.740002, 32.709999, 100, 32.740002, 100, -0.150000, -0.050000
1476372204023, 32.740002, 32.709999, 100, 32.740002, 100, -0.150000, -0.050000
1476372206023, 32.740002, 32.709999, 200, 32.740002, 100, -0.150000, -0.050000
1476372208024, 32.740002, 32.709999, 200, 32.740002, 100, -0.150000, -0.050000
1476372209524, 32.740002, 32.709999, 200, 32.740002, 100, -0.150000, -0.050000
1476372212029, 32.740002, 32.709999, 200, 32.740002, 100, -0.150000, -0.050000
1476372213533, 32.740002, 32.709999, 200, 32.740002, 100, -0.150000, -0.050000
1476372216033, 32.740002, 32.709999, 200, 32.740002, 100, -0.150000, -0.050000
1476372218027, 32.740002, 32.709999, 200, 32.740002, 100, -0.150000, -0.050000
1476372220037, 32.740002, 32.720001, 300, 32.790001, 200, -0.150000, -0.050000
1476372222031, 32.740002, 32.720001, 300, 32.790001, 100, -0.150000, -0.050000
1476372224047, 32.740002, 32.720001, 300, 32.790001, 100, -0.150000, -0.050000
1476372226075, 32.740002, 32.720001, 300, 32.790001, 100, -0.150000, -0.050000
1476372227544, 32.740002, 32.720001, 300, 32.790001, 100, -0.150000, -0.050000
1476372230033, 32.740002, 32.720001, 300, 32.790001, 100, -0.150000, -0.050000
1476372232037, 32.740002, 32.720001, 300, 32.790001, 100, -0.150000, -0.050000
1476372234039, 32.740002, 32.720001, 300, 32.790001, 200, -0.150000, -0.050000
1476372236032, 32.740002, 32.720001, 300, 32.790001, 100, -0.150000, -0.050000
1476372238041, 32.740002, 32.720001, 300, 32.790001, 100, -0.150000, -0.050000
1476372240045, 32.740002, 32.720001, 300, 32.790001, 100, -0.150000, -0.050000
1476372242032, 32.740002, 32.720001, 300, 32.790001, 100, -0.150000, -0.050000
1476372244035, 32.740002, 32.720001, 300, 32.790001, 100, -0.150000, -0.050000
1476372246044, 32.740002, 32.720001, 300, 32.790001, 100, -0.150000, -0.050000
1476372248044, 32.740002, 32.720001, 300, 32.790001, 100, -0.150000, -0.050000
1476372250087, 32.740002, 32.720001, 300, 32.790001, 100, -0.150000, -0.050000
1476372252079, 32.740002, 32.720001, 300, 32.790001, 200, -0.150000, -0.050000
1476372254070, 32.740002, 32.720001, 300, 32.790001, 100, -0.150000, -0.050000
1476372255556, 32.740002, 32.720001, 300, 32.790001, 100, -0.150000, -0.050000
1476372258051, 32.740002, 32.720001, 300, 32.790001, 100, -0.150000, -0.050000
1476372260055, 32.740002, 32.720001, 300, 32.790001, 100, -0.150000, -0.050000
1476372262043, 32.740002, 32.720001, 300, 32.790001, 100, -0.150000, -0.050000
1476372263568, 32.740002, 32.720001, 300, 32.790001, 100, -0.150000, -0.050000
1476372266049, 32.740002, 32.720001, 300, 32.790001, 100, -0.150000, -0.050000
1476372268051, 32.740002, 32.720001, 300, 32.790001, 100, -0.150000, -0.050000
1476372270057, 32.740002, 32.720001, 300, 32.790001, 100, -0.150000, -0.050000
1476372272050, 32.740002, 32.720001, 300, 32.790001, 100, -0.150000, -0.050000
1476372274199, 32.740002, 32.720001, 300, 32.790001, 100, -0.150000, -0.050000
1476372276053, 32.740002, 32.720001, 300, 32.790001, 100, -0.150000, -0.050000
1476372278052, 32.740002, 32.720001, 300, 32.790001, 100, -0.150000, -0.050000
1476372280053, 32.740002, 32.720001, 300, 32.790001, 100, -0.150000, -0.050000
1476372282045, 32.740002, 32.720001, 300, 32.790001, 100, -0.150000, -0.050000
1476372284042, 32.740002, 32.720001, 300, 32.790001, 100, -0.150000, -0.050000
1476372286047, 32.740002, 32.720001, 300, 32.790001, 100, -0.150000, -0.050000
1476372288050, 32.740002, 32.720001, 300, 32.790001, 100, -0.150000, -0.050000
1476372290065, 32.740002, 32.720001, 300, 32.790001, 100, -0.150000, -0.050000
1476372292047, 32.740002, 32.720001, 300, 32.790001, 100, -0.150000, -0.050000
1476372294055, 32.740002, 32.720001, 300, 32.790001, 100, -0.150000, -0.050000
1476372296054, 32.749802, 32.750000, 100, 32.790001, 100, -0.120000, -0.040200
1476372298049, 32.749802, 32.750000, 300, 32.799999, 100, -0.120000, -0.040200
1476372300058, 32.749802, 32.750000, 400, 32.799999, 100, -0.120000, -0.040200
1476372302058, 32.749802, 32.750000, 400, 32.799999, 100, -0.120000, -0.040200
1476372304067, 32.749802, 32.750000, 400, 32.799999, 100, -0.120000, -0.040200
1476372306095, 32.749802, 32.750000, 400, 32.799999, 100, -0.120000, -0.040200
1476372308059, 32.750000, 32.750000, 100, 32.790001, 100, -0.120000, -0.040000
1476372310070, 32.750000, 32.750000, 100, 32.790001, 100, -0.120000, -0.040000
1476372312052, 32.750000, 32.750000, 100, 32.790001, 100, -0.120000, -0.040000
1476372313582, 32.750000, 32.750000, 100, 32.790001, 100, -0.120000, -0.040000
1476372316076, 32.750000, 32.750000, 100, 32.790001, 100, -0.120000, -0.040000
1476372318055, 32.750000, 32.750000, 100, 32.790001, 100, -0.120000, -0.040000
1476372320058, 32.750000, 32.750000, 100, 32.799999, 400, -0.120000, -0.040000
1476372322054, 32.750000, 32.750000, 100, 32.799999, 400, -0.120000, -0.040000
1476372324062, 32.750000, 32.750000, 100, 32.799999, 400, -0.120000, -0.040000
1476372326060, 32.750000, 32.750000, 100, 32.799999, 400, -0.120000, -0.040000
1476372328102, 32.750000, 32.750000, 100, 32.799999, 400, -0.120000, -0.040000
1476372330062, 32.750000, 32.750000, 100, 32.799999, 400, -0.120000, -0.040000
1476372332055, 32.750000, 32.750000, 100, 32.799999, 400, -0.120000, -0.040000
1476372333565, 32.750000, 32.750000, 100, 32.790001, 100, -0.120000, -0.040000
1476372336068, 32.750000, 32.750000, 100, 32.790001, 100, -0.120000, -0.040000
1476372338057, 32.750000, 32.750000, 100, 32.790001, 100, -0.120000, -0.040000
1476372340062, 32.750000, 32.750000, 100, 32.790001, 100, -0.120000, -0.040000
1476372342069, 32.750000, 32.709999, 100, 32.770000, 200, -0.120000, -0.040000
1476372344066, 32.750000, 32.709999, 100, 32.759998, 200, -0.120000, -0.040000
1476372346086, 32.750000, 32.709999, 100, 32.759998, 200, -0.120000, -0.040000
1476372347566, 32.750000, 32.709999, 100, 32.759998, 200, -0.120000, -0.040000
1476372350061, 32.750000, 32.709999, 100, 32.759998, 200, -0.120000, -0.040000
1476372352071, 32.750000, 32.709999, 100, 32.759998, 200, -0.120000, -0.040000
1476372353571, 32.750000, 32.709999, 100, 32.759998, 200, -0.120000, -0.040000
1476372356069, 32.750000, 32.709999, 100, 32.759998, 200, -0.120000, -0.040000
1476372358063, 32.750000, 32.709999, 100, 32.759998, 200, -0.120000, -0.040000
1476372360065, 32.750000, 32.709999, 100, 32.759998, 200, -0.120000, -0.040000
1476372362082, 32.750000, 32.709999, 100, 32.759998, 200, -0.120000, -0.040000
1476372364059, 32.750000, 32.709999, 100, 32.759998, 200, -0.120000, -0.040000
1476372366077, 32.750000, 32.709999, 100, 32.759998, 200, -0.120000, -0.040000
1476372368066, 32.750000, 32.709999, 100, 32.759998, 200, -0.120000, -0.040000
1476372370118, 32.750000, 32.709999, 100, 32.759998, 200, -0.120000, -0.040000
1476372372080, 32.750000, 32.669998, 100, 32.730000, 200, -0.120000, -0.040000
1476372374095, 32.750000, 32.669998, 100, 32.730000, 200, -0.120000, -0.040000
1476372375603, 32.750000, 32.669998, 100, 32.730000, 200, -0.120000, -0.040000
1476372378083, 32.750000, 32.669998, 100, 32.730000, 200, -0.120000, -0.040000
1476372380077, 32.750000, 32.650002, 100, 32.730000, 200, -0.120000, -0.040000
1476372382075, 32.750000, 32.650002, 100, 32.730000, 200, -0.120000, -0.040000
1476372384113, 32.750000, 32.650002, 100, 32.730000, 200, -0.120000, -0.040000
1476372386077, 32.750000, 32.650002, 100, 32.730000, 200, -0.120000, -0.040000
1476372387642, 32.750000, 32.660000, 100, 32.730000, 200, -0.120000, -0.040000
1476372390126, 32.750000, 32.669998, 100, 32.730000, 200, -0.120000, -0.040000
1476372391594, 32.750000, 32.669998, 100, 32.730000, 200, -0.120000, -0.040000
1476372394135, 32.750000, 32.669998, 100, 32.730000, 200, -0.120000, -0.040000
1476372396082, 32.750000, 32.669998, 100, 32.730000, 200, -0.120000, -0.040000
1476372398085, 32.750000, 32.669998, 100, 32.730000, 200, -0.120000, -0.040000
1476372400083, 32.750000, 32.669998, 100, 32.730000, 200, -0.120000, -0.040000
1476372402106, 32.730000, 32.669998, 100, 32.730000, 200, -0.180000, -0.060000
1476372404116, 32.730000, 32.669998, 100, 32.730000, 200, -0.180000, -0.060000
1476372405583, 32.730000, 32.669998, 100, 32.730000, 200, -0.180000, -0.060000
1476372408088, 32.730000, 32.669998, 100, 32.730000, 200, -0.180000, -0.060000
1476372410093, 32.730000, 32.669998, 100, 32.730000, 200, -0.180000, -0.060000
1476372412089, 32.730000, 32.669998, 100, 32.730000, 200, -0.180000, -0.060000
1476372414085, 32.730000, 32.669998, 100, 32.730000, 200, -0.180000, -0.060000
1476372416094, 32.730000, 32.669998, 100, 32.730000, 200, -0.180000, -0.060000
1476372418090, 32.730000, 32.669998, 100, 32.730000, 200, -0.180000, -0.060000
1476372420095, 32.730000, 32.669998, 100, 32.730000, 200, -0.180000, -0.060000
1476372422099, 32.730000, 32.669998, 100, 32.730000, 200, -0.180000, -0.060000
1476372424089, 32.730000, 32.669998, 100, 32.730000, 200, -0.180000, -0.060000
1476372426094, 32.730000, 32.669998, 100, 32.730000, 200, -0.180000, -0.060000
1476372428090, 32.730000, 32.669998, 100, 32.730000, 200, -0.180000, -0.060000
1476372430087, 32.730000, 32.669998, 100, 32.730000, 200, -0.180000, -0.060000
1476372432098, 32.730000, 32.669998, 100, 32.730000, 200, -0.180000, -0.060000
1476372433611, 32.730000, 32.669998, 100, 32.730000, 200, -0.180000, -0.060000
1476372435583, 32.730000, 32.669998, 100, 32.730000, 200, -0.180000, -0.060000
1476372438095, 32.730000, 32.669998, 100, 32.730000, 200, -0.180000, -0.060000
1476372440103, 32.730000, 32.660000, 100, 32.730000, 300, -0.180000, -0.060000
1476372441601, 32.730000, 32.660000, 100, 32.709999, 200, -0.180000, -0.060000
1476372444098, 32.730000, 32.660000, 100, 32.709999, 300, -0.180000, -0.060000
1476372446099, 32.730000, 32.660000, 100, 32.709999, 300, -0.180000, -0.060000
1476372447090, 32.730000, 32.660000, 100, 32.709999, 300, -0.180000, -0.060000
1476372449610, 32.730000, 32.660000, 100, 32.709999, 300, -0.180000, -0.060000
1476372452135, 32.730000, 32.660000, 100, 32.709999, 300, -0.180000, -0.060000
1476372453603, 32.730000, 32.660000, 100, 32.709999, 300, -0.180000, -0.060000
1476372456102, 32.730000, 32.660000, 100, 32.709999, 300, -0.180000, -0.060000
1476372458105, 32.730000, 32.660000, 100, 32.709999, 300, -0.180000, -0.060000
1476372460114, 32.730000, 32.660000, 100, 32.709999, 300, -0.180000, -0.060000
1476372462097, 32.730000, 32.660000, 100, 32.709999, 300, -0.180000, -0.060000
1476372463631, 32.730000, 32.660000, 100, 32.709999, 300, -0.180000, -0.060000
1476372466190, 32.730000, 32.660000, 100, 32.709999, 200, -0.180000, -0.060000
1476372468107, 32.730000, 32.660000, 100, 32.709999, 200, -0.180000, -0.060000
1476372469656, 32.730000, 32.660000, 100, 32.700001, 100, -0.180000, -0.060000
1476372472107, 32.730000, 32.660000, 100, 32.700001, 200, -0.180000, -0.060000
1476372474102, 32.730000, 32.660000, 100, 32.700001, 200, -0.180000, -0.060000
1476372476110, 32.730000, 32.660000, 100, 32.700001, 200, -0.180000, -0.060000
1476372478139, 32.730000, 32.660000, 100, 32.700001, 200, -0.180000, -0.060000
1476372480183, 32.730000, 32.660000, 100, 32.700001, 200, -0.180000, -0.060000
1476372482121, 32.730000, 32.660000, 100, 32.709999, 200, -0.180000, -0.060000
1476372483663, 32.730000, 32.660000, 100, 32.709999, 200, -0.180000, -0.060000
1476372486113, 32.730000, 32.660000, 100, 32.709999, 200, -0.180000, -0.060000
1476372488018, 32.730000, 32.660000, 100, 32.709999, 200, -0.180000, -0.060000
1476372490016, 32.730000, 32.660000, 100, 32.709999, 200, -0.180000, -0.060000
1476372491514, 32.730000, 32.660000, 100, 32.709999, 100, -0.180000, -0.060000
1476372494025, 32.730000, 32.660000, 100, 32.709999, 100, -0.180000, -0.060000
1476372496014, 32.730000, 32.660000, 100, 32.709999, 100, -0.180000, -0.060000
1476372498017, 32.730000, 32.660000, 100, 32.709999, 100, -0.180000, -0.060000
1476372500018, 32.730000, 32.660000, 100, 32.709999, 100, -0.180000, -0.060000
1476372502016, 32.709999, 32.669998, 100, 32.730000, 100, -0.240000, -0.080000
1476372503525, 32.709999, 32.669998, 100, 32.730000, 100, -0.240000, -0.080000
1476372505018, 32.709999, 32.669998, 100, 32.730000, 100, -0.240000, -0.080000
1476372507538, 32.709999, 32.669998, 100, 32.720001, 200, -0.240000, -0.080000
1476372509523, 32.709999, 32.669998, 100, 32.720001, 100, -0.240000, -0.080000
1476372512019, 32.709999, 32.669998, 100, 32.720001, 100, -0.240000, -0.080000
1476372514022, 32.709999, 32.669998, 100, 32.720001, 100, -0.240000, -0.080000
1476372515532, 32.709999, 32.669998, 100, 32.720001, 100, -0.240000, -0.080000
1476372517530, 32.709999, 32.669998, 100, 32.720001, 100, -0.240000, -0.080000
1476372520030, 32.709999, 32.669998, 100, 32.720001, 100, -0.240000, -0.080000
1476372522035, 32.709999, 32.669998, 100, 32.720001, 100, -0.240000, -0.080000
1476372524024, 32.709999, 32.669998, 100, 32.720001, 100, -0.240000, -0.080000
1476372526022, 32.709999, 32.669998, 100, 32.720001, 100, -0.240000, -0.080000
1476372528066, 32.709999, 32.669998, 100, 32.720001, 100, -0.240000, -0.080000
1476372530035, 32.709999, 32.669998, 100, 32.720001, 100, -0.240000, -0.080000
1476372532035, 32.709999, 32.669998, 100, 32.720001, 100, -0.240000, -0.080000
1476372533536, 32.709999, 32.669998, 100, 32.720001, 100, -0.240000, -0.080000
1476372536036, 32.709999, 32.669998, 100, 32.720001, 100, -0.240000, -0.080000
1476372538031, 32.709999, 32.669998, 100, 32.720001, 100, -0.240000, -0.080000
1476372540038, 32.709999, 32.669998, 100, 32.720001, 100, -0.240000, -0.080000
1476372542033, 32.709999, 32.669998, 100, 32.740002, 300, -0.240000, -0.080000
1476372544030, 32.709999, 32.669998, 100, 32.740002, 200, -0.240000, -0.080000
1476372546031, 32.709999, 32.669998, 100, 32.740002, 200, -0.240000, -0.080000
1476372547535, 32.709999, 32.669998, 100, 32.740002, 200, -0.240000, -0.080000
1476372549537, 32.709999, 32.669998, 100, 32.740002, 200, -0.240000, -0.080000
1476372552037, 32.709999, 32.669998, 100, 32.740002, 200, -0.240000, -0.080000
1476372554041, 32.709999, 32.669998, 100, 32.740002, 200, -0.240000, -0.080000
1476372556036, 32.709999, 32.669998, 100, 32.740002, 200, -0.240000, -0.080000
1476372558040, 32.709999, 32.669998, 100, 32.740002, 200, -0.240000, -0.080000
1476372560040, 32.709999, 32.669998, 100, 32.740002, 200, -0.240000, -0.080000
1476372562079, 32.709999, 32.669998, 100, 32.740002, 200, -0.240000, -0.080000
1476372563039, 32.709999, 32.669998, 100, 32.730000, 100, -0.240000, -0.080000
1476372566059, 32.709999, 32.669998, 100, 32.730000, 200, -0.240000, -0.080000
1476372568039, 32.709999, 32.669998, 100, 32.730000, 200, -0.240000, -0.080000
1476372570036, 32.709999, 32.669998, 100, 32.730000, 100, -0.240000, -0.080000
1476372572039, 32.709999, 32.669998, 100, 32.720001, 100, -0.240000, -0.080000
1476372574046, 32.709999, 32.669998, 100, 32.720001, 100, -0.240000, -0.080000
1476372576043, 32.709999, 32.669998, 100, 32.720001, 100, -0.240000, -0.080000
1476372577544, 32.709999, 32.669998, 100, 32.720001, 100, -0.240000, -0.080000
1476372580111, 32.709999, 32.669998, 100, 32.720001, 100, -0.240000, -0.080000
1476372582052, 32.709999, 32.669998, 100, 32.720001, 100, -0.240000, -0.080000
1476372583552, 32.709999, 32.669998, 100, 32.720001, 100, -0.240000, -0.080000
1476372586054, 32.709999, 32.669998, 100, 32.720001, 100, -0.240000, -0.080000
1476372588051, 32.709999, 32.669998, 100, 32.720001, 100, -0.240000, -0.080000
1476372590059, 32.709999, 32.669998, 100, 32.720001, 100, -0.240000, -0.080000
1476372592051, 32.709999, 32.669998, 100, 32.720001, 100, -0.240000, -0.080000
1476372594053, 32.709999, 32.669998, 100, 32.720001, 100, -0.240000, -0.080000
1476372596052, 32.709999, 32.669998, 100, 32.720001, 100, -0.240000, -0.080000
1476372597546, 32.709999, 32.669998, 100, 32.720001, 100, -0.240000, -0.080000
1476372600059, 32.709999, 32.669998, 100, 32.720001, 100, -0.240000, -0.080000
1476372602048, 32.709999, 32.669998, 100, 32.720001, 200, -0.240000, -0.080000
1476372604063, 32.709999, 32.669998, 100, 32.720001, 100, -0.240000, -0.080000
1476372605559, 32.709999, 32.669998, 100, 32.720001, 100, -0.240000, -0.080000
1476372608066, 32.709999, 32.669998, 100, 32.720001, 100, -0.240000, -0.080000
1476372610081, 32.698700, 32.689999, 200, 32.720001, 100, -0.280000, -0.091300
1476372612056, 32.698700, 32.689999, 200, 32.720001, 100, -0.280000, -0.091300
1476372614063, 32.698700, 32.689999, 200, 32.720001, 100, -0.280000, -0.091300
1476372616066, 32.698700, 32.689999, 200, 32.720001, 100, -0.280000, -0.091300
1476372618057, 32.698700, 32.689999, 200, 32.720001, 100, -0.280000, -0.091300
1476372620063, 32.698700, 32.689999, 200, 32.720001, 100, -0.280000, -0.091300
1476372622080, 32.698700, 32.709999, 100, 32.730000, 200, -0.280000, -0.091300
1476372624092, 32.700001, 32.700001, 100, 32.740002, 100, -0.270000, -0.090000
1476372626097, 32.700001, 32.700001, 100, 32.740002, 100, -0.270000, -0.090000
1476372628068, 32.700001, 32.700001, 100, 32.730000, 100, -0.270000, -0.090000
1476372630577, 32.700001, 32.700001, 100, 32.730000, 100, -0.270000, -0.090000
1476372632066, 32.700001, 32.700001, 100, 32.730000, 100, -0.270000, -0.090000
1476372634060, 32.700001, 32.700001, 200, 32.730000, 100, -0.270000, -0.090000
1476372635554, 32.700001, 32.700001, 200, 32.730000, 100, -0.270000, -0.090000
1476372638088, 32.700001, 32.700001, 200, 32.730000, 100, -0.270000, -0.090000
1476372640062, 32.700001, 32.700001, 200, 32.730000, 100, -0.270000, -0.090000
1476372642570, 32.700001, 32.700001, 200, 32.730000, 100, -0.270000, -0.090000
1476372644067, 32.700001, 32.700001, 200, 32.730000, 100, -0.270000, -0.090000
1476372646065, 32.700001, 32.700001, 200, 32.730000, 100, -0.270000, -0.090000
1476372648079, 32.700001, 32.700001, 200, 32.730000, 100, -0.270000, -0.090000
1476372650059, 32.700001, 32.700001, 200, 32.730000, 100, -0.270000, -0.090000
1476372652066, 32.700001, 32.700001, 200, 32.730000, 100, -0.270000, -0.090000
1476372654562, 32.700001, 32.700001, 200, 32.730000, 100, -0.270000, -0.090000
1476372656071, 32.700001, 32.700001, 200, 32.730000, 100, -0.270000, -0.090000
1476372658077, 32.700001, 32.700001, 200, 32.730000, 100, -0.270000, -0.090000
1476372660074, 32.700001, 32.700001, 200, 32.730000, 100, -0.270000, -0.090000
1476372662560, 32.700001, 32.700001, 200, 32.730000, 100, -0.270000, -0.090000
1476372664103, 32.700001, 32.700001, 200, 32.730000, 100, -0.270000, -0.090000
1476372665586, 32.700001, 32.700001, 200, 32.730000, 100, -0.270000, -0.090000
1476372668070, 32.700001, 32.700001, 200, 32.730000, 100, -0.270000, -0.090000
1476372670066, 32.700001, 32.700001, 200, 32.730000, 100, -0.270000, -0.090000
1476372672075, 32.700001, 32.700001, 200, 32.730000, 100, -0.270000, -0.090000
1476372674565, 32.700001, 32.700001, 200, 32.730000, 100, -0.270000, -0.090000
1476372676078, 32.700001, 32.700001, 200, 32.730000, 100, -0.270000, -0.090000
1476372678080, 32.700001, 32.700001, 200, 32.730000, 100, -0.270000, -0.090000
1476372680084, 32.700001, 32.700001, 100, 32.720001, 300, -0.270000, -0.090000
1476372682094, 32.700001, 32.700001, 100, 32.720001, 200, -0.270000, -0.090000
1476372684083, 32.700001, 32.700001, 200, 32.720001, 200, -0.270000, -0.090000
1476372686083, 32.700001, 32.700001, 300, 32.720001, 200, -0.270000, -0.090000
1476372688083, 32.700001, 32.700001, 300, 32.720001, 200, -0.270000, -0.090000
1476372690577, 32.700001, 32.700001, 300, 32.720001, 200, -0.270000, -0.090000
1476372692569, 32.700001, 32.700001, 300, 32.720001, 200, -0.270000, -0.090000
1476372694122, 32.700001, 32.700001, 300, 32.720001, 200, -0.270000, -0.090000
1476372696585, 32.700001, 32.700001, 300, 32.720001, 200, -0.270000, -0.090000
1476372698586, 32.700001, 32.700001, 300, 32.720001, 200, -0.270000, -0.090000
1476372700572, 32.700001, 32.700001, 300, 32.720001, 200, -0.270000, -0.090000
1476372702580, 32.700001, 32.700001, 300, 32.720001, 200, -0.270000, -0.090000
1476372704084, 32.700001, 32.700001, 300, 32.720001, 200, -0.270000, -0.090000
1476372706584, 32.700001, 32.700001, 300, 32.720001, 200, -0.270000, -0.090000
1476372708125, 32.700001, 32.700001, 300, 32.720001, 200, -0.270000, -0.090000
1476372710586, 32.700001, 32.700001, 300, 32.720001, 200, -0.270000, -0.090000
1476372712579, 32.700001, 32.700001, 300, 32.720001, 200, -0.270000, -0.090000
1476372714575, 32.700001, 32.700001, 300, 32.720001, 200, -0.270000, -0.090000
1476372716084, 32.720001, 32.700001, 200, 32.759998, 100, -0.210000, -0.070000
1476372718090, 32.720001, 32.700001, 200, 32.759998, 100, -0.210000, -0.070000
1476372720591, 32.720001, 32.720001, 200, 32.759998, 100, -0.210000, -0.070000
1476372722101, 32.720001, 32.720001, 200, 32.759998, 100, -0.210000, -0.070000
1476372724587, 32.720001, 32.720001, 200, 32.759998, 100, -0.210000, -0.070000
1476372726604, 32.720001, 32.720001, 200, 32.759998, 100, -0.210000, -0.070000
1476372728594, 32.720001, 32.720001, 200, 32.759998, 100, -0.210000, -0.070000
1476372730094, 32.720001, 32.720001, 200, 32.759998, 100, -0.210000, -0.070000
1476372732600, 32.759998, 32.750000, 100, 32.799999, 100, -0.090000, -0.030000
1476372734599, 32.759998, 32.750000, 100, 32.799999, 100, -0.090000, -0.030000
1476372736096, 32.759998, 32.759998, 100, 32.799999, 100, -0.090000, -0.030000
1476372738595, 32.759998, 32.759998, 100, 32.799999, 100, -0.090000, -0.030000
1476372740107, 32.759998, 32.759998, 100, 32.799999, 100, -0.090000, -0.030000
1476372742596, 32.759998, 32.759998, 100, 32.799999, 100, -0.090000, -0.030000
1476372744605, 32.759998, 32.759998, 100, 32.799999, 100, -0.090000, -0.030000
1476372746592, 32.759998, 32.759998, 100, 32.799999, 100, -0.090000, -0.030000
1476372748591, 32.759998, 32.759998, 100, 32.799999, 100, -0.090000, -0.030000
1476372750590, 32.759998, 32.759998, 100, 32.799999, 100, -0.090000, -0.030000
1476372752603, 32.759998, 32.759998, 100, 32.799999, 100, -0.090000, -0.030000
1476372754097, 32.759998, 32.759998, 100, 32.799999, 100, -0.090000, -0.030000
1476372756605, 32.759998, 32.759998, 100, 32.799999, 100, -0.090000, -0.030000
1476372758601, 32.759998, 32.759998, 100, 32.799999, 100, -0.090000, -0.030000
1476372760586, 32.759998, 32.759998, 100, 32.799999, 100, -0.090000, -0.030000
1476372762593, 32.759998, 32.759998, 200, 32.799999, 100, -0.090000, -0.030000
1476372764102, 32.779999, 32.759998, 200, 32.799999, 100, -0.030000, -0.010000
1476372766098, 32.779999, 32.759998, 200, 32.799999, 100, -0.030000, -0.010000
1476372767591, 32.779999, 32.759998, 200, 32.799999, 100, -0.030000, -0.010000
1476372770101, 32.779999, 32.759998, 200, 32.799999, 100, -0.030000, -0.010000
1476372772596, 32.779999, 32.759998, 300, 32.799999, 100, -0.030000, -0.010000
1476372774608, 32.779999, 32.759998, 300, 32.799999, 100, -0.030000, -0.010000
1476372776596, 32.779999, 32.779999, 100, 32.799999, 100, -0.030000, -0.010000
1476372778592, 32.779999, 32.779999, 100, 32.799999, 100, -0.030000, -0.010000
1476372780598, 32.779999, 32.779999, 100, 32.799999, 100, -0.030000, -0.010000
1476372782117, 32.779999, 32.779999, 100, 32.799999, 100, -0.030000, -0.010000
1476372784097, 32.779999, 32.779999, 100, 32.799999, 100, -0.030000, -0.010000
1476372786308, 32.779999, 32.779999, 100, 32.799999, 100, -0.030000, -0.010000
1476372788516, 32.779999, 32.779999, 100, 32.799999, 100, -0.030000, -0.010000
1476372790510, 32.779999, 32.779999, 100, 32.799999, 100, -0.030000, -0.010000
1476372792515, 32.779999, 32.779999, 100, 32.799999, 100, -0.030000, -0.010000
1476372794517, 32.779999, 32.779999, 100, 32.799999, 100, -0.030000, -0.010000
1476372796514, 32.779999, 32.779999, 100, 32.799999, 100, -0.030000, -0.010000
1476372798014, 32.779999, 32.779999, 100, 32.799999, 100, -0.030000, -0.010000
1476372800018, 32.750000, 32.689999, 100, 32.759998, 100, -0.120000, -0.040000
1476372802524, 32.750000, 32.689999, 100, 32.759998, 100, -0.120000, -0.040000
1476372804518, 32.750000, 32.700001, 100, 32.759998, 200, -0.120000, -0.040000
1476372806562, 32.750000, 32.700001, 100, 32.759998, 200, -0.120000, -0.040000
1476372808518, 32.750000, 32.700001, 100, 32.759998, 200, -0.120000, -0.040000
1476372810534, 32.750000, 32.700001, 100, 32.759998, 200, -0.120000, -0.040000
1476372812523, 32.750000, 32.680000, 100, 32.759998, 200, -0.120000, -0.040000
1476372814523, 32.750000, 32.680000, 100, 32.759998, 200, -0.120000, -0.040000
1476372816526, 32.750000, 32.680000, 100, 32.759998, 200, -0.120000, -0.040000
1476372818518, 32.750000, 32.680000, 100, 32.740002, 100, -0.120000, -0.040000
1476372820524, 32.750000, 32.660000, 100, 32.740002, 100, -0.120000, -0.040000
1476372822024, 32.750000, 32.680000, 100, 32.740002, 100, -0.120000, -0.040000
1476372824521, 32.750000, 32.680000, 100, 32.740002, 100, -0.120000, -0.040000
1476372826037, 32.750000, 32.680000, 100, 32.740002, 100, -0.120000, -0.040000
1476372828524, 32.750000, 32.680000, 100, 32.740002, 100, -0.120000, -0.040000
1476372830528, 32.750000, 32.680000, 100, 32.740002, 100, -0.120000, -0.040000
1476372832524, 32.750000, 32.680000, 100, 32.740002, 100, -0.120000, -0.040000
1476372834533, 32.750000, 32.680000, 100, 32.740002, 100, -0.120000, -0.040000
1476372836533, 32.750000, 32.680000, 100, 32.740002, 100, -0.120000, -0.040000
1476372838568, 32.750000, 32.680000, 100, 32.740002, 100, -0.120000, -0.040000
1476372840536, 32.750000, 32.680000, 100, 32.740002, 100, -0.120000, -0.040000
1476372842529, 32.750000, 32.680000, 100, 32.740002, 100, -0.120000, -0.040000
1476372844543, 32.750000, 32.680000, 100, 32.740002, 100, -0.120000, -0.040000
1476372846534, 32.750000, 32.680000, 100, 32.740002, 100, -0.120000, -0.040000
1476372848538, 32.750000, 32.680000, 100, 32.740002, 100, -0.120000, -0.040000
1476372850538, 32.750000, 32.680000, 100, 32.740002, 100, -0.120000, -0.040000
1476372851539, 32.750000, 32.680000, 100, 32.740002, 100, -0.120000, -0.040000
1476372854534, 32.750000, 32.680000, 100, 32.740002, 100, -0.120000, -0.040000
1476372856529, 32.750000, 32.680000, 100, 32.740002, 100, -0.120000, -0.040000
1476372858029, 32.750000, 32.680000, 100, 32.740002, 100, -0.120000, -0.040000
1476372860542, 32.750000, 32.680000, 100, 32.740002, 100, -0.120000, -0.040000
1476372862534, 32.750000, 32.680000, 100, 32.740002, 100, -0.120000, -0.040000
1476372864544, 32.750000, 32.680000, 100, 32.740002, 100, -0.120000, -0.040000
1476372866574, 32.750000, 32.680000, 100, 32.740002, 100, -0.120000, -0.040000
1476372868547, 32.750000, 32.680000, 100, 32.740002, 100, -0.120000, -0.040000
1476372870551, 32.750000, 32.650002, 100, 32.730000, 200, -0.120000, -0.040000
1476372872544, 32.750000, 32.650002, 100, 32.730000, 200, -0.120000, -0.040000
1476372874545, 32.750000, 32.660000, 300, 32.730000, 200, -0.120000, -0.040000
1476372876039, 32.750000, 32.689999, 100, 32.730000, 200, -0.120000, -0.040000
1476372878548, 32.750000, 32.689999, 100, 32.730000, 100, -0.120000, -0.040000
1476372880576, 32.750000, 32.689999, 100, 32.740002, 100, -0.120000, -0.040000
1476372882568, 32.750000, 32.689999, 100, 32.740002, 100, -0.120000, -0.040000
1476372884569, 32.750000, 32.689999, 100, 32.740002, 100, -0.120000, -0.040000
1476372886049, 32.750000, 32.689999, 100, 32.740002, 100, -0.120000, -0.040000
1476372888546, 32.730000, 32.689999, 100, 32.740002, 100, -0.180000, -0.060000
1476372890550, 32.730000, 32.689999, 100, 32.740002, 100, -0.180000, -0.060000
1476372892547, 32.730000, 32.689999, 100, 32.740002, 100, -0.180000, -0.060000
1476372894544, 32.730000, 32.689999, 100, 32.740002, 100, -0.180000, -0.060000
1476372896546, 32.730000, 32.689999, 100, 32.740002, 100, -0.180000, -0.060000
1476372898585, 32.730000, 32.689999, 100, 32.740002, 100, -0.180000, -0.060000
1476372900541, 32.730000, 32.689999, 100, 32.740002, 100, -0.180000, -0.060000
1476372902049, 32.730000, 32.650002, 100, 32.730000, 100, -0.180000, -0.060000
1476372904048, 32.730000, 32.660000, 200, 32.730000, 100, -0.180000, -0.060000
1476372906556, 32.730000, 32.660000, 200, 32.730000, 100, -0.180000, -0.060000
1476372907553, 32.730000, 32.660000, 200, 32.730000, 100, -0.180000, -0.060000
1476372910558, 32.730000, 32.669998, 100, 32.730000, 100, -0.180000, -0.060000
1476372912091, 32.730000, 32.669998, 100, 32.730000, 100, -0.180000, -0.060000
1476372914556, 32.730000, 32.669998, 200, 32.730000, 100, -0.180000, -0.060000
1476372916053, 32.730000, 32.669998, 200, 32.730000, 100, -0.180000, -0.060000
1476372918554, 32.730000, 32.669998, 200, 32.730000, 100, -0.180000, -0.060000
1476372920562, 32.730000, 32.669998, 200, 32.730000, 100, -0.180000, -0.060000
1476372922548, 32.730000, 32.669998, 100, 32.720001, 300, -0.180000, -0.060000
1476372924566, 32.730000, 32.669998, 100, 32.720001, 300, -0.180000, -0.060000
1476372926549, 32.730000, 32.669998, 100, 32.720001, 200, -0.180000, -0.060000
1476372928598, 32.730000, 32.669998, 100, 32.720001, 200, -0.180000, -0.060000
1476372930557, 32.730000, 32.669998, 100, 32.720001, 200, -0.180000, -0.060000
1476372932558, 32.730000, 32.669998, 100, 32.720001, 200, -0.180000, -0.060000
1476372934059, 32.730000, 32.669998, 100, 32.720001, 200, -0.180000, -0.060000
1476372936571, 32.730000, 32.669998, 100, 32.720001, 200, -0.180000, -0.060000
1476372938059, 32.730000, 32.669998, 100, 32.720001, 200, -0.180000, -0.060000
1476372940581, 32.730000, 32.669998, 100, 32.720001, 200, -0.180000, -0.060000
1476372942566, 32.730000, 32.669998, 100, 32.720001, 200, -0.180000, -0.060000
1476372944570, 32.730000, 32.669998, 100, 32.720001, 200, -0.180000, -0.060000
1476372945572, 32.730000, 32.669998, 100, 32.720001, 200, -0.180000, -0.060000
1476372948051, 32.730000, 32.669998, 100, 32.709999, 100, -0.180000, -0.060000
1476372950558, 32.730000, 32.669998, 100, 32.709999, 100, -0.180000, -0.060000
1476372952576, 32.730000, 32.669998, 100, 32.709999, 100, -0.180000, -0.060000
1476372954602, 32.730000, 32.669998, 100, 32.709999, 100, -0.180000, -0.060000
1476372956563, 32.730000, 32.669998, 100, 32.709999, 100, -0.180000, -0.060000
1476372958070, 32.730000, 32.669998, 100, 32.709999, 100, -0.180000, -0.060000
1476372960569, 32.730000, 32.669998, 100, 32.709999, 100, -0.180000, -0.060000
1476372962576, 32.730000, 32.669998, 100, 32.709999, 100, -0.180000, -0.060000
1476372964066, 32.730000, 32.669998, 100, 32.709999, 100, -0.180000, -0.060000
1476372966585, 32.730000, 32.669998, 100, 32.709999, 100, -0.180000, -0.060000
1476372968064, 32.730000, 32.669998, 100, 32.709999, 100, -0.180000, -0.060000
1476372970608, 32.730000, 32.669998, 100, 32.709999, 100, -0.180000, -0.060000
1476372972560, 32.730000, 32.669998, 100, 32.709999, 100, -0.180000, -0.060000
1476372974560, 32.730000, 32.669998, 100, 32.709999, 100, -0.180000, -0.060000
1476372976572, 32.730000, 32.669998, 100, 32.709999, 100, -0.180000, -0.060000
1476372978079, 32.730000, 32.669998, 100, 32.709999, 100, -0.180000, -0.060000
1476372980581, 32.730000, 32.669998, 100, 32.709999, 100, -0.180000, -0.060000
1476372982591, 32.730000, 32.669998, 100, 32.709999, 100, -0.180000, -0.060000
1476372984599, 32.730000, 32.669998, 100, 32.709999, 100, -0.180000, -0.060000
1476372986578, 32.730000, 32.669998, 100, 32.709999, 100, -0.180000, -0.060000
1476372988583, 32.730000, 32.669998, 100, 32.709999, 100, -0.180000, -0.060000
1476372990074, 32.730000, 32.669998, 100, 32.709999, 100, -0.180000, -0.060000
1476372992583, 32.669998, 32.639999, 100, 32.689999, 100, -0.370000, -0.120000
1476372994577, 32.669998, 32.639999, 100, 32.689999, 200, -0.370000, -0.120000
1476372996583, 32.669998, 32.639999, 100, 32.689999, 200, -0.370000, -0.120000
1476372998593, 32.669998, 32.639999, 100, 32.689999, 200, -0.370000, -0.120000
1476373000584, 32.669998, 32.639999, 100, 32.689999, 200, -0.370000, -0.120000
1476373002586, 32.669998, 32.639999, 100, 32.689999, 200, -0.370000, -0.120000
1476373004582, 32.669998, 32.639999, 100, 32.689999, 100, -0.370000, -0.120000
1476373006585, 32.669998, 32.639999, 100, 32.689999, 100, -0.370000, -0.120000
1476373008583, 32.669998, 32.639999, 100, 32.689999, 100, -0.370000, -0.120000
1476373010621, 32.669998, 32.639999, 100, 32.689999, 100, -0.370000, -0.120000
1476373012618, 32.669998, 32.639999, 100, 32.689999, 100, -0.370000, -0.120000
1476373014579, 32.669998, 32.639999, 100, 32.680000, 200, -0.370000, -0.120000
1476373016092, 32.669998, 32.639999, 100, 32.680000, 200, -0.370000, -0.120000
1476373018598, 32.669998, 32.639999, 100, 32.680000, 200, -0.370000, -0.120000
1476373020087, 32.669998, 32.639999, 100, 32.680000, 200, -0.370000, -0.120000
1476373022591, 32.669998, 32.639999, 100, 32.680000, 200, -0.370000, -0.120000
1476373024602, 32.669998, 32.639999, 100, 32.680000, 200, -0.370000, -0.120000
1476373026620, 32.669998, 32.639999, 100, 32.680000, 200, -0.370000, -0.120000
1476373028613, 32.660000, 32.639999, 100, 32.680000, 200, -0.400000, -0.130000
1476373030582, 32.660000, 32.639999, 100, 32.680000, 200, -0.400000, -0.130000
1476373032593, 32.660000, 32.610001, 100, 32.680000, 200, -0.400000, -0.130000
1476373034635, 32.660000, 32.610001, 100, 32.680000, 200, -0.400000, -0.130000
1476373036609, 32.660000, 32.610001, 100, 32.680000, 200, -0.400000, -0.130000
1476373038612, 32.660000, 32.619999, 100, 32.680000, 200, -0.400000, -0.130000
1476373040619, 32.660000, 32.619999, 100, 32.680000, 200, -0.400000, -0.130000
1476373042593, 32.660000, 32.619999, 100, 32.680000, 200, -0.400000, -0.130000
1476373044620, 32.660000, 32.619999, 100, 32.680000, 200, -0.400000, -0.130000
1476373045609, 32.660000, 32.619999, 100, 32.680000, 200, -0.400000, -0.130000
1476373048599, 32.660000, 32.619999, 100, 32.680000, 200, -0.400000, -0.130000
1476373050606, 32.660000, 32.619999, 100, 32.680000, 200, -0.400000, -0.130000
1476373052603, 32.660000, 32.619999, 100, 32.680000, 200, -0.400000, -0.130000
1476373054601, 32.660000, 32.619999, 100, 32.680000, 200, -0.400000, -0.130000
1476373056602, 32.660000, 32.619999, 100, 32.680000, 200, -0.400000, -0.130000
1476373058609, 32.660000, 32.619999, 100, 32.680000, 200, -0.400000, -0.130000
1476373060608, 32.660000, 32.619999, 100, 32.680000, 200, -0.400000, -0.130000
1476373062600, 32.660000, 32.619999, 100, 32.680000, 200, -0.400000, -0.130000
1476373064596, 32.660000, 32.619999, 100, 32.680000, 200, -0.400000, -0.130000
1476373066608, 32.660000, 32.619999, 100, 32.680000, 200, -0.400000, -0.130000
1476373068643, 32.669998, 32.619999, 100, 32.669998, 200, -0.370000, -0.120000
1476373070639, 32.669998, 32.619999, 100, 32.669998, 200, -0.370000, -0.120000
1476373072642, 32.669998, 32.619999, 100, 32.669998, 200, -0.370000, -0.120000
1476373074610, 32.669998, 32.619999, 100, 32.669998, 200, -0.370000, -0.120000
1476373076609, 32.669998, 32.619999, 100, 32.669998, 200, -0.370000, -0.120000
1476373078603, 32.669998, 32.619999, 100, 32.669998, 200, -0.370000, -0.120000
1476373080101, 32.669998, 32.619999, 100, 32.669998, 200, -0.370000, -0.120000
1476373082109, 32.669998, 32.570000, 100, 32.660000, 100, -0.370000, -0.120000
1476373084612, 32.669998, 32.610001, 100, 32.660000, 100, -0.370000, -0.120000
1476373086647, 32.669998, 32.610001, 100, 32.660000, 100, -0.370000, -0.120000
1476373088596, 32.669998, 32.610001, 100, 32.660000, 100, -0.370000, -0.120000
1476373090613, 32.669998, 32.610001, 100, 32.660000, 100, -0.370000, -0.120000
1476373092618, 32.669998, 32.610001, 100, 32.660000, 100, -0.370000, -0.120000
1476373094519, 32.669998, 32.590000, 200, 32.660000, 100, -0.370000, -0.120000
1476373096546, 32.669998, 32.590000, 200, 32.660000, 100, -0.370000, -0.120000
1476373098520, 32.669998, 32.590000, 200, 32.660000, 100, -0.370000, -0.120000
1476373100519, 32.669998, 32.599998, 100, 32.660000, 100, -0.370000, -0.120000
1476373102520, 32.669998, 32.599998, 100, 32.660000, 100, -0.370000, -0.120000
1476373104014, 32.669998, 32.599998, 100, 32.660000, 100, -0.370000, -0.120000
1476373105523, 32.669998, 32.599998, 100, 32.660000, 100, -0.370000, -0.120000
1476373108518, 32.669998, 32.610001, 200, 32.660000, 100, -0.370000, -0.120000
1476373110558, 32.669998, 32.610001, 200, 32.660000, 100, -0.370000, -0.120000
1476373112519, 32.669998, 32.610001, 200, 32.660000, 100, -0.370000, -0.120000
1476373114517, 32.669998, 32.610001, 200, 32.660000, 100, -0.370000, -0.120000
1476373117026, 32.669998, 32.610001, 200, 32.660000, 100, -0.370000, -0.120000
1476373118520, 32.669998, 32.590000, 200, 32.650002, 100, -0.370000, -0.120000
1476373120528, 32.669998, 32.599998, 100, 32.650002, 200, -0.370000, -0.120000
1476373122522, 32.669998, 32.599998, 100, 32.650002, 200, -0.370000, -0.120000
1476373124024, 32.669998, 32.599998, 100, 32.650002, 200, -0.370000, -0.120000
1476373126528, 32.669998, 32.599998, 100, 32.650002, 200, -0.370000, -0.120000
1476373128532, 32.669998, 32.570000, 100, 32.639999, 200, -0.370000, -0.120000
1476373130534, 32.669998, 32.580002, 400, 32.639999, 200, -0.370000, -0.120000
1476373132530, 32.669998, 32.580002, 400, 32.639999, 200, -0.370000, -0.120000
1476373134524, 32.669998, 32.590000, 100, 32.639999, 200, -0.370000, -0.120000
1476373136532, 32.669998, 32.590000, 100, 32.639999, 200, -0.370000, -0.120000
1476373138568, 32.669998, 32.590000, 100, 32.639999, 200, -0.370000, -0.120000
1476373140533, 32.669998, 32.590000, 100, 32.639999, 200, -0.370000, -0.120000
1476373142534, 32.669998, 32.590000, 100, 32.639999, 200, -0.370000, -0.120000
1476373144528, 32.669998, 32.590000, 100, 32.639999, 200, -0.370000, -0.120000
1476373146541, 32.669998, 32.590000, 100, 32.639999, 200, -0.370000, -0.120000
1476373148536, 32.669998, 32.590000, 100, 32.639999, 200, -0.370000, -0.120000
1476373150529, 32.669998, 32.590000, 100, 32.639999, 200, -0.370000, -0.120000
1476373151534, 32.669998, 32.590000, 100, 32.639999, 200, -0.370000, -0.120000
1476373154524, 32.669998, 32.590000, 100, 32.639999, 200, -0.370000, -0.120000
1476373156058, 32.669998, 32.590000, 100, 32.639999, 200, -0.370000, -0.120000
1476373158042, 32.669998, 32.590000, 100, 32.639999, 200, -0.370000, -0.120000
1476373160037, 32.669998, 32.590000, 100, 32.639999, 200, -0.370000, -0.120000
1476373162044, 32.669998, 32.590000, 100, 32.639999, 200, -0.370000, -0.120000
1476373164538, 32.669998, 32.590000, 100, 32.639999, 200, -0.370000, -0.120000
1476373166532, 32.669998, 32.590000, 100, 32.639999, 200, -0.370000, -0.120000
1476373168536, 32.669998, 32.590000, 100, 32.639999, 200, -0.370000, -0.120000
1476373170039, 32.669998, 32.590000, 100, 32.639999, 200, -0.370000, -0.120000
1476373172542, 32.669998, 32.590000, 100, 32.639999, 200, -0.370000, -0.120000
1476373174564, 32.669998, 32.590000, 100, 32.639999, 200, -0.370000, -0.120000
1476373176531, 32.669998, 32.590000, 100, 32.639999, 200, -0.370000, -0.120000
1476373178538, 32.669998, 32.590000, 100, 32.639999, 200, -0.370000, -0.120000
1476373180045, 32.669998, 32.590000, 100, 32.639999, 200, -0.370000, -0.120000
1476373182544, 32.669998, 32.590000, 100, 32.639999, 200, -0.370000, -0.120000
1476373184043, 32.669998, 32.570000, 100, 32.630001, 100, -0.370000, -0.120000
1476373186037, 32.669998, 32.580002, 300, 32.630001, 200, -0.370000, -0.120000
1476373188601, 32.669998, 32.580002, 300, 32.630001, 200, -0.370000, -0.120000
1476373188601, 32.669998, 32.580002, 300, 32.630001, 200, -0.370000, -0.120000
1476373192540, 32.669998, 32.580002, 300, 32.630001, 200, -0.370000, -0.120000
1476373194545, 32.669998, 32.580002, 300, 32.630001, 200, -0.370000, -0.120000
1476373196532, 32.669998, 32.560001, 100, 32.630001, 200, -0.370000, -0.120000
1476373198049, 32.669998, 32.560001, 100, 32.630001, 200, -0.370000, -0.120000
1476373200551, 32.669998, 32.560001, 100, 32.630001, 200, -0.370000, -0.120000
1476373202103, 32.669998, 32.570000, 100, 32.630001, 200, -0.370000, -0.120000
1476373204552, 32.669998, 32.580002, 100, 32.630001, 200, -0.370000, -0.120000
1476373206070, 32.669998, 32.580002, 100, 32.630001, 200, -0.370000, -0.120000
1476373208552, 32.669998, 32.580002, 100, 32.630001, 200, -0.370000, -0.120000
1476373211052, 32.630001, 32.619999, 100, 32.639999, 100, -0.490000, -0.160000
1476373212549, 32.630001, 32.619999, 100, 32.639999, 100, -0.490000, -0.160000
1476373214554, 32.630001, 32.619999, 100, 32.639999, 100, -0.490000, -0.160000
1476373216561, 32.630001, 32.619999, 100, 32.639999, 100, -0.490000, -0.160000
1476373218587, 32.630001, 32.619999, 100, 32.639999, 100, -0.490000, -0.160000
1476373220040, 32.630001, 32.619999, 100, 32.639999, 100, -0.490000, -0.160000
1476373222552, 32.630001, 32.619999, 100, 32.639999, 100, -0.490000, -0.160000
1476373224559, 32.630001, 32.619999, 100, 32.639999, 100, -0.490000, -0.160000
1476373227045, 32.630001, 32.619999, 100, 32.639999, 100, -0.490000, -0.160000
1476373228557, 32.630001, 32.619999, 100, 32.639999, 100, -0.490000, -0.160000
1476373230561, 32.630001, 32.619999, 100, 32.639999, 100, -0.490000, -0.160000
1476373233067, 32.630001, 32.619999, 100, 32.639999, 100, -0.490000, -0.160000
1476373235050, 32.630001, 32.619999, 100, 32.639999, 100, -0.490000, -0.160000
1476373236558, 32.630001, 32.619999, 100, 32.639999, 100, -0.490000, -0.160000
1476373239052, 32.630001, 32.619999, 100, 32.639999, 100, -0.490000, -0.160000
1476373240564, 32.630001, 32.619999, 100, 32.639999, 100, -0.490000, -0.160000
1476373242560, 32.630001, 32.619999, 100, 32.639999, 100, -0.490000, -0.160000
1476373244556, 32.630001, 32.619999, 100, 32.639999, 100, -0.490000, -0.160000
1476373246558, 32.630001, 32.619999, 100, 32.639999, 100, -0.490000, -0.160000
1476373248558, 32.630001, 32.619999, 100, 32.639999, 100, -0.490000, -0.160000
1476373250551, 32.630001, 32.619999, 100, 32.639999, 100, -0.490000, -0.160000
1476373252563, 32.630001, 32.619999, 100, 32.639999, 100, -0.490000, -0.160000
1476373254560, 32.630001, 32.619999, 100, 32.639999, 100, -0.490000, -0.160000
1476373257069, 32.630001, 32.619999, 100, 32.639999, 100, -0.490000, -0.160000
1476373258576, 32.630001, 32.619999, 100, 32.639999, 100, -0.490000, -0.160000
1476373260559, 32.630001, 32.619999, 100, 32.639999, 100, -0.490000, -0.160000
1476373262586, 32.630001, 32.619999, 100, 32.639999, 100, -0.490000, -0.160000
1476373265063, 32.630001, 32.619999, 100, 32.639999, 100, -0.490000, -0.160000
1476373266560, 32.630001, 32.619999, 100, 32.639999, 100, -0.490000, -0.160000
1476373269064, 32.630001, 32.619999, 100, 32.639999, 100, -0.490000, -0.160000
1476373270570, 32.630001, 32.619999, 100, 32.639999, 100, -0.490000, -0.160000
1476373271565, 32.630001, 32.619999, 100, 32.639999, 100, -0.490000, -0.160000
1476373275063, 32.619999, 32.560001, 100, 32.610001, 100, -0.520000, -0.170000
1476373277070, 32.619999, 32.570000, 100, 32.610001, 200, -0.520000, -0.170000
1476373278591, 32.619999, 32.570000, 100, 32.610001, 200, -0.520000, -0.170000
1476373281078, 32.619999, 32.570000, 100, 32.610001, 200, -0.520000, -0.170000
1476373283078, 32.619999, 32.570000, 100, 32.610001, 300, -0.520000, -0.170000
1476373285071, 32.619999, 32.570000, 100, 32.610001, 300, -0.520000, -0.170000
1476373286579, 32.619999, 32.570000, 100, 32.610001, 300, -0.520000, -0.170000
1476373289070, 32.619999, 32.570000, 100, 32.610001, 300, -0.520000, -0.170000
1476373290576, 32.619999, 32.570000, 100, 32.610001, 300, -0.520000, -0.170000
1476373292599, 32.619999, 32.570000, 100, 32.610001, 300, -0.520000, -0.170000
1476373295082, 32.619999, 32.570000, 100, 32.610001, 300, -0.520000, -0.170000
1476373296580, 32.619999, 32.570000, 100, 32.610001, 300, -0.520000, -0.170000
1476373299065, 32.619999, 32.570000, 100, 32.610001, 300, -0.520000, -0.170000
1476373301079, 32.619999, 32.570000, 100, 32.610001, 300, -0.520000, -0.170000
1476373303076, 32.570000, 32.560001, 100, 32.599998, 300, -0.670000, -0.220000
1476373304578, 32.570000, 32.560001, 100, 32.599998, 300, -0.670000, -0.220000
1476373307079, 32.570000, 32.560001, 100, 32.599998, 300, -0.670000, -0.220000
1476373309079, 32.570000, 32.560001, 100, 32.599998, 300, -0.670000, -0.220000
1476373311080, 32.570000, 32.560001, 100, 32.599998, 300, -0.670000, -0.220000
1476373313082, 32.570000, 32.560001, 100, 32.599998, 300, -0.670000, -0.220000
1476373315088, 32.570000, 32.560001, 100, 32.599998, 300, -0.670000, -0.220000
1476373317084, 32.570000, 32.560001, 100, 32.599998, 300, -0.670000, -0.220000
1476373318093, 32.570000, 32.560001, 100, 32.599998, 300, -0.670000, -0.220000
1476373320607, 32.570000, 32.560001, 100, 32.599998, 300, -0.670000, -0.220000
1476373323089, 32.570000, 32.560001, 100, 32.599998, 300, -0.670000, -0.220000
1476373325079, 32.570000, 32.560001, 100, 32.599998, 300, -0.670000, -0.220000
1476373327090, 32.570000, 32.560001, 100, 32.599998, 300, -0.670000, -0.220000
1476373329085, 32.570000, 32.560001, 100, 32.599998, 300, -0.670000, -0.220000
1476373331081, 32.590000, 32.560001, 100, 32.599998, 300, -0.610000, -0.200000
1476373332597, 32.590000, 32.560001, 100, 32.599998, 300, -0.610000, -0.200000
1476373334588, 32.590000, 32.560001, 100, 32.599998, 300, -0.610000, -0.200000
1476373336586, 32.590000, 32.560001, 100, 32.599998, 300, -0.610000, -0.200000
1476373339092, 32.590000, 32.560001, 100, 32.599998, 300, -0.610000, -0.200000
1476373341093, 32.590000, 32.560001, 100, 32.599998, 300, -0.610000, -0.200000
1476373342587, 32.590000, 32.560001, 100, 32.599998, 300, -0.610000, -0.200000
1476373345083, 32.590000, 32.560001, 100, 32.599998, 300, -0.610000, -0.200000
1476373346091, 32.590000, 32.560001, 100, 32.599998, 300, -0.610000, -0.200000
1476373348616, 32.590000, 32.560001, 100, 32.599998, 300, -0.610000, -0.200000
1476373350643, 32.590000, 32.560001, 100, 32.599998, 300, -0.610000, -0.200000
1476373353101, 32.590000, 32.560001, 100, 32.599998, 300, -0.610000, -0.200000
1476373354601, 32.590000, 32.560001, 100, 32.599998, 300, -0.610000, -0.200000
1476373357093, 32.590000, 32.560001, 100, 32.599998, 300, -0.610000, -0.200000
1476373359104, 32.590000, 32.560001, 100, 32.599998, 300, -0.610000, -0.200000
1476373361103, 32.590000, 32.560001, 100, 32.599998, 300, -0.610000, -0.200000
1476373362603, 32.590000, 32.560001, 100, 32.599998, 300, -0.610000, -0.200000
1476373364606, 32.590000, 32.560001, 100, 32.599998, 300, -0.610000, -0.200000
1476373367110, 32.590000, 32.560001, 100, 32.599998, 300, -0.610000, -0.200000
1476373369092, 32.590000, 32.560001, 100, 32.599998, 300, -0.610000, -0.200000
1476373371104, 32.590000, 32.560001, 100, 32.599998, 300, -0.610000, -0.200000
1476373373091, 32.590000, 32.560001, 100, 32.599998, 300, -0.610000, -0.200000
1476373374615, 32.590000, 32.560001, 100, 32.599998, 300, -0.610000, -0.200000
1476373377103, 32.590000, 32.560001, 100, 32.599998, 300, -0.610000, -0.200000
1476373379103, 32.590000, 32.560001, 100, 32.599998, 300, -0.610000, -0.200000
1476373380623, 32.590000, 32.560001, 100, 32.599998, 300, -0.610000, -0.200000
1476373382611, 32.590000, 32.560001, 100, 32.599998, 300, -0.610000, -0.200000
1476373385116, 32.590000, 32.560001, 100, 32.599998, 300, -0.610000, -0.200000
1476373387108, 32.590000, 32.560001, 100, 32.599998, 300, -0.610000, -0.200000
1476373389111, 32.590000, 32.560001, 100, 32.599998, 300, -0.610000, -0.200000
1476373391111, 32.590000, 32.560001, 100, 32.599998, 300, -0.610000, -0.200000
1476373393107, 32.560001, 32.490002, 100, 32.560001, 200, -0.700000, -0.230000
1476373395114, 32.560001, 32.490002, 100, 32.560001, 200, -0.700000, -0.230000
1476373397102, 32.560001, 32.490002, 100, 32.560001, 200, -0.700000, -0.230000
1476373399104, 32.560001, 32.490002, 100, 32.560001, 200, -0.700000, -0.230000
1476373401114, 32.560001, 32.490002, 100, 32.560001, 200, -0.700000, -0.230000
1476373403112, 32.560001, 32.490002, 100, 32.560001, 200, -0.700000, -0.230000
1476373405105, 32.560001, 32.490002, 100, 32.560001, 200, -0.700000, -0.230000
1476373406612, 32.560001, 32.490002, 100, 32.560001, 200, -0.700000, -0.230000
1476373408866, 32.560001, 32.490002, 200, 32.560001, 200, -0.700000, -0.230000
1476373411023, 32.560001, 32.490002, 200, 32.560001, 200, -0.700000, -0.230000
1476373413011, 32.560001, 32.490002, 200, 32.560001, 200, -0.700000, -0.230000
1476373415016, 32.560001, 32.490002, 100, 32.560001, 200, -0.700000, -0.230000
1476373417013, 32.560001, 32.490002, 100, 32.560001, 200, -0.700000, -0.230000
1476373418520, 32.560001, 32.490002, 100, 32.560001, 200, -0.700000, -0.230000
1476373421019, 32.560001, 32.490002, 100, 32.560001, 200, -0.700000, -0.230000
1476373423022, 32.560001, 32.490002, 100, 32.560001, 200, -0.700000, -0.230000
1476373425040, 32.560001, 32.490002, 100, 32.560001, 200, -0.700000, -0.230000
1476373427015, 32.560001, 32.490002, 100, 32.560001, 200, -0.700000, -0.230000
1476373429024, 32.560001, 32.490002, 100, 32.560001, 200, -0.700000, -0.230000
1476373431025, 32.560001, 32.490002, 100, 32.560001, 200, -0.700000, -0.230000
1476373433022, 32.560001, 32.500000, 100, 32.560001, 300, -0.700000, -0.230000
1476373435025, 32.560001, 32.500000, 100, 32.560001, 300, -0.700000, -0.230000
1476373437020, 32.560001, 32.470001, 200, 32.590000, 100, -0.700000, -0.230000
1476373438025, 32.560001, 32.470001, 200, 32.590000, 100, -0.700000, -0.230000
1476373441037, 32.560001, 32.549999, 100, 32.630001, 100, -0.700000, -0.230000
1476373443029, 32.560001, 32.549999, 100, 32.619999, 100, -0.700000, -0.230000
1476373445062, 32.560001, 32.549999, 100, 32.619999, 100, -0.700000, -0.230000
1476373447028, 32.560001, 32.549999, 100, 32.619999, 200, -0.700000, -0.230000
1476373449028, 32.560001, 32.549999, 100, 32.619999, 100, -0.700000, -0.230000
1476373451027, 32.560001, 32.549999, 100, 32.619999, 100, -0.700000, -0.230000
1476373452540, 32.560001, 32.549999, 100, 32.619999, 100, -0.700000, -0.230000
1476373454545, 32.560001, 32.549999, 100, 32.619999, 100, -0.700000, -0.230000
1476373456535, 32.560001, 32.549999, 100, 32.619999, 100, -0.700000, -0.230000
1476373459028, 32.560001, 32.549999, 100, 32.619999, 100, -0.700000, -0.230000
1476373461034, 32.560001, 32.549999, 100, 32.619999, 100, -0.700000, -0.230000
1476373463043, 32.560001, 32.549999, 100, 32.619999, 100, -0.700000, -0.230000
1476373465033, 32.560001, 32.549999, 200, 32.619999, 100, -0.700000, -0.230000
1476373466531, 32.560001, 32.549999, 200, 32.619999, 100, -0.700000, -0.230000
1476373468542, 32.560001, 32.549999, 100, 32.619999, 100, -0.700000, -0.230000
1476373471037, 32.560001, 32.549999, 100, 32.619999, 100, -0.700000, -0.230000
1476373473032, 32.560001, 32.549999, 100, 32.619999, 100, -0.700000, -0.230000
1476373475036, 32.560001, 32.549999, 100, 32.619999, 100, -0.700000, -0.230000
1476373477035, 32.560001, 32.549999, 100, 32.619999, 100, -0.700000, -0.230000
1476373479039, 32.560001, 32.549999, 100, 32.619999, 100, -0.700000, -0.230000
1476373481034, 32.560001, 32.549999, 100, 32.619999, 100, -0.700000, -0.230000
1476373483032, 32.560001, 32.549999, 100, 32.619999, 100, -0.700000, -0.230000
1476373485037, 32.560001, 32.549999, 100, 32.619999, 100, -0.700000, -0.230000
1476373487039, 32.549999, 32.500000, 200, 32.610001, 100, -0.730000, -0.240000
1476373489034, 32.549999, 32.549999, 100, 32.610001, 100, -0.730000, -0.240000
1476373491036, 32.549999, 32.549999, 100, 32.610001, 100, -0.730000, -0.240000
1476373493040, 32.549999, 32.549999, 100, 32.610001, 100, -0.730000, -0.240000
1476373495044, 32.549999, 32.549999, 100, 32.619999, 200, -0.730000, -0.240000
1476373497046, 32.549999, 32.549999, 100, 32.619999, 200, -0.730000, -0.240000
1476373499031, 32.549999, 32.549999, 100, 32.619999, 200, -0.730000, -0.240000
1476373501041, 32.549999, 32.549999, 100, 32.619999, 200, -0.730000, -0.240000
1476373503039, 32.549999, 32.549999, 100, 32.619999, 200, -0.730000, -0.240000
1476373505042, 32.549999, 32.549999, 100, 32.619999, 300, -0.730000, -0.240000
1476373506549, 32.549999, 32.549999, 100, 32.619999, 300, -0.730000, -0.240000
1476373509044, 32.549999, 32.549999, 100, 32.619999, 300, -0.730000, -0.240000
1476373510551, 32.549999, 32.549999, 100, 32.619999, 300, -0.730000, -0.240000
1476373513042, 32.549999, 32.549999, 100, 32.619999, 300, -0.730000, -0.240000
1476373514549, 32.549999, 32.549999, 100, 32.619999, 300, -0.730000, -0.240000
1476373517043, 32.549999, 32.549999, 100, 32.619999, 300, -0.730000, -0.240000
1476373519046, 32.549999, 32.549999, 100, 32.619999, 300, -0.730000, -0.240000
1476373521051, 32.549999, 32.549999, 100, 32.619999, 300, -0.730000, -0.240000
1476373523042, 32.549999, 32.549999, 100, 32.619999, 300, -0.730000, -0.240000
1476373525056, 32.549999, 32.500000, 300, 32.610001, 200, -0.730000, -0.240000
1476373527050, 32.549999, 32.509998, 400, 32.610001, 200, -0.730000, -0.240000
1476373529049, 32.549999, 32.509998, 400, 32.610001, 200, -0.730000, -0.240000
1476373531051, 32.549999, 32.509998, 400, 32.599998, 300, -0.730000, -0.240000
1476373533047, 32.549999, 32.509998, 400, 32.599998, 300, -0.730000, -0.240000
1476373535052, 32.549999, 32.509998, 400, 32.599998, 300, -0.730000, -0.240000
1476373537054, 32.549999, 32.509998, 400, 32.599998, 300, -0.730000, -0.240000
1476373539053, 32.549999, 32.509998, 100, 32.599998, 300, -0.730000, -0.240000
1476373540544, 32.549999, 32.509998, 100, 32.599998, 300, -0.730000, -0.240000
1476373542569, 32.549999, 32.529999, 100, 32.599998, 300, -0.730000, -0.240000
1476373544093, 32.549999, 32.529999, 100, 32.599998, 300, -0.730000, -0.240000
1476373547058, 32.549999, 32.529999, 100, 32.599998, 300, -0.730000, -0.240000
1476373549070, 32.549999, 32.529999, 100, 32.599998, 300, -0.730000, -0.240000
1476373551104, 32.549999, 32.529999, 100, 32.599998, 300, -0.730000, -0.240000
1476373552557, 32.549999, 32.529999, 100, 32.599998, 300, -0.730000, -0.240000
1476373555083, 32.549999, 32.529999, 100, 32.599998, 300, -0.730000, -0.240000
1476373557113, 32.549999, 32.529999, 100, 32.590000, 100, -0.730000, -0.240000
1476373558560, 32.549999, 32.529999, 100, 32.590000, 200, -0.730000, -0.240000
1476373561066, 32.549999, 32.529999, 100, 32.590000, 200, -0.730000, -0.240000
1476373563076, 32.549999, 32.529999, 100, 32.590000, 200, -0.730000, -0.240000
1476373564577, 32.549999, 32.529999, 100, 32.590000, 200, -0.730000, -0.240000
1476373567064, 32.549999, 32.529999, 100, 32.590000, 200, -0.730000, -0.240000
1476373569099, 32.549999, 32.529999, 100, 32.590000, 200, -0.730000, -0.240000
1476373571066, 32.549999, 32.529999, 100, 32.590000, 200, -0.730000, -0.240000
1476373573065, 32.549999, 32.529999, 100, 32.590000, 200, -0.730000, -0.240000
1476373575067, 32.549999, 32.529999, 100, 32.590000, 200, -0.730000, -0.240000
1476373577064, 32.549999, 32.529999, 100, 32.590000, 200, -0.730000, -0.240000
1476373579084, 32.549999, 32.529999, 100, 32.590000, 200, -0.730000, -0.240000
1476373581062, 32.549999, 32.529999, 100, 32.590000, 200, -0.730000, -0.240000
1476373583131, 32.549999, 32.529999, 100, 32.590000, 200, -0.730000, -0.240000
1476373585061, 32.549999, 32.529999, 100, 32.590000, 200, -0.730000, -0.240000
1476373587077, 32.549999, 32.529999, 100, 32.590000, 200, -0.730000, -0.240000
1476373589079, 32.549999, 32.529999, 100, 32.590000, 100, -0.730000, -0.240000
1476373591064, 32.549999, 32.529999, 100, 32.590000, 100, -0.730000, -0.240000
1476373593082, 32.549999, 32.529999, 100, 32.590000, 200, -0.730000, -0.240000
1476373595071, 32.549999, 32.529999, 100, 32.590000, 200, -0.730000, -0.240000
1476373597101, 32.549999, 32.529999, 100, 32.590000, 200, -0.730000, -0.240000
1476373599066, 32.549999, 32.529999, 100, 32.590000, 200, -0.730000, -0.240000
1476373601073, 32.549999, 32.529999, 100, 32.590000, 200, -0.730000, -0.240000
1476373603082, 32.549999, 32.529999, 100, 32.590000, 200, -0.730000, -0.240000
1476373605070, 32.549999, 32.540001, 100, 32.590000, 200, -0.730000, -0.240000
1476373607083, 32.549999, 32.540001, 100, 32.590000, 100, -0.730000, -0.240000
1476373609081, 32.549999, 32.540001, 100, 32.590000, 100, -0.730000, -0.240000
1476373611114, 32.549999, 32.540001, 100, 32.590000, 100, -0.730000, -0.240000
1476373612656, 32.549999, 32.540001, 100, 32.590000, 200, -0.730000, -0.240000
1476373614588, 32.549999, 32.540001, 100, 32.580002, 100, -0.730000, -0.240000
1476373617073, 32.549999, 32.540001, 100, 32.580002, 100, -0.730000, -0.240000
1476373619078, 32.549999, 32.540001, 100, 32.580002, 100, -0.730000, -0.240000
1476373620587, 32.549999, 32.540001, 100, 32.580002, 100, -0.730000, -0.240000
1476373623089, 32.549999, 32.540001, 100, 32.580002, 100, -0.730000, -0.240000
1476373624585, 32.549999, 32.540001, 100, 32.580002, 100, -0.730000, -0.240000
1476373627100, 32.549999, 32.540001, 100, 32.580002, 100, -0.730000, -0.240000
1476373629102, 32.549999, 32.540001, 100, 32.580002, 100, -0.730000, -0.240000
1476373631081, 32.549999, 32.540001, 100, 32.580002, 100, -0.730000, -0.240000
1476373633085, 32.549999, 32.540001, 100, 32.580002, 100, -0.730000, -0.240000
1476373635094, 32.549999, 32.540001, 100, 32.580002, 100, -0.730000, -0.240000
1476373637086, 32.549999, 32.540001, 100, 32.580002, 100, -0.730000, -0.240000
1476373639073, 32.549999, 32.540001, 100, 32.580002, 200, -0.730000, -0.240000
1476373641122, 32.549999, 32.540001, 100, 32.580002, 200, -0.730000, -0.240000
1476373643101, 32.549999, 32.540001, 100, 32.580002, 200, -0.730000, -0.240000
1476373644592, 32.549999, 32.540001, 100, 32.580002, 200, -0.730000, -0.240000
1476373647079, 32.549999, 32.540001, 100, 32.580002, 200, -0.730000, -0.240000
1476373649098, 32.549999, 32.540001, 100, 32.580002, 200, -0.730000, -0.240000
1476373651097, 32.549999, 32.540001, 100, 32.580002, 200, -0.730000, -0.240000
1476373653085, 32.549999, 32.500000, 100, 32.560001, 100, -0.730000, -0.240000
1476373655123, 32.549999, 32.500000, 100, 32.560001, 200, -0.730000, -0.240000
1476373657107, 32.549999, 32.500000, 100, 32.560001, 200, -0.730000, -0.240000
1476373659130, 32.549999, 32.500000, 100, 32.560001, 200, -0.730000, -0.240000
1476373661093, 32.549999, 32.500000, 100, 32.560001, 200, -0.730000, -0.240000
1476373663087, 32.549999, 32.500000, 100, 32.560001, 200, -0.730000, -0.240000
1476373665093, 32.549999, 32.500000, 100, 32.560001, 200, -0.730000, -0.240000
1476373667100, 32.549999, 32.500000, 100, 32.560001, 200, -0.730000, -0.240000
1476373668623, 32.549999, 32.500000, 100, 32.560001, 200, -0.730000, -0.240000
1476373671091, 32.549999, 32.500000, 100, 32.560001, 200, -0.730000, -0.240000
1476373673144, 32.549999, 32.500000, 100, 32.549999, 200, -0.730000, -0.240000
1476373674611, 32.549999, 32.500000, 100, 32.549999, 200, -0.730000, -0.240000
1476373677102, 32.549999, 32.500000, 100, 32.549999, 200, -0.730000, -0.240000
1476373679103, 32.549999, 32.500000, 100, 32.549999, 200, -0.730000, -0.240000
1476373681107, 32.549999, 32.500000, 100, 32.549999, 200, -0.730000, -0.240000
1476373683125, 32.549999, 32.500000, 100, 32.549999, 200, -0.730000, -0.240000
1476373685131, 32.549999, 32.500000, 100, 32.549999, 200, -0.730000, -0.240000
1476373686633, 32.549999, 32.500000, 100, 32.549999, 200, -0.730000, -0.240000
1476373689110, 32.549999, 32.500000, 100, 32.549999, 200, -0.730000, -0.240000
1476373691099, 32.549999, 32.500000, 100, 32.549999, 200, -0.730000, -0.240000
1476373693100, 32.500000, 32.450001, 100, 32.540001, 200, -0.880000, -0.290000
1476373695108, 32.500000, 32.450001, 100, 32.540001, 200, -0.880000, -0.290000
1476373697107, 32.500000, 32.450001, 100, 32.540001, 200, -0.880000, -0.290000
1476373699166, 32.500000, 32.450001, 100, 32.540001, 200, -0.880000, -0.290000
1476373701124, 32.500000, 32.450001, 100, 32.540001, 200, -0.880000, -0.290000
1476373703116, 32.500000, 32.450001, 100, 32.540001, 200, -0.880000, -0.290000
1476373705112, 32.500000, 32.450001, 100, 32.540001, 200, -0.880000, -0.290000
1476373706618, 32.500000, 32.470001, 100, 32.540001, 200, -0.880000, -0.290000
1476373709115, 32.500000, 32.470001, 100, 32.540001, 200, -0.880000, -0.290000
1476373711151, 32.500000, 32.470001, 100, 32.540001, 200, -0.880000, -0.290000
1476373712613, 32.500000, 32.470001, 100, 32.540001, 200, -0.880000, -0.290000
1476373715127, 32.500000, 32.470001, 200, 32.540001, 200, -0.880000, -0.290000
1476373717116, 32.500000, 32.470001, 200, 32.540001, 200, -0.880000, -0.290000
1476373719136, 32.500000, 32.470001, 200, 32.540001, 200, -0.880000, -0.290000
1476373721121, 32.500000, 32.480000, 100, 32.540001, 200, -0.880000, -0.290000
1476373723124, 32.500000, 32.480000, 100, 32.540001, 200, -0.880000, -0.290000
1476373724618, 32.500000, 32.490002, 100, 32.540001, 200, -0.880000, -0.290000
1476373727016, 32.500000, 32.490002, 100, 32.540001, 100, -0.880000, -0.290000
1476373729015, 32.500000, 32.490002, 100, 32.540001, 100, -0.880000, -0.290000
1476373731015, 32.500000, 32.490002, 100, 32.540001, 100, -0.880000, -0.290000
1476373733047, 32.500000, 32.490002, 100, 32.540001, 100, -0.880000, -0.290000
1476373735013, 32.500000, 32.490002, 100, 32.540001, 100, -0.880000, -0.290000
1476373737022, 32.500000, 32.490002, 100, 32.540001, 100, -0.880000, -0.290000
1476373739017, 32.500000, 32.490002, 100, 32.529999, 100, -0.880000, -0.290000
1476373740525, 32.500000, 32.490002, 100, 32.529999, 100, -0.880000, -0.290000
1476373743043, 32.500000, 32.490002, 100, 32.529999, 200, -0.880000, -0.290000
1476373745028, 32.500000, 32.490002, 100, 32.529999, 200, -0.880000, -0.290000
1476373747056, 32.500000, 32.490002, 100, 32.529999, 200, -0.880000, -0.290000
1476373749027, 32.500000, 32.490002, 100, 32.529999, 200, -0.880000, -0.290000
1476373751022, 32.500000, 32.490002, 100, 32.529999, 200, -0.880000, -0.290000
1476373752530, 32.500000, 32.490002, 100, 32.529999, 200, -0.880000, -0.290000
1476373755022, 32.500000, 32.490002, 100, 32.529999, 200, -0.880000, -0.290000
1476373757031, 32.500000, 32.490002, 100, 32.529999, 200, -0.880000, -0.290000
1476373758530, 32.500000, 32.490002, 100, 32.529999, 200, -0.880000, -0.290000
1476373760525, 32.500000, 32.490002, 100, 32.529999, 200, -0.880000, -0.290000
1476373763024, 32.500000, 32.490002, 100, 32.529999, 200, -0.880000, -0.290000
1476373764562, 32.500000, 32.490002, 100, 32.529999, 200, -0.880000, -0.290000
1476373767028, 32.500000, 32.490002, 100, 32.529999, 200, -0.880000, -0.290000
1476373769040, 32.500000, 32.490002, 100, 32.529999, 200, -0.880000, -0.290000
1476373771027, 32.500000, 32.490002, 100, 32.529999, 200, -0.880000, -0.290000
1476373773032, 32.500000, 32.490002, 100, 32.529999, 200, -0.880000, -0.290000
1476373775061, 32.500000, 32.490002, 100, 32.529999, 200, -0.880000, -0.290000
1476373777027, 32.500000, 32.490002, 100, 32.529999, 200, -0.880000, -0.290000
1476373779032, 32.500000, 32.490002, 100, 32.529999, 200, -0.880000, -0.290000
1476373781041, 32.500000, 32.490002, 100, 32.529999, 200, -0.880000, -0.290000
1476373783041, 32.500000, 32.490002, 100, 32.529999, 200, -0.880000, -0.290000
1476373785037, 32.500000, 32.490002, 100, 32.529999, 200, -0.880000, -0.290000
1476373787035, 32.500000, 32.490002, 100, 32.529999, 200, -0.880000, -0.290000
1476373789046, 32.500000, 32.490002, 100, 32.529999, 200, -0.880000, -0.290000
1476373791039, 32.500000, 32.490002, 100, 32.529999, 200, -0.880000, -0.290000
1476373793043, 32.500000, 32.490002, 100, 32.529999, 200, -0.880000, -0.290000
1476373795043, 32.500000, 32.490002, 100, 32.520000, 100, -0.880000, -0.290000
1476373797040, 32.500000, 32.490002, 100, 32.520000, 100, -0.880000, -0.290000
1476373798038, 32.500000, 32.490002, 100, 32.520000, 100, -0.880000, -0.290000
1476373801041, 32.500000, 32.490002, 100, 32.520000, 100, -0.880000, -0.290000
1476373803046, 32.520000, 32.490002, 100, 32.520000, 100, -0.820000, -0.270000
1476373805044, 32.520000, 32.490002, 100, 32.520000, 100, -0.820000, -0.270000
1476373807073, 32.520000, 32.490002, 100, 32.520000, 100, -0.820000, -0.270000
1476373809089, 32.520000, 32.490002, 100, 32.520000, 100, -0.820000, -0.270000
1476373811056, 32.520000, 32.490002, 100, 32.520000, 100, -0.820000, -0.270000
1476373812546, 32.520000, 32.490002, 100, 32.520000, 100, -0.820000, -0.270000
1476373815047, 32.520000, 32.490002, 100, 32.520000, 100, -0.820000, -0.270000
1476373817046, 32.520000, 32.490002, 100, 32.520000, 100, -0.820000, -0.270000
1476373819045, 32.520000, 32.490002, 100, 32.520000, 100, -0.820000, -0.270000
1476373820545, 32.520000, 32.490002, 100, 32.520000, 100, -0.820000, -0.270000
1476373823055, 32.520000, 32.490002, 100, 32.520000, 100, -0.820000, -0.270000
1476373825078, 32.490002, 32.470001, 100, 32.509998, 200, -0.910000, -0.300000
1476373827050, 32.490002, 32.470001, 100, 32.509998, 200, -0.910000, -0.300000
1476373829085, 32.490002, 32.470001, 100, 32.509998, 200, -0.910000, -0.300000
1476373831054, 32.490002, 32.470001, 100, 32.509998, 200, -0.910000, -0.300000
1476373833049, 32.490002, 32.470001, 100, 32.509998, 200, -0.910000, -0.300000
1476373835554, 32.490002, 32.470001, 100, 32.509998, 200, -0.910000, -0.300000
1476373837051, 32.490002, 32.470001, 100, 32.509998, 200, -0.910000, -0.300000
1476373839061, 32.490002, 32.470001, 100, 32.509998, 200, -0.910000, -0.300000
1476373841062, 32.490002, 32.470001, 100, 32.509998, 200, -0.910000, -0.300000
1476373843063, 32.490002, 32.470001, 100, 32.509998, 200, -0.910000, -0.300000
1476373845054, 32.490002, 32.470001, 100, 32.509998, 200, -0.910000, -0.300000
1476373847568, 32.490002, 32.470001, 100, 32.509998, 200, -0.910000, -0.300000
1476373849054, 32.490002, 32.470001, 100, 32.509998, 200, -0.910000, -0.300000
1476373851064, 32.490002, 32.470001, 100, 32.509998, 200, -0.910000, -0.300000
1476373853073, 32.490002, 32.470001, 100, 32.509998, 200, -0.910000, -0.300000
1476373855559, 32.490002, 32.470001, 100, 32.509998, 200, -0.910000, -0.300000
1476373857063, 32.490002, 32.470001, 100, 32.509998, 200, -0.910000, -0.300000
1476373859066, 32.490002, 32.459999, 100, 32.509998, 200, -0.910000, -0.300000
1476373860556, 32.490002, 32.459999, 100, 32.509998, 200, -0.910000, -0.300000
1476373863058, 32.490002, 32.459999, 100, 32.500000, 200, -0.910000, -0.300000
1476373865071, 32.490002, 32.459999, 100, 32.500000, 200, -0.910000, -0.300000
1476373867067, 32.490002, 32.459999, 100, 32.500000, 200, -0.910000, -0.300000
1476373869057, 32.490002, 32.459999, 100, 32.500000, 200, -0.910000, -0.300000
1476373871064, 32.490002, 32.459999, 100, 32.500000, 200, -0.910000, -0.300000
1476373873070, 32.490002, 32.459999, 100, 32.500000, 200, -0.910000, -0.300000
1476373875096, 32.490002, 32.459999, 100, 32.500000, 200, -0.910000, -0.300000
1476373876562, 32.490002, 32.459999, 100, 32.500000, 200, -0.910000, -0.300000
1476373879062, 32.490002, 32.459999, 100, 32.500000, 200, -0.910000, -0.300000
1476373881063, 32.490002, 32.459999, 100, 32.500000, 200, -0.910000, -0.300000
1476373882130, 32.490002, 32.459999, 100, 32.500000, 200, -0.910000, -0.300000
1476373885076, 32.490002, 32.459999, 100, 32.500000, 200, -0.910000, -0.300000
1476373886568, 32.490002, 32.459999, 100, 32.500000, 200, -0.910000, -0.300000
1476373889563, 32.490002, 32.459999, 100, 32.500000, 200, -0.910000, -0.300000
1476373891066, 32.490002, 32.459999, 100, 32.500000, 200, -0.910000, -0.300000
1476373893071, 32.490002, 32.459999, 100, 32.500000, 200, -0.910000, -0.300000
1476373894587, 32.490002, 32.459999, 100, 32.500000, 200, -0.910000, -0.300000
1476373897065, 32.490002, 32.459999, 100, 32.500000, 200, -0.910000, -0.300000
1476373899576, 32.490002, 32.459999, 100, 32.500000, 200, -0.910000, -0.300000
1476373901569, 32.490002, 32.459999, 100, 32.500000, 200, -0.910000, -0.300000
1476373903079, 32.490002, 32.459999, 100, 32.500000, 200, -0.910000, -0.300000
1476373905071, 32.490002, 32.459999, 100, 32.500000, 200, -0.910000, -0.300000
1476373907079, 32.490002, 32.470001, 100, 32.500000, 100, -0.910000, -0.300000
1476373909126, 32.490002, 32.450001, 100, 32.500000, 100, -0.910000, -0.300000
1476373910069, 32.490002, 32.450001, 100, 32.500000, 100, -0.910000, -0.300000
1476373913068, 32.500000, 32.490002, 100, 32.529999, 300, -0.880000, -0.290000
1476373915580, 32.500000, 32.490002, 100, 32.520000, 100, -0.880000, -0.290000
1476373917076, 32.500000, 32.490002, 100, 32.520000, 100, -0.880000, -0.290000
1476373919072, 32.500000, 32.490002, 100, 32.520000, 100, -0.880000, -0.290000
1476373921580, 32.500000, 32.490002, 100, 32.520000, 100, -0.880000, -0.290000
1476373923130, 32.500000, 32.490002, 100, 32.520000, 100, -0.880000, -0.290000
1476373925068, 32.500000, 32.490002, 100, 32.520000, 100, -0.880000, -0.290000
1476373927077, 32.500000, 32.490002, 100, 32.520000, 100, -0.880000, -0.290000
1476373929571, 32.500000, 32.490002, 100, 32.520000, 100, -0.880000, -0.290000
1476373931085, 32.500000, 32.490002, 100, 32.520000, 100, -0.880000, -0.290000
1476373933085, 32.500000, 32.490002, 100, 32.520000, 100, -0.880000, -0.290000
1476373935083, 32.500000, 32.490002, 100, 32.520000, 100, -0.880000, -0.290000
1476373937600, 32.500000, 32.490002, 100, 32.520000, 100, -0.880000, -0.290000
1476373938588, 32.500000, 32.490002, 100, 32.520000, 100, -0.880000, -0.290000
1476373940656, 32.500000, 32.490002, 100, 32.520000, 100, -0.880000, -0.290000
1476373943591, 32.490002, 32.480000, 200, 32.509998, 300, -0.910000, -0.300000
1476373945595, 32.490002, 32.480000, 100, 32.509998, 300, -0.910000, -0.300000
1476373947099, 32.490002, 32.480000, 200, 32.509998, 300, -0.910000, -0.300000
1476373949589, 32.490002, 32.480000, 100, 32.509998, 300, -0.910000, -0.300000
1476373951580, 32.490002, 32.480000, 100, 32.509998, 300, -0.910000, -0.300000
1476373953592, 32.490002, 32.480000, 100, 32.509998, 300, -0.910000, -0.300000
1476373954600, 32.490002, 32.480000, 100, 32.509998, 300, -0.910000, -0.300000
1476373957592, 32.490002, 32.480000, 100, 32.509998, 300, -0.910000, -0.300000
1476373959600, 32.490002, 32.480000, 100, 32.509998, 300, -0.910000, -0.300000
1476373961094, 32.490002, 32.480000, 100, 32.509998, 300, -0.910000, -0.300000
1476373963606, 32.490002, 32.480000, 100, 32.509998, 300, -0.910000, -0.300000
1476373965606, 32.490002, 32.480000, 100, 32.509998, 300, -0.910000, -0.300000
1476373967098, 32.490002, 32.459999, 200, 32.490002, 100, -0.910000, -0.300000
1476373969112, 32.490002, 32.459999, 200, 32.490002, 100, -0.910000, -0.300000
1476373971598, 32.490002, 32.459999, 200, 32.490002, 100, -0.910000, -0.300000
1476373973604, 32.480000, 32.459999, 200, 32.490002, 100, -0.950000, -0.310000
1476373974593, 32.480000, 32.459999, 200, 32.490002, 100, -0.950000, -0.310000
1476373977605, 32.480000, 32.470001, 200, 32.490002, 100, -0.950000, -0.310000
1476373979594, 32.480000, 32.470001, 200, 32.490002, 100, -0.950000, -0.310000
1476373981094, 32.480000, 32.470001, 200, 32.490002, 100, -0.950000, -0.310000
1476373983581, 32.480000, 32.470001, 200, 32.490002, 100, -0.950000, -0.310000
1476373984110, 32.480000, 32.470001, 200, 32.490002, 100, -0.950000, -0.310000
1476373987606, 32.480000, 32.470001, 200, 32.490002, 100, -0.950000, -0.310000
1476373989106, 32.480000, 32.470001, 200, 32.490002, 100, -0.950000, -0.310000
1476373991612, 32.470001, 32.459999, 200, 32.480000, 100, -0.980000, -0.320000
1476373993138, 32.470001, 32.459999, 200, 32.480000, 100, -0.980000, -0.320000
1476373995602, 32.470001, 32.459999, 100, 32.480000, 100, -0.980000, -0.320000
1476373997599, 32.470001, 32.459999, 100, 32.480000, 100, -0.980000, -0.320000
1476373999108, 32.470001, 32.459999, 100, 32.480000, 100, -0.980000, -0.320000
1476374001102, 32.470001, 32.459999, 100, 32.470001, 200, -0.980000, -0.320000
1476374003104, 32.470001, 32.459999, 300, 32.470001, 200, -0.980000, -0.320000
1476374005607, 32.470001, 32.459999, 300, 32.480000, 100, -0.980000, -0.320000
1476374007609, 32.470001, 32.459999, 300, 32.490002, 100, -0.980000, -0.320000
1476374009604, 32.470001, 32.459999, 300, 32.490002, 100, -0.980000, -0.320000
1476374011602, 32.470001, 32.459999, 300, 32.490002, 100, -0.980000, -0.320000
1476374013157, 32.470001, 32.459999, 300, 32.490002, 100, -0.980000, -0.320000
1476374015160, 32.470001, 32.459999, 300, 32.490002, 100, -0.980000, -0.320000
1476374017115, 32.470001, 32.459999, 300, 32.490002, 100, -0.980000, -0.320000
1476374019599, 32.470001, 32.459999, 300, 32.490002, 100, -0.980000, -0.320000
1476374021099, 32.459999, 32.459999, 200, 32.490002, 100, -1.010000, -0.330000
1476374023620, 32.459999, 32.419998, 100, 32.490002, 200, -1.010000, -0.330000
1476374025619, 32.459999, 32.419998, 100, 32.480000, 100, -1.010000, -0.330000
1476374027121, 32.459999, 32.419998, 100, 32.480000, 100, -1.010000, -0.330000
1476374029161, 32.459999, 32.419998, 100, 32.480000, 100, -1.010000, -0.330000
1476374031119, 32.459999, 32.419998, 100, 32.480000, 100, -1.010000, -0.330000
1476374033635, 32.459999, 32.389999, 100, 32.480000, 100, -1.010000, -0.330000
1476374035622, 32.459999, 32.400002, 100, 32.480000, 100, -1.010000, -0.330000
1476374037616, 32.459999, 32.410000, 100, 32.480000, 200, -1.010000, -0.330000
1476374039112, 32.459999, 32.410000, 100, 32.480000, 200, -1.010000, -0.330000
1476374041019, 32.459999, 32.410000, 100, 32.480000, 200, -1.010000, -0.330000
1476374043031, 32.459999, 32.410000, 100, 32.480000, 200, -1.010000, -0.330000
1476374045517, 32.459999, 32.410000, 200, 32.480000, 200, -1.010000, -0.330000
1476374047520, 32.459999, 32.410000, 100, 32.470001, 100, -1.010000, -0.330000
1476374049516, 32.459999, 32.410000, 100, 32.470001, 100, -1.010000, -0.330000
1476374051522, 32.459999, 32.410000, 100, 32.470001, 100, -1.010000, -0.330000
1476374053018, 32.459999, 32.410000, 100, 32.470001, 100, -1.010000, -0.330000
1476374055018, 32.459999, 32.380001, 100, 32.459999, 100, -1.010000, -0.330000
1476374057525, 32.459999, 32.389999, 100, 32.459999, 200, -1.010000, -0.330000
1476374059521, 32.459999, 32.389999, 100, 32.459999, 200, -1.010000, -0.330000
1476374061522, 32.459999, 32.389999, 100, 32.459999, 300, -1.010000, -0.330000
1476374063521, 32.459999, 32.389999, 100, 32.459999, 300, -1.010000, -0.330000
1476374065528, 32.459999, 32.389999, 100, 32.459999, 300, -1.010000, -0.330000
1476374067566, 32.459999, 32.389999, 100, 32.459999, 300, -1.010000, -0.330000
1476374069018, 32.459999, 32.389999, 100, 32.459999, 300, -1.010000, -0.330000
1476374071531, 32.459999, 32.389999, 100, 32.459999, 300, -1.010000, -0.330000
1476374073529, 32.459999, 32.380001, 100, 32.450001, 100, -1.010000, -0.330000
1476374075526, 32.459999, 32.380001, 100, 32.450001, 100, -1.010000, -0.330000
1476374077531, 32.459999, 32.380001, 100, 32.450001, 200, -1.010000, -0.330000
1476374079529, 32.459999, 32.380001, 100, 32.450001, 200, -1.010000, -0.330000
1476374081534, 32.459999, 32.380001, 100, 32.450001, 200, -1.010000, -0.330000
1476374083533, 32.459999, 32.380001, 100, 32.450001, 300, -1.010000, -0.330000
1476374085541, 32.459999, 32.380001, 100, 32.450001, 300, -1.010000, -0.330000
1476374087534, 32.459999, 32.380001, 100, 32.450001, 300, -1.010000, -0.330000
1476374089532, 32.459999, 32.380001, 100, 32.450001, 300, -1.010000, -0.330000
1476374091542, 32.459999, 32.380001, 100, 32.450001, 300, -1.010000, -0.330000
1476374093042, 32.459999, 32.380001, 100, 32.450001, 300, -1.010000, -0.330000
1476374095039, 32.459999, 32.380001, 100, 32.450001, 200, -1.010000, -0.330000
1476374097520, 32.459999, 32.380001, 100, 32.450001, 200, -1.010000, -0.330000
1476374099556, 32.459999, 32.380001, 100, 32.450001, 200, -1.010000, -0.330000
1476374101055, 32.459999, 32.380001, 100, 32.450001, 200, -1.010000, -0.330000
1476374103542, 32.459999, 32.380001, 100, 32.450001, 200, -1.010000, -0.330000
1476374105538, 32.459999, 32.380001, 100, 32.450001, 200, -1.010000, -0.330000
1476374107534, 32.459999, 32.380001, 100, 32.450001, 200, -1.010000, -0.330000
1476374109575, 32.459999, 32.380001, 100, 32.450001, 200, -1.010000, -0.330000
1476374111540, 32.459999, 32.380001, 100, 32.450001, 200, -1.010000, -0.330000
1476374113544, 32.459999, 32.369999, 100, 32.439999, 100, -1.010000, -0.330000
1476374115047, 32.459999, 32.369999, 100, 32.439999, 100, -1.010000, -0.330000
1476374117544, 32.459999, 32.369999, 100, 32.439999, 200, -1.010000, -0.330000
1476374119545, 32.459999, 32.369999, 100, 32.439999, 200, -1.010000, -0.330000
1476374121548, 32.459999, 32.369999, 100, 32.439999, 200, -1.010000, -0.330000
1476374123548, 32.459999, 32.369999, 100, 32.439999, 200, -1.010000, -0.330000
1476374125554, 32.459999, 32.369999, 100, 32.439999, 200, -1.010000, -0.330000
1476374127551, 32.459999, 32.369999, 100, 32.439999, 200, -1.010000, -0.330000
1476374129543, 32.459999, 32.369999, 100, 32.439999, 200, -1.010000, -0.330000
1476374131563, 32.459999, 32.369999, 100, 32.439999, 200, -1.010000, -0.330000
1476374133542, 32.459999, 32.349998, 100, 32.439999, 300, -1.010000, -0.330000
1476374135546, 32.459999, 32.349998, 100, 32.439999, 300, -1.010000, -0.330000
1476374137088, 32.459999, 32.349998, 100, 32.430000, 200, -1.010000, -0.330000
1476374139564, 32.459999, 32.349998, 100, 32.430000, 200, -1.010000, -0.330000
1476374141558, 32.459999, 32.360001, 200, 32.430000, 200, -1.010000, -0.330000
1476374143550, 32.459999, 32.360001, 200, 32.430000, 200, -1.010000, -0.330000
1476374145548, 32.459999, 32.360001, 200, 32.430000, 200, -1.010000, -0.330000
1476374147548, 32.459999, 32.360001, 200, 32.430000, 200, -1.010000, -0.330000
1476374149563, 32.369999, 32.349998, 200, 32.419998, 200, -1.280000, -0.420000
1476374151055, 32.369999, 32.349998, 200, 32.419998, 200, -1.280000, -0.420000
1476374153564, 32.369999, 32.360001, 100, 32.419998, 200, -1.280000, -0.420000
1476374155543, 32.369999, 32.369999, 100, 32.419998, 100, -1.280000, -0.420000
1476374157057, 32.369999, 32.369999, 100, 32.419998, 100, -1.280000, -0.420000
1476374159564, 32.369999, 32.369999, 100, 32.419998, 100, -1.280000, -0.420000
1476374161057, 32.369999, 32.369999, 100, 32.419998, 100, -1.280000, -0.420000
1476374163568, 32.369999, 32.369999, 100, 32.419998, 100, -1.280000, -0.420000
1476374165575, 32.369999, 32.410000, 100, 32.419998, 100, -1.280000, -0.420000
1476374167569, 32.369999, 32.410000, 100, 32.419998, 100, -1.280000, -0.420000
1476374169562, 32.430000, 32.410000, 200, 32.439999, 100, -1.100000, -0.360000
1476374171569, 32.430000, 32.410000, 200, 32.439999, 100, -1.100000, -0.360000
1476374173591, 32.430000, 32.410000, 200, 32.439999, 100, -1.100000, -0.360000
1476374175592, 32.430000, 32.410000, 200, 32.439999, 100, -1.100000, -0.360000
1476374177606, 32.430000, 32.410000, 200, 32.439999, 100, -1.100000, -0.360000
1476374179566, 32.430000, 32.410000, 200, 32.439999, 100, -1.100000, -0.360000
1476374181565, 32.430000, 32.410000, 200, 32.439999, 100, -1.100000, -0.360000
1476374183579, 32.430000, 32.410000, 200, 32.439999, 100, -1.100000, -0.360000
1476374185574, 32.430000, 32.410000, 200, 32.439999, 100, -1.100000, -0.360000
1476374187635, 32.430000, 32.410000, 200, 32.439999, 100, -1.100000, -0.360000
1476374189577, 32.430000, 32.410000, 200, 32.439999, 100, -1.100000, -0.360000
1476374191576, 32.430000, 32.410000, 200, 32.439999, 100, -1.100000, -0.360000
1476374193593, 32.430000, 32.410000, 200, 32.439999, 100, -1.100000, -0.360000
1476374195578, 32.430000, 32.410000, 200, 32.439999, 100, -1.100000, -0.360000
1476374197574, 32.430000, 32.419998, 100, 32.439999, 100, -1.100000, -0.360000
1476374199578, 32.430000, 32.419998, 100, 32.439999, 100, -1.100000, -0.360000
1476374201574, 32.430000, 32.419998, 100, 32.439999, 100, -1.100000, -0.360000
1476374203069, 32.430000, 32.419998, 100, 32.439999, 100, -1.100000, -0.360000
1476374205580, 32.430000, 32.419998, 100, 32.439999, 100, -1.100000, -0.360000
1476374207580, 32.430000, 32.419998, 100, 32.439999, 100, -1.100000, -0.360000
1476374209618, 32.430000, 32.419998, 100, 32.439999, 100, -1.100000, -0.360000
1476374211080, 32.430000, 32.419998, 100, 32.439999, 100, -1.100000, -0.360000
1476374213078, 32.430000, 32.419998, 100, 32.439999, 100, -1.100000, -0.360000
1476374215075, 32.430000, 32.419998, 100, 32.439999, 100, -1.100000, -0.360000
1476374217082, 32.430000, 32.419998, 100, 32.439999, 100, -1.100000, -0.360000
1476374219620, 32.430000, 32.419998, 100, 32.439999, 100, -1.100000, -0.360000
1476374221581, 32.430000, 32.419998, 100, 32.439999, 100, -1.100000, -0.360000
1476374223576, 32.430000, 32.419998, 100, 32.439999, 100, -1.100000, -0.360000
1476374225588, 32.430000, 32.419998, 100, 32.439999, 100, -1.100000, -0.360000
1476374227585, 32.430000, 32.419998, 100, 32.439999, 100, -1.100000, -0.360000
1476374229584, 32.430000, 32.419998, 100, 32.439999, 100, -1.100000, -0.360000
1476374231585, 32.430000, 32.419998, 100, 32.439999, 100, -1.100000, -0.360000
1476374233092, 32.439999, 32.419998, 100, 32.450001, 100, -1.070000, -0.350000
1476374235591, 32.439999, 32.419998, 100, 32.450001, 100, -1.070000, -0.350000
1476374237581, 32.439999, 32.419998, 100, 32.450001, 100, -1.070000, -0.350000
1476374239587, 32.439999, 32.410000, 200, 32.450001, 200, -1.070000, -0.350000
1476374241585, 32.439999, 32.410000, 100, 32.450001, 200, -1.070000, -0.350000
1476374243589, 32.439999, 32.410000, 100, 32.450001, 200, -1.070000, -0.350000
1476374245595, 32.439999, 32.410000, 100, 32.450001, 200, -1.070000, -0.350000
1476374247595, 32.439999, 32.410000, 100, 32.450001, 200, -1.070000, -0.350000
1476374249615, 32.439999, 32.410000, 100, 32.450001, 200, -1.070000, -0.350000
1476374251603, 32.439999, 32.410000, 100, 32.450001, 200, -1.070000, -0.350000
1476374253627, 32.439999, 32.410000, 100, 32.450001, 200, -1.070000, -0.350000
1476374255601, 32.439999, 32.410000, 100, 32.450001, 200, -1.070000, -0.350000
1476374257597, 32.439999, 32.410000, 100, 32.450001, 200, -1.070000, -0.350000
1476374259602, 32.439999, 32.410000, 100, 32.450001, 200, -1.070000, -0.350000
1476374261598, 32.439999, 32.410000, 100, 32.450001, 200, -1.070000, -0.350000
1476374263595, 32.439999, 32.410000, 100, 32.450001, 200, -1.070000, -0.350000
1476374265584, 32.439999, 32.410000, 100, 32.450001, 200, -1.070000, -0.350000
1476374267582, 32.439999, 32.410000, 100, 32.450001, 200, -1.070000, -0.350000
1476374269597, 32.439999, 32.410000, 100, 32.450001, 200, -1.070000, -0.350000
1476374271599, 32.439999, 32.410000, 100, 32.450001, 200, -1.070000, -0.350000
1476374273614, 32.439999, 32.419998, 100, 32.450001, 200, -1.070000, -0.350000
1476374275619, 32.439999, 32.419998, 100, 32.450001, 200, -1.070000, -0.350000
1476374277102, 32.439999, 32.419998, 100, 32.450001, 200, -1.070000, -0.350000
1476374279628, 32.439999, 32.419998, 100, 32.450001, 200, -1.070000, -0.350000
1476374281607, 32.439999, 32.419998, 100, 32.450001, 200, -1.070000, -0.350000
1476374283599, 32.439999, 32.419998, 100, 32.450001, 200, -1.070000, -0.350000
1476374285595, 32.439999, 32.419998, 100, 32.450001, 200, -1.070000, -0.350000
1476374287654, 32.439999, 32.419998, 100, 32.450001, 200, -1.070000, -0.350000
1476374289615, 32.439999, 32.419998, 100, 32.450001, 200, -1.070000, -0.350000
1476374291620, 32.439999, 32.419998, 100, 32.450001, 200, -1.070000, -0.350000
1476374293639, 32.439999, 32.410000, 200, 32.450001, 200, -1.070000, -0.350000
1476374295618, 32.439999, 32.410000, 200, 32.450001, 200, -1.070000, -0.350000
1476374297604, 32.439999, 32.410000, 200, 32.450001, 200, -1.070000, -0.350000
1476374299605, 32.439999, 32.410000, 200, 32.450001, 200, -1.070000, -0.350000
1476374301606, 32.439999, 32.410000, 200, 32.450001, 200, -1.070000, -0.350000
1476374303098, 32.439999, 32.410000, 200, 32.450001, 200, -1.070000, -0.350000
1476374305612, 32.439999, 32.410000, 200, 32.450001, 200, -1.070000, -0.350000
1476374307623, 32.439999, 32.419998, 100, 32.450001, 200, -1.070000, -0.350000
1476374309613, 32.439999, 32.419998, 100, 32.450001, 200, -1.070000, -0.350000
1476374311662, 32.439999, 32.419998, 100, 32.450001, 200, -1.070000, -0.350000
1476374313607, 32.439999, 32.419998, 100, 32.450001, 200, -1.070000, -0.350000
1476374315593, 32.439999, 32.419998, 100, 32.450001, 200, -1.070000, -0.350000
1476374317614, 32.439999, 32.419998, 100, 32.450001, 200, -1.070000, -0.350000
1476374319610, 32.439999, 32.410000, 200, 32.450001, 200, -1.070000, -0.350000
1476374321141, 32.439999, 32.419998, 100, 32.450001, 200, -1.070000, -0.350000
1476374323615, 32.439999, 32.419998, 100, 32.450001, 200, -1.070000, -0.350000
1476374325118, 32.439999, 32.419998, 100, 32.450001, 200, -1.070000, -0.350000
1476374327627, 32.439999, 32.419998, 100, 32.450001, 200, -1.070000, -0.350000
1476374329615, 32.439999, 32.419998, 100, 32.450001, 200, -1.070000, -0.350000
1476374331609, 32.439999, 32.419998, 100, 32.450001, 200, -1.070000, -0.350000
1476374333111, 32.439999, 32.419998, 100, 32.450001, 200, -1.070000, -0.350000
1476374335651, 32.439999, 32.419998, 100, 32.450001, 200, -1.070000, -0.350000
1476374337628, 32.439999, 32.419998, 100, 32.450001, 200, -1.070000, -0.350000
1476374339619, 32.439999, 32.419998, 100, 32.450001, 200, -1.070000, -0.350000
1476374341612, 32.439999, 32.419998, 100, 32.450001, 200, -1.070000, -0.350000
1476374343614, 32.439999, 32.419998, 100, 32.450001, 200, -1.070000, -0.350000
1476374345018, 32.439999, 32.419998, 100, 32.450001, 200, -1.070000, -0.350000
1476374347014, 32.439999, 32.419998, 100, 32.450001, 200, -1.070000, -0.350000
1476374348514, 32.439999, 32.419998, 100, 32.450001, 200, -1.070000, -0.350000
1476374351527, 32.439999, 32.419998, 100, 32.450001, 200, -1.070000, -0.350000
1476374353516, 32.439999, 32.419998, 100, 32.450001, 200, -1.070000, -0.350000
1476374355519, 32.439999, 32.419998, 100, 32.450001, 200, -1.070000, -0.350000
1476374357525, 32.439999, 32.419998, 100, 32.450001, 200, -1.070000, -0.350000
1476374359519, 32.439999, 32.419998, 100, 32.450001, 200, -1.070000, -0.350000
1476374361519, 32.439999, 32.419998, 100, 32.450001, 200, -1.070000, -0.350000
1476374363525, 32.439999, 32.419998, 100, 32.450001, 200, -1.070000, -0.350000
1476374365559, 32.439999, 32.419998, 100, 32.450001, 200, -1.070000, -0.350000
1476374367529, 32.439999, 32.419998, 100, 32.450001, 200, -1.070000, -0.350000
1476374369519, 32.439999, 32.419998, 100, 32.450001, 200, -1.070000, -0.350000
1476374371526, 32.439999, 32.419998, 100, 32.450001, 200, -1.070000, -0.350000
1476374372016, 32.439999, 32.419998, 100, 32.450001, 200, -1.070000, -0.350000
1476374374531, 32.439999, 32.419998, 100, 32.450001, 200, -1.070000, -0.350000
1476374377032, 32.439999, 32.419998, 100, 32.450001, 200, -1.070000, -0.350000
1476374379544, 32.439999, 32.419998, 100, 32.450001, 200, -1.070000, -0.350000
1476374381524, 32.430099, 32.430000, 200, 32.450001, 200, -1.100000, -0.359900
1476374383561, 32.430099, 32.430000, 400, 32.450001, 200, -1.100000, -0.359900
1476374385527, 32.450001, 32.439999, 200, 32.480000, 100, -1.040000, -0.340000
1476374387527, 32.450001, 32.439999, 300, 32.480000, 100, -1.040000, -0.340000
1476374389526, 32.450001, 32.439999, 300, 32.480000, 200, -1.040000, -0.340000
1476374391546, 32.500000, 32.459999, 200, 32.500000, 100, -0.880000, -0.290000
1476374393555, 32.500000, 32.459999, 200, 32.500000, 100, -0.880000, -0.290000
1476374395544, 32.500000, 32.459999, 200, 32.500000, 100, -0.880000, -0.290000
1476374397530, 32.500000, 32.470001, 200, 32.500000, 100, -0.880000, -0.290000
1476374399026, 32.500000, 32.470001, 200, 32.500000, 100, -0.880000, -0.290000
1476374402030, 32.500000, 32.470001, 200, 32.500000, 100, -0.880000, -0.290000
1476374403031, 32.500000, 32.470001, 100, 32.500000, 200, -0.880000, -0.290000
1476374405530, 32.490002, 32.490002, 100, 32.500000, 200, -0.910000, -0.300000
1476374407537, 32.490002, 32.490002, 100, 32.500000, 200, -0.910000, -0.300000
1476374409531, 32.500000, 32.490002, 300, 32.509998, 100, -0.880000, -0.290000
1476374411531, 32.500000, 32.490002, 300, 32.509998, 100, -0.880000, -0.290000
1476374413544, 32.480000, 32.480000, 100, 32.509998, 100, -0.950000, -0.310000
1476374415547, 32.480000, 32.480000, 100, 32.509998, 100, -0.950000, -0.310000
1476374417032, 32.480000, 32.480000, 100, 32.509998, 200, -0.950000, -0.310000
1476374419540, 32.480000, 32.480000, 100, 32.509998, 100, -0.950000, -0.310000
1476374421535, 32.480000, 32.480000, 100, 32.509998, 100, -0.950000, -0.310000
1476374423109, 32.480000, 32.480000, 100, 32.509998, 100, -0.950000, -0.310000
1476374425542, 32.480000, 32.480000, 100, 32.509998, 100, -0.950000, -0.310000
1476374427544, 32.480000, 32.480000, 100, 32.509998, 100, -0.950000, -0.310000
1476374429537, 32.480000, 32.480000, 100, 32.509998, 100, -0.950000, -0.310000
1476374431544, 32.480000, 32.480000, 100, 32.509998, 100, -0.950000, -0.310000
1476374433541, 32.480000, 32.480000, 100, 32.509998, 100, -0.950000, -0.310000
1476374435540, 32.480000, 32.480000, 100, 32.509998, 100, -0.950000, -0.310000
1476374437608, 32.480000, 32.480000, 100, 32.509998, 100, -0.950000, -0.310000
1476374439562, 32.480000, 32.430000, 100, 32.500000, 200, -0.950000, -0.310000
1476374441560, 32.480000, 32.439999, 400, 32.500000, 100, -0.950000, -0.310000
1476374443046, 32.480000, 32.439999, 400, 32.500000, 100, -0.950000, -0.310000
1476374445549, 32.480000, 32.439999, 400, 32.500000, 100, -0.950000, -0.310000
1476374448038, 32.480000, 32.439999, 400, 32.500000, 100, -0.950000, -0.310000
1476374449549, 32.480000, 32.439999, 400, 32.500000, 200, -0.950000, -0.310000
1476374451549, 32.480000, 32.439999, 400, 32.500000, 200, -0.950000, -0.310000
1476374453556, 32.480000, 32.439999, 400, 32.500000, 200, -0.950000, -0.310000
1476374455554, 32.480000, 32.439999, 400, 32.500000, 200, -0.950000, -0.310000
1476374457556, 32.480000, 32.439999, 400, 32.500000, 200, -0.950000, -0.310000
1476374459594, 32.480000, 32.400002, 100, 32.480000, 100, -0.950000, -0.310000
1476374462044, 32.480000, 32.419998, 100, 32.470001, 100, -0.950000, -0.310000
1476374463544, 32.480000, 32.419998, 100, 32.470001, 100, -0.950000, -0.310000
1476374465053, 32.480000, 32.419998, 100, 32.470001, 100, -0.950000, -0.310000
1476374468057, 32.480000, 32.419998, 100, 32.470001, 200, -0.950000, -0.310000
1476374469597, 32.480000, 32.419998, 100, 32.470001, 200, -0.950000, -0.310000
1476374472051, 32.480000, 32.419998, 100, 32.490002, 100, -0.950000, -0.310000
1476374474051, 32.480000, 32.419998, 100, 32.480000, 200, -0.950000, -0.310000
1476374475061, 32.480000, 32.419998, 100, 32.480000, 200, -0.950000, -0.310000
1476374478051, 32.480000, 32.430000, 100, 32.480000, 200, -0.950000, -0.310000
1476374480054, 32.480000, 32.430000, 100, 32.480000, 200, -0.950000, -0.310000
1476374481065, 32.480000, 32.430000, 100, 32.480000, 200, -0.950000, -0.310000
1476374483563, 32.480000, 32.430000, 100, 32.480000, 200, -0.950000, -0.310000
1476374485061, 32.480000, 32.430000, 100, 32.480000, 200, -0.950000, -0.310000
1476374487569, 32.480000, 32.430000, 100, 32.480000, 200, -0.950000, -0.310000
1476374489564, 32.480000, 32.389999, 200, 32.470001, 200, -0.950000, -0.310000
1476374492054, 32.480000, 32.389999, 200, 32.459999, 200, -0.950000, -0.310000
1476374493064, 32.480000, 32.400002, 400, 32.459999, 200, -0.950000, -0.310000
1476374495099, 32.480000, 32.400002, 400, 32.459999, 200, -0.950000, -0.310000
1476374497637, 32.480000, 32.400002, 400, 32.459999, 200, -0.950000, -0.310000
1476374500065, 32.480000, 32.410000, 100, 32.459999, 200, -0.950000, -0.310000
1476374501062, 32.480000, 32.410000, 100, 32.459999, 200, -0.950000, -0.310000
1476374503066, 32.480000, 32.410000, 100, 32.459999, 200, -0.950000, -0.310000
1476374506067, 32.480000, 32.410000, 100, 32.459999, 200, -0.950000, -0.310000
1476374508057, 32.480000, 32.410000, 100, 32.459999, 200, -0.950000, -0.310000
1476374509563, 32.480000, 32.360001, 100, 32.439999, 300, -0.950000, -0.310000
1476374512064, 32.480000, 32.369999, 100, 32.439999, 200, -0.950000, -0.310000
1476374513566, 32.480000, 32.369999, 100, 32.439999, 200, -0.950000, -0.310000
1476374516065, 32.480000, 32.380001, 100, 32.439999, 200, -0.950000, -0.310000
1476374518060, 32.480000, 32.380001, 100, 32.439999, 200, -0.950000, -0.310000
1476374519573, 32.480000, 32.389999, 100, 32.439999, 200, -0.950000, -0.310000
1476374521572, 32.480000, 32.389999, 100, 32.439999, 200, -0.950000, -0.310000
1476374524072, 32.480000, 32.389999, 100, 32.439999, 300, -0.950000, -0.310000
1476374525577, 32.480000, 32.360001, 100, 32.430000, 200, -0.950000, -0.310000
1476374527089, 32.480000, 32.369999, 100, 32.430000, 200, -0.950000, -0.310000
1476374529067, 32.480000, 32.380001, 100, 32.430000, 200, -0.950000, -0.310000
1476374532071, 32.480000, 32.380001, 100, 32.430000, 200, -0.950000, -0.310000
1476374534070, 32.480000, 32.380001, 100, 32.430000, 200, -0.950000, -0.310000
1476374536073, 32.480000, 32.380001, 100, 32.430000, 200, -0.950000, -0.310000
1476374538069, 32.480000, 32.380001, 100, 32.430000, 200, -0.950000, -0.310000
1476374539583, 32.480000, 32.380001, 100, 32.430000, 200, -0.950000, -0.310000
1476374541571, 32.480000, 32.369999, 100, 32.430000, 200, -0.950000, -0.310000
1476374543569, 32.480000, 32.369999, 100, 32.430000, 200, -0.950000, -0.310000
1476374546089, 32.480000, 32.369999, 100, 32.430000, 300, -0.950000, -0.310000
1476374548083, 32.480000, 32.369999, 100, 32.430000, 300, -0.950000, -0.310000
1476374549576, 32.480000, 32.369999, 100, 32.430000, 300, -0.950000, -0.310000
1476374552083, 32.480000, 32.380001, 300, 32.430000, 300, -0.950000, -0.310000
1476374553594, 32.480000, 32.380001, 300, 32.430000, 300, -0.950000, -0.310000
1476374555591, 32.480000, 32.380001, 300, 32.430000, 300, -0.950000, -0.310000
1476374558087, 32.419998, 32.389999, 100, 32.419998, 100, -1.130000, -0.370000
1476374560085, 32.419998, 32.389999, 100, 32.419998, 100, -1.130000, -0.370000
1476374562080, 32.419998, 32.389999, 100, 32.419998, 100, -1.130000, -0.370000
1476374564087, 32.419998, 32.389999, 100, 32.430000, 100, -1.130000, -0.370000
1476374565584, 32.419998, 32.389999, 100, 32.430000, 100, -1.130000, -0.370000
1476374567565, 32.419998, 32.389999, 100, 32.430000, 100, -1.130000, -0.370000
1476374569584, 32.419998, 32.389999, 100, 32.430000, 100, -1.130000, -0.370000
1476374572092, 32.419998, 32.389999, 100, 32.430000, 100, -1.130000, -0.370000
1476374574087, 32.419998, 32.389999, 100, 32.430000, 100, -1.130000, -0.370000
1476374576076, 32.419998, 32.389999, 100, 32.430000, 100, -1.130000, -0.370000
1476374578097, 32.419998, 32.389999, 100, 32.430000, 100, -1.130000, -0.370000
1476374580083, 32.419998, 32.389999, 100, 32.430000, 100, -1.130000, -0.370000
1476374581592, 32.419998, 32.389999, 100, 32.430000, 100, -1.130000, -0.370000
1476374583083, 32.419998, 32.389999, 100, 32.430000, 100, -1.130000, -0.370000
1476374585096, 32.419998, 32.389999, 100, 32.430000, 100, -1.130000, -0.370000
1476374588092, 32.419998, 32.389999, 100, 32.430000, 100, -1.130000, -0.370000
1476374590077, 32.419998, 32.389999, 100, 32.430000, 100, -1.130000, -0.370000
1476374592084, 32.419998, 32.389999, 100, 32.430000, 100, -1.130000, -0.370000
1476374594074, 32.419998, 32.389999, 100, 32.430000, 100, -1.130000, -0.370000
1476374595601, 32.419998, 32.389999, 100, 32.430000, 100, -1.130000, -0.370000
1476374598098, 32.419998, 32.389999, 100, 32.430000, 100, -1.130000, -0.370000
1476374599613, 32.419998, 32.389999, 100, 32.430000, 100, -1.130000, -0.370000
1476374602103, 32.419998, 32.400002, 100, 32.430000, 100, -1.130000, -0.370000
1476374604105, 32.419998, 32.400002, 100, 32.430000, 100, -1.130000, -0.370000
1476374606098, 32.419998, 32.400002, 100, 32.430000, 100, -1.130000, -0.370000
1476374608091, 32.419998, 32.400002, 100, 32.430000, 100, -1.130000, -0.370000
1476374610092, 32.419998, 32.400002, 100, 32.430000, 100, -1.130000, -0.370000
1476374611116, 32.419998, 32.400002, 100, 32.430000, 100, -1.130000, -0.370000
1476374613121, 32.419998, 32.400002, 100, 32.430000, 100, -1.130000, -0.370000
1476374616102, 32.419998, 32.400002, 100, 32.430000, 100, -1.130000, -0.370000
1476374618088, 32.419998, 32.400002, 100, 32.430000, 100, -1.130000, -0.370000
1476374619597, 32.419998, 32.400002, 100, 32.430000, 100, -1.130000, -0.370000
1476374621600, 32.419998, 32.400002, 100, 32.430000, 100, -1.130000, -0.370000
1476374624107, 32.419998, 32.400002, 100, 32.430000, 100, -1.130000, -0.370000
1476374626108, 32.419998, 32.400002, 100, 32.430000, 100, -1.130000, -0.370000
1476374627660, 32.419998, 32.400002, 100, 32.430000, 100, -1.130000, -0.370000
1476374630086, 32.419998, 32.400002, 100, 32.430000, 100, -1.130000, -0.370000
1476374631595, 32.419998, 32.400002, 100, 32.430000, 100, -1.130000, -0.370000
1476374634102, 32.419998, 32.400002, 100, 32.430000, 100, -1.130000, -0.370000
1476374635611, 32.419998, 32.400002, 100, 32.430000, 100, -1.130000, -0.370000
1476374638113, 32.419998, 32.400002, 100, 32.430000, 100, -1.130000, -0.370000
1476374640127, 32.419998, 32.400002, 100, 32.430000, 100, -1.130000, -0.370000
1476374642103, 32.419998, 32.400002, 100, 32.430000, 100, -1.130000, -0.370000
1476374644099, 32.419998, 32.400002, 100, 32.430000, 100, -1.130000, -0.370000
1476374646116, 32.419998, 32.400002, 100, 32.430000, 100, -1.130000, -0.370000
1476374648099, 32.419998, 32.400002, 100, 32.430000, 100, -1.130000, -0.370000
1476374650101, 32.419998, 32.400002, 100, 32.430000, 100, -1.130000, -0.370000
1476374652115, 32.419998, 32.400002, 100, 32.430000, 100, -1.130000, -0.370000
1476374654109, 32.419998, 32.400002, 100, 32.430000, 100, -1.130000, -0.370000
1476374655596, 32.419998, 32.400002, 100, 32.430000, 100, -1.130000, -0.370000
1476374658113, 32.419998, 32.400002, 100, 32.430000, 100, -1.130000, -0.370000
1476374660024, 32.419998, 32.400002, 100, 32.430000, 100, -1.130000, -0.370000
1476374662013, 32.419998, 32.400002, 100, 32.430000, 100, -1.130000, -0.370000
1476374663510, 32.419998, 32.400002, 100, 32.430000, 100, -1.130000, -0.370000
1476374666010, 32.419998, 32.400002, 100, 32.430000, 100, -1.130000, -0.370000
1476374668014, 32.419998, 32.400002, 100, 32.430000, 100, -1.130000, -0.370000
1476374668014, 32.419998, 32.400002, 100, 32.430000, 100, -1.130000, -0.370000
1476374672012, 32.419998, 32.400002, 100, 32.430000, 100, -1.130000, -0.370000
1476374674018, 32.419998, 32.400002, 100, 32.430000, 100, -1.130000, -0.370000
1476374676012, 32.419998, 32.400002, 100, 32.430000, 100, -1.130000, -0.370000
1476374678018, 32.419998, 32.400002, 100, 32.430000, 100, -1.130000, -0.370000
1476374680023, 32.419998, 32.400002, 100, 32.430000, 100, -1.130000, -0.370000
1476374682018, 32.419998, 32.400002, 100, 32.430000, 100, -1.130000, -0.370000
1476374684020, 32.419998, 32.389999, 100, 32.430000, 200, -1.130000, -0.370000
1476374685526, 32.419998, 32.389999, 100, 32.430000, 200, -1.130000, -0.370000
1476374688022, 32.419998, 32.389999, 100, 32.430000, 200, -1.130000, -0.370000
1476374690025, 32.419998, 32.389999, 100, 32.430000, 200, -1.130000, -0.370000
1476374692028, 32.419998, 32.389999, 100, 32.430000, 200, -1.130000, -0.370000
1476374694018, 32.419998, 32.389999, 100, 32.430000, 200, -1.130000, -0.370000
1476374695022, 32.419998, 32.389999, 100, 32.430000, 200, -1.130000, -0.370000
1476374698027, 32.419998, 32.389999, 100, 32.430000, 200, -1.130000, -0.370000
1476374700038, 32.419998, 32.389999, 100, 32.430000, 200, -1.130000, -0.370000
1476374702031, 32.419998, 32.389999, 100, 32.430000, 200, -1.130000, -0.370000
1476374704020, 32.419998, 32.389999, 100, 32.430000, 200, -1.130000, -0.370000
1476374706026, 32.419998, 32.389999, 100, 32.430000, 200, -1.130000, -0.370000
1476374708027, 32.419998, 32.389999, 100, 32.430000, 200, -1.130000, -0.370000
1476374710035, 32.419998, 32.389999, 100, 32.430000, 200, -1.130000, -0.370000
1476374711532, 32.419998, 32.389999, 100, 32.430000, 200, -1.130000, -0.370000
1476374714027, 32.419998, 32.389999, 100, 32.430000, 200, -1.130000, -0.370000
1476374716029, 32.419998, 32.389999, 100, 32.430000, 200, -1.130000, -0.370000
1476374717541, 32.419998, 32.389999, 100, 32.430000, 200, -1.130000, -0.370000
1476374720029, 32.419998, 32.400002, 100, 32.430000, 200, -1.130000, -0.370000
1476374722027, 32.430000, 32.410000, 100, 32.439999, 100, -1.100000, -0.360000
1476374724028, 32.430000, 32.410000, 100, 32.439999, 100, -1.100000, -0.360000
1476374726034, 32.430000, 32.419998, 100, 32.439999, 100, -1.100000, -0.360000
1476374728033, 32.439999, 32.439999, 100, 32.480000, 100, -1.070000, -0.350000
1476374730039, 32.439999, 32.439999, 100, 32.480000, 100, -1.070000, -0.350000
1476374732055, 32.439999, 32.439999, 100, 32.480000, 100, -1.070000, -0.350000
1476374734042, 32.439999, 32.439999, 100, 32.480000, 100, -1.070000, -0.350000
1476374736036, 32.439999, 32.439999, 100, 32.480000, 100, -1.070000, -0.350000
1476374738032, 32.439999, 32.439999, 100, 32.480000, 100, -1.070000, -0.350000
1476374739534, 32.439999, 32.439999, 100, 32.480000, 100, -1.070000, -0.350000
1476374741034, 32.439999, 32.439999, 100, 32.480000, 100, -1.070000, -0.350000
1476374744102, 32.439999, 32.439999, 100, 32.480000, 100, -1.070000, -0.350000
1476374746038, 32.439999, 32.439999, 100, 32.480000, 100, -1.070000, -0.350000
1476374748036, 32.439999, 32.439999, 100, 32.480000, 100, -1.070000, -0.350000
1476374750045, 32.439999, 32.439999, 100, 32.480000, 100, -1.070000, -0.350000
1476374752039, 32.439999, 32.439999, 100, 32.480000, 100, -1.070000, -0.350000
1476374754043, 32.439999, 32.439999, 100, 32.480000, 100, -1.070000, -0.350000
1476374756034, 32.439999, 32.439999, 100, 32.480000, 100, -1.070000, -0.350000
1476374758056, 32.439999, 32.439999, 100, 32.480000, 100, -1.070000, -0.350000
1476374760061, 32.439999, 32.439999, 100, 32.480000, 100, -1.070000, -0.350000
1476374762042, 32.439999, 32.439999, 100, 32.480000, 100, -1.070000, -0.350000
1476374764040, 32.439999, 32.439999, 100, 32.480000, 100, -1.070000, -0.350000
1476374766040, 32.439999, 32.439999, 100, 32.480000, 100, -1.070000, -0.350000
1476374768050, 32.439999, 32.439999, 100, 32.480000, 100, -1.070000, -0.350000
1476374770039, 32.439999, 32.439999, 100, 32.480000, 100, -1.070000, -0.350000
1476374772069, 32.439999, 32.439999, 100, 32.480000, 100, -1.070000, -0.350000
1476374773037, 32.439999, 32.439999, 100, 32.480000, 100, -1.070000, -0.350000
1476374776051, 32.439999, 32.439999, 100, 32.480000, 100, -1.070000, -0.350000
1476374778043, 32.439999, 32.439999, 100, 32.480000, 100, -1.070000, -0.350000
1476374780045, 32.439999, 32.439999, 100, 32.480000, 100, -1.070000, -0.350000
1476374782054, 32.439999, 32.439999, 100, 32.480000, 100, -1.070000, -0.350000
1476374784090, 32.439999, 32.439999, 100, 32.480000, 100, -1.070000, -0.350000
1476374785551, 32.439999, 32.439999, 100, 32.480000, 100, -1.070000, -0.350000
1476374788045, 32.439999, 32.439999, 100, 32.480000, 100, -1.070000, -0.350000
1476374790055, 32.439999, 32.439999, 100, 32.480000, 100, -1.070000, -0.350000
1476374792049, 32.439999, 32.439999, 100, 32.480000, 100, -1.070000, -0.350000
1476374794056, 32.439999, 32.439999, 100, 32.480000, 100, -1.070000, -0.350000
1476374796048, 32.439999, 32.439999, 100, 32.480000, 100, -1.070000, -0.350000
1476374798043, 32.439999, 32.439999, 100, 32.480000, 100, -1.070000, -0.350000
1476374800056, 32.439999, 32.439999, 100, 32.480000, 100, -1.070000, -0.350000
1476374801051, 32.439999, 32.459999, 100, 32.480000, 100, -1.070000, -0.350000
1476374804058, 32.439999, 32.459999, 100, 32.480000, 100, -1.070000, -0.350000
1476374806049, 32.480000, 32.470001, 100, 32.490002, 100, -0.950000, -0.310000
1476374807552, 32.480000, 32.480000, 100, 32.490002, 100, -0.950000, -0.310000
1476374810050, 32.480000, 32.500000, 100, 32.529999, 100, -0.950000, -0.310000
1476374812054, 32.480000, 32.500000, 100, 32.529999, 100, -0.950000, -0.310000
1476374814059, 32.480000, 32.500000, 100, 32.529999, 100, -0.950000, -0.310000
1476374816060, 32.480000, 32.500000, 100, 32.529999, 100, -0.950000, -0.310000
1476374818047, 32.480000, 32.500000, 100, 32.529999, 100, -0.950000, -0.310000
1476374820053, 32.480000, 32.500000, 100, 32.529999, 100, -0.950000, -0.310000
1476374821556, 32.480000, 32.500000, 100, 32.529999, 200, -0.950000, -0.310000
1476374824048, 32.480000, 32.500000, 100, 32.529999, 100, -0.950000, -0.310000
1476374826061, 32.480000, 32.500000, 100, 32.529999, 100, -0.950000, -0.310000
1476374828061, 32.480000, 32.500000, 100, 32.529999, 100, -0.950000, -0.310000
1476374830051, 32.500000, 32.480000, 100, 32.520000, 200, -0.880000, -0.290000
1476374832092, 32.500000, 32.480000, 100, 32.520000, 100, -0.880000, -0.290000
1476374834056, 32.500000, 32.480000, 100, 32.520000, 100, -0.880000, -0.290000
1476374836057, 32.500000, 32.480000, 100, 32.520000, 100, -0.880000, -0.290000
1476374837556, 32.500000, 32.480000, 100, 32.520000, 100, -0.880000, -0.290000
1476374840069, 32.500000, 32.480000, 100, 32.520000, 200, -0.880000, -0.290000
1476374842065, 32.500000, 32.480000, 100, 32.520000, 200, -0.880000, -0.290000
1476374844099, 32.500000, 32.480000, 100, 32.520000, 200, -0.880000, -0.290000
1476374846062, 32.500000, 32.480000, 100, 32.520000, 200, -0.880000, -0.290000
1476374848057, 32.500000, 32.480000, 100, 32.520000, 200, -0.880000, -0.290000
1476374850075, 32.500000, 32.480000, 100, 32.520000, 200, -0.880000, -0.290000
1476374852070, 32.500000, 32.450001, 100, 32.490002, 200, -0.880000, -0.290000
1476374854071, 32.500000, 32.410000, 300, 32.480000, 200, -0.880000, -0.290000
1476374856073, 32.500000, 32.410000, 300, 32.480000, 100, -0.880000, -0.290000
1476374858087, 32.500000, 32.430000, 100, 32.480000, 100, -0.880000, -0.290000
1476374860081, 32.500000, 32.430000, 100, 32.480000, 100, -0.880000, -0.290000
1476374862109, 32.500000, 32.430000, 200, 32.500000, 100, -0.880000, -0.290000
1476374864084, 32.500000, 32.430000, 200, 32.500000, 100, -0.880000, -0.290000
1476374866078, 32.500000, 32.439999, 200, 32.500000, 100, -0.880000, -0.290000
1476374868079, 32.500000, 32.439999, 200, 32.500000, 100, -0.880000, -0.290000
1476374870067, 32.500000, 32.439999, 200, 32.500000, 200, -0.880000, -0.290000
1476374871581, 32.500000, 32.439999, 200, 32.500000, 200, -0.880000, -0.290000
1476374874077, 32.500000, 32.410000, 100, 32.490002, 200, -0.880000, -0.290000
1476374876082, 32.500000, 32.410000, 300, 32.480000, 200, -0.880000, -0.290000
1476374878089, 32.500000, 32.419998, 100, 32.480000, 200, -0.880000, -0.290000
1476374880077, 32.500000, 32.419998, 100, 32.480000, 300, -0.880000, -0.290000
1476374882076, 32.500000, 32.419998, 100, 32.480000, 300, -0.880000, -0.290000
1476374884072, 32.500000, 32.419998, 100, 32.480000, 300, -0.880000, -0.290000
1476374886098, 32.500000, 32.419998, 100, 32.480000, 300, -0.880000, -0.290000
1476374888070, 32.500000, 32.419998, 100, 32.480000, 300, -0.880000, -0.290000
1476374890087, 32.500000, 32.419998, 100, 32.480000, 300, -0.880000, -0.290000
1476374892080, 32.500000, 32.419998, 100, 32.480000, 300, -0.880000, -0.290000
1476374894085, 32.500000, 32.419998, 100, 32.480000, 300, -0.880000, -0.290000
1476374896076, 32.500000, 32.419998, 100, 32.480000, 300, -0.880000, -0.290000
1476374898087, 32.500000, 32.419998, 100, 32.480000, 300, -0.880000, -0.290000
1476374900090, 32.500000, 32.419998, 100, 32.480000, 300, -0.880000, -0.290000
1476374902084, 32.500000, 32.419998, 100, 32.480000, 300, -0.880000, -0.290000
1476374904085, 32.500000, 32.419998, 100, 32.480000, 300, -0.880000, -0.290000
1476374906099, 32.500000, 32.419998, 100, 32.480000, 300, -0.880000, -0.290000
1476374908094, 32.500000, 32.419998, 100, 32.480000, 300, -0.880000, -0.290000
1476374910087, 32.500000, 32.419998, 100, 32.480000, 300, -0.880000, -0.290000
1476374911600, 32.340000, 32.340000, 100, 32.400002, 100, -1.370000, -0.450000
1476374914106, 32.340000, 32.340000, 100, 32.400002, 100, -1.370000, -0.450000
1476374915593, 32.340000, 32.340000, 100, 32.400002, 200, -1.370000, -0.450000
1476374918087, 32.340000, 32.340000, 100, 32.400002, 200, -1.370000, -0.450000
1476374920087, 32.340000, 32.340000, 100, 32.400002, 200, -1.370000, -0.450000
1476374922087, 32.340000, 32.340000, 100, 32.400002, 200, -1.370000, -0.450000
1476374924087, 32.340000, 32.340000, 100, 32.400002, 200, -1.370000, -0.450000
1476374926077, 32.340000, 32.340000, 100, 32.400002, 200, -1.370000, -0.450000
1476374928114, 32.340000, 32.340000, 100, 32.400002, 300, -1.370000, -0.450000
1476374929599, 32.340000, 32.340000, 100, 32.400002, 300, -1.370000, -0.450000
1476374932092, 32.340000, 32.340000, 100, 32.400002, 300, -1.370000, -0.450000
1476374934088, 32.340000, 32.340000, 100, 32.400002, 300, -1.370000, -0.450000
1476374936082, 32.340000, 32.340000, 100, 32.400002, 300, -1.370000, -0.450000
1476374937597, 32.340000, 32.340000, 100, 32.400002, 300, -1.370000, -0.450000
1476374940087, 32.340000, 32.340000, 100, 32.400002, 300, -1.370000, -0.450000
1476374942099, 32.340000, 32.340000, 100, 32.400002, 300, -1.370000, -0.450000
1476374944104, 32.340000, 32.340000, 100, 32.400002, 300, -1.370000, -0.450000
1476374946145, 32.340000, 32.340000, 100, 32.400002, 100, -1.370000, -0.450000
1476374948100, 32.340000, 32.340000, 200, 32.400002, 100, -1.370000, -0.450000
1476374950102, 32.340000, 32.340000, 200, 32.400002, 100, -1.370000, -0.450000
1476374952097, 32.340000, 32.340000, 100, 32.400002, 100, -1.370000, -0.450000
1476374954105, 32.340000, 32.340000, 100, 32.400002, 200, -1.370000, -0.450000
1476374956112, 32.340000, 32.349998, 100, 32.400002, 200, -1.370000, -0.450000
1476374957610, 32.340000, 32.349998, 100, 32.400002, 200, -1.370000, -0.450000
1476374960100, 32.340000, 32.349998, 100, 32.400002, 200, -1.370000, -0.450000
1476374962108, 32.340000, 32.349998, 100, 32.400002, 200, -1.370000, -0.450000
1476374964149, 32.340000, 32.349998, 100, 32.400002, 200, -1.370000, -0.450000
1476374966109, 32.340000, 32.349998, 100, 32.400002, 200, -1.370000, -0.450000
1476374968112, 32.340000, 32.349998, 100, 32.400002, 200, -1.370000, -0.450000
1476374970109, 32.340000, 32.349998, 100, 32.400002, 200, -1.370000, -0.450000
1476374971628, 32.340000, 32.349998, 100, 32.400002, 200, -1.370000, -0.450000
1476374974129, 32.400002, 32.349998, 100, 32.400002, 200, -1.190000, -0.390000
1476374975604, 32.400002, 32.349998, 100, 32.400002, 200, -1.190000, -0.390000
1476374978165, 32.400002, 32.349998, 100, 32.400002, 200, -1.190000, -0.390000
1476374980014, 32.400002, 32.349998, 100, 32.400002, 200, -1.190000, -0.390000
1476374982016, 32.400002, 32.349998, 100, 32.400002, 200, -1.190000, -0.390000
1476374984012, 32.400002, 32.349998, 100, 32.400002, 200, -1.190000, -0.390000
1476374986018, 32.400002, 32.349998, 100, 32.400002, 200, -1.190000, -0.390000
1476374988018, 32.400002, 32.349998, 100, 32.400002, 200, -1.190000, -0.390000
1476374989023, 32.400002, 32.349998, 100, 32.400002, 200, -1.190000, -0.390000
1476374992019, 32.400002, 32.349998, 100, 32.400002, 200, -1.190000, -0.390000
1476374993517, 32.400002, 32.349998, 100, 32.400002, 200, -1.190000, -0.390000
1476374996014, 32.400002, 32.349998, 100, 32.400002, 200, -1.190000, -0.390000
1476374997524, 32.400002, 32.349998, 100, 32.400002, 200, -1.190000, -0.390000
1476375000020, 32.400002, 32.349998, 100, 32.400002, 200, -1.190000, -0.390000
1476375002023, 32.360001, 32.349998, 100, 32.400002, 200, -1.310000, -0.430000
1476375004036, 32.360001, 32.349998, 100, 32.400002, 200, -1.310000, -0.430000
1476375004536, 32.360001, 32.349998, 100, 32.400002, 200, -1.310000, -0.430000
1476375008020, 32.360001, 32.349998, 100, 32.400002, 200, -1.310000, -0.430000
1476375010020, 32.360001, 32.349998, 100, 32.400002, 200, -1.310000, -0.430000
1476375012029, 32.360001, 32.349998, 100, 32.400002, 200, -1.310000, -0.430000
1476375013522, 32.360001, 32.349998, 100, 32.400002, 200, -1.310000, -0.430000
1476375016023, 32.360001, 32.369999, 100, 32.400002, 200, -1.310000, -0.430000
1476375018063, 32.360001, 32.369999, 100, 32.400002, 200, -1.310000, -0.430000
1476375020026, 32.360001, 32.369999, 100, 32.400002, 100, -1.310000, -0.430000
1476375021592, 32.360001, 32.369999, 100, 32.400002, 100, -1.310000, -0.430000
1476375024033, 32.360001, 32.369999, 100, 32.400002, 100, -1.310000, -0.430000
1476375026034, 32.360001, 32.369999, 300, 32.400002, 100, -1.310000, -0.430000
1476375028027, 32.360001, 32.369999, 300, 32.400002, 100, -1.310000, -0.430000
1476375030031, 32.360001, 32.369999, 300, 32.400002, 100, -1.310000, -0.430000
1476375032033, 32.400002, 32.369999, 300, 32.410000, 200, -1.190000, -0.390000
1476375034034, 32.400002, 32.380001, 100, 32.410000, 100, -1.190000, -0.390000
1476375035035, 32.400002, 32.380001, 100, 32.410000, 100, -1.190000, -0.390000
1476375038035, 32.369999, 32.369999, 100, 32.400002, 200, -1.280000, -0.420000
1476375040031, 32.369999, 32.369999, 100, 32.400002, 100, -1.280000, -0.420000
1476375042035, 32.369999, 32.369999, 100, 32.400002, 100, -1.280000, -0.420000
1476375044035, 32.369999, 32.369999, 100, 32.400002, 100, -1.280000, -0.420000
1476375046071, 32.369999, 32.369999, 100, 32.400002, 100, -1.280000, -0.420000
1476375048024, 32.369999, 32.369999, 100, 32.400002, 100, -1.280000, -0.420000
1476375049589, 32.369999, 32.369999, 100, 32.400002, 100, -1.280000, -0.420000
1476375051529, 32.369999, 32.369999, 100, 32.400002, 100, -1.280000, -0.420000
1476375054039, 32.369999, 32.369999, 100, 32.400002, 100, -1.280000, -0.420000
1476375056036, 32.369999, 32.369999, 100, 32.400002, 100, -1.280000, -0.420000
1476375058041, 32.369999, 32.369999, 100, 32.400002, 100, -1.280000, -0.420000
1476375060072, 32.369999, 32.369999, 100, 32.400002, 100, -1.280000, -0.420000
1476375062038, 32.369999, 32.369999, 100, 32.400002, 100, -1.280000, -0.420000
1476375064046, 32.369999, 32.369999, 100, 32.400002, 100, -1.280000, -0.420000
1476375066046, 32.369999, 32.369999, 100, 32.400002, 100, -1.280000, -0.420000
1476375066547, 32.369999, 32.369999, 100, 32.400002, 100, -1.280000, -0.420000
1476375070043, 32.369999, 32.369999, 100, 32.400002, 100, -1.280000, -0.420000
1476375072536, 32.369999, 32.369999, 100, 32.400002, 100, -1.280000, -0.420000
1476375074094, 32.369999, 32.369999, 100, 32.400002, 100, -1.280000, -0.420000
1476375074557, 32.369999, 32.369999, 100, 32.400002, 100, -1.280000, -0.420000
1476375076554, 32.369999, 32.369999, 100, 32.400002, 100, -1.280000, -0.420000
1476375080056, 32.369999, 32.369999, 100, 32.400002, 100, -1.280000, -0.420000
1476375082545, 32.369999, 32.369999, 100, 32.400002, 100, -1.280000, -0.420000
1476375083555, 32.369999, 32.369999, 100, 32.400002, 100, -1.280000, -0.420000
1476375086548, 32.369999, 32.369999, 100, 32.400002, 100, -1.280000, -0.420000
1476375088544, 32.369999, 32.369999, 100, 32.400002, 100, -1.280000, -0.420000
1476375089559, 32.369999, 32.369999, 100, 32.400002, 100, -1.280000, -0.420000
1476375092046, 32.369999, 32.369999, 100, 32.400002, 100, -1.280000, -0.420000
1476375094551, 32.369999, 32.369999, 100, 32.400002, 100, -1.280000, -0.420000
1476375096046, 32.369999, 32.369999, 100, 32.400002, 100, -1.280000, -0.420000
1476375097059, 32.369999, 32.369999, 100, 32.400002, 100, -1.280000, -0.420000
1476375100059, 32.369999, 32.369999, 100, 32.400002, 100, -1.280000, -0.420000
1476375102558, 32.369999, 32.369999, 100, 32.400002, 100, -1.280000, -0.420000
1476375104089, 32.369999, 32.369999, 100, 32.400002, 100, -1.280000, -0.420000
1476375106060, 32.369999, 32.369999, 100, 32.400002, 100, -1.280000, -0.420000
1476375108057, 32.369999, 32.369999, 100, 32.400002, 100, -1.280000, -0.420000
1476375110055, 32.380001, 32.369999, 100, 32.389999, 100, -1.250000, -0.410000
1476375112567, 32.380001, 32.369999, 100, 32.389999, 100, -1.250000, -0.410000
1476375114057, 32.380001, 32.369999, 100, 32.389999, 100, -1.250000, -0.410000
1476375116049, 32.380001, 32.369999, 100, 32.389999, 100, -1.250000, -0.410000
1476375118560, 32.380001, 32.369999, 100, 32.389999, 100, -1.250000, -0.410000
1476375120093, 32.380001, 32.369999, 100, 32.389999, 100, -1.250000, -0.410000
1476375122050, 32.380001, 32.369999, 100, 32.389999, 100, -1.250000, -0.410000
1476375123629, 32.380001, 32.340000, 100, 32.380001, 200, -1.250000, -0.410000
1476375126073, 32.380001, 32.340000, 100, 32.380001, 200, -1.250000, -0.410000
1476375128563, 32.380001, 32.330002, 100, 32.380001, 200, -1.250000, -0.410000
1476375130068, 32.380001, 32.330002, 100, 32.380001, 200, -1.250000, -0.410000
1476375132564, 32.380001, 32.330002, 100, 32.380001, 200, -1.250000, -0.410000
1476375134069, 32.380001, 32.330002, 100, 32.380001, 200, -1.250000, -0.410000
1476375136062, 32.380001, 32.330002, 100, 32.380001, 200, -1.250000, -0.410000
1476375138067, 32.380001, 32.330002, 100, 32.380001, 200, -1.250000, -0.410000
1476375140061, 32.380001, 32.330002, 100, 32.380001, 200, -1.250000, -0.410000
1476375142556, 32.380001, 32.330002, 100, 32.380001, 200, -1.250000, -0.410000
1476375144577, 32.380001, 32.330002, 100, 32.380001, 200, -1.250000, -0.410000
1476375146574, 32.380001, 32.330002, 100, 32.380001, 200, -1.250000, -0.410000
1476375148077, 32.380001, 32.330002, 100, 32.380001, 200, -1.250000, -0.410000
1476375150080, 32.380001, 32.330002, 100, 32.380001, 200, -1.250000, -0.410000
1476375151612, 32.380001, 32.330002, 100, 32.380001, 200, -1.250000, -0.410000
1476375154572, 32.380001, 32.330002, 100, 32.380001, 200, -1.250000, -0.410000
1476375156072, 32.380001, 32.330002, 100, 32.380001, 200, -1.250000, -0.410000
1476375158578, 32.380001, 32.330002, 100, 32.380001, 200, -1.250000, -0.410000
1476375160053, 32.380001, 32.330002, 100, 32.380001, 200, -1.250000, -0.410000
1476375162577, 32.380001, 32.330002, 100, 32.380001, 200, -1.250000, -0.410000
1476375164078, 32.380001, 32.330002, 100, 32.380001, 200, -1.250000, -0.410000
1476375165102, 32.380001, 32.330002, 100, 32.380001, 200, -1.250000, -0.410000
1476375168100, 32.380001, 32.330002, 100, 32.380001, 200, -1.250000, -0.410000
1476375170572, 32.380001, 32.330002, 100, 32.380001, 200, -1.250000, -0.410000
1476375172076, 32.380001, 32.330002, 100, 32.380001, 200, -1.250000, -0.410000
1476375174571, 32.380001, 32.330002, 100, 32.380001, 200, -1.250000, -0.410000
1476375176584, 32.380001, 32.330002, 100, 32.380001, 200, -1.250000, -0.410000
1476375178582, 32.380001, 32.330002, 100, 32.380001, 200, -1.250000, -0.410000
1476375180572, 32.380001, 32.330002, 100, 32.380001, 200, -1.250000, -0.410000
1476375182092, 32.380001, 32.330002, 100, 32.380001, 200, -1.250000, -0.410000
1476375184090, 32.380001, 32.330002, 100, 32.380001, 200, -1.250000, -0.410000
1476375186089, 32.380001, 32.330002, 100, 32.380001, 200, -1.250000, -0.410000
1476375188578, 32.380001, 32.330002, 100, 32.380001, 200, -1.250000, -0.410000
1476375190582, 32.380001, 32.330002, 100, 32.380001, 200, -1.250000, -0.410000
1476375192592, 32.380001, 32.330002, 100, 32.380001, 200, -1.250000, -0.410000
1476375194077, 32.380001, 32.330002, 100, 32.380001, 200, -1.250000, -0.410000
1476375196601, 32.380001, 32.330002, 100, 32.380001, 200, -1.250000, -0.410000
1476375198595, 32.380001, 32.330002, 100, 32.380001, 200, -1.250000, -0.410000
1476375200599, 32.380001, 32.330002, 100, 32.380001, 200, -1.250000, -0.410000
1476375202605, 32.330002, 32.310001, 100, 32.369999, 100, -1.400000, -0.460000
1476375204588, 32.330002, 32.299999, 100, 32.369999, 200, -1.400000, -0.460000
1476375206594, 32.330002, 32.299999, 100, 32.369999, 300, -1.400000, -0.460000
1476375208107, 32.330002, 32.299999, 200, 32.369999, 300, -1.400000, -0.460000
1476375209142, 32.330002, 32.299999, 200, 32.369999, 300, -1.400000, -0.460000
1476375212097, 32.330002, 32.310001, 300, 32.369999, 300, -1.400000, -0.460000
1476375214592, 32.330002, 32.310001, 300, 32.369999, 300, -1.400000, -0.460000
1476375216590, 32.330002, 32.310001, 300, 32.369999, 300, -1.400000, -0.460000
1476375218094, 32.330002, 32.310001, 300, 32.369999, 300, -1.400000, -0.460000
1476375220602, 32.330002, 32.310001, 300, 32.369999, 300, -1.400000, -0.460000
1476375222609, 32.330002, 32.310001, 300, 32.369999, 300, -1.400000, -0.460000
1476375224594, 32.330002, 32.310001, 300, 32.369999, 300, -1.400000, -0.460000
1476375226601, 32.330002, 32.310001, 100, 32.369999, 300, -1.400000, -0.460000
1476375228587, 32.330002, 32.279999, 100, 32.349998, 100, -1.400000, -0.460000
1476375230599, 32.330002, 32.290001, 200, 32.360001, 100, -1.400000, -0.460000
1476375232096, 32.330002, 32.290001, 200, 32.360001, 100, -1.400000, -0.460000
1476375234596, 32.330002, 32.290001, 300, 32.360001, 100, -1.400000, -0.460000
1476375236619, 32.330002, 32.320000, 100, 32.369999, 200, -1.400000, -0.460000
1476375237655, 32.330002, 32.320000, 100, 32.369999, 200, -1.400000, -0.460000
1476375240590, 32.330002, 32.320000, 100, 32.369999, 200, -1.400000, -0.460000
1476375242617, 32.330002, 32.310001, 100, 32.360001, 100, -1.400000, -0.460000
1476375244604, 32.330002, 32.310001, 100, 32.360001, 100, -1.400000, -0.460000
1476375246607, 32.330002, 32.299999, 100, 32.360001, 100, -1.400000, -0.460000
1476375248593, 32.330002, 32.299999, 100, 32.360001, 100, -1.400000, -0.460000
1476375250103, 32.330002, 32.299999, 100, 32.360001, 100, -1.400000, -0.460000
1476375252601, 32.330002, 32.299999, 100, 32.360001, 200, -1.400000, -0.460000
1476375254593, 32.299999, 32.279999, 100, 32.340000, 200, -1.490000, -0.490000
1476375256113, 32.299999, 32.270000, 100, 32.340000, 200, -1.490000, -0.490000
1476375258594, 32.299999, 32.270000, 200, 32.340000, 200, -1.490000, -0.490000
1476375260591, 32.299999, 32.270000, 200, 32.340000, 200, -1.490000, -0.490000
1476375262615, 32.299999, 32.270000, 100, 32.340000, 200, -1.490000, -0.490000
1476375264611, 32.299999, 32.270000, 100, 32.340000, 200, -1.490000, -0.490000
1476375266117, 32.299999, 32.270000, 200, 32.340000, 300, -1.490000, -0.490000
1476375268617, 32.299999, 32.290001, 200, 32.340000, 200, -1.490000, -0.490000
1476375270130, 32.299999, 32.290001, 200, 32.340000, 100, -1.490000, -0.490000
1476375272116, 32.340000, 32.310001, 200, 32.349998, 300, -1.370000, -0.450000
1476375274614, 32.340000, 32.310001, 200, 32.349998, 100, -1.370000, -0.450000
1476375276608, 32.340000, 32.310001, 200, 32.360001, 400, -1.370000, -0.450000
1476375278617, 32.340000, 32.310001, 200, 32.360001, 400, -1.370000, -0.450000
1476375280111, 32.340000, 32.310001, 200, 32.360001, 400, -1.370000, -0.450000
1476375281616, 32.334999, 32.310001, 200, 32.360001, 400, -1.390000, -0.455000
1476375284129, 32.334999, 32.320000, 100, 32.360001, 300, -1.390000, -0.455000
1476375286279, 32.334999, 32.320000, 100, 32.360001, 200, -1.390000, -0.455000
1476375288020, 32.334999, 32.320000, 100, 32.360001, 200, -1.390000, -0.455000
1476375290519, 32.334999, 32.320000, 100, 32.360001, 200, -1.390000, -0.455000
1476375292517, 32.334999, 32.320000, 100, 32.360001, 200, -1.390000, -0.455000
1476375294516, 32.334999, 32.320000, 100, 32.360001, 200, -1.390000, -0.455000
1476375296556, 32.334999, 32.320000, 100, 32.360001, 200, -1.390000, -0.455000
1476375298519, 32.334999, 32.320000, 100, 32.360001, 200, -1.390000, -0.455000
1476375300517, 32.334999, 32.320000, 100, 32.360001, 200, -1.390000, -0.455000
1476375302517, 32.334999, 32.320000, 100, 32.360001, 200, -1.390000, -0.455000
1476375303024, 32.334999, 32.320000, 100, 32.360001, 200, -1.390000, -0.455000
1476375306019, 32.340000, 32.330002, 100, 32.360001, 300, -1.370000, -0.450000
1476375308518, 32.340000, 32.330002, 100, 32.360001, 300, -1.370000, -0.450000
1476375310521, 32.340000, 32.330002, 100, 32.360001, 300, -1.370000, -0.450000
1476375312521, 32.340000, 32.330002, 100, 32.360001, 300, -1.370000, -0.450000
1476375314531, 32.340000, 32.330002, 100, 32.360001, 300, -1.370000, -0.450000
1476375316522, 32.340000, 32.330002, 100, 32.360001, 300, -1.370000, -0.450000
1476375318536, 32.340000, 32.320000, 100, 32.360001, 300, -1.370000, -0.450000
1476375320535, 32.340000, 32.320000, 100, 32.360001, 300, -1.370000, -0.450000
1476375322022, 32.340000, 32.320000, 100, 32.360001, 300, -1.370000, -0.450000
1476375324573, 32.340000, 32.320000, 100, 32.360001, 300, -1.370000, -0.450000
1476375326530, 32.340000, 32.320000, 100, 32.360001, 300, -1.370000, -0.450000
1476375328077, 32.340000, 32.320000, 100, 32.360001, 300, -1.370000, -0.450000
1476375330527, 32.340000, 32.320000, 100, 32.360001, 300, -1.370000, -0.450000
1476375332022, 32.340000, 32.320000, 100, 32.360001, 300, -1.370000, -0.450000
1476375334531, 32.340000, 32.320000, 100, 32.360001, 300, -1.370000, -0.450000
1476375336531, 32.340000, 32.320000, 100, 32.360001, 300, -1.370000, -0.450000
1476375338563, 32.340000, 32.320000, 100, 32.360001, 300, -1.370000, -0.450000
1476375340033, 32.340000, 32.320000, 100, 32.360001, 300, -1.370000, -0.450000
1476375342034, 32.340000, 32.320000, 100, 32.360001, 300, -1.370000, -0.450000
1476375344539, 32.340000, 32.330002, 100, 32.360001, 300, -1.370000, -0.450000
1476375346034, 32.340000, 32.330002, 100, 32.360001, 300, -1.370000, -0.450000
1476375348532, 32.340000, 32.330002, 100, 32.360001, 300, -1.370000, -0.450000
1476375350530, 32.340000, 32.330002, 100, 32.360001, 300, -1.370000, -0.450000
1476375352534, 32.340000, 32.330002, 100, 32.360001, 300, -1.370000, -0.450000
1476375354544, 32.340000, 32.330002, 100, 32.360001, 300, -1.370000, -0.450000
1476375356525, 32.340000, 32.330002, 100, 32.360001, 300, -1.370000, -0.450000
1476375358542, 32.340000, 32.330002, 100, 32.360001, 300, -1.370000, -0.450000
1476375360543, 32.340000, 32.330002, 100, 32.360001, 300, -1.370000, -0.450000
1476375362543, 32.340000, 32.330002, 100, 32.360001, 400, -1.370000, -0.450000
1476375364045, 32.340000, 32.330002, 100, 32.360001, 400, -1.370000, -0.450000
1476375365035, 32.340000, 32.330002, 100, 32.360001, 400, -1.370000, -0.450000
1476375368547, 32.340000, 32.330002, 100, 32.360001, 400, -1.370000, -0.450000
1476375370552, 32.340000, 32.330002, 100, 32.360001, 400, -1.370000, -0.450000
1476375372560, 32.340000, 32.330002, 100, 32.360001, 400, -1.370000, -0.450000
1476375374546, 32.340000, 32.330002, 100, 32.360001, 400, -1.370000, -0.450000
1476375375037, 32.340000, 32.330002, 100, 32.360001, 400, -1.370000, -0.450000
1476375378541, 32.290001, 32.270000, 100, 32.320000, 300, -1.520000, -0.500000
1476375380049, 32.290001, 32.259998, 100, 32.320000, 300, -1.520000, -0.500000
1476375382538, 32.290001, 32.259998, 100, 32.320000, 300, -1.520000, -0.500000
1476375384055, 32.290001, 32.259998, 100, 32.320000, 300, -1.520000, -0.500000
1476375386575, 32.290001, 32.270000, 300, 32.320000, 300, -1.520000, -0.500000
1476375388045, 32.290001, 32.270000, 300, 32.320000, 300, -1.520000, -0.500000
1476375390545, 32.290001, 32.270000, 300, 32.320000, 300, -1.520000, -0.500000
1476375392555, 32.290001, 32.270000, 100, 32.320000, 300, -1.520000, -0.500000
1476375394549, 32.290001, 32.270000, 100, 32.320000, 300, -1.520000, -0.500000
1476375396557, 32.290001, 32.270000, 100, 32.320000, 300, -1.520000, -0.500000
1476375398592, 32.290001, 32.270000, 100, 32.320000, 300, -1.520000, -0.500000
1476375400563, 32.290001, 32.270000, 100, 32.320000, 300, -1.520000, -0.500000
1476375402552, 32.290001, 32.270000, 100, 32.320000, 300, -1.520000, -0.500000
1476375404552, 32.290001, 32.270000, 100, 32.320000, 300, -1.520000, -0.500000
1476375406554, 32.290001, 32.270000, 100, 32.320000, 300, -1.520000, -0.500000
1476375408559, 32.290001, 32.270000, 100, 32.320000, 300, -1.520000, -0.500000
1476375410555, 32.290001, 32.270000, 100, 32.320000, 300, -1.520000, -0.500000
1476375412597, 32.290001, 32.270000, 100, 32.320000, 300, -1.520000, -0.500000
1476375414561, 32.290001, 32.270000, 100, 32.320000, 300, -1.520000, -0.500000
1476375416564, 32.290001, 32.270000, 100, 32.320000, 300, -1.520000, -0.500000
1476375417557, 32.290001, 32.270000, 100, 32.320000, 300, -1.520000, -0.500000
1476375420564, 32.290001, 32.270000, 100, 32.320000, 300, -1.520000, -0.500000
1476375421560, 32.290001, 32.270000, 100, 32.320000, 300, -1.520000, -0.500000
1476375424563, 32.290001, 32.270000, 100, 32.320000, 300, -1.520000, -0.500000
1476375426067, 32.290001, 32.270000, 100, 32.320000, 400, -1.520000, -0.500000
1476375428626, 32.290001, 32.270000, 100, 32.320000, 400, -1.520000, -0.500000
1476375430559, 32.290001, 32.270000, 100, 32.320000, 400, -1.520000, -0.500000
1476375432554, 32.290001, 32.270000, 100, 32.320000, 400, -1.520000, -0.500000
1476375434563, 32.290001, 32.270000, 100, 32.320000, 400, -1.520000, -0.500000
1476375436565, 32.290001, 32.270000, 100, 32.320000, 400, -1.520000, -0.500000
1476375438557, 32.290001, 32.270000, 100, 32.320000, 400, -1.520000, -0.500000
1476375440073, 32.290001, 32.270000, 100, 32.320000, 400, -1.520000, -0.500000
1476375442071, 32.290001, 32.270000, 100, 32.320000, 400, -1.520000, -0.500000
1476375443068, 32.290001, 32.270000, 100, 32.320000, 400, -1.520000, -0.500000
1476375446572, 32.290001, 32.270000, 100, 32.320000, 400, -1.520000, -0.500000
1476375448563, 32.290001, 32.270000, 100, 32.320000, 400, -1.520000, -0.500000
1476375450114, 32.290001, 32.270000, 100, 32.320000, 400, -1.520000, -0.500000
1476375452071, 32.290001, 32.270000, 100, 32.320000, 400, -1.520000, -0.500000
1476375454576, 32.290001, 32.270000, 100, 32.320000, 400, -1.520000, -0.500000
1476375456075, 32.290001, 32.270000, 100, 32.320000, 400, -1.520000, -0.500000
1476375458581, 32.290001, 32.270000, 100, 32.320000, 400, -1.520000, -0.500000
1476375460583, 32.290001, 32.270000, 100, 32.320000, 400, -1.520000, -0.500000
1476375462598, 32.290001, 32.270000, 100, 32.320000, 400, -1.520000, -0.500000
1476375464564, 32.290001, 32.270000, 100, 32.320000, 400, -1.520000, -0.500000
1476375466082, 32.290001, 32.270000, 100, 32.320000, 400, -1.520000, -0.500000
1476375468584, 32.290001, 32.270000, 100, 32.320000, 400, -1.520000, -0.500000
1476375470602, 32.290001, 32.270000, 100, 32.320000, 400, -1.520000, -0.500000
1476375472581, 32.290001, 32.270000, 100, 32.320000, 400, -1.520000, -0.500000
1476375474572, 32.290001, 32.270000, 100, 32.320000, 400, -1.520000, -0.500000
1476375476630, 32.290001, 32.250000, 100, 32.310001, 200, -1.520000, -0.500000
1476375478580, 32.290001, 32.250000, 100, 32.310001, 200, -1.520000, -0.500000
1476375480575, 32.290001, 32.259998, 300, 32.310001, 200, -1.520000, -0.500000
1476375482584, 32.290001, 32.259998, 300, 32.310001, 200, -1.520000, -0.500000
1476375484075, 32.290001, 32.259998, 400, 32.310001, 200, -1.520000, -0.500000
1476375486592, 32.290001, 32.259998, 300, 32.310001, 200, -1.520000, -0.500000
1476375488592, 32.290001, 32.259998, 300, 32.310001, 200, -1.520000, -0.500000
1476375490598, 32.290001, 32.259998, 100, 32.310001, 200, -1.520000, -0.500000
1476375492586, 32.290001, 32.250000, 100, 32.310001, 200, -1.520000, -0.500000
1476375494587, 32.290001, 32.250000, 100, 32.310001, 200, -1.520000, -0.500000
1476375495083, 32.290001, 32.250000, 100, 32.310001, 200, -1.520000, -0.500000
1476375498593, 32.290001, 32.250000, 100, 32.310001, 200, -1.520000, -0.500000
1476375500590, 32.290001, 32.250000, 100, 32.310001, 200, -1.520000, -0.500000
1476375502634, 32.290001, 32.250000, 100, 32.310001, 200, -1.520000, -0.500000
1476375503133, 32.290001, 32.259998, 100, 32.310001, 200, -1.520000, -0.500000
1476375506597, 32.290001, 32.259998, 100, 32.310001, 200, -1.520000, -0.500000
1476375508593, 32.259998, 32.270000, 100, 32.310001, 200, -1.620000, -0.530000
1476375510601, 32.259998, 32.270000, 100, 32.310001, 200, -1.620000, -0.530000
1476375512597, 32.259998, 32.270000, 100, 32.310001, 200, -1.620000, -0.530000
1476375514630, 32.259998, 32.270000, 100, 32.310001, 200, -1.620000, -0.530000
1476375515643, 32.259998, 32.270000, 100, 32.310001, 200, -1.620000, -0.530000
1476375518609, 32.259998, 32.270000, 100, 32.310001, 200, -1.620000, -0.530000
1476375520605, 32.259998, 32.279999, 100, 32.310001, 100, -1.620000, -0.530000
1476375522600, 32.259998, 32.279999, 100, 32.310001, 100, -1.620000, -0.530000
1476375524106, 32.259998, 32.279999, 100, 32.310001, 100, -1.620000, -0.530000
1476375526591, 32.259998, 32.279999, 100, 32.310001, 100, -1.620000, -0.530000
1476375528589, 32.259998, 32.279999, 100, 32.310001, 200, -1.620000, -0.530000
1476375530670, 32.259998, 32.279999, 100, 32.310001, 200, -1.620000, -0.530000
1476375532604, 32.259998, 32.279999, 100, 32.310001, 200, -1.620000, -0.530000
1476375534599, 32.259998, 32.279999, 100, 32.310001, 200, -1.620000, -0.530000
1476375536628, 32.320000, 32.279999, 100, 32.320000, 300, -1.430000, -0.470000
1476375538614, 32.320000, 32.279999, 100, 32.320000, 300, -1.430000, -0.470000
1476375540603, 32.320000, 32.279999, 200, 32.320000, 300, -1.430000, -0.470000
1476375542613, 32.320000, 32.279999, 200, 32.320000, 300, -1.430000, -0.470000
1476375544641, 32.320000, 32.279999, 200, 32.320000, 300, -1.430000, -0.470000
1476375546625, 32.320000, 32.279999, 200, 32.320000, 300, -1.430000, -0.470000
1476375548618, 32.320000, 32.279999, 200, 32.320000, 300, -1.430000, -0.470000
1476375550606, 32.320000, 32.279999, 200, 32.320000, 300, -1.430000, -0.470000
1476375552608, 32.320000, 32.279999, 200, 32.320000, 300, -1.430000, -0.470000
1476375554636, 32.320000, 32.279999, 200, 32.320000, 300, -1.430000, -0.470000
1476375556608, 32.320000, 32.279999, 200, 32.320000, 300, -1.430000, -0.470000
1476375558614, 32.320000, 32.279999, 200, 32.320000, 300, -1.430000, -0.470000
1476375560624, 32.320000, 32.279999, 200, 32.320000, 300, -1.430000, -0.470000
1476375562611, 32.320000, 32.279999, 200, 32.320000, 300, -1.430000, -0.470000
1476375564603, 32.320000, 32.279999, 200, 32.320000, 300, -1.430000, -0.470000
1476375566608, 32.320000, 32.279999, 200, 32.320000, 300, -1.430000, -0.470000
1476375568617, 32.320000, 32.279999, 200, 32.320000, 300, -1.430000, -0.470000
1476375570606, 32.320000, 32.279999, 200, 32.320000, 300, -1.430000, -0.470000
1476375572676, 32.320000, 32.279999, 200, 32.320000, 300, -1.430000, -0.470000
1476375573147, 32.320000, 32.279999, 200, 32.320000, 300, -1.430000, -0.470000
1476375576627, 32.320000, 32.279999, 200, 32.320000, 300, -1.430000, -0.470000
1476375578611, 32.320000, 32.279999, 200, 32.320000, 300, -1.430000, -0.470000
1476375580615, 32.320000, 32.279999, 200, 32.320000, 300, -1.430000, -0.470000
1476375582625, 32.320000, 32.279999, 200, 32.320000, 300, -1.430000, -0.470000
1476375584615, 32.320000, 32.279999, 200, 32.320000, 300, -1.430000, -0.470000
1476375586645, 32.320000, 32.279999, 200, 32.320000, 300, -1.430000, -0.470000
1476375588629, 32.320000, 32.279999, 200, 32.320000, 300, -1.430000, -0.470000
1476375590852, 32.320000, 32.279999, 200, 32.320000, 300, -1.430000, -0.470000
1476375592518, 32.320000, 32.279999, 200, 32.320000, 300, -1.430000, -0.470000
1476375594519, 32.320000, 32.279999, 200, 32.320000, 300, -1.430000, -0.470000
1476375596521, 32.320000, 32.279999, 200, 32.320000, 300, -1.430000, -0.470000
1476375598518, 32.320000, 32.279999, 200, 32.320000, 300, -1.430000, -0.470000
1476375600523, 32.320000, 32.279999, 200, 32.320000, 300, -1.430000, -0.470000
1476375602022, 32.296200, 32.279999, 200, 32.320000, 300, -1.510000, -0.493800
1476375604517, 32.296200, 32.290001, 100, 32.320000, 300, -1.510000, -0.493800
1476375606520, 32.296200, 32.290001, 100, 32.320000, 300, -1.510000, -0.493800
1476375608524, 32.296200, 32.279999, 100, 32.320000, 300, -1.510000, -0.493800
1476375610020, 32.296200, 32.279999, 100, 32.320000, 300, -1.510000, -0.493800
1476375612526, 32.296200, 32.279999, 100, 32.320000, 300, -1.510000, -0.493800
1476375614039, 32.296200, 32.279999, 100, 32.320000, 300, -1.510000, -0.493800
1476375616524, 32.296200, 32.279999, 100, 32.320000, 300, -1.510000, -0.493800
1476375618521, 32.296200, 32.279999, 100, 32.320000, 300, -1.510000, -0.493800
1476375619530, 32.296200, 32.279999, 100, 32.320000, 300, -1.510000, -0.493800
1476375622524, 32.299999, 32.279999, 100, 32.320000, 300, -1.490000, -0.490000
1476375624025, 32.299999, 32.279999, 100, 32.320000, 300, -1.490000, -0.490000
1476375626531, 32.299999, 32.279999, 100, 32.320000, 300, -1.490000, -0.490000
1476375628554, 32.299999, 32.279999, 100, 32.320000, 300, -1.490000, -0.490000
1476375630527, 32.299999, 32.279999, 100, 32.320000, 300, -1.490000, -0.490000
1476375632021, 32.299999, 32.279999, 100, 32.320000, 300, -1.490000, -0.490000
1476375634530, 32.299999, 32.279999, 100, 32.320000, 300, -1.490000, -0.490000
1476375636027, 32.299999, 32.279999, 100, 32.320000, 300, -1.490000, -0.490000
1476375638534, 32.299999, 32.279999, 100, 32.320000, 300, -1.490000, -0.490000
1476375639528, 32.299999, 32.279999, 100, 32.320000, 300, -1.490000, -0.490000
1476375642532, 32.299999, 32.279999, 100, 32.320000, 300, -1.490000, -0.490000
1476375644030, 32.299999, 32.279999, 100, 32.320000, 300, -1.490000, -0.490000
1476375646536, 32.299999, 32.279999, 100, 32.320000, 300, -1.490000, -0.490000
1476375648527, 32.299999, 32.279999, 100, 32.320000, 300, -1.490000, -0.490000
1476375650536, 32.299999, 32.279999, 100, 32.320000, 300, -1.490000, -0.490000
1476375652536, 32.299999, 32.279999, 100, 32.320000, 300, -1.490000, -0.490000
1476375654531, 32.299999, 32.279999, 100, 32.320000, 300, -1.490000, -0.490000
1476375656536, 32.299999, 32.279999, 100, 32.320000, 300, -1.490000, -0.490000
1476375658531, 32.299999, 32.279999, 100, 32.320000, 300, -1.490000, -0.490000
1476375660581, 32.299999, 32.279999, 100, 32.320000, 300, -1.490000, -0.490000
1476375662532, 32.299999, 32.279999, 100, 32.320000, 300, -1.490000, -0.490000
1476375664540, 32.320000, 32.279999, 100, 32.320000, 300, -1.430000, -0.470000
1476375666546, 32.320000, 32.279999, 100, 32.320000, 300, -1.430000, -0.470000
1476375668544, 32.320000, 32.279999, 100, 32.320000, 300, -1.430000, -0.470000
1476375670541, 32.320000, 32.279999, 100, 32.320000, 300, -1.430000, -0.470000
1476375672555, 32.320000, 32.279999, 100, 32.320000, 300, -1.430000, -0.470000
1476375674081, 32.320000, 32.279999, 100, 32.320000, 400, -1.430000, -0.470000
1476375676548, 32.320000, 32.279999, 100, 32.320000, 400, -1.430000, -0.470000
1476375678542, 32.320000, 32.279999, 100, 32.320000, 400, -1.430000, -0.470000
1476375680539, 32.320000, 32.279999, 100, 32.320000, 400, -1.430000, -0.470000
1476375683035, 32.320000, 32.279999, 100, 32.320000, 400, -1.430000, -0.470000
1476375684542, 32.320000, 32.279999, 100, 32.320000, 400, -1.430000, -0.470000
1476375686541, 32.320000, 32.279999, 100, 32.320000, 400, -1.430000, -0.470000
1476375688053, 32.320000, 32.279999, 100, 32.320000, 400, -1.430000, -0.470000
1476375690591, 32.320000, 32.279999, 100, 32.320000, 400, -1.430000, -0.470000
1476375692542, 32.320000, 32.279999, 100, 32.320000, 400, -1.430000, -0.470000
1476375694541, 32.320000, 32.279999, 100, 32.320000, 400, -1.430000, -0.470000
1476375696041, 32.320000, 32.279999, 100, 32.320000, 400, -1.430000, -0.470000
1476375698047, 32.320000, 32.279999, 100, 32.320000, 400, -1.430000, -0.470000
1476375701037, 32.320000, 32.279999, 100, 32.320000, 400, -1.430000, -0.470000
1476375702588, 32.320000, 32.279999, 100, 32.320000, 400, -1.430000, -0.470000
1476375705045, 32.320000, 32.279999, 100, 32.320000, 400, -1.430000, -0.470000
1476375706045, 32.320000, 32.279999, 100, 32.320000, 400, -1.430000, -0.470000
1476375709052, 32.320000, 32.279999, 100, 32.320000, 400, -1.430000, -0.470000
1476375710544, 32.320000, 32.279999, 100, 32.320000, 400, -1.430000, -0.470000
1476375712556, 32.320000, 32.279999, 100, 32.320000, 400, -1.430000, -0.470000
1476375714566, 32.320000, 32.279999, 100, 32.320000, 400, -1.430000, -0.470000
1476375716574, 32.320000, 32.279999, 100, 32.320000, 400, -1.430000, -0.470000
1476375717551, 32.320000, 32.279999, 100, 32.320000, 400, -1.430000, -0.470000
1476375720557, 32.320000, 32.279999, 100, 32.320000, 400, -1.430000, -0.470000
1476375722556, 32.320000, 32.279999, 100, 32.320000, 400, -1.430000, -0.470000
1476375724561, 32.320000, 32.279999, 100, 32.320000, 400, -1.430000, -0.470000
1476375726545, 32.320000, 32.279999, 100, 32.320000, 400, -1.430000, -0.470000
1476375728564, 32.320000, 32.279999, 100, 32.320000, 400, -1.430000, -0.470000
1476375730602, 32.320000, 32.279999, 100, 32.320000, 400, -1.430000, -0.470000
1476375732062, 32.320000, 32.279999, 100, 32.320000, 400, -1.430000, -0.470000
1476375734612, 32.320000, 32.279999, 100, 32.320000, 400, -1.430000, -0.470000
1476375736557, 32.320000, 32.279999, 100, 32.320000, 400, -1.430000, -0.470000
1476375739061, 32.320000, 32.279999, 100, 32.320000, 400, -1.430000, -0.470000
1476375741058, 32.299999, 32.299999, 100, 32.320000, 500, -1.490000, -0.490000
1476375743062, 32.299999, 32.299999, 100, 32.320000, 500, -1.490000, -0.490000
1476375744569, 32.299999, 32.299999, 100, 32.320000, 400, -1.490000, -0.490000
1476375746565, 32.299999, 32.299999, 100, 32.320000, 200, -1.490000, -0.490000
1476375748566, 32.299999, 32.299999, 100, 32.320000, 200, -1.490000, -0.490000
1476375750566, 32.299999, 32.299999, 200, 32.320000, 200, -1.490000, -0.490000
1476375753064, 32.299999, 32.299999, 200, 32.320000, 200, -1.490000, -0.490000
1476375755057, 32.299999, 32.299999, 200, 32.320000, 200, -1.490000, -0.490000
1476375757067, 32.299999, 32.299999, 200, 32.320000, 200, -1.490000, -0.490000
1476375759057, 32.299999, 32.299999, 200, 32.320000, 200, -1.490000, -0.490000
1476375760567, 32.299999, 32.299999, 200, 32.320000, 200, -1.490000, -0.490000
1476375762566, 32.299999, 32.299999, 200, 32.320000, 200, -1.490000, -0.490000
1476375764555, 32.299999, 32.299999, 200, 32.320000, 200, -1.490000, -0.490000
1476375766571, 32.299999, 32.299999, 200, 32.320000, 200, -1.490000, -0.490000
1476375769065, 32.299999, 32.299999, 200, 32.320000, 200, -1.490000, -0.490000
1476375771068, 32.299999, 32.299999, 200, 32.320000, 200, -1.490000, -0.490000
1476375773072, 32.320000, 32.299999, 300, 32.330002, 200, -1.430000, -0.470000
1476375775074, 32.320000, 32.310001, 100, 32.340000, 100, -1.430000, -0.470000
1476375776186, 32.320000, 32.310001, 100, 32.340000, 100, -1.430000, -0.470000
1476375779078, 32.320000, 32.310001, 100, 32.340000, 100, -1.430000, -0.470000
1476375781074, 32.320000, 32.299999, 200, 32.349998, 100, -1.430000, -0.470000
1476375783069, 32.320000, 32.299999, 200, 32.349998, 200, -1.430000, -0.470000
1476375784580, 32.320000, 32.299999, 200, 32.349998, 200, -1.430000, -0.470000
1476375786575, 32.320000, 32.299999, 200, 32.349998, 200, -1.430000, -0.470000
1476375789078, 32.320000, 32.299999, 200, 32.349998, 200, -1.430000, -0.470000
1476375791074, 32.320000, 32.299999, 200, 32.349998, 200, -1.430000, -0.470000
1476375793067, 32.320000, 32.299999, 200, 32.349998, 200, -1.430000, -0.470000
1476375794575, 32.320000, 32.299999, 200, 32.349998, 200, -1.430000, -0.470000
1476375796575, 32.320000, 32.320000, 100, 32.349998, 200, -1.430000, -0.470000
1476375799068, 32.320000, 32.320000, 100, 32.349998, 200, -1.430000, -0.470000
1476375801079, 32.320000, 32.320000, 200, 32.349998, 200, -1.430000, -0.470000
1476375803071, 32.320000, 32.320000, 200, 32.349998, 200, -1.430000, -0.470000
1476375805051, 32.320000, 32.320000, 200, 32.349998, 200, -1.430000, -0.470000
1476375806562, 32.320000, 32.320000, 200, 32.349998, 200, -1.430000, -0.470000
1476375809073, 32.320000, 32.320000, 200, 32.349998, 200, -1.430000, -0.470000
1476375811076, 32.320000, 32.320000, 200, 32.349998, 200, -1.430000, -0.470000
1476375813075, 32.320000, 32.320000, 200, 32.349998, 200, -1.430000, -0.470000
1476375815094, 32.320000, 32.320000, 200, 32.349998, 200, -1.430000, -0.470000
1476375816587, 32.320000, 32.320000, 200, 32.349998, 200, -1.430000, -0.470000
1476375818577, 32.320000, 32.320000, 200, 32.349998, 200, -1.430000, -0.470000
1476375821078, 32.320000, 32.320000, 300, 32.349998, 200, -1.430000, -0.470000
1476375823079, 32.320000, 32.320000, 300, 32.349998, 200, -1.430000, -0.470000
1476375825078, 32.320000, 32.320000, 300, 32.349998, 200, -1.430000, -0.470000
1476375826079, 32.320000, 32.320000, 300, 32.349998, 200, -1.430000, -0.470000
1476375829090, 32.320000, 32.320000, 300, 32.349998, 200, -1.430000, -0.470000
1476375831083, 32.320000, 32.320000, 300, 32.349998, 200, -1.430000, -0.470000
1476375833086, 32.320000, 32.320000, 300, 32.349998, 200, -1.430000, -0.470000
1476375835082, 32.320000, 32.320000, 300, 32.349998, 300, -1.430000, -0.470000
1476375837071, 32.320000, 32.320000, 300, 32.349998, 300, -1.430000, -0.470000
1476375839081, 32.320000, 32.320000, 300, 32.349998, 300, -1.430000, -0.470000
1476375841084, 32.320000, 32.320000, 300, 32.349998, 300, -1.430000, -0.470000
1476375843084, 32.320000, 32.320000, 300, 32.349998, 300, -1.430000, -0.470000
1476375844586, 32.320000, 32.320000, 300, 32.349998, 300, -1.430000, -0.470000
1476375847097, 32.320000, 32.320000, 300, 32.349998, 300, -1.430000, -0.470000
1476375848585, 32.320000, 32.320000, 300, 32.349998, 300, -1.430000, -0.470000
1476375851076, 32.320000, 32.320000, 300, 32.349998, 300, -1.430000, -0.470000
1476375852087, 32.320000, 32.320000, 300, 32.349998, 300, -1.430000, -0.470000
1476375855077, 32.320000, 32.320000, 300, 32.349998, 300, -1.430000, -0.470000
1476375857081, 32.320000, 32.320000, 300, 32.349998, 300, -1.430000, -0.470000
1476375859081, 32.320000, 32.320000, 300, 32.349998, 300, -1.430000, -0.470000
1476375860592, 32.320000, 32.320000, 300, 32.349998, 300, -1.430000, -0.470000
1476375861586, 32.320000, 32.320000, 300, 32.349998, 300, -1.430000, -0.470000
1476375865079, 32.320000, 32.320000, 300, 32.349998, 300, -1.430000, -0.470000
1476375865583, 32.320000, 32.320000, 300, 32.349998, 300, -1.430000, -0.470000
1476375869081, 32.320000, 32.320000, 300, 32.349998, 300, -1.430000, -0.470000
1476375870600, 32.320000, 32.320000, 300, 32.349998, 300, -1.430000, -0.470000
1476375873097, 32.320000, 32.320000, 300, 32.349998, 300, -1.430000, -0.470000
1476375874574, 32.349998, 32.340000, 300, 32.360001, 100, -1.340000, -0.440000
1476375877090, 32.360001, 32.340000, 300, 32.369999, 100, -1.310000, -0.430000
1476375878597, 32.380001, 32.369999, 200, 32.389999, 100, -1.250000, -0.410000
1476375881091, 32.380001, 32.369999, 200, 32.389999, 100, -1.250000, -0.410000
1476375883094, 32.380001, 32.369999, 200, 32.389999, 100, -1.250000, -0.410000
1476375885092, 32.380001, 32.369999, 200, 32.389999, 100, -1.250000, -0.410000
1476375886600, 32.389999, 32.369999, 200, 32.410000, 100, -1.220000, -0.400000
1476375888598, 32.389999, 32.369999, 200, 32.400002, 100, -1.220000, -0.400000
1476375891107, 32.389999, 32.369999, 200, 32.400002, 100, -1.220000, -0.400000
1476375893113, 32.389999, 32.369999, 200, 32.400002, 100, -1.220000, -0.400000
1476375895103, 32.389999, 32.380001, 100, 32.410000, 100, -1.220000, -0.400000
1476375897101, 32.389999, 32.380001, 100, 32.410000, 100, -1.220000, -0.400000
1476375899096, 32.389999, 32.380001, 100, 32.410000, 100, -1.220000, -0.400000
1476375901101, 32.389999, 32.380001, 100, 32.410000, 100, -1.220000, -0.400000
1476375903115, 32.389999, 32.380001, 100, 32.410000, 100, -1.220000, -0.400000
1476375905105, 32.389999, 32.380001, 100, 32.410000, 100, -1.220000, -0.400000
1476375906602, 32.389999, 32.380001, 100, 32.410000, 100, -1.220000, -0.400000
1476375909018, 32.389999, 32.380001, 100, 32.410000, 100, -1.220000, -0.400000
1476375911030, 32.389999, 32.380001, 100, 32.410000, 100, -1.220000, -0.400000
1476375913009, 32.389999, 32.380001, 100, 32.410000, 200, -1.220000, -0.400000
1476375915012, 32.389999, 32.380001, 100, 32.410000, 200, -1.220000, -0.400000
1476375917015, 32.389999, 32.380001, 100, 32.410000, 200, -1.220000, -0.400000
1476375919016, 32.389999, 32.380001, 100, 32.410000, 200, -1.220000, -0.400000
1476375920514, 32.389999, 32.380001, 100, 32.410000, 200, -1.220000, -0.400000
1476375923014, 32.389999, 32.380001, 200, 32.410000, 200, -1.220000, -0.400000
1476375925015, 32.389999, 32.380001, 200, 32.410000, 200, -1.220000, -0.400000
1476375927017, 32.389999, 32.380001, 200, 32.410000, 200, -1.220000, -0.400000
1476375929019, 32.389999, 32.380001, 200, 32.410000, 200, -1.220000, -0.400000
1476375931018, 32.389999, 32.380001, 200, 32.410000, 200, -1.220000, -0.400000
1476375933020, 32.389999, 32.380001, 200, 32.410000, 200, -1.220000, -0.400000
1476375935026, 32.369999, 32.349998, 200, 32.369999, 100, -1.280000, -0.420000
1476375936552, 32.369999, 32.340000, 100, 32.369999, 100, -1.280000, -0.420000
1476375938522, 32.369999, 32.340000, 100, 32.369999, 100, -1.280000, -0.420000
1476375941018, 32.369999, 32.330002, 200, 32.380001, 100, -1.280000, -0.420000
1476375941530, 32.369999, 32.330002, 200, 32.380001, 100, -1.280000, -0.420000
1476375945044, 32.369999, 32.330002, 200, 32.380001, 100, -1.280000, -0.420000
1476375946020, 32.369999, 32.330002, 200, 32.380001, 100, -1.280000, -0.420000
1476375949027, 32.369999, 32.330002, 200, 32.380001, 100, -1.280000, -0.420000
1476375951025, 32.369999, 32.330002, 200, 32.380001, 100, -1.280000, -0.420000
1476375953039, 32.369999, 32.340000, 100, 32.380001, 100, -1.280000, -0.420000
1476375954534, 32.369999, 32.340000, 100, 32.380001, 100, -1.280000, -0.420000
1476375957027, 32.369999, 32.340000, 100, 32.380001, 100, -1.280000, -0.420000
1476375958554, 32.369999, 32.340000, 100, 32.380001, 100, -1.280000, -0.420000
1476375961046, 32.369999, 32.340000, 100, 32.380001, 200, -1.280000, -0.420000
1476375963034, 32.369999, 32.330002, 200, 32.380001, 200, -1.280000, -0.420000
1476375964564, 32.369999, 32.330002, 200, 32.380001, 200, -1.280000, -0.420000
1476375967031, 32.369999, 32.330002, 200, 32.380001, 200, -1.280000, -0.420000
1476375969037, 32.369999, 32.330002, 200, 32.380001, 200, -1.280000, -0.420000
1476375971030, 32.369999, 32.330002, 200, 32.380001, 200, -1.280000, -0.420000
1476375973053, 32.369999, 32.330002, 200, 32.380001, 200, -1.280000, -0.420000
1476375975032, 32.369999, 32.330002, 200, 32.380001, 200, -1.280000, -0.420000
1476375977039, 32.369999, 32.330002, 200, 32.380001, 200, -1.280000, -0.420000
1476375979042, 32.369999, 32.330002, 200, 32.380001, 200, -1.280000, -0.420000
1476375981034, 32.369999, 32.330002, 200, 32.380001, 200, -1.280000, -0.420000
1476375983039, 32.369999, 32.330002, 200, 32.380001, 200, -1.280000, -0.420000
1476375984045, 32.369999, 32.330002, 200, 32.380001, 200, -1.280000, -0.420000
1476375986069, 32.369999, 32.330002, 200, 32.380001, 200, -1.280000, -0.420000
1476375989041, 32.369999, 32.330002, 200, 32.380001, 200, -1.280000, -0.420000
1476375990046, 32.369999, 32.330002, 200, 32.380001, 200, -1.280000, -0.420000
1476375993042, 32.369999, 32.330002, 200, 32.380001, 200, -1.280000, -0.420000
1476375994545, 32.369999, 32.330002, 200, 32.380001, 200, -1.280000, -0.420000
1476375997032, 32.369999, 32.330002, 200, 32.380001, 200, -1.280000, -0.420000
1476375999038, 32.369999, 32.330002, 200, 32.380001, 200, -1.280000, -0.420000
1476376001044, 32.369999, 32.330002, 200, 32.380001, 200, -1.280000, -0.420000
1476376002552, 32.369999, 32.330002, 200, 32.380001, 200, -1.280000, -0.420000
1476376005053, 32.369999, 32.330002, 200, 32.380001, 200, -1.280000, -0.420000
1476376007045, 32.369999, 32.330002, 200, 32.380001, 200, -1.280000, -0.420000
1476376009038, 32.369999, 32.330002, 200, 32.380001, 200, -1.280000, -0.420000
1476376011047, 32.369999, 32.330002, 200, 32.380001, 200, -1.280000, -0.420000
1476376013046, 32.369999, 32.330002, 200, 32.380001, 200, -1.280000, -0.420000
1476376015052, 32.369999, 32.330002, 100, 32.380001, 200, -1.280000, -0.420000
1476376016552, 32.330002, 32.310001, 100, 32.349998, 100, -1.400000, -0.460000
1476376018064, 32.330002, 32.310001, 100, 32.349998, 100, -1.400000, -0.460000
1476376021048, 32.330002, 32.310001, 100, 32.349998, 100, -1.400000, -0.460000
1476376023052, 32.330002, 32.310001, 100, 32.349998, 100, -1.400000, -0.460000
1476376025049, 32.330002, 32.310001, 100, 32.349998, 100, -1.400000, -0.460000
1476376027052, 32.330002, 32.310001, 100, 32.349998, 200, -1.400000, -0.460000
1476376029060, 32.310001, 32.290001, 200, 32.340000, 200, -1.460000, -0.480000
1476376030537, 32.310001, 32.290001, 200, 32.330002, 200, -1.460000, -0.480000
1476376033086, 32.310001, 32.290001, 100, 32.330002, 100, -1.460000, -0.480000
1476376035087, 32.310001, 32.290001, 100, 32.330002, 100, -1.460000, -0.480000
1476376037048, 32.310001, 32.290001, 200, 32.340000, 100, -1.460000, -0.480000
1476376039059, 32.310001, 32.290001, 200, 32.340000, 100, -1.460000, -0.480000
1476376041052, 32.310001, 32.290001, 200, 32.340000, 100, -1.460000, -0.480000
1476376043048, 32.310001, 32.299999, 100, 32.340000, 100, -1.460000, -0.480000
1476376043562, 32.310001, 32.299999, 100, 32.349998, 100, -1.460000, -0.480000
1476376047062, 32.310001, 32.299999, 200, 32.349998, 100, -1.460000, -0.480000
1476376048560, 32.310001, 32.299999, 200, 32.349998, 100, -1.460000, -0.480000
1476376051049, 32.310001, 32.299999, 200, 32.349998, 100, -1.460000, -0.480000
1476376053053, 32.310001, 32.299999, 200, 32.349998, 100, -1.460000, -0.480000
1476376055098, 32.310001, 32.299999, 200, 32.349998, 100, -1.460000, -0.480000
1476376056057, 32.340000, 32.299999, 200, 32.340000, 100, -1.370000, -0.450000
1476376058060, 32.340000, 32.310001, 100, 32.340000, 100, -1.370000, -0.450000
1476376061063, 32.340000, 32.310001, 100, 32.349998, 300, -1.370000, -0.450000
1476376063062, 32.340000, 32.310001, 100, 32.349998, 300, -1.370000, -0.450000
1476376065065, 32.340000, 32.310001, 100, 32.349998, 300, -1.370000, -0.450000
1476376067064, 32.349998, 32.320000, 100, 32.349998, 200, -1.340000, -0.440000
1476376069070, 32.349998, 32.320000, 100, 32.349998, 200, -1.340000, -0.440000
1476376071066, 32.349998, 32.320000, 100, 32.349998, 100, -1.340000, -0.440000
1476376072582, 32.349998, 32.320000, 200, 32.349998, 100, -1.340000, -0.440000
1476376074565, 32.349998, 32.320000, 200, 32.349998, 100, -1.340000, -0.440000
1476376076570, 32.349998, 32.320000, 200, 32.349998, 100, -1.340000, -0.440000
1476376079061, 32.349998, 32.320000, 300, 32.349998, 100, -1.340000, -0.440000
1476376081059, 32.349998, 32.320000, 200, 32.349998, 100, -1.340000, -0.440000
1476376083107, 32.349998, 32.320000, 200, 32.349998, 100, -1.340000, -0.440000
1476376084580, 32.349998, 32.320000, 300, 32.349998, 200, -1.340000, -0.440000
1476376087076, 32.349998, 32.330002, 100, 32.349998, 200, -1.340000, -0.440000
1476376088076, 32.349998, 32.330002, 100, 32.349998, 200, -1.340000, -0.440000
1476376090578, 32.349998, 32.330002, 100, 32.349998, 100, -1.340000, -0.440000
1476376093098, 32.349998, 32.330002, 100, 32.349998, 100, -1.340000, -0.440000
1476376095074, 32.349998, 32.330002, 100, 32.349998, 100, -1.340000, -0.440000
1476376097065, 32.349998, 32.330002, 100, 32.349998, 100, -1.340000, -0.440000
1476376099072, 32.349998, 32.330002, 100, 32.349998, 100, -1.340000, -0.440000
1476376101076, 32.349998, 32.330002, 100, 32.349998, 100, -1.340000, -0.440000
1476376103076, 32.349998, 32.330002, 100, 32.349998, 100, -1.340000, -0.440000
1476376105078, 32.349998, 32.330002, 100, 32.349998, 100, -1.340000, -0.440000
1476376106580, 32.349998, 32.330002, 100, 32.349998, 100, -1.340000, -0.440000
1476376109073, 32.349998, 32.330002, 100, 32.349998, 100, -1.340000, -0.440000
1476376111096, 32.349998, 32.330002, 100, 32.349998, 100, -1.340000, -0.440000
1476376113076, 32.349998, 32.330002, 100, 32.349998, 100, -1.340000, -0.440000
1476376115082, 32.349998, 32.330002, 100, 32.349998, 200, -1.340000, -0.440000
1476376117075, 32.349998, 32.330002, 100, 32.349998, 200, -1.340000, -0.440000
1476376119078, 32.349998, 32.330002, 200, 32.349998, 200, -1.340000, -0.440000
1476376120579, 32.349998, 32.330002, 100, 32.349998, 200, -1.340000, -0.440000
1476376122591, 32.349998, 32.330002, 100, 32.349998, 200, -1.340000, -0.440000
1476376124080, 32.349998, 32.330002, 100, 32.349998, 200, -1.340000, -0.440000
1476376127064, 32.349998, 32.330002, 100, 32.349998, 200, -1.340000, -0.440000
1476376129124, 32.349998, 32.330002, 100, 32.349998, 200, -1.340000, -0.440000
1476376131077, 32.349998, 32.330002, 100, 32.349998, 200, -1.340000, -0.440000
1476376133093, 32.349998, 32.330002, 100, 32.349998, 200, -1.340000, -0.440000
1476376135085, 32.349998, 32.330002, 100, 32.349998, 200, -1.340000, -0.440000
1476376137113, 32.349998, 32.330002, 100, 32.349998, 200, -1.340000, -0.440000
1476376139078, 32.349998, 32.330002, 200, 32.349998, 200, -1.340000, -0.440000
1476376141082, 32.349998, 32.330002, 200, 32.349998, 200, -1.340000, -0.440000
1476376143101, 32.349998, 32.330002, 200, 32.349998, 200, -1.340000, -0.440000
1476376145094, 32.349998, 32.330002, 200, 32.349998, 200, -1.340000, -0.440000
1476376147079, 32.349998, 32.330002, 200, 32.349998, 200, -1.340000, -0.440000
1476376149097, 32.349998, 32.330002, 200, 32.349998, 200, -1.340000, -0.440000
1476376150591, 32.349998, 32.330002, 200, 32.349998, 200, -1.340000, -0.440000
1476376152579, 32.349998, 32.330002, 100, 32.349998, 200, -1.340000, -0.440000
1476376154596, 32.349998, 32.330002, 100, 32.349998, 200, -1.340000, -0.440000
1476376157083, 32.349998, 32.330002, 200, 32.349998, 200, -1.340000, -0.440000
1476376159091, 32.349998, 32.330002, 100, 32.349998, 200, -1.340000, -0.440000
1476376161092, 32.349998, 32.330002, 200, 32.349998, 200, -1.340000, -0.440000
1476376163091, 32.349998, 32.330002, 300, 32.349998, 200, -1.340000, -0.440000
1476376165091, 32.349998, 32.330002, 300, 32.349998, 200, -1.340000, -0.440000
1476376167088, 32.349998, 32.330002, 300, 32.349998, 200, -1.340000, -0.440000
1476376168591, 32.349998, 32.330002, 200, 32.349998, 200, -1.340000, -0.440000
1476376171091, 32.349998, 32.330002, 200, 32.349998, 200, -1.340000, -0.440000
1476376173093, 32.349998, 32.330002, 200, 32.349998, 200, -1.340000, -0.440000
1476376175087, 32.349998, 32.330002, 200, 32.349998, 200, -1.340000, -0.440000
1476376177101, 32.349998, 32.330002, 200, 32.349998, 200, -1.340000, -0.440000
1476376179086, 32.349998, 32.330002, 200, 32.349998, 200, -1.340000, -0.440000
1476376181093, 32.349998, 32.330002, 200, 32.349998, 200, -1.340000, -0.440000
1476376182634, 32.349998, 32.330002, 200, 32.349998, 200, -1.340000, -0.440000
1476376184592, 32.349998, 32.330002, 200, 32.349998, 200, -1.340000, -0.440000
1476376187096, 32.349998, 32.330002, 200, 32.349998, 200, -1.340000, -0.440000
1476376189136, 32.349998, 32.330002, 200, 32.349998, 200, -1.340000, -0.440000
1476376191089, 32.349998, 32.330002, 200, 32.349998, 200, -1.340000, -0.440000
1476376192087, 32.349998, 32.330002, 200, 32.349998, 200, -1.340000, -0.440000
1476376194598, 32.349998, 32.330002, 200, 32.349998, 200, -1.340000, -0.440000
1476376196581, 32.349998, 32.330002, 200, 32.349998, 200, -1.340000, -0.440000
1476376199095, 32.349998, 32.330002, 200, 32.349998, 200, -1.340000, -0.440000
1476376201100, 32.349998, 32.330002, 200, 32.349998, 200, -1.340000, -0.440000
1476376202087, 32.349998, 32.330002, 200, 32.349998, 200, -1.340000, -0.440000
1476376205089, 32.349998, 32.330002, 200, 32.349998, 200, -1.340000, -0.440000
1476376207095, 32.349998, 32.330002, 200, 32.349998, 200, -1.340000, -0.440000
1476376209097, 32.349998, 32.330002, 200, 32.349998, 200, -1.340000, -0.440000
1476376211101, 32.349998, 32.330002, 200, 32.349998, 200, -1.340000, -0.440000
1476376212136, 32.349998, 32.330002, 200, 32.349998, 200, -1.340000, -0.440000
1476376214606, 32.349998, 32.330002, 300, 32.349998, 200, -1.340000, -0.440000
1476376217094, 32.349998, 32.330002, 300, 32.349998, 200, -1.340000, -0.440000
1476376218603, 32.349998, 32.330002, 300, 32.349998, 200, -1.340000, -0.440000
1476376221102, 32.349998, 32.330002, 300, 32.349998, 200, -1.340000, -0.440000
1476376223137, 32.349998, 32.330002, 200, 32.349998, 200, -1.340000, -0.440000
1476376225098, 32.349998, 32.330002, 200, 32.349998, 200, -1.340000, -0.440000
1476376227112, 32.349998, 32.330002, 200, 32.349998, 200, -1.340000, -0.440000
1476376228202, 32.349998, 32.330002, 200, 32.349998, 200, -1.340000, -0.440000
1476376231016, 32.349998, 32.330002, 300, 32.349998, 200, -1.340000, -0.440000
1476376233016, 32.380001, 32.349998, 100, 32.380001, 100, -1.250000, -0.410000
1476376235010, 32.380001, 32.349998, 100, 32.380001, 100, -1.250000, -0.410000
1476376236518, 32.380001, 32.349998, 100, 32.380001, 100, -1.250000, -0.410000
1476376239016, 32.380001, 32.349998, 100, 32.380001, 100, -1.250000, -0.410000
1476376241018, 32.380001, 32.349998, 100, 32.380001, 100, -1.250000, -0.410000
1476376243019, 32.380001, 32.349998, 100, 32.380001, 100, -1.250000, -0.410000
1476376245014, 32.380001, 32.349998, 100, 32.380001, 100, -1.250000, -0.410000
1476376247010, 32.380001, 32.340000, 100, 32.380001, 100, -1.250000, -0.410000
1476376249016, 32.380001, 32.340000, 100, 32.380001, 100, -1.250000, -0.410000
1476376251012, 32.380001, 32.340000, 200, 32.380001, 100, -1.250000, -0.410000
1476376253017, 32.380001, 32.340000, 200, 32.380001, 100, -1.250000, -0.410000
1476376253522, 32.380001, 32.340000, 200, 32.380001, 100, -1.250000, -0.410000
1476376256516, 32.380001, 32.340000, 200, 32.380001, 100, -1.250000, -0.410000
1476376258018, 32.380001, 32.340000, 100, 32.380001, 100, -1.250000, -0.410000
1476376260523, 32.380001, 32.340000, 100, 32.380001, 100, -1.250000, -0.410000
1476376263023, 32.380001, 32.340000, 100, 32.380001, 100, -1.250000, -0.410000
1476376265017, 32.380001, 32.340000, 100, 32.380001, 100, -1.250000, -0.410000
1476376267024, 32.380001, 32.349998, 200, 32.380001, 100, -1.250000, -0.410000
1476376269024, 32.380001, 32.349998, 200, 32.380001, 100, -1.250000, -0.410000
1476376271027, 32.380001, 32.349998, 200, 32.380001, 100, -1.250000, -0.410000
1476376272527, 32.380001, 32.349998, 200, 32.380001, 100, -1.250000, -0.410000
1476376275029, 32.380001, 32.349998, 200, 32.380001, 100, -1.250000, -0.410000
1476376277027, 32.380001, 32.349998, 100, 32.380001, 100, -1.250000, -0.410000
1476376279027, 32.380001, 32.349998, 100, 32.380001, 100, -1.250000, -0.410000
1476376281028, 32.380001, 32.349998, 100, 32.380001, 100, -1.250000, -0.410000
1476376283031, 32.380001, 32.349998, 100, 32.380001, 100, -1.250000, -0.410000
1476376285544, 32.380001, 32.349998, 100, 32.380001, 100, -1.250000, -0.410000
1476376287030, 32.380001, 32.349998, 100, 32.380001, 100, -1.250000, -0.410000
1476376289026, 32.364700, 32.349998, 100, 32.380001, 100, -1.300000, -0.425300
1476376290536, 32.364700, 32.349998, 100, 32.380001, 100, -1.300000, -0.425300
1476376292026, 32.364700, 32.349998, 100, 32.380001, 100, -1.300000, -0.425300
1476376295033, 32.364700, 32.349998, 100, 32.380001, 100, -1.300000, -0.425300
1476376297088, 32.364700, 32.349998, 100, 32.380001, 100, -1.300000, -0.425300
1476376299029, 32.364700, 32.349998, 100, 32.380001, 100, -1.300000, -0.425300
1476376301528, 32.364700, 32.349998, 100, 32.380001, 100, -1.300000, -0.425300
1476376303530, 32.364700, 32.349998, 100, 32.380001, 100, -1.300000, -0.425300
1476376305030, 32.364700, 32.349998, 100, 32.380001, 100, -1.300000, -0.425300
1476376307068, 32.364700, 32.349998, 100, 32.380001, 100, -1.300000, -0.425300
1476376309533, 32.364700, 32.349998, 100, 32.380001, 100, -1.300000, -0.425300
1476376311035, 32.364700, 32.349998, 100, 32.380001, 100, -1.300000, -0.425300
1476376313029, 32.364700, 32.349998, 100, 32.380001, 100, -1.300000, -0.425300
1476376315532, 32.364700, 32.349998, 100, 32.380001, 100, -1.300000, -0.425300
1476376317035, 32.364700, 32.349998, 100, 32.380001, 100, -1.300000, -0.425300
1476376319539, 32.364700, 32.349998, 100, 32.380001, 100, -1.300000, -0.425300
1476376321036, 32.364700, 32.349998, 100, 32.380001, 100, -1.300000, -0.425300
1476376323043, 32.364700, 32.349998, 100, 32.380001, 100, -1.300000, -0.425300
1476376325532, 32.364700, 32.360001, 200, 32.410000, 100, -1.300000, -0.425300
1476376327036, 32.364700, 32.360001, 200, 32.410000, 100, -1.300000, -0.425300
1476376329033, 32.364700, 32.360001, 200, 32.410000, 100, -1.300000, -0.425300
1476376330541, 32.364700, 32.360001, 200, 32.410000, 100, -1.300000, -0.425300
1476376332582, 32.364700, 32.369999, 100, 32.410000, 100, -1.300000, -0.425300
1476376335043, 32.364700, 32.369999, 100, 32.410000, 100, -1.300000, -0.425300
1476376337037, 32.364700, 32.369999, 100, 32.410000, 100, -1.300000, -0.425300
1476376339043, 32.369999, 32.360001, 100, 32.400002, 200, -1.280000, -0.420000
1476376339571, 32.369999, 32.340000, 100, 32.380001, 100, -1.280000, -0.420000
1476376343116, 32.369999, 32.340000, 100, 32.380001, 200, -1.280000, -0.420000
1476376345052, 32.369999, 32.340000, 100, 32.380001, 200, -1.280000, -0.420000
1476376347552, 32.369999, 32.340000, 100, 32.380001, 200, -1.280000, -0.420000
1476376349049, 32.369999, 32.340000, 100, 32.380001, 100, -1.280000, -0.420000
1476376350556, 32.369999, 32.340000, 100, 32.380001, 100, -1.280000, -0.420000
1476376353053, 32.369999, 32.340000, 100, 32.380001, 100, -1.280000, -0.420000
1476376354055, 32.369999, 32.340000, 100, 32.380001, 100, -1.280000, -0.420000
1476376357106, 32.369999, 32.340000, 100, 32.380001, 100, -1.280000, -0.420000
1476376359055, 32.369999, 32.340000, 100, 32.380001, 100, -1.280000, -0.420000
1476376361049, 32.369999, 32.340000, 100, 32.380001, 100, -1.280000, -0.420000
1476376363554, 32.369999, 32.340000, 100, 32.380001, 100, -1.280000, -0.420000
1476376365554, 32.369999, 32.340000, 100, 32.380001, 100, -1.280000, -0.420000
1476376367056, 32.369999, 32.340000, 200, 32.380001, 100, -1.280000, -0.420000
1476376369060, 32.369999, 32.340000, 200, 32.380001, 100, -1.280000, -0.420000
1476376371080, 32.369999, 32.349998, 200, 32.380001, 100, -1.280000, -0.420000
1476376372567, 32.369999, 32.349998, 100, 32.380001, 100, -1.280000, -0.420000
1476376375565, 32.369999, 32.349998, 100, 32.380001, 100, -1.280000, -0.420000
1476376377056, 32.369999, 32.349998, 100, 32.380001, 100, -1.280000, -0.420000
1476376379556, 32.369999, 32.340000, 100, 32.380001, 100, -1.280000, -0.420000
1476376381057, 32.369999, 32.340000, 100, 32.380001, 100, -1.280000, -0.420000
1476376383620, 32.369999, 32.349998, 100, 32.380001, 100, -1.280000, -0.420000
1476376385062, 32.369999, 32.349998, 100, 32.380001, 100, -1.280000, -0.420000
1476376387068, 32.369999, 32.349998, 100, 32.380001, 100, -1.280000, -0.420000
1476376389563, 32.349998, 32.340000, 100, 32.380001, 100, -1.340000, -0.440000
1476376391067, 32.349998, 32.340000, 100, 32.380001, 100, -1.340000, -0.440000
1476376393062, 32.349998, 32.340000, 200, 32.380001, 100, -1.340000, -0.440000
1476376395068, 32.349998, 32.340000, 200, 32.380001, 100, -1.340000, -0.440000
1476376397072, 32.349998, 32.340000, 200, 32.380001, 100, -1.340000, -0.440000
1476376399060, 32.349998, 32.340000, 200, 32.380001, 100, -1.340000, -0.440000
1476376401071, 32.349998, 32.340000, 200, 32.380001, 100, -1.340000, -0.440000
1476376403569, 32.349998, 32.340000, 200, 32.380001, 100, -1.340000, -0.440000
1476376405568, 32.349998, 32.340000, 200, 32.380001, 100, -1.340000, -0.440000
1476376407068, 32.349998, 32.340000, 200, 32.380001, 100, -1.340000, -0.440000
1476376409070, 32.349998, 32.340000, 200, 32.380001, 100, -1.340000, -0.440000
1476376411579, 32.349998, 32.340000, 200, 32.380001, 100, -1.340000, -0.440000
1476376413583, 32.349998, 32.340000, 100, 32.380001, 100, -1.340000, -0.440000
1476376415068, 32.349998, 32.340000, 100, 32.380001, 100, -1.340000, -0.440000
1476376417083, 32.349998, 32.340000, 100, 32.380001, 100, -1.340000, -0.440000
1476376419575, 32.349998, 32.340000, 100, 32.380001, 100, -1.340000, -0.440000
1476376421575, 32.349998, 32.340000, 100, 32.380001, 100, -1.340000, -0.440000
1476376423586, 32.349998, 32.340000, 100, 32.380001, 100, -1.340000, -0.440000
1476376425079, 32.349998, 32.340000, 100, 32.380001, 100, -1.340000, -0.440000
1476376427586, 32.349998, 32.349998, 100, 32.380001, 100, -1.340000, -0.440000
1476376429106, 32.349998, 32.349998, 100, 32.380001, 100, -1.340000, -0.440000
1476376431574, 32.349998, 32.349998, 200, 32.380001, 100, -1.340000, -0.440000
1476376433582, 32.349998, 32.349998, 100, 32.380001, 100, -1.340000, -0.440000
1476376435092, 32.349998, 32.349998, 100, 32.380001, 100, -1.340000, -0.440000
1476376437588, 32.349998, 32.320000, 300, 32.380001, 100, -1.340000, -0.440000
1476376439071, 32.349998, 32.330002, 100, 32.380001, 100, -1.340000, -0.440000
1476376440583, 32.349998, 32.330002, 200, 32.380001, 100, -1.340000, -0.440000
1476376443595, 32.349998, 32.330002, 200, 32.380001, 100, -1.340000, -0.440000
1476376445587, 32.349998, 32.330002, 200, 32.380001, 100, -1.340000, -0.440000
1476376447590, 32.349998, 32.330002, 200, 32.380001, 100, -1.340000, -0.440000
1476376449587, 32.349998, 32.330002, 200, 32.380001, 100, -1.340000, -0.440000
1476376451583, 32.349998, 32.330002, 200, 32.380001, 100, -1.340000, -0.440000
1476376453087, 32.349998, 32.330002, 200, 32.380001, 100, -1.340000, -0.440000
1476376455588, 32.360001, 32.340000, 200, 32.380001, 100, -1.310000, -0.430000
1476376456590, 32.360001, 32.340000, 200, 32.380001, 100, -1.310000, -0.430000
1476376459585, 32.360001, 32.349998, 100, 32.380001, 100, -1.310000, -0.430000
1476376461596, 32.360001, 32.349998, 100, 32.380001, 100, -1.310000, -0.430000
1476376463587, 32.360001, 32.349998, 100, 32.380001, 100, -1.310000, -0.430000
1476376465584, 32.360001, 32.349998, 100, 32.380001, 100, -1.310000, -0.430000
1476376466584, 32.360001, 32.349998, 100, 32.380001, 100, -1.310000, -0.430000
1476376469599, 32.360001, 32.340000, 300, 32.380001, 100, -1.310000, -0.430000
1476376471149, 32.360001, 32.340000, 300, 32.380001, 100, -1.310000, -0.430000
1476376473600, 32.360001, 32.349998, 100, 32.380001, 100, -1.310000, -0.430000
1476376475589, 32.360001, 32.349998, 100, 32.380001, 100, -1.310000, -0.430000
1476376477603, 32.360001, 32.349998, 100, 32.380001, 100, -1.310000, -0.430000
1476376479595, 32.360001, 32.349998, 100, 32.380001, 100, -1.310000, -0.430000
1476376481095, 32.360001, 32.349998, 100, 32.380001, 100, -1.310000, -0.430000
1476376483596, 32.360001, 32.349998, 100, 32.380001, 100, -1.310000, -0.430000
1476376485102, 32.360001, 32.349998, 100, 32.380001, 100, -1.310000, -0.430000
1476376487598, 32.360001, 32.349998, 100, 32.380001, 100, -1.310000, -0.430000
1476376489601, 32.360001, 32.349998, 100, 32.380001, 100, -1.310000, -0.430000
1476376491605, 32.360001, 32.349998, 100, 32.380001, 100, -1.310000, -0.430000
1476376493606, 32.360001, 32.340000, 200, 32.380001, 100, -1.310000, -0.430000
1476376495107, 32.360001, 32.340000, 100, 32.380001, 100, -1.310000, -0.430000
1476376497608, 32.360001, 32.340000, 100, 32.369999, 100, -1.310000, -0.430000
1476376499112, 32.360001, 32.340000, 100, 32.369999, 100, -1.310000, -0.430000
1476376501135, 32.360001, 32.340000, 100, 32.369999, 100, -1.310000, -0.430000
1476376503603, 32.360001, 32.340000, 200, 32.369999, 100, -1.310000, -0.430000
1476376505621, 32.360001, 32.340000, 200, 32.369999, 100, -1.310000, -0.430000
1476376507607, 32.360001, 32.340000, 200, 32.369999, 100, -1.310000, -0.430000
1476376509104, 32.360001, 32.340000, 200, 32.369999, 100, -1.310000, -0.430000
1476376511592, 32.369999, 32.349998, 100, 32.380001, 100, -1.280000, -0.420000
1476376513612, 32.369999, 32.349998, 100, 32.380001, 100, -1.280000, -0.420000
1476376515590, 32.369999, 32.349998, 100, 32.380001, 100, -1.280000, -0.420000
1476376517606, 32.369999, 32.349998, 100, 32.380001, 100, -1.280000, -0.420000
1476376519608, 32.369999, 32.349998, 100, 32.380001, 100, -1.280000, -0.420000
1476376521602, 32.369999, 32.340000, 300, 32.369999, 100, -1.280000, -0.420000
1476376522611, 32.369999, 32.340000, 300, 32.369999, 100, -1.280000, -0.420000
1476376525602, 32.369999, 32.340000, 200, 32.369999, 100, -1.280000, -0.420000
1476376527611, 32.369999, 32.340000, 200, 32.369999, 100, -1.280000, -0.420000
1476376529102, 32.369999, 32.340000, 200, 32.369999, 100, -1.280000, -0.420000
1476376531114, 32.369999, 32.340000, 200, 32.369999, 100, -1.280000, -0.420000
1476376533610, 32.369999, 32.340000, 200, 32.369999, 100, -1.280000, -0.420000
1476376535614, 32.369999, 32.340000, 100, 32.369999, 100, -1.280000, -0.420000
1476376537611, 32.369999, 32.340000, 100, 32.369999, 100, -1.280000, -0.420000
1476376539599, 32.369999, 32.340000, 200, 32.369999, 100, -1.280000, -0.420000
1476376541606, 32.369999, 32.340000, 200, 32.369999, 100, -1.280000, -0.420000
1476376543612, 32.369999, 32.340000, 200, 32.369999, 100, -1.280000, -0.420000
1476376544647, 32.369999, 32.340000, 200, 32.369999, 100, -1.280000, -0.420000
1476376547093, 32.369999, 32.340000, 200, 32.369999, 100, -1.280000, -0.420000
1476376549516, 32.369999, 32.340000, 200, 32.369999, 100, -1.280000, -0.420000
1476376550016, 32.369999, 32.340000, 100, 32.369999, 100, -1.280000, -0.420000
1476376553519, 32.369999, 32.340000, 100, 32.369999, 100, -1.280000, -0.420000
1476376555520, 32.369999, 32.340000, 100, 32.369999, 100, -1.280000, -0.420000
1476376557035, 32.369999, 32.340000, 100, 32.369999, 100, -1.280000, -0.420000
1476376558519, 32.369999, 32.340000, 100, 32.369999, 100, -1.280000, -0.420000
1476376561523, 32.369999, 32.340000, 200, 32.369999, 100, -1.280000, -0.420000
1476376563517, 32.369999, 32.340000, 200, 32.369999, 100, -1.280000, -0.420000
1476376565522, 32.369999, 32.340000, 200, 32.369999, 100, -1.280000, -0.420000
1476376567523, 32.369999, 32.340000, 200, 32.369999, 100, -1.280000, -0.420000
1476376569521, 32.369999, 32.340000, 200, 32.369999, 100, -1.280000, -0.420000
1476376571523, 32.369999, 32.340000, 200, 32.369999, 100, -1.280000, -0.420000
1476376573518, 32.369999, 32.340000, 200, 32.369999, 100, -1.280000, -0.420000
1476376575522, 32.369999, 32.340000, 100, 32.360001, 100, -1.280000, -0.420000
1476376577023, 32.369999, 32.340000, 100, 32.360001, 100, -1.280000, -0.420000
1476376579523, 32.360001, 32.349998, 100, 32.369999, 100, -1.310000, -0.430000
1476376581525, 32.360001, 32.349998, 200, 32.369999, 100, -1.310000, -0.430000
1476376583563, 32.360001, 32.349998, 200, 32.369999, 100, -1.310000, -0.430000
1476376585533, 32.360001, 32.349998, 200, 32.369999, 100, -1.310000, -0.430000
1476376587540, 32.349998, 32.349998, 100, 32.369999, 100, -1.340000, -0.440000
1476376589542, 32.349998, 32.349998, 100, 32.369999, 100, -1.340000, -0.440000
1476376591527, 32.369999, 32.349998, 300, 32.369999, 100, -1.280000, -0.420000
1476376592527, 32.369999, 32.349998, 300, 32.380001, 100, -1.280000, -0.420000
1476376595021, 32.360001, 32.360001, 200, 32.380001, 200, -1.310000, -0.430000
1476376597532, 32.360001, 32.360001, 300, 32.380001, 200, -1.310000, -0.430000
1476376599529, 32.360001, 32.360001, 300, 32.380001, 200, -1.310000, -0.430000
1476376600528, 32.360001, 32.360001, 300, 32.380001, 200, -1.310000, -0.430000
1476376603552, 32.360001, 32.360001, 300, 32.380001, 200, -1.310000, -0.430000
1476376605531, 32.360001, 32.360001, 300, 32.380001, 200, -1.310000, -0.430000
1476376607533, 32.360001, 32.360001, 300, 32.380001, 200, -1.310000, -0.430000
1476376609543, 32.360001, 32.360001, 300, 32.380001, 200, -1.310000, -0.430000
1476376611539, 32.360001, 32.360001, 300, 32.380001, 200, -1.310000, -0.430000
1476376613031, 32.360001, 32.360001, 300, 32.380001, 200, -1.310000, -0.430000
1476376615539, 32.360001, 32.360001, 300, 32.380001, 200, -1.310000, -0.430000
1476376617037, 32.360001, 32.360001, 300, 32.380001, 200, -1.310000, -0.430000
1476376619534, 32.360001, 32.360001, 300, 32.380001, 200, -1.310000, -0.430000
1476376621543, 32.360001, 32.360001, 300, 32.380001, 200, -1.310000, -0.430000
1476376623533, 32.360001, 32.360001, 300, 32.380001, 200, -1.310000, -0.430000
1476376625037, 32.360001, 32.360001, 300, 32.380001, 200, -1.310000, -0.430000
1476376627539, 32.360001, 32.360001, 300, 32.380001, 200, -1.310000, -0.430000
1476376629544, 32.360001, 32.360001, 300, 32.380001, 200, -1.310000, -0.430000
1476376631039, 32.360001, 32.360001, 300, 32.380001, 200, -1.310000, -0.430000
1476376633540, 32.360001, 32.360001, 300, 32.380001, 200, -1.310000, -0.430000
1476376635561, 32.360001, 32.360001, 300, 32.380001, 200, -1.310000, -0.430000
1476376637548, 32.360001, 32.360001, 300, 32.380001, 200, -1.310000, -0.430000
1476376639553, 32.380001, 32.360001, 300, 32.380001, 200, -1.250000, -0.410000
1476376641542, 32.380001, 32.360001, 300, 32.380001, 200, -1.250000, -0.410000
1476376643555, 32.380001, 32.360001, 300, 32.380001, 200, -1.250000, -0.410000
1476376645541, 32.380001, 32.360001, 300, 32.380001, 200, -1.250000, -0.410000
1476376647580, 32.380001, 32.360001, 300, 32.380001, 200, -1.250000, -0.410000
1476376649547, 32.380001, 32.360001, 300, 32.380001, 200, -1.250000, -0.410000
1476376651566, 32.380001, 32.360001, 300, 32.380001, 200, -1.250000, -0.410000
1476376653553, 32.380001, 32.360001, 300, 32.380001, 200, -1.250000, -0.410000
1476376655546, 32.380001, 32.360001, 300, 32.380001, 200, -1.250000, -0.410000
1476376657552, 32.380001, 32.360001, 300, 32.380001, 200, -1.250000, -0.410000
1476376659548, 32.380001, 32.360001, 300, 32.380001, 200, -1.250000, -0.410000
1476376661553, 32.380001, 32.389999, 100, 32.410000, 300, -1.250000, -0.410000
1476376663538, 32.380001, 32.389999, 100, 32.410000, 200, -1.250000, -0.410000
1476376665552, 32.380001, 32.389999, 100, 32.410000, 200, -1.250000, -0.410000
1476376667551, 32.380001, 32.389999, 200, 32.410000, 200, -1.250000, -0.410000
1476376669555, 32.380001, 32.389999, 200, 32.410000, 200, -1.250000, -0.410000
1476376671545, 32.380001, 32.389999, 200, 32.410000, 200, -1.250000, -0.410000
1476376673563, 32.380001, 32.389999, 200, 32.410000, 200, -1.250000, -0.410000
1476376675555, 32.380001, 32.389999, 200, 32.410000, 200, -1.250000, -0.410000
1476376677565, 32.380001, 32.389999, 200, 32.410000, 200, -1.250000, -0.410000
1476376678546, 32.380001, 32.389999, 200, 32.410000, 200, -1.250000, -0.410000
1476376681563, 32.380001, 32.389999, 200, 32.410000, 200, -1.250000, -0.410000
1476376683568, 32.380001, 32.389999, 200, 32.410000, 200, -1.250000, -0.410000
1476376685562, 32.380001, 32.389999, 300, 32.410000, 200, -1.250000, -0.410000
1476376687057, 32.380001, 32.389999, 300, 32.410000, 200, -1.250000, -0.410000
1476376689056, 32.410000, 32.389999, 200, 32.410000, 200, -1.160000, -0.380000
1476376691556, 32.410000, 32.389999, 100, 32.410000, 200, -1.160000, -0.380000
1476376693614, 32.410000, 32.389999, 100, 32.410000, 200, -1.160000, -0.380000
1476376695564, 32.410000, 32.389999, 100, 32.410000, 200, -1.160000, -0.380000
1476376697569, 32.410000, 32.389999, 100, 32.410000, 200, -1.160000, -0.380000
1476376699555, 32.410000, 32.389999, 100, 32.410000, 200, -1.160000, -0.380000
1476376701577, 32.410000, 32.389999, 100, 32.410000, 200, -1.160000, -0.380000
1476376703568, 32.410000, 32.389999, 200, 32.410000, 100, -1.160000, -0.380000
1476376705571, 32.410000, 32.389999, 100, 32.439999, 100, -1.160000, -0.380000
1476376707557, 32.410000, 32.389999, 100, 32.439999, 100, -1.160000, -0.380000
1476376709569, 32.410000, 32.410000, 100, 32.439999, 100, -1.160000, -0.380000
1476376711554, 32.410000, 32.419998, 100, 32.439999, 100, -1.160000, -0.380000
1476376713572, 32.410000, 32.419998, 100, 32.439999, 100, -1.160000, -0.380000
1476376715570, 32.410000, 32.419998, 100, 32.439999, 100, -1.160000, -0.380000
1476376717562, 32.410000, 32.419998, 200, 32.439999, 100, -1.160000, -0.380000
1476376719565, 32.439999, 32.430000, 100, 32.470001, 100, -1.070000, -0.350000
1476376721570, 32.439999, 32.430000, 100, 32.470001, 100, -1.070000, -0.350000
1476376722571, 32.439999, 32.430000, 100, 32.470001, 100, -1.070000, -0.350000
1476376725616, 32.439999, 32.430000, 100, 32.470001, 100, -1.070000, -0.350000
1476376727558, 32.439999, 32.430000, 100, 32.470001, 100, -1.070000, -0.350000
1476376729115, 32.439999, 32.430000, 100, 32.470001, 100, -1.070000, -0.350000
1476376731574, 32.439999, 32.430000, 100, 32.470001, 100, -1.070000, -0.350000
1476376733580, 32.439999, 32.430000, 100, 32.470001, 100, -1.070000, -0.350000
1476376735582, 32.439999, 32.430000, 100, 32.470001, 100, -1.070000, -0.350000
1476376737597, 32.439999, 32.430000, 100, 32.480000, 100, -1.070000, -0.350000
1476376739605, 32.439999, 32.439999, 100, 32.500000, 100, -1.070000, -0.350000
1476376741576, 32.439999, 32.439999, 100, 32.490002, 100, -1.070000, -0.350000
1476376743117, 32.439999, 32.439999, 100, 32.490002, 100, -1.070000, -0.350000
1476376745583, 32.439999, 32.450001, 100, 32.490002, 100, -1.070000, -0.350000
1476376747568, 32.439999, 32.450001, 100, 32.490002, 100, -1.070000, -0.350000
1476376749583, 32.439999, 32.439999, 100, 32.480000, 100, -1.070000, -0.350000
1476376751583, 32.439999, 32.439999, 100, 32.480000, 100, -1.070000, -0.350000
1476376753678, 32.439999, 32.439999, 100, 32.480000, 100, -1.070000, -0.350000
1476376755589, 32.439999, 32.439999, 100, 32.470001, 100, -1.070000, -0.350000
1476376757591, 32.439999, 32.439999, 100, 32.470001, 100, -1.070000, -0.350000
1476376759593, 32.439999, 32.439999, 100, 32.470001, 100, -1.070000, -0.350000
1476376761582, 32.439999, 32.439999, 100, 32.470001, 100, -1.070000, -0.350000
1476376763084, 32.439999, 32.430000, 100, 32.459999, 100, -1.070000, -0.350000
1476376765588, 32.439999, 32.430000, 100, 32.459999, 200, -1.070000, -0.350000
1476376767588, 32.439999, 32.410000, 100, 32.459999, 100, -1.070000, -0.350000
1476376769620, 32.439999, 32.430000, 100, 32.459999, 100, -1.070000, -0.350000
1476376771593, 32.439999, 32.430000, 100, 32.459999, 100, -1.070000, -0.350000
1476376773597, 32.439999, 32.430000, 100, 32.459999, 100, -1.070000, -0.350000
1476376775592, 32.439999, 32.430000, 100, 32.459999, 100, -1.070000, -0.350000
1476376777637, 32.439999, 32.430000, 100, 32.459999, 100, -1.070000, -0.350000
1476376779088, 32.439999, 32.430000, 100, 32.459999, 100, -1.070000, -0.350000
1476376781608, 32.439999, 32.430000, 100, 32.459999, 100, -1.070000, -0.350000
1476376783617, 32.439999, 32.430000, 100, 32.459999, 100, -1.070000, -0.350000
1476376785596, 32.439999, 32.430000, 100, 32.459999, 100, -1.070000, -0.350000
1476376787610, 32.439999, 32.430000, 100, 32.459999, 100, -1.070000, -0.350000
1476376789603, 32.439999, 32.430000, 100, 32.459999, 100, -1.070000, -0.350000
1476376791626, 32.439999, 32.430000, 100, 32.459999, 100, -1.070000, -0.350000
1476376793594, 32.439999, 32.430000, 100, 32.459999, 100, -1.070000, -0.350000
1476376795595, 32.439999, 32.430000, 100, 32.459999, 100, -1.070000, -0.350000
1476376797107, 32.439999, 32.430000, 100, 32.459999, 100, -1.070000, -0.350000
1476376799584, 32.439999, 32.430000, 100, 32.459999, 100, -1.070000, -0.350000
1476376801610, 32.439999, 32.430000, 100, 32.459999, 100, -1.070000, -0.350000
1476376803606, 32.439999, 32.430000, 100, 32.459999, 100, -1.070000, -0.350000
1476376805606, 32.439999, 32.430000, 100, 32.459999, 100, -1.070000, -0.350000
1476376807097, 32.439999, 32.430000, 100, 32.459999, 100, -1.070000, -0.350000
1476376809619, 32.439999, 32.430000, 100, 32.459999, 100, -1.070000, -0.350000
1476376811609, 32.439999, 32.430000, 200, 32.459999, 100, -1.070000, -0.350000
1476376813614, 32.439999, 32.430000, 200, 32.459999, 100, -1.070000, -0.350000
1476376815590, 32.459999, 32.450001, 100, 32.480000, 100, -1.010000, -0.330000
1476376817601, 32.459999, 32.450001, 100, 32.480000, 100, -1.010000, -0.330000
1476376819600, 32.459999, 32.450001, 200, 32.480000, 100, -1.010000, -0.330000
1476376821599, 32.459999, 32.450001, 200, 32.480000, 100, -1.010000, -0.330000
1476376823610, 32.459999, 32.450001, 200, 32.480000, 100, -1.010000, -0.330000
1476376825104, 32.459999, 32.450001, 100, 32.480000, 100, -1.010000, -0.330000
1476376827585, 32.459999, 32.450001, 100, 32.480000, 100, -1.010000, -0.330000
1476376829652, 32.459999, 32.450001, 100, 32.480000, 100, -1.010000, -0.330000
1476376831604, 32.459999, 32.450001, 100, 32.480000, 100, -1.010000, -0.330000
1476376833614, 32.459999, 32.450001, 100, 32.480000, 100, -1.010000, -0.330000
1476376835608, 32.459999, 32.450001, 100, 32.480000, 100, -1.010000, -0.330000
1476376836605, 32.459999, 32.450001, 100, 32.480000, 100, -1.010000, -0.330000
1476376839623, 32.459999, 32.450001, 100, 32.480000, 100, -1.010000, -0.330000
1476376841651, 32.459999, 32.450001, 100, 32.480000, 100, -1.010000, -0.330000
1476376843608, 32.459999, 32.450001, 100, 32.480000, 100, -1.010000, -0.330000
1476376845613, 32.459999, 32.450001, 100, 32.480000, 100, -1.010000, -0.330000
1476376847623, 32.459999, 32.450001, 100, 32.480000, 100, -1.010000, -0.330000
1476376849621, 32.459999, 32.459999, 100, 32.480000, 100, -1.010000, -0.330000
1476376851613, 32.459999, 32.459999, 100, 32.480000, 100, -1.010000, -0.330000
1476376853664, 32.459999, 32.459999, 200, 32.480000, 100, -1.010000, -0.330000
1476376855619, 32.459999, 32.459999, 200, 32.480000, 100, -1.010000, -0.330000
1476376856670, 32.459999, 32.459999, 200, 32.480000, 100, -1.010000, -0.330000
1476376859107, 32.459999, 32.439999, 100, 32.470001, 100, -1.010000, -0.330000
1476376861622, 32.459999, 32.439999, 100, 32.470001, 100, -1.010000, -0.330000
1476376863604, 32.459999, 32.439999, 100, 32.470001, 100, -1.010000, -0.330000
1476376865521, 32.459999, 32.439999, 100, 32.470001, 100, -1.010000, -0.330000
1476376867515, 32.459999, 32.439999, 100, 32.470001, 100, -1.010000, -0.330000
1476376869519, 32.480000, 32.450001, 200, 32.480000, 100, -0.950000, -0.310000
1476376871527, 32.480000, 32.450001, 200, 32.480000, 100, -0.950000, -0.310000
1476376873522, 32.480000, 32.450001, 200, 32.480000, 100, -0.950000, -0.310000
1476376876018, 32.480000, 32.450001, 200, 32.480000, 100, -0.950000, -0.310000
1476376875021, 32.480000, 32.450001, 200, 32.480000, 100, -0.950000, -0.310000
1476376879018, 32.480000, 32.450001, 200, 32.480000, 100, -0.950000, -0.310000
1476376881520, 32.451000, 32.450001, 100, 32.480000, 100, -1.030000, -0.339000
1476376883524, 32.451000, 32.450001, 100, 32.480000, 100, -1.030000, -0.339000
1476376885540, 32.451000, 32.450001, 100, 32.480000, 100, -1.030000, -0.339000
1476376887517, 32.451000, 32.450001, 100, 32.480000, 100, -1.030000, -0.339000
1476376888529, 32.451000, 32.450001, 100, 32.480000, 100, -1.030000, -0.339000
1476376890522, 32.451000, 32.450001, 100, 32.480000, 100, -1.030000, -0.339000
1476376893029, 32.451000, 32.450001, 100, 32.480000, 100, -1.030000, -0.339000
1476376895524, 32.451000, 32.450001, 100, 32.480000, 100, -1.030000, -0.339000
1476376897524, 32.451000, 32.450001, 100, 32.480000, 100, -1.030000, -0.339000
1476376899025, 32.451000, 32.450001, 100, 32.480000, 100, -1.030000, -0.339000
1476376901536, 32.451000, 32.450001, 100, 32.480000, 100, -1.030000, -0.339000
1476376903052, 32.450001, 32.450001, 100, 32.480000, 100, -1.040000, -0.340000
1476376905525, 32.450001, 32.450001, 100, 32.480000, 100, -1.040000, -0.340000
1476376907528, 32.450001, 32.450001, 100, 32.480000, 100, -1.040000, -0.340000
1476376909532, 32.450001, 32.450001, 100, 32.480000, 100, -1.040000, -0.340000
1476376911536, 32.450001, 32.450001, 100, 32.480000, 100, -1.040000, -0.340000
1476376913033, 32.450001, 32.450001, 100, 32.480000, 100, -1.040000, -0.340000
1476376914540, 32.450001, 32.450001, 100, 32.480000, 100, -1.040000, -0.340000
1476376916556, 32.450001, 32.450001, 100, 32.480000, 100, -1.040000, -0.340000
1476376919538, 32.450001, 32.450001, 100, 32.480000, 100, -1.040000, -0.340000
1476376921531, 32.450001, 32.450001, 100, 32.480000, 100, -1.040000, -0.340000
1476376923548, 32.450001, 32.439999, 100, 32.459999, 100, -1.040000, -0.340000
1476376925536, 32.439999, 32.419998, 100, 32.450001, 100, -1.070000, -0.350000
1476376927536, 32.439999, 32.419998, 100, 32.450001, 100, -1.070000, -0.350000
1476376929033, 32.439999, 32.419998, 100, 32.450001, 100, -1.070000, -0.350000
1476376931543, 32.439999, 32.419998, 100, 32.450001, 100, -1.070000, -0.350000
1476376933539, 32.439999, 32.419998, 100, 32.450001, 100, -1.070000, -0.350000
1476376935537, 32.439999, 32.419998, 100, 32.450001, 100, -1.070000, -0.350000
1476376936536, 32.439999, 32.419998, 100, 32.450001, 100, -1.070000, -0.350000
1476376939548, 32.439999, 32.419998, 100, 32.450001, 100, -1.070000, -0.350000
1476376941038, 32.439999, 32.419998, 100, 32.450001, 100, -1.070000, -0.350000
1476376943563, 32.439999, 32.419998, 100, 32.450001, 100, -1.070000, -0.350000
1476376945034, 32.439999, 32.419998, 100, 32.450001, 100, -1.070000, -0.350000
1476376947541, 32.439999, 32.419998, 100, 32.450001, 100, -1.070000, -0.350000
1476376949536, 32.439999, 32.419998, 100, 32.450001, 100, -1.070000, -0.350000
1476376951546, 32.439999, 32.419998, 100, 32.450001, 100, -1.070000, -0.350000
1476376953547, 32.439999, 32.419998, 100, 32.450001, 100, -1.070000, -0.350000
1476376955034, 32.439999, 32.419998, 100, 32.450001, 100, -1.070000, -0.350000
1476376957053, 32.439999, 32.419998, 100, 32.450001, 100, -1.070000, -0.350000
1476376959565, 32.439999, 32.419998, 100, 32.450001, 100, -1.070000, -0.350000
1476376961547, 32.439999, 32.419998, 100, 32.450001, 100, -1.070000, -0.350000
1476376963544, 32.439999, 32.419998, 100, 32.450001, 100, -1.070000, -0.350000
1476376965549, 32.439999, 32.419998, 100, 32.450001, 100, -1.070000, -0.350000
1476376967551, 32.439999, 32.419998, 100, 32.450001, 100, -1.070000, -0.350000
1476376969053, 32.439999, 32.419998, 100, 32.450001, 100, -1.070000, -0.350000
1476376972049, 32.419998, 32.389999, 100, 32.439999, 200, -1.130000, -0.370000
1476376973075, 32.419998, 32.389999, 100, 32.439999, 200, -1.130000, -0.370000
1476376975550, 32.419998, 32.389999, 100, 32.439999, 200, -1.130000, -0.370000
1476376977553, 32.419998, 32.389999, 100, 32.439999, 200, -1.130000, -0.370000
1476376979557, 32.419998, 32.380001, 100, 32.439999, 200, -1.130000, -0.370000
1476376981549, 32.419998, 32.380001, 100, 32.439999, 200, -1.130000, -0.370000
1476376983050, 32.419998, 32.380001, 100, 32.439999, 200, -1.130000, -0.370000
1476376985564, 32.419998, 32.380001, 100, 32.430000, 100, -1.130000, -0.370000
1476376987558, 32.419998, 32.380001, 100, 32.430000, 100, -1.130000, -0.370000
1476376989556, 32.419998, 32.369999, 100, 32.430000, 200, -1.130000, -0.370000
1476376992054, 32.419998, 32.369999, 100, 32.430000, 200, -1.130000, -0.370000
1476376994047, 32.419998, 32.369999, 100, 32.430000, 200, -1.130000, -0.370000
1476376995558, 32.419998, 32.369999, 100, 32.430000, 200, -1.130000, -0.370000
1476376997562, 32.419998, 32.369999, 100, 32.430000, 200, -1.130000, -0.370000
1476376999061, 32.419998, 32.369999, 100, 32.430000, 200, -1.130000, -0.370000
1476377001570, 32.419998, 32.369999, 100, 32.430000, 200, -1.130000, -0.370000
1476377003564, 32.419998, 32.369999, 100, 32.430000, 200, -1.130000, -0.370000
1476377005552, 32.419998, 32.369999, 100, 32.430000, 200, -1.130000, -0.370000
1476377007549, 32.419998, 32.369999, 100, 32.430000, 200, -1.130000, -0.370000
1476377009061, 32.419998, 32.369999, 100, 32.430000, 200, -1.130000, -0.370000
1476377011551, 32.419998, 32.369999, 100, 32.430000, 200, -1.130000, -0.370000
1476377013563, 32.419998, 32.369999, 100, 32.430000, 200, -1.130000, -0.370000
1476377016063, 32.419998, 32.369999, 100, 32.430000, 200, -1.130000, -0.370000
1476377018051, 32.419998, 32.369999, 100, 32.430000, 200, -1.130000, -0.370000
1476377019572, 32.419998, 32.369999, 100, 32.430000, 200, -1.130000, -0.370000
1476377022056, 32.419998, 32.369999, 100, 32.430000, 200, -1.130000, -0.370000
1476377024059, 32.419998, 32.369999, 100, 32.430000, 200, -1.130000, -0.370000
1476377026058, 32.419998, 32.369999, 100, 32.430000, 100, -1.130000, -0.370000
1476377028074, 32.419998, 32.369999, 200, 32.430000, 100, -1.130000, -0.370000
1476377029585, 32.419998, 32.369999, 200, 32.430000, 100, -1.130000, -0.370000
1476377031571, 32.419998, 32.369999, 100, 32.430000, 100, -1.130000, -0.370000
1476377034073, 32.419998, 32.369999, 100, 32.430000, 100, -1.130000, -0.370000
1476377036064, 32.419998, 32.369999, 100, 32.430000, 100, -1.130000, -0.370000
1476377036582, 32.419998, 32.369999, 100, 32.430000, 100, -1.130000, -0.370000
1476377039063, 32.419998, 32.369999, 200, 32.430000, 100, -1.130000, -0.370000
1476377041574, 32.419998, 32.369999, 200, 32.430000, 100, -1.130000, -0.370000
1476377043599, 32.419998, 32.369999, 200, 32.430000, 100, -1.130000, -0.370000
1476377044561, 32.419998, 32.360001, 200, 32.419998, 100, -1.130000, -0.370000
1476377048069, 32.419998, 32.360001, 100, 32.419998, 100, -1.130000, -0.370000
1476377050070, 32.419998, 32.360001, 100, 32.419998, 100, -1.130000, -0.370000
1476377052069, 32.419998, 32.360001, 100, 32.419998, 200, -1.130000, -0.370000
1476377054075, 32.419998, 32.360001, 100, 32.419998, 200, -1.130000, -0.370000
1476377055571, 32.369999, 32.349998, 100, 32.400002, 100, -1.280000, -0.420000
1476377058065, 32.369999, 32.349998, 100, 32.410000, 200, -1.280000, -0.420000
1476377059081, 32.369999, 32.349998, 100, 32.410000, 200, -1.280000, -0.420000
1476377062077, 32.369999, 32.349998, 200, 32.410000, 200, -1.280000, -0.420000
1476377063581, 32.369999, 32.349998, 200, 32.410000, 200, -1.280000, -0.420000
1476377066067, 32.369999, 32.349998, 200, 32.410000, 200, -1.280000, -0.420000
1476377068064, 32.369999, 32.349998, 200, 32.410000, 200, -1.280000, -0.420000
1476377069573, 32.369999, 32.349998, 200, 32.410000, 200, -1.280000, -0.420000
1476377072086, 32.369999, 32.349998, 200, 32.410000, 200, -1.280000, -0.420000
1476377074094, 32.369999, 32.349998, 200, 32.410000, 200, -1.280000, -0.420000
1476377076102, 32.369999, 32.349998, 200, 32.410000, 200, -1.280000, -0.420000
1476377078078, 32.369999, 32.349998, 200, 32.410000, 200, -1.280000, -0.420000
1476377080085, 32.369999, 32.349998, 200, 32.410000, 200, -1.280000, -0.420000
1476377081579, 32.369999, 32.349998, 200, 32.410000, 200, -1.280000, -0.420000
1476377083588, 32.369999, 32.349998, 200, 32.410000, 200, -1.280000, -0.420000
1476377085588, 32.369999, 32.340000, 200, 32.400002, 200, -1.280000, -0.420000
1476377087580, 32.369999, 32.340000, 100, 32.400002, 100, -1.280000, -0.420000
1476377088578, 32.369999, 32.340000, 100, 32.400002, 100, -1.280000, -0.420000
1476377091581, 32.369999, 32.340000, 200, 32.400002, 100, -1.280000, -0.420000
1476377094081, 32.369999, 32.340000, 200, 32.400002, 100, -1.280000, -0.420000
1476377095577, 32.369999, 32.330002, 100, 32.400002, 100, -1.280000, -0.420000
1476377098090, 32.369999, 32.340000, 200, 32.400002, 100, -1.280000, -0.420000
1476377099589, 32.369999, 32.340000, 200, 32.400002, 100, -1.280000, -0.420000
1476377102081, 32.369999, 32.340000, 200, 32.400002, 100, -1.280000, -0.420000
1476377103603, 32.369999, 32.340000, 200, 32.400002, 100, -1.280000, -0.420000
1476377106083, 32.369999, 32.340000, 100, 32.389999, 100, -1.280000, -0.420000
1476377107120, 32.369999, 32.340000, 100, 32.389999, 100, -1.280000, -0.420000
1476377110081, 32.369999, 32.340000, 100, 32.389999, 100, -1.280000, -0.420000
1476377112083, 32.369999, 32.340000, 100, 32.389999, 200, -1.280000, -0.420000
1476377113583, 32.360699, 32.340000, 100, 32.389999, 200, -1.310000, -0.429300
1476377116093, 32.360699, 32.340000, 100, 32.389999, 200, -1.310000, -0.429300
1476377117590, 32.360699, 32.340000, 100, 32.389999, 200, -1.310000, -0.429300
1476377120084, 32.360699, 32.340000, 100, 32.389999, 200, -1.310000, -0.429300
1476377122101, 32.360699, 32.330002, 100, 32.389999, 200, -1.310000, -0.429300
1476377124099, 32.360699, 32.330002, 100, 32.389999, 200, -1.310000, -0.429300
1476377126085, 32.360699, 32.330002, 100, 32.389999, 200, -1.310000, -0.429300
1476377128073, 32.360699, 32.340000, 100, 32.389999, 200, -1.310000, -0.429300
1476377130124, 32.360699, 32.340000, 100, 32.389999, 200, -1.310000, -0.429300
1476377132087, 32.360699, 32.340000, 100, 32.389999, 200, -1.310000, -0.429300
1476377134100, 32.360699, 32.340000, 100, 32.389999, 200, -1.310000, -0.429300
1476377135592, 32.360699, 32.340000, 100, 32.389999, 200, -1.310000, -0.429300
1476377137595, 32.360699, 32.340000, 100, 32.389999, 200, -1.310000, -0.429300
1476377140098, 32.360699, 32.340000, 100, 32.389999, 200, -1.310000, -0.429300
1476377142094, 32.360699, 32.340000, 100, 32.389999, 200, -1.310000, -0.429300
1476377144106, 32.360699, 32.340000, 100, 32.389999, 200, -1.310000, -0.429300
1476377146096, 32.360699, 32.330002, 200, 32.389999, 100, -1.310000, -0.429300
1476377148078, 32.360699, 32.330002, 200, 32.389999, 100, -1.310000, -0.429300
1476377150120, 32.360699, 32.340000, 200, 32.389999, 100, -1.310000, -0.429300
1476377152102, 32.360699, 32.330002, 100, 32.389999, 100, -1.310000, -0.429300
1476377154100, 32.360699, 32.330002, 100, 32.389999, 100, -1.310000, -0.429300
1476377155608, 32.360699, 32.330002, 100, 32.389999, 100, -1.310000, -0.429300
1476377158092, 32.360699, 32.330002, 100, 32.389999, 100, -1.310000, -0.429300
1476377160097, 32.360699, 32.340000, 200, 32.389999, 100, -1.310000, -0.429300
1476377161136, 32.360699, 32.340000, 200, 32.389999, 100, -1.310000, -0.429300
1476377164140, 32.360699, 32.340000, 200, 32.380001, 100, -1.310000, -0.429300
1476377166095, 32.360699, 32.340000, 200, 32.380001, 100, -1.310000, -0.429300
1476377168097, 32.360699, 32.340000, 200, 32.380001, 100, -1.310000, -0.429300
1476377170101, 32.360699, 32.340000, 100, 32.369999, 100, -1.310000, -0.429300
1476377172106, 32.360699, 32.320000, 200, 32.369999, 100, -1.310000, -0.429300
1476377174104, 32.360699, 32.320000, 200, 32.369999, 100, -1.310000, -0.429300
1476377176083, 32.360699, 32.320000, 200, 32.369999, 100, -1.310000, -0.429300
1476377177609, 32.360699, 32.320000, 200, 32.369999, 100, -1.310000, -0.429300
1476377180107, 32.360699, 32.320000, 100, 32.369999, 100, -1.310000, -0.429300
1476377181614, 32.360699, 32.320000, 100, 32.369999, 100, -1.310000, -0.429300
1476377184108, 32.360699, 32.320000, 100, 32.369999, 100, -1.310000, -0.429300
1476377186014, 32.360699, 32.320000, 100, 32.369999, 100, -1.310000, -0.429300
1476377188015, 32.360699, 32.320000, 100, 32.369999, 100, -1.310000, -0.429300
1476377189012, 32.360699, 32.320000, 100, 32.369999, 100, -1.310000, -0.429300
1476377191511, 32.360699, 32.320000, 100, 32.369999, 100, -1.310000, -0.429300
1476377194013, 32.360699, 32.320000, 200, 32.369999, 100, -1.310000, -0.429300
1476377194013, 32.360699, 32.320000, 200, 32.369999, 100, -1.310000, -0.429300
1476377198013, 32.340199, 32.320000, 100, 32.369999, 100, -1.370000, -0.449800
1476377200016, 32.340199, 32.320000, 100, 32.369999, 100, -1.370000, -0.449800
1476377201524, 32.340199, 32.320000, 100, 32.369999, 100, -1.370000, -0.449800
1476377203520, 32.340199, 32.320000, 200, 32.369999, 100, -1.370000, -0.449800
1476377205526, 32.340199, 32.320000, 100, 32.369999, 100, -1.370000, -0.449800
1476377207015, 32.340199, 32.320000, 100, 32.369999, 100, -1.370000, -0.449800
1476377209017, 32.340199, 32.320000, 200, 32.369999, 100, -1.370000, -0.449800
1476377212021, 32.340199, 32.320000, 200, 32.369999, 100, -1.370000, -0.449800
1476377214020, 32.369999, 32.360001, 100, 32.389999, 200, -1.280000, -0.420000
1476377216056, 32.389999, 32.369999, 100, 32.389999, 200, -1.220000, -0.400000
1476377218024, 32.389999, 32.369999, 100, 32.389999, 200, -1.220000, -0.400000
1476377219530, 32.389999, 32.369999, 100, 32.389999, 100, -1.220000, -0.400000
1476377222047, 32.389999, 32.369999, 100, 32.389999, 100, -1.220000, -0.400000
1476377224026, 32.389999, 32.369999, 100, 32.389999, 100, -1.220000, -0.400000
1476377225519, 32.389999, 32.369999, 100, 32.380001, 100, -1.220000, -0.400000
1476377228029, 32.389999, 32.369999, 100, 32.380001, 100, -1.220000, -0.400000
1476377230026, 32.369999, 32.360001, 100, 32.380001, 200, -1.280000, -0.420000
1476377232029, 32.369999, 32.360001, 100, 32.380001, 200, -1.280000, -0.420000
1476377233537, 32.369999, 32.360001, 100, 32.380001, 200, -1.280000, -0.420000
1476377236040, 32.369999, 32.360001, 100, 32.380001, 100, -1.280000, -0.420000
1476377237062, 32.369999, 32.360001, 100, 32.380001, 100, -1.280000, -0.420000
1476377240028, 32.369999, 32.360001, 100, 32.380001, 100, -1.280000, -0.420000
1476377242030, 32.369999, 32.360001, 200, 32.380001, 100, -1.280000, -0.420000
1476377244033, 32.369999, 32.360001, 200, 32.380001, 100, -1.280000, -0.420000
1476377245536, 32.369999, 32.360001, 200, 32.380001, 100, -1.280000, -0.420000
1476377248034, 32.369999, 32.360001, 200, 32.380001, 100, -1.280000, -0.420000
1476377250029, 32.369999, 32.360001, 200, 32.380001, 100, -1.280000, -0.420000
1476377252051, 32.369999, 32.360001, 200, 32.380001, 100, -1.280000, -0.420000
1476377254043, 32.369999, 32.360001, 200, 32.380001, 100, -1.280000, -0.420000
1476377255539, 32.369999, 32.360001, 200, 32.380001, 100, -1.280000, -0.420000
1476377258037, 32.369999, 32.360001, 200, 32.380001, 100, -1.280000, -0.420000
1476377260034, 32.369999, 32.360001, 200, 32.380001, 100, -1.280000, -0.420000
1476377262035, 32.369999, 32.360001, 200, 32.380001, 100, -1.280000, -0.420000
1476377263537, 32.369999, 32.360001, 200, 32.380001, 100, -1.280000, -0.420000
1476377266055, 32.369999, 32.360001, 200, 32.380001, 100, -1.280000, -0.420000
1476377268038, 32.369999, 32.360001, 200, 32.380001, 100, -1.280000, -0.420000
1476377269549, 32.369999, 32.360001, 200, 32.380001, 100, -1.280000, -0.420000
1476377272044, 32.369999, 32.360001, 200, 32.380001, 100, -1.280000, -0.420000
1476377274046, 32.369999, 32.360001, 200, 32.380001, 100, -1.280000, -0.420000
1476377276039, 32.369999, 32.360001, 200, 32.380001, 100, -1.280000, -0.420000
1476377278116, 32.369999, 32.360001, 200, 32.380001, 100, -1.280000, -0.420000
1476377279548, 32.369999, 32.360001, 200, 32.380001, 100, -1.280000, -0.420000
1476377281592, 32.369999, 32.360001, 200, 32.380001, 100, -1.280000, -0.420000
1476377284055, 32.369999, 32.360001, 200, 32.380001, 100, -1.280000, -0.420000
1476377286043, 32.360001, 32.340000, 100, 32.360001, 100, -1.310000, -0.430000
1476377288044, 32.360001, 32.340000, 100, 32.360001, 200, -1.310000, -0.430000
1476377290053, 32.360001, 32.340000, 100, 32.360001, 200, -1.310000, -0.430000
1476377292046, 32.360001, 32.340000, 100, 32.360001, 200, -1.310000, -0.430000
1476377294062, 32.360001, 32.340000, 100, 32.360001, 200, -1.310000, -0.430000
1476377295561, 32.360001, 32.340000, 100, 32.360001, 200, -1.310000, -0.430000
1476377297544, 32.360001, 32.340000, 100, 32.360001, 200, -1.310000, -0.430000
1476377300054, 32.360001, 32.340000, 100, 32.360001, 200, -1.310000, -0.430000
1476377302052, 32.360001, 32.340000, 100, 32.360001, 200, -1.310000, -0.430000
1476377304045, 32.360001, 32.340000, 100, 32.360001, 200, -1.310000, -0.430000
1476377306053, 32.360001, 32.340000, 100, 32.360001, 200, -1.310000, -0.430000
1476377308058, 32.360001, 32.340000, 100, 32.360001, 200, -1.310000, -0.430000
1476377310093, 32.360001, 32.340000, 100, 32.360001, 200, -1.310000, -0.430000
1476377312049, 32.360001, 32.340000, 100, 32.360001, 200, -1.310000, -0.430000
1476377314095, 32.360001, 32.340000, 100, 32.360001, 200, -1.310000, -0.430000
1476377316047, 32.360001, 32.340000, 100, 32.360001, 200, -1.310000, -0.430000
1476377318047, 32.360001, 32.340000, 100, 32.360001, 200, -1.310000, -0.430000
1476377320050, 32.360001, 32.340000, 100, 32.360001, 200, -1.310000, -0.430000
1476377322076, 32.360001, 32.340000, 100, 32.360001, 200, -1.310000, -0.430000
1476377323571, 32.360001, 32.340000, 100, 32.360001, 200, -1.310000, -0.430000
1476377326052, 32.360001, 32.340000, 100, 32.360001, 200, -1.310000, -0.430000
1476377328061, 32.360001, 32.340000, 100, 32.360001, 200, -1.310000, -0.430000
1476377330056, 32.360001, 32.340000, 100, 32.360001, 200, -1.310000, -0.430000
1476377332098, 32.360001, 32.340000, 100, 32.360001, 200, -1.310000, -0.430000
1476377334053, 32.360001, 32.340000, 100, 32.360001, 200, -1.310000, -0.430000
1476377336075, 32.360001, 32.340000, 100, 32.360001, 200, -1.310000, -0.430000
1476377338058, 32.360001, 32.340000, 100, 32.360001, 200, -1.310000, -0.430000
1476377339053, 32.360001, 32.340000, 100, 32.360001, 200, -1.310000, -0.430000
1476377342058, 32.360001, 32.340000, 100, 32.349998, 200, -1.310000, -0.430000
1476377344049, 32.360001, 32.340000, 200, 32.349998, 200, -1.310000, -0.430000
1476377346065, 32.360001, 32.340000, 200, 32.349998, 200, -1.310000, -0.430000
1476377348059, 32.360001, 32.340000, 200, 32.349998, 200, -1.310000, -0.430000
1476377350057, 32.360001, 32.340000, 200, 32.349998, 200, -1.310000, -0.430000
1476377352066, 32.360001, 32.340000, 200, 32.349998, 300, -1.310000, -0.430000
1476377354112, 32.360001, 32.340000, 200, 32.349998, 300, -1.310000, -0.430000
1476377356062, 32.360001, 32.340000, 200, 32.349998, 300, -1.310000, -0.430000
1476377358068, 32.360001, 32.340000, 200, 32.349998, 300, -1.310000, -0.430000
1476377359558, 32.360001, 32.340000, 200, 32.349998, 300, -1.310000, -0.430000
1476377362070, 32.360001, 32.340000, 200, 32.349998, 300, -1.310000, -0.430000
1476377364066, 32.360001, 32.340000, 200, 32.349998, 300, -1.310000, -0.430000
1476377366072, 32.360001, 32.340000, 200, 32.349998, 300, -1.310000, -0.430000
1476377367562, 32.360001, 32.340000, 200, 32.349998, 300, -1.310000, -0.430000
1476377369565, 32.360001, 32.340000, 200, 32.349998, 300, -1.310000, -0.430000
1476377372054, 32.360001, 32.340000, 200, 32.349998, 300, -1.310000, -0.430000
1476377374066, 32.340000, 32.320000, 100, 32.340000, 200, -1.370000, -0.450000
1476377376063, 32.340000, 32.320000, 100, 32.340000, 200, -1.370000, -0.450000
1476377378067, 32.340000, 32.310001, 100, 32.340000, 200, -1.370000, -0.450000
1476377380059, 32.330002, 32.279999, 100, 32.330002, 200, -1.400000, -0.460000
1476377382081, 32.330002, 32.279999, 100, 32.330002, 200, -1.400000, -0.460000
1476377384076, 32.330002, 32.279999, 200, 32.330002, 200, -1.400000, -0.460000
1476377386113, 32.330002, 32.279999, 200, 32.330002, 200, -1.400000, -0.460000
1476377388059, 32.330002, 32.279999, 200, 32.330002, 200, -1.400000, -0.460000
1476377390069, 32.306900, 32.279999, 100, 32.320000, 200, -1.470000, -0.483100
1476377392070, 32.306900, 32.279999, 100, 32.320000, 200, -1.470000, -0.483100
1476377393115, 32.306900, 32.270000, 100, 32.320000, 200, -1.470000, -0.483100
1476377396082, 32.306900, 32.270000, 100, 32.320000, 200, -1.470000, -0.483100
1476377398070, 32.306900, 32.290001, 100, 32.320000, 200, -1.470000, -0.483100
1476377399583, 32.306900, 32.290001, 200, 32.320000, 200, -1.470000, -0.483100
1476377402064, 32.306900, 32.290001, 200, 32.320000, 200, -1.470000, -0.483100
1476377404077, 32.320000, 32.320000, 100, 32.349998, 100, -1.430000, -0.470000
1476377406078, 32.320000, 32.310001, 100, 32.349998, 100, -1.430000, -0.470000
1476377408074, 32.320000, 32.310001, 200, 32.349998, 100, -1.430000, -0.470000
1476377409068, 32.320000, 32.310001, 200, 32.349998, 100, -1.430000, -0.470000
1476377412089, 32.320000, 32.310001, 200, 32.349998, 100, -1.430000, -0.470000
1476377413098, 32.320000, 32.310001, 200, 32.349998, 100, -1.430000, -0.470000
1476377416066, 32.320000, 32.310001, 200, 32.349998, 100, -1.430000, -0.470000
1476377418075, 32.320000, 32.310001, 200, 32.349998, 100, -1.430000, -0.470000
1476377419582, 32.320000, 32.310001, 200, 32.349998, 100, -1.430000, -0.470000
1476377422074, 32.320000, 32.310001, 200, 32.349998, 100, -1.430000, -0.470000
1476377424084, 32.320000, 32.310001, 200, 32.349998, 100, -1.430000, -0.470000
1476377426078, 32.320000, 32.310001, 200, 32.349998, 100, -1.430000, -0.470000
1476377428101, 32.320000, 32.310001, 200, 32.349998, 100, -1.430000, -0.470000
1476377429082, 32.320000, 32.310001, 200, 32.349998, 100, -1.430000, -0.470000
1476377431597, 32.320000, 32.310001, 200, 32.349998, 100, -1.430000, -0.470000
1476377433594, 32.320000, 32.310001, 200, 32.349998, 100, -1.430000, -0.470000
1476377435574, 32.320000, 32.310001, 200, 32.349998, 100, -1.430000, -0.470000
1476377438083, 32.320000, 32.310001, 200, 32.349998, 100, -1.430000, -0.470000
1476377440080, 32.320000, 32.310001, 200, 32.349998, 100, -1.430000, -0.470000
1476377442112, 32.320000, 32.310001, 200, 32.349998, 100, -1.430000, -0.470000
1476377444099, 32.320000, 32.310001, 200, 32.349998, 100, -1.430000, -0.470000
1476377446097, 32.320000, 32.320000, 100, 32.349998, 100, -1.430000, -0.470000
1476377448088, 32.320000, 32.320000, 100, 32.349998, 100, -1.430000, -0.470000
1476377450093, 32.320000, 32.320000, 100, 32.349998, 100, -1.430000, -0.470000
1476377452095, 32.320000, 32.320000, 100, 32.349998, 100, -1.430000, -0.470000
1476377454099, 32.320000, 32.320000, 100, 32.349998, 100, -1.430000, -0.470000
1476377456140, 32.320000, 32.320000, 100, 32.349998, 100, -1.430000, -0.470000
1476377458084, 32.320000, 32.320000, 100, 32.349998, 100, -1.430000, -0.470000
1476377458581, 32.320000, 32.320000, 100, 32.349998, 100, -1.430000, -0.470000
1476377462077, 32.320000, 32.320000, 100, 32.349998, 100, -1.430000, -0.470000
1476377464103, 32.320000, 32.320000, 100, 32.349998, 100, -1.430000, -0.470000
1476377466104, 32.320000, 32.320000, 100, 32.349998, 100, -1.430000, -0.470000
1476377468104, 32.320000, 32.320000, 100, 32.349998, 100, -1.430000, -0.470000
1476377469602, 32.320000, 32.320000, 100, 32.349998, 100, -1.430000, -0.470000
1476377471126, 32.320000, 32.320000, 100, 32.349998, 100, -1.430000, -0.470000
1476377474101, 32.320000, 32.320000, 100, 32.349998, 100, -1.430000, -0.470000
1476377476102, 32.320000, 32.320000, 100, 32.349998, 100, -1.430000, -0.470000
1476377478100, 32.320000, 32.320000, 100, 32.349998, 100, -1.430000, -0.470000
1476377480103, 32.320000, 32.320000, 100, 32.349998, 100, -1.430000, -0.470000
1476377482097, 32.320000, 32.320000, 100, 32.349998, 100, -1.430000, -0.470000
1476377483607, 32.349998, 32.320000, 100, 32.349998, 100, -1.340000, -0.440000
1476377485611, 32.349998, 32.320000, 100, 32.349998, 100, -1.340000, -0.440000
1476377487611, 32.349998, 32.320000, 100, 32.349998, 100, -1.340000, -0.440000
1476377489600, 32.349998, 32.320000, 100, 32.349998, 100, -1.340000, -0.440000
1476377492092, 32.349998, 32.320000, 100, 32.349998, 100, -1.340000, -0.440000
1476377494178, 32.349998, 32.320000, 100, 32.349998, 100, -1.340000, -0.440000
1476377496099, 32.349998, 32.320000, 100, 32.349998, 100, -1.340000, -0.440000
1476377498099, 32.349998, 32.320000, 100, 32.349998, 100, -1.340000, -0.440000
1476377500149, 32.349998, 32.320000, 100, 32.349998, 100, -1.340000, -0.440000
1476377502104, 32.349998, 32.320000, 100, 32.349998, 100, -1.340000, -0.440000
1476377504145, 32.349998, 32.320000, 100, 32.349998, 100, -1.340000, -0.440000
1476377506221, 32.349998, 32.320000, 100, 32.349998, 100, -1.340000, -0.440000
1476377508015, 32.349998, 32.320000, 200, 32.349998, 100, -1.340000, -0.440000
1476377509516, 32.349998, 32.320000, 200, 32.349998, 100, -1.340000, -0.440000
1476377511013, 32.349998, 32.320000, 200, 32.349998, 100, -1.340000, -0.440000
1476377514033, 32.349998, 32.320000, 200, 32.349998, 100, -1.340000, -0.440000
1476377515018, 32.349998, 32.320000, 200, 32.349998, 100, -1.340000, -0.440000
1476377517521, 32.349998, 32.320000, 200, 32.349998, 100, -1.340000, -0.440000
1476377520020, 32.349998, 32.320000, 200, 32.349998, 100, -1.340000, -0.440000
1476377521516, 32.349998, 32.320000, 200, 32.349998, 100, -1.340000, -0.440000
1476377524019, 32.349998, 32.320000, 200, 32.349998, 100, -1.340000, -0.440000
1476377526019, 32.349998, 32.320000, 200, 32.349998, 100, -1.340000, -0.440000
1476377527015, 32.349998, 32.320000, 200, 32.349998, 100, -1.340000, -0.440000
1476377530034, 32.349998, 32.320000, 200, 32.349998, 100, -1.340000, -0.440000
1476377532017, 32.349998, 32.330002, 100, 32.349998, 100, -1.340000, -0.440000
1476377534027, 32.349998, 32.330002, 100, 32.349998, 100, -1.340000, -0.440000
1476377536023, 32.349998, 32.330002, 100, 32.349998, 100, -1.340000, -0.440000
1476377538018, 32.349998, 32.330002, 100, 32.349998, 100, -1.340000, -0.440000
1476377540019, 32.349998, 32.330002, 100, 32.349998, 100, -1.340000, -0.440000
1476377542024, 32.349998, 32.330002, 100, 32.349998, 100, -1.340000, -0.440000
1476377544026, 32.349998, 32.330002, 100, 32.349998, 100, -1.340000, -0.440000
1476377546054, 32.349998, 32.330002, 100, 32.349998, 100, -1.340000, -0.440000
1476377547522, 32.349998, 32.330002, 100, 32.349998, 100, -1.340000, -0.440000
1476377549534, 32.349998, 32.330002, 100, 32.349998, 100, -1.340000, -0.440000
1476377552025, 32.340000, 32.330002, 100, 32.340000, 100, -1.370000, -0.450000
1476377554032, 32.340000, 32.330002, 100, 32.340000, 100, -1.370000, -0.450000
1476377556030, 32.340000, 32.330002, 100, 32.340000, 100, -1.370000, -0.450000
1476377557601, 32.340000, 32.330002, 100, 32.340000, 100, -1.370000, -0.450000
1476377560027, 32.340000, 32.330002, 100, 32.340000, 100, -1.370000, -0.450000
1476377562031, 32.340000, 32.330002, 100, 32.340000, 100, -1.370000, -0.450000
1476377564036, 32.340000, 32.330002, 100, 32.340000, 100, -1.370000, -0.450000
1476377566040, 32.340000, 32.330002, 100, 32.340000, 100, -1.370000, -0.450000
1476377567529, 32.340000, 32.330002, 100, 32.340000, 100, -1.370000, -0.450000
1476377570041, 32.340000, 32.330002, 100, 32.340000, 100, -1.370000, -0.450000
1476377572040, 32.340000, 32.330002, 100, 32.340000, 100, -1.370000, -0.450000
1476377573544, 32.340000, 32.330002, 100, 32.340000, 100, -1.370000, -0.450000
1476377576044, 32.340000, 32.330002, 100, 32.340000, 100, -1.370000, -0.450000
1476377578042, 32.340000, 32.330002, 100, 32.340000, 100, -1.370000, -0.450000
1476377579538, 32.340000, 32.330002, 100, 32.340000, 100, -1.370000, -0.450000
1476377582074, 32.340000, 32.330002, 100, 32.340000, 100, -1.370000, -0.450000
1476377583540, 32.340000, 32.330002, 100, 32.340000, 100, -1.370000, -0.450000
1476377585580, 32.340000, 32.330002, 100, 32.340000, 100, -1.370000, -0.450000
1476377587037, 32.340000, 32.330002, 100, 32.340000, 100, -1.370000, -0.450000
1476377590045, 32.340000, 32.330002, 100, 32.340000, 100, -1.370000, -0.450000
1476377592062, 32.340000, 32.330002, 100, 32.340000, 100, -1.370000, -0.450000
1476377594049, 32.340000, 32.330002, 100, 32.340000, 100, -1.370000, -0.450000
1476377596043, 32.340000, 32.330002, 100, 32.340000, 100, -1.370000, -0.450000
1476377598041, 32.340000, 32.330002, 100, 32.340000, 100, -1.370000, -0.450000
1476377600044, 32.340000, 32.330002, 100, 32.340000, 100, -1.370000, -0.450000
1476377602046, 32.340000, 32.330002, 100, 32.340000, 100, -1.370000, -0.450000
1476377604552, 32.340000, 32.330002, 100, 32.340000, 100, -1.370000, -0.450000
1476377605564, 32.340000, 32.330002, 100, 32.340000, 100, -1.370000, -0.450000
1476377608079, 32.340000, 32.330002, 100, 32.340000, 100, -1.370000, -0.450000
1476377610049, 32.340000, 32.330002, 100, 32.340000, 100, -1.370000, -0.450000
1476377612046, 32.340000, 32.330002, 100, 32.340000, 100, -1.370000, -0.450000
1476377614092, 32.340000, 32.330002, 100, 32.340000, 100, -1.370000, -0.450000
1476377616540, 32.340000, 32.330002, 100, 32.340000, 100, -1.370000, -0.450000
1476377618540, 32.340000, 32.330002, 100, 32.340000, 100, -1.370000, -0.450000
1476377620049, 32.320000, 32.310001, 100, 32.320000, 100, -1.430000, -0.470000
1476377622078, 32.320000, 32.310001, 200, 32.340000, 100, -1.430000, -0.470000
1476377622078, 32.320000, 32.310001, 200, 32.340000, 100, -1.430000, -0.470000
1476377626554, 32.320000, 32.310001, 300, 32.340000, 100, -1.430000, -0.470000
1476377628042, 32.320000, 32.310001, 300, 32.340000, 100, -1.430000, -0.470000
1476377630551, 32.320000, 32.310001, 300, 32.340000, 100, -1.430000, -0.470000
1476377632048, 32.320000, 32.310001, 300, 32.340000, 100, -1.430000, -0.470000
1476377633548, 32.320000, 32.310001, 300, 32.340000, 100, -1.430000, -0.470000
1476377635555, 32.320000, 32.310001, 200, 32.340000, 100, -1.430000, -0.470000
1476377638071, 32.320000, 32.310001, 200, 32.340000, 100, -1.430000, -0.470000
1476377640561, 32.320000, 32.310001, 200, 32.340000, 100, -1.430000, -0.470000
1476377640054, 32.320000, 32.310001, 200, 32.340000, 100, -1.430000, -0.470000
1476377644555, 32.320000, 32.310001, 200, 32.340000, 100, -1.430000, -0.470000
1476377646558, 32.320000, 32.310001, 200, 32.340000, 100, -1.430000, -0.470000
1476377648548, 32.320000, 32.310001, 200, 32.340000, 100, -1.430000, -0.470000
1476377650080, 32.320000, 32.310001, 100, 32.340000, 100, -1.430000, -0.470000
1476377651560, 32.320000, 32.310001, 100, 32.340000, 100, -1.430000, -0.470000
1476377654559, 32.320000, 32.310001, 100, 32.340000, 100, -1.430000, -0.470000
1476377656054, 32.320000, 32.310001, 100, 32.340000, 100, -1.430000, -0.470000
1476377658560, 32.320000, 32.310001, 100, 32.340000, 100, -1.430000, -0.470000
1476377660060, 32.320000, 32.310001, 100, 32.340000, 100, -1.430000, -0.470000
1476377662079, 32.320000, 32.310001, 100, 32.340000, 100, -1.430000, -0.470000
1476377663560, 32.320000, 32.310001, 100, 32.340000, 100, -1.430000, -0.470000
1476377666059, 32.320000, 32.310001, 100, 32.340000, 100, -1.430000, -0.470000
1476377668062, 32.320000, 32.310001, 100, 32.340000, 100, -1.430000, -0.470000
1476377670112, 32.320000, 32.290001, 200, 32.340000, 200, -1.430000, -0.470000
1476377672565, 32.320000, 32.290001, 200, 32.340000, 200, -1.430000, -0.470000
1476377674565, 32.320000, 32.290001, 200, 32.340000, 200, -1.430000, -0.470000
1476377676073, 32.320000, 32.290001, 200, 32.340000, 200, -1.430000, -0.470000
1476377678570, 32.320000, 32.290001, 200, 32.340000, 200, -1.430000, -0.470000
1476377679574, 32.320000, 32.290001, 200, 32.340000, 200, -1.430000, -0.470000
1476377681579, 32.320000, 32.290001, 200, 32.340000, 200, -1.430000, -0.470000
1476377684579, 32.320000, 32.290001, 200, 32.340000, 200, -1.430000, -0.470000
1476377686567, 32.320000, 32.290001, 200, 32.340000, 200, -1.430000, -0.470000
1476377688577, 32.320000, 32.290001, 200, 32.340000, 200, -1.430000, -0.470000
1476377690069, 32.320000, 32.290001, 200, 32.340000, 200, -1.430000, -0.470000
1476377692587, 32.320000, 32.290001, 200, 32.340000, 200, -1.430000, -0.470000
1476377694572, 32.320000, 32.290001, 200, 32.340000, 200, -1.430000, -0.470000
1476377696581, 32.320000, 32.290001, 200, 32.340000, 200, -1.430000, -0.470000
1476377698075, 32.320000, 32.290001, 200, 32.340000, 200, -1.430000, -0.470000
1476377700084, 32.320000, 32.290001, 200, 32.340000, 200, -1.430000, -0.470000
1476377702580, 32.320000, 32.290001, 200, 32.340000, 200, -1.430000, -0.470000
1476377704092, 32.320000, 32.299999, 100, 32.340000, 200, -1.430000, -0.470000
1476377706577, 32.320000, 32.299999, 100, 32.340000, 200, -1.430000, -0.470000
1476377708574, 32.320000, 32.290001, 100, 32.340000, 200, -1.430000, -0.470000
1476377710150, 32.320000, 32.290001, 100, 32.340000, 200, -1.430000, -0.470000
1476377712108, 32.320000, 32.290001, 100, 32.340000, 200, -1.430000, -0.470000
1476377714584, 32.320000, 32.290001, 100, 32.340000, 200, -1.430000, -0.470000
1476377716085, 32.320000, 32.290001, 100, 32.340000, 200, -1.430000, -0.470000
1476377718588, 32.320000, 32.290001, 100, 32.340000, 200, -1.430000, -0.470000
1476377720083, 32.320000, 32.290001, 100, 32.340000, 200, -1.430000, -0.470000
1476377722581, 32.320000, 32.290001, 100, 32.340000, 200, -1.430000, -0.470000
1476377724087, 32.320000, 32.290001, 100, 32.340000, 200, -1.430000, -0.470000
1476377726102, 32.320000, 32.290001, 100, 32.340000, 200, -1.430000, -0.470000
1476377728143, 32.320000, 32.320000, 100, 32.340000, 200, -1.430000, -0.470000
1476377730598, 32.320000, 32.320000, 100, 32.330002, 100, -1.430000, -0.470000
1476377732595, 32.320000, 32.320000, 100, 32.330002, 100, -1.430000, -0.470000
1476377734095, 32.320000, 32.320000, 100, 32.330002, 100, -1.430000, -0.470000
1476377736593, 32.320000, 32.320000, 100, 32.330002, 100, -1.430000, -0.470000
1476377738120, 32.320000, 32.320000, 100, 32.330002, 100, -1.430000, -0.470000
1476377740145, 32.320000, 32.320000, 100, 32.330002, 100, -1.430000, -0.470000
1476377742579, 32.320000, 32.320000, 100, 32.330002, 100, -1.430000, -0.470000
1476377744591, 32.320000, 32.320000, 100, 32.330002, 100, -1.430000, -0.470000
1476377746601, 32.320000, 32.320000, 100, 32.330002, 100, -1.430000, -0.470000
1476377748581, 32.320000, 32.320000, 100, 32.330002, 100, -1.430000, -0.470000
1476377750599, 32.320000, 32.320000, 100, 32.330002, 100, -1.430000, -0.470000
1476377752095, 32.320000, 32.320000, 100, 32.330002, 100, -1.430000, -0.470000
1476377754609, 32.320000, 32.320000, 100, 32.330002, 100, -1.430000, -0.470000
1476377756589, 32.320000, 32.320000, 100, 32.330002, 100, -1.430000, -0.470000
1476377758607, 32.320000, 32.320000, 100, 32.330002, 100, -1.430000, -0.470000
1476377759602, 32.320000, 32.320000, 100, 32.330002, 100, -1.430000, -0.470000
1476377762599, 32.320000, 32.320000, 100, 32.330002, 100, -1.430000, -0.470000
1476377764593, 32.320000, 32.320000, 100, 32.330002, 100, -1.430000, -0.470000
1476377766108, 32.320000, 32.320000, 100, 32.330002, 100, -1.430000, -0.470000
1476377767642, 32.320000, 32.320000, 100, 32.330002, 100, -1.430000, -0.470000
1476377770094, 32.320000, 32.320000, 100, 32.330002, 100, -1.430000, -0.470000
1476377772130, 32.320000, 32.320000, 100, 32.330002, 100, -1.430000, -0.470000
1476377774618, 32.330002, 32.320000, 100, 32.330002, 100, -1.400000, -0.460000
1476377776611, 32.330002, 32.320000, 100, 32.330002, 100, -1.400000, -0.460000
1476377778109, 32.330002, 32.320000, 100, 32.330002, 100, -1.400000, -0.460000
1476377780602, 32.330002, 32.320000, 100, 32.330002, 100, -1.400000, -0.460000
1476377782616, 32.330002, 32.320000, 100, 32.330002, 100, -1.400000, -0.460000
1476377784118, 32.330002, 32.320000, 100, 32.330002, 100, -1.400000, -0.460000
1476377786601, 32.330002, 32.320000, 100, 32.330002, 100, -1.400000, -0.460000
1476377788112, 32.330002, 32.320000, 100, 32.330002, 200, -1.400000, -0.460000
1476377790603, 32.330002, 32.320000, 100, 32.330002, 200, -1.400000, -0.460000
1476377792617, 32.330002, 32.320000, 200, 32.330002, 200, -1.400000, -0.460000
1476377794166, 32.330002, 32.320000, 200, 32.330002, 200, -1.400000, -0.460000
1476377796591, 32.330002, 32.320000, 200, 32.330002, 200, -1.400000, -0.460000
1476377798104, 32.330002, 32.320000, 200, 32.330002, 200, -1.400000, -0.460000
1476377800613, 32.320000, 32.320000, 300, 32.330002, 200, -1.430000, -0.470000
1476377802600, 32.320000, 32.320000, 300, 32.330002, 200, -1.430000, -0.470000
1476377804614, 32.320000, 32.320000, 300, 32.330002, 200, -1.430000, -0.470000
1476377806611, 32.320000, 32.320000, 300, 32.330002, 200, -1.430000, -0.470000
1476377808624, 32.320000, 32.320000, 300, 32.330002, 200, -1.430000, -0.470000
1476377810168, 32.320000, 32.320000, 300, 32.330002, 200, -1.430000, -0.470000
1476377812129, 32.320000, 32.320000, 300, 32.330002, 200, -1.430000, -0.470000
1476377814614, 32.320000, 32.320000, 300, 32.330002, 200, -1.430000, -0.470000
1476377815621, 32.320000, 32.320000, 300, 32.330002, 200, -1.430000, -0.470000
1476377817014, 32.320000, 32.320000, 300, 32.330002, 200, -1.430000, -0.470000
1476377819518, 32.320000, 32.320000, 300, 32.330002, 200, -1.430000, -0.470000
1476377822013, 32.320000, 32.320000, 300, 32.330002, 200, -1.430000, -0.470000
1476377824031, 32.320000, 32.320000, 300, 32.330002, 200, -1.430000, -0.470000
1476377826021, 32.320000, 32.320000, 300, 32.330002, 200, -1.430000, -0.470000
1476377828519, 32.320000, 32.320000, 300, 32.330002, 200, -1.430000, -0.470000
1476377830525, 32.320000, 32.320000, 300, 32.330002, 200, -1.430000, -0.470000
1476377832556, 32.320000, 32.320000, 300, 32.330002, 200, -1.430000, -0.470000
1476377833520, 32.320000, 32.320000, 300, 32.330002, 200, -1.430000, -0.470000
1476377835523, 32.320000, 32.320000, 300, 32.330002, 200, -1.430000, -0.470000
1476377838519, 32.320000, 32.320000, 300, 32.330002, 200, -1.430000, -0.470000
1476377840550, 32.320000, 32.299999, 200, 32.320000, 100, -1.430000, -0.470000
1476377842525, 32.320000, 32.299999, 300, 32.320000, 100, -1.430000, -0.470000
1476377844020, 32.320000, 32.299999, 200, 32.330002, 200, -1.430000, -0.470000
1476377846524, 32.320000, 32.299999, 200, 32.330002, 200, -1.430000, -0.470000
1476377848532, 32.320000, 32.299999, 200, 32.330002, 200, -1.430000, -0.470000
1476377850025, 32.320000, 32.299999, 200, 32.330002, 200, -1.430000, -0.470000
1476377852563, 32.320000, 32.299999, 200, 32.330002, 200, -1.430000, -0.470000
1476377854024, 32.320000, 32.299999, 200, 32.330002, 200, -1.430000, -0.470000
1476377856538, 32.320000, 32.299999, 200, 32.330002, 200, -1.430000, -0.470000
1476377858520, 32.320000, 32.299999, 200, 32.330002, 200, -1.430000, -0.470000
1476377860530, 32.320000, 32.299999, 200, 32.330002, 200, -1.430000, -0.470000
1476377860530, 32.320000, 32.299999, 200, 32.330002, 200, -1.430000, -0.470000
1476377864530, 32.320000, 32.299999, 200, 32.330002, 200, -1.430000, -0.470000
1476377866543, 32.320000, 32.299999, 200, 32.330002, 200, -1.430000, -0.470000
1476377868560, 32.320000, 32.299999, 200, 32.330002, 200, -1.430000, -0.470000
1476377870536, 32.320000, 32.299999, 200, 32.330002, 200, -1.430000, -0.470000
1476377872539, 32.320000, 32.299999, 200, 32.330002, 200, -1.430000, -0.470000
1476377874529, 32.320000, 32.299999, 200, 32.330002, 200, -1.430000, -0.470000
1476377876533, 32.320000, 32.299999, 200, 32.330002, 200, -1.430000, -0.470000
1476377878540, 32.320000, 32.299999, 200, 32.330002, 200, -1.430000, -0.470000
1476377880557, 32.320000, 32.310001, 100, 32.330002, 200, -1.430000, -0.470000
1476377882529, 32.320000, 32.310001, 100, 32.330002, 200, -1.430000, -0.470000
1476377884034, 32.320000, 32.310001, 100, 32.330002, 200, -1.430000, -0.470000
1476377886543, 32.320000, 32.310001, 100, 32.330002, 200, -1.430000, -0.470000
1476377888539, 32.320000, 32.310001, 100, 32.330002, 200, -1.430000, -0.470000
1476377890540, 32.320000, 32.310001, 100, 32.330002, 200, -1.430000, -0.470000
1476377892035, 32.320000, 32.310001, 100, 32.330002, 200, -1.430000, -0.470000
1476377894535, 32.320000, 32.310001, 100, 32.330002, 200, -1.430000, -0.470000
1476377896583, 32.320000, 32.279999, 100, 32.330002, 200, -1.430000, -0.470000
1476377898539, 32.320000, 32.279999, 100, 32.330002, 200, -1.430000, -0.470000
1476377900547, 32.320000, 32.279999, 200, 32.330002, 200, -1.430000, -0.470000
1476377902056, 32.320000, 32.279999, 100, 32.330002, 200, -1.430000, -0.470000
1476377904546, 32.320000, 32.290001, 100, 32.330002, 200, -1.430000, -0.470000
1476377906540, 32.250000, 32.240002, 100, 32.270000, 100, -1.650000, -0.540000
1476377908537, 32.257999, 32.240002, 100, 32.270000, 200, -1.620000, -0.532000
1476377910051, 32.257999, 32.240002, 100, 32.270000, 200, -1.620000, -0.532000
1476377912046, 32.257999, 32.240002, 100, 32.270000, 200, -1.620000, -0.532000
1476377914056, 32.257999, 32.240002, 100, 32.270000, 200, -1.620000, -0.532000
1476377916040, 32.257999, 32.240002, 100, 32.270000, 200, -1.620000, -0.532000
1476377918046, 32.257999, 32.240002, 100, 32.270000, 200, -1.620000, -0.532000
1476377920586, 32.257999, 32.240002, 100, 32.270000, 200, -1.620000, -0.532000
1476377922543, 32.257999, 32.240002, 100, 32.270000, 200, -1.620000, -0.532000
1476377924559, 32.257999, 32.240002, 100, 32.270000, 200, -1.620000, -0.532000
1476377926546, 32.257999, 32.240002, 100, 32.270000, 200, -1.620000, -0.532000
1476377928052, 32.257999, 32.240002, 100, 32.270000, 200, -1.620000, -0.532000
1476377930559, 32.257999, 32.240002, 100, 32.270000, 200, -1.620000, -0.532000
1476377932560, 32.257999, 32.240002, 100, 32.270000, 200, -1.620000, -0.532000
1476377934555, 32.257999, 32.240002, 100, 32.270000, 200, -1.620000, -0.532000
1476377936553, 32.257999, 32.240002, 100, 32.270000, 200, -1.620000, -0.532000
1476377938546, 32.257999, 32.240002, 100, 32.270000, 200, -1.620000, -0.532000
1476377940556, 32.257999, 32.240002, 100, 32.270000, 200, -1.620000, -0.532000
1476377942060, 32.257999, 32.240002, 100, 32.270000, 200, -1.620000, -0.532000
1476377944567, 32.257999, 32.240002, 100, 32.270000, 200, -1.620000, -0.532000
1476377946043, 32.257999, 32.240002, 100, 32.270000, 200, -1.620000, -0.532000
1476377948561, 32.257999, 32.240002, 100, 32.270000, 200, -1.620000, -0.532000
1476377950055, 32.257999, 32.240002, 100, 32.270000, 200, -1.620000, -0.532000
1476377952579, 32.257999, 32.240002, 100, 32.270000, 200, -1.620000, -0.532000
1476377954052, 32.257999, 32.240002, 100, 32.270000, 200, -1.620000, -0.532000
1476377956568, 32.257999, 32.240002, 100, 32.270000, 200, -1.620000, -0.532000
1476377958568, 32.257999, 32.240002, 100, 32.270000, 200, -1.620000, -0.532000
1476377960573, 32.257999, 32.240002, 100, 32.270000, 200, -1.620000, -0.532000
1476377962061, 32.257999, 32.240002, 100, 32.270000, 200, -1.620000, -0.532000
1476377964560, 32.257999, 32.240002, 100, 32.270000, 200, -1.620000, -0.532000
1476377966577, 32.257999, 32.240002, 100, 32.270000, 200, -1.620000, -0.532000
1476377968573, 32.257999, 32.240002, 100, 32.270000, 200, -1.620000, -0.532000
1476377970575, 32.257999, 32.240002, 100, 32.270000, 200, -1.620000, -0.532000
1476377972576, 32.257999, 32.240002, 100, 32.270000, 200, -1.620000, -0.532000
1476377974549, 32.257999, 32.240002, 100, 32.270000, 200, -1.620000, -0.532000
1476377976634, 32.257999, 32.240002, 100, 32.270000, 200, -1.620000, -0.532000
1476377978574, 32.257999, 32.240002, 100, 32.270000, 200, -1.620000, -0.532000
1476377980573, 32.257999, 32.240002, 100, 32.270000, 200, -1.620000, -0.532000
1476377982568, 32.257999, 32.240002, 100, 32.270000, 200, -1.620000, -0.532000
1476377984565, 32.257999, 32.240002, 100, 32.270000, 200, -1.620000, -0.532000
1476377986068, 32.257999, 32.240002, 100, 32.270000, 200, -1.620000, -0.532000
1476377988592, 32.257999, 32.240002, 100, 32.270000, 200, -1.620000, -0.532000
1476377990611, 32.257999, 32.240002, 100, 32.270000, 200, -1.620000, -0.532000
1476377992579, 32.257999, 32.240002, 100, 32.270000, 200, -1.620000, -0.532000
1476377994583, 32.270000, 32.240002, 100, 32.270000, 200, -1.590000, -0.520000
1476377996576, 32.270000, 32.240002, 100, 32.270000, 200, -1.590000, -0.520000
1476377998569, 32.270000, 32.240002, 100, 32.270000, 200, -1.590000, -0.520000
1476378000584, 32.270000, 32.240002, 100, 32.270000, 200, -1.590000, -0.520000
1476378002598, 32.270000, 32.240002, 100, 32.270000, 200, -1.590000, -0.520000
1476378004580, 32.270000, 32.240002, 100, 32.270000, 200, -1.590000, -0.520000
1476378006583, 32.270000, 32.240002, 100, 32.270000, 200, -1.590000, -0.520000
1476378008597, 32.270000, 32.240002, 100, 32.270000, 200, -1.590000, -0.520000
1476378010583, 32.270000, 32.240002, 100, 32.270000, 200, -1.590000, -0.520000
1476378012583, 32.270000, 32.240002, 100, 32.270000, 200, -1.590000, -0.520000
1476378014626, 32.270000, 32.240002, 100, 32.270000, 200, -1.590000, -0.520000
1476378016098, 32.270000, 32.240002, 100, 32.270000, 200, -1.590000, -0.520000
1476378018584, 32.270000, 32.240002, 100, 32.270000, 200, -1.590000, -0.520000
1476378020585, 32.270000, 32.240002, 100, 32.270000, 200, -1.590000, -0.520000
1476378022090, 32.270000, 32.240002, 100, 32.270000, 200, -1.590000, -0.520000
1476378024591, 32.270000, 32.240002, 100, 32.270000, 100, -1.590000, -0.520000
1476378026585, 32.270000, 32.240002, 100, 32.270000, 100, -1.590000, -0.520000
1476378028081, 32.270000, 32.240002, 100, 32.270000, 100, -1.590000, -0.520000
1476378029588, 32.270000, 32.240002, 100, 32.270000, 100, -1.590000, -0.520000
1476378032612, 32.270000, 32.240002, 100, 32.270000, 100, -1.590000, -0.520000
1476378034588, 32.270000, 32.240002, 100, 32.270000, 100, -1.590000, -0.520000
1476378036593, 32.270000, 32.240002, 100, 32.270000, 100, -1.590000, -0.520000
1476378038633, 32.270000, 32.240002, 100, 32.270000, 100, -1.590000, -0.520000
1476378040104, 32.270000, 32.240002, 100, 32.270000, 100, -1.590000, -0.520000
1476378042593, 32.270000, 32.240002, 100, 32.270000, 100, -1.590000, -0.520000
1476378044594, 32.270000, 32.240002, 100, 32.270000, 100, -1.590000, -0.520000
1476378046584, 32.270000, 32.240002, 100, 32.270000, 100, -1.590000, -0.520000
1476378048592, 32.270000, 32.240002, 100, 32.270000, 200, -1.590000, -0.520000
1476378050591, 32.270000, 32.240002, 100, 32.270000, 200, -1.590000, -0.520000
1476378052604, 32.270000, 32.250000, 100, 32.270000, 200, -1.590000, -0.520000
1476378054614, 32.270000, 32.250000, 100, 32.270000, 200, -1.590000, -0.520000
1476378056107, 32.270000, 32.250000, 100, 32.270000, 200, -1.590000, -0.520000
1476378058610, 32.270000, 32.250000, 100, 32.270000, 200, -1.590000, -0.520000
1476378060622, 32.270000, 32.250000, 100, 32.270000, 200, -1.590000, -0.520000
1476378062662, 32.270000, 32.250000, 100, 32.270000, 200, -1.590000, -0.520000
1476378064615, 32.270000, 32.250000, 100, 32.270000, 200, -1.590000, -0.520000
1476378066592, 32.270000, 32.250000, 100, 32.270000, 200, -1.590000, -0.520000
1476378068610, 32.270000, 32.250000, 100, 32.270000, 200, -1.590000, -0.520000
1476378070623, 32.270000, 32.250000, 100, 32.270000, 200, -1.590000, -0.520000
1476378072612, 32.270000, 32.250000, 100, 32.270000, 200, -1.590000, -0.520000
1476378074603, 32.270000, 32.250000, 100, 32.270000, 200, -1.590000, -0.520000
1476378076631, 32.270000, 32.250000, 100, 32.270000, 200, -1.590000, -0.520000
1476378078655, 32.270000, 32.250000, 100, 32.270000, 200, -1.590000, -0.520000
1476378080601, 32.270000, 32.250000, 100, 32.270000, 200, -1.590000, -0.520000
1476378082739, 32.270000, 32.250000, 100, 32.270000, 200, -1.590000, -0.520000
1476378084100, 32.270000, 32.250000, 100, 32.270000, 200, -1.590000, -0.520000
1476378086613, 32.270000, 32.250000, 100, 32.270000, 200, -1.590000, -0.520000
1476378088617, 32.270000, 32.250000, 100, 32.270000, 200, -1.590000, -0.520000
1476378090670, 32.270000, 32.250000, 100, 32.270000, 200, -1.590000, -0.520000
1476378092613, 32.270000, 32.250000, 100, 32.270000, 200, -1.590000, -0.520000
1476378094610, 32.270000, 32.250000, 100, 32.270000, 200, -1.590000, -0.520000
1476378096616, 32.250000, 32.250000, 100, 32.270000, 100, -1.650000, -0.540000
1476378098100, 32.250000, 32.250000, 100, 32.270000, 100, -1.650000, -0.540000
1476378100626, 32.250000, 32.250000, 100, 32.270000, 100, -1.650000, -0.540000
1476378102603, 32.250000, 32.250000, 100, 32.270000, 100, -1.650000, -0.540000
1476378104622, 32.250000, 32.250000, 100, 32.270000, 100, -1.650000, -0.540000
1476378106650, 32.250000, 32.250000, 100, 32.270000, 100, -1.650000, -0.540000
1476378108124, 32.250000, 32.250000, 100, 32.270000, 100, -1.650000, -0.540000
1476378110612, 32.250000, 32.250000, 100, 32.270000, 100, -1.650000, -0.540000
1476378112633, 32.250000, 32.250000, 100, 32.270000, 100, -1.650000, -0.540000
1476378114619, 32.250000, 32.250000, 100, 32.270000, 100, -1.650000, -0.540000
1476378116118, 32.250000, 32.259998, 100, 32.270000, 100, -1.650000, -0.540000
1476378118121, 32.250000, 32.259998, 100, 32.270000, 100, -1.650000, -0.540000
1476378120628, 32.270000, 32.279999, 100, 32.290001, 100, -1.590000, -0.520000
1476378122620, 32.270000, 32.279999, 100, 32.290001, 100, -1.590000, -0.520000
1476378124622, 32.279999, 32.270000, 100, 32.279999, 100, -1.560000, -0.510000
1476378125636, 32.279999, 32.270000, 100, 32.279999, 100, -1.560000, -0.510000
1476378129015, 32.279999, 32.270000, 100, 32.279999, 200, -1.560000, -0.510000
1476378130518, 32.279999, 32.270000, 100, 32.279999, 200, -1.560000, -0.510000
1476378132523, 32.279999, 32.270000, 100, 32.279999, 200, -1.560000, -0.510000
1476378134524, 32.279999, 32.270000, 100, 32.279999, 200, -1.560000, -0.510000
1476378136025, 32.279999, 32.270000, 100, 32.279999, 200, -1.560000, -0.510000
1476378138524, 32.270000, 32.259998, 300, 32.270000, 100, -1.590000, -0.520000
1476378140524, 32.270000, 32.259998, 300, 32.270000, 200, -1.590000, -0.520000
1476378142525, 32.270000, 32.259998, 300, 32.270000, 200, -1.590000, -0.520000
1476378144070, 32.270000, 32.259998, 200, 32.270000, 200, -1.590000, -0.520000
1476378146524, 32.259998, 32.250000, 100, 32.279999, 100, -1.620000, -0.530000
1476378148029, 32.259998, 32.250000, 100, 32.279999, 100, -1.620000, -0.530000
1476378149526, 32.259998, 32.250000, 100, 32.279999, 100, -1.620000, -0.530000
1476378152525, 32.259998, 32.250000, 100, 32.279999, 100, -1.620000, -0.530000
1476378154566, 32.259998, 32.250000, 100, 32.279999, 100, -1.620000, -0.530000
1476378156528, 32.259998, 32.250000, 100, 32.279999, 100, -1.620000, -0.530000
1476378158525, 32.259998, 32.250000, 100, 32.279999, 100, -1.620000, -0.530000
1476378159528, 32.259998, 32.250000, 100, 32.279999, 100, -1.620000, -0.530000
1476378162529, 32.259998, 32.240002, 100, 32.279999, 100, -1.620000, -0.530000
1476378164528, 32.259998, 32.240002, 100, 32.279999, 100, -1.620000, -0.530000
1476378166534, 32.259998, 32.240002, 100, 32.279999, 100, -1.620000, -0.530000
1476378168568, 32.259998, 32.240002, 100, 32.279999, 100, -1.620000, -0.530000
1476378170528, 32.259998, 32.240002, 100, 32.279999, 100, -1.620000, -0.530000
1476378172533, 32.259998, 32.240002, 100, 32.279999, 100, -1.620000, -0.530000
1476378174529, 32.259998, 32.240002, 100, 32.279999, 100, -1.620000, -0.530000
1476378176564, 32.259998, 32.240002, 100, 32.279999, 100, -1.620000, -0.530000
1476378178570, 32.259998, 32.240002, 100, 32.279999, 100, -1.620000, -0.530000
1476378180533, 32.259998, 32.240002, 100, 32.279999, 100, -1.620000, -0.530000
1476378182530, 32.259998, 32.240002, 100, 32.279999, 100, -1.620000, -0.530000
1476378184542, 32.259998, 32.240002, 100, 32.279999, 100, -1.620000, -0.530000
1476378186539, 32.259998, 32.240002, 100, 32.279999, 100, -1.620000, -0.530000
1476378188535, 32.259998, 32.240002, 100, 32.279999, 100, -1.620000, -0.530000
1476378190537, 32.259998, 32.240002, 100, 32.279999, 100, -1.620000, -0.530000
1476378192552, 32.259998, 32.240002, 100, 32.279999, 100, -1.620000, -0.530000
1476378194539, 32.259998, 32.240002, 100, 32.279999, 100, -1.620000, -0.530000
1476378196539, 32.259998, 32.240002, 100, 32.279999, 100, -1.620000, -0.530000
1476378198541, 32.259998, 32.240002, 100, 32.279999, 100, -1.620000, -0.530000
1476378200576, 32.240002, 32.220001, 100, 32.270000, 100, -1.680000, -0.550000
1476378200576, 32.240002, 32.220001, 100, 32.270000, 100, -1.680000, -0.550000
1476378204548, 32.240002, 32.220001, 100, 32.270000, 100, -1.680000, -0.550000
1476378206545, 32.240002, 32.220001, 100, 32.270000, 100, -1.680000, -0.550000
1476378208560, 32.240002, 32.220001, 100, 32.270000, 100, -1.680000, -0.550000
1476378209566, 32.240002, 32.220001, 100, 32.270000, 100, -1.680000, -0.550000
1476378212546, 32.240002, 32.220001, 100, 32.270000, 100, -1.680000, -0.550000
1476378214585, 32.240002, 32.220001, 100, 32.270000, 200, -1.680000, -0.550000
1476378216554, 32.240002, 32.220001, 100, 32.270000, 200, -1.680000, -0.550000
1476378218045, 32.240002, 32.220001, 100, 32.270000, 200, -1.680000, -0.550000
1476378220050, 32.240002, 32.220001, 100, 32.270000, 200, -1.680000, -0.550000
1476378222560, 32.240002, 32.220001, 100, 32.270000, 200, -1.680000, -0.550000
1476378224582, 32.240002, 32.220001, 100, 32.270000, 200, -1.680000, -0.550000
1476378226550, 32.240002, 32.220001, 100, 32.270000, 200, -1.680000, -0.550000
1476378228550, 32.240002, 32.220001, 100, 32.270000, 200, -1.680000, -0.550000
1476378230049, 32.240002, 32.220001, 100, 32.270000, 200, -1.680000, -0.550000
1476378232544, 32.240002, 32.220001, 100, 32.270000, 200, -1.680000, -0.550000
1476378234557, 32.240002, 32.220001, 100, 32.270000, 200, -1.680000, -0.550000
1476378236096, 32.240002, 32.220001, 100, 32.270000, 200, -1.680000, -0.550000
1476378238556, 32.240002, 32.220001, 100, 32.270000, 200, -1.680000, -0.550000
1476378240551, 32.240002, 32.209999, 100, 32.250000, 100, -1.680000, -0.550000
1476378242555, 32.240002, 32.209999, 100, 32.250000, 100, -1.680000, -0.550000
1476378244548, 32.240002, 32.220001, 100, 32.270000, 200, -1.680000, -0.550000
1476378246551, 32.240002, 32.220001, 100, 32.259998, 100, -1.680000, -0.550000
1476378248561, 32.240002, 32.220001, 100, 32.259998, 100, -1.680000, -0.550000
1476378250580, 32.240002, 32.220001, 100, 32.259998, 100, -1.680000, -0.550000
1476378252061, 32.240002, 32.220001, 100, 32.270000, 200, -1.680000, -0.550000
1476378254564, 32.240002, 32.230000, 100, 32.270000, 100, -1.680000, -0.550000
1476378256053, 32.240002, 32.230000, 100, 32.270000, 100, -1.680000, -0.550000
1476378258554, 32.240002, 32.230000, 100, 32.270000, 100, -1.680000, -0.550000
1476378260555, 32.240002, 32.230000, 100, 32.270000, 100, -1.680000, -0.550000
1476378263066, 32.240002, 32.230000, 100, 32.270000, 100, -1.680000, -0.550000
1476378265055, 32.240002, 32.230000, 100, 32.270000, 100, -1.680000, -0.550000
1476378266105, 32.240002, 32.230000, 100, 32.270000, 100, -1.680000, -0.550000
1476378268586, 32.240002, 32.230000, 100, 32.270000, 100, -1.680000, -0.550000
1476378271065, 32.240002, 32.230000, 100, 32.270000, 100, -1.680000, -0.550000
1476378272560, 32.240002, 32.209999, 100, 32.270000, 100, -1.680000, -0.550000
1476378274559, 32.240002, 32.209999, 100, 32.270000, 100, -1.680000, -0.550000
1476378276056, 32.240002, 32.209999, 100, 32.270000, 100, -1.680000, -0.550000
1476378278062, 32.240002, 32.209999, 100, 32.270000, 100, -1.680000, -0.550000
1476378281060, 32.240002, 32.209999, 100, 32.270000, 100, -1.680000, -0.550000
1476378282574, 32.240002, 32.209999, 100, 32.270000, 100, -1.680000, -0.550000
1476378285053, 32.240002, 32.209999, 100, 32.270000, 100, -1.680000, -0.550000
1476378287065, 32.240002, 32.209999, 100, 32.270000, 100, -1.680000, -0.550000
1476378288569, 32.240002, 32.209999, 100, 32.270000, 100, -1.680000, -0.550000
1476378291065, 32.240002, 32.209999, 100, 32.259998, 100, -1.680000, -0.550000
1476378293065, 32.240002, 32.200001, 100, 32.259998, 200, -1.680000, -0.550000
1476378294602, 32.240002, 32.200001, 100, 32.259998, 200, -1.680000, -0.550000
1476378295594, 32.240002, 32.200001, 100, 32.259998, 200, -1.680000, -0.550000
1476378299077, 32.240002, 32.200001, 100, 32.259998, 200, -1.680000, -0.550000
1476378301071, 32.240002, 32.200001, 100, 32.259998, 200, -1.680000, -0.550000
1476378302575, 32.240002, 32.200001, 100, 32.259998, 200, -1.680000, -0.550000
1476378305078, 32.240002, 32.200001, 100, 32.259998, 100, -1.680000, -0.550000
1476378307067, 32.240002, 32.209999, 100, 32.259998, 100, -1.680000, -0.550000
1476378308070, 32.240002, 32.209999, 100, 32.259998, 100, -1.680000, -0.550000
1476378310588, 32.242500, 32.209999, 100, 32.259998, 100, -1.670000, -0.547500
1476378312585, 32.242500, 32.209999, 100, 32.259998, 100, -1.670000, -0.547500
1476378314575, 32.242500, 32.200001, 100, 32.259998, 100, -1.670000, -0.547500
1476378316079, 32.242500, 32.200001, 200, 32.259998, 100, -1.670000, -0.547500
1476378319072, 32.242500, 32.200001, 200, 32.259998, 100, -1.670000, -0.547500
1476378321081, 32.242500, 32.200001, 200, 32.259998, 100, -1.670000, -0.547500
1476378322578, 32.242500, 32.200001, 200, 32.259998, 100, -1.670000, -0.547500
1476378324574, 32.259998, 32.230000, 100, 32.270000, 100, -1.620000, -0.530000
1476378326583, 32.259998, 32.230000, 100, 32.270000, 100, -1.620000, -0.530000
1476378329079, 32.259998, 32.230000, 100, 32.270000, 100, -1.620000, -0.530000
1476378331085, 32.259998, 32.230000, 100, 32.270000, 100, -1.620000, -0.530000
1476378333078, 32.259998, 32.230000, 100, 32.270000, 100, -1.620000, -0.530000
1476378334577, 32.259998, 32.230000, 100, 32.270000, 100, -1.620000, -0.530000
1476378337075, 32.259998, 32.230000, 100, 32.270000, 100, -1.620000, -0.530000
1476378338654, 32.259998, 32.230000, 100, 32.270000, 100, -1.620000, -0.530000
1476378341077, 32.259998, 32.220001, 100, 32.270000, 100, -1.620000, -0.530000
1476378343084, 32.259998, 32.220001, 100, 32.270000, 100, -1.620000, -0.530000
1476378345076, 32.259998, 32.220001, 100, 32.270000, 100, -1.620000, -0.530000
1476378347079, 32.259998, 32.220001, 100, 32.270000, 100, -1.620000, -0.530000
1476378349075, 32.259998, 32.220001, 100, 32.270000, 100, -1.620000, -0.530000
1476378351085, 32.259998, 32.220001, 100, 32.270000, 100, -1.620000, -0.530000
1476378352592, 32.259998, 32.220001, 100, 32.270000, 100, -1.620000, -0.530000
1476378355101, 32.259998, 32.220001, 100, 32.270000, 100, -1.620000, -0.530000
1476378357072, 32.259998, 32.220001, 100, 32.270000, 100, -1.620000, -0.530000
1476378359085, 32.220001, 32.209999, 100, 32.259998, 100, -1.740000, -0.570000
1476378361096, 32.220001, 32.209999, 100, 32.259998, 100, -1.740000, -0.570000
1476378363082, 32.220001, 32.209999, 100, 32.259998, 100, -1.740000, -0.570000
1476378365075, 32.220001, 32.189999, 200, 32.259998, 100, -1.740000, -0.570000
1476378366582, 32.220001, 32.189999, 200, 32.259998, 100, -1.740000, -0.570000
1476378368643, 32.220001, 32.200001, 100, 32.259998, 100, -1.740000, -0.570000
1476378370603, 32.220001, 32.200001, 100, 32.259998, 100, -1.740000, -0.570000
1476378373085, 32.220001, 32.200001, 100, 32.259998, 100, -1.740000, -0.570000
1476378375093, 32.220001, 32.200001, 100, 32.259998, 100, -1.740000, -0.570000
1476378377083, 32.220001, 32.200001, 100, 32.259998, 100, -1.740000, -0.570000
1476378379095, 32.220001, 32.189999, 100, 32.259998, 100, -1.740000, -0.570000
1476378380595, 32.220001, 32.189999, 100, 32.259998, 100, -1.740000, -0.570000
1476378383091, 32.220001, 32.200001, 100, 32.259998, 200, -1.740000, -0.570000
1476378385085, 32.220001, 32.200001, 100, 32.259998, 200, -1.740000, -0.570000
1476378387092, 32.220001, 32.200001, 100, 32.259998, 200, -1.740000, -0.570000
1476378389071, 32.220001, 32.200001, 100, 32.259998, 200, -1.740000, -0.570000
1476378391096, 32.220001, 32.200001, 100, 32.259998, 200, -1.740000, -0.570000
1476378392580, 32.220001, 32.200001, 100, 32.259998, 200, -1.740000, -0.570000
1476378395093, 32.220001, 32.200001, 100, 32.259998, 200, -1.740000, -0.570000
1476378397104, 32.220001, 32.200001, 100, 32.259998, 200, -1.740000, -0.570000
1476378399088, 32.220001, 32.200001, 100, 32.259998, 200, -1.740000, -0.570000
1476378401078, 32.220001, 32.200001, 100, 32.259998, 200, -1.740000, -0.570000
1476378403090, 32.220001, 32.200001, 100, 32.259998, 200, -1.740000, -0.570000
1476378405091, 32.220001, 32.200001, 100, 32.259998, 200, -1.740000, -0.570000
1476378407090, 32.220001, 32.200001, 100, 32.259998, 200, -1.740000, -0.570000
1476378408598, 32.220001, 32.200001, 100, 32.259998, 200, -1.740000, -0.570000
1476378411084, 32.220001, 32.200001, 100, 32.259998, 200, -1.740000, -0.570000
1476378412592, 32.220001, 32.200001, 100, 32.259998, 200, -1.740000, -0.570000
1476378415123, 32.220001, 32.200001, 100, 32.259998, 200, -1.740000, -0.570000
1476378417097, 32.220001, 32.189999, 100, 32.240002, 100, -1.740000, -0.570000
1476378419091, 32.220001, 32.189999, 100, 32.240002, 100, -1.740000, -0.570000
1476378420598, 32.220001, 32.189999, 100, 32.240002, 100, -1.740000, -0.570000
1476378423094, 32.220001, 32.189999, 100, 32.240002, 100, -1.740000, -0.570000
1476378425099, 32.220001, 32.189999, 100, 32.240002, 100, -1.740000, -0.570000
1476378426082, 32.220001, 32.189999, 100, 32.240002, 100, -1.740000, -0.570000
1476378429098, 32.220001, 32.189999, 100, 32.240002, 100, -1.740000, -0.570000
1476378431125, 32.220001, 32.189999, 100, 32.240002, 200, -1.740000, -0.570000
1476378433091, 32.220001, 32.189999, 100, 32.240002, 200, -1.740000, -0.570000
1476378435092, 32.220001, 32.189999, 100, 32.240002, 200, -1.740000, -0.570000
1476378437100, 32.220001, 32.189999, 200, 32.240002, 200, -1.740000, -0.570000
1476378439107, 32.220001, 32.189999, 100, 32.240002, 200, -1.740000, -0.570000
1476378441094, 32.189999, 32.189999, 100, 32.240002, 200, -1.830000, -0.600000
1476378442089, 32.189999, 32.189999, 100, 32.240002, 200, -1.830000, -0.600000
1476378445031, 32.189999, 32.189999, 100, 32.240002, 200, -1.830000, -0.600000
1476378447028, 32.189999, 32.189999, 100, 32.240002, 200, -1.830000, -0.600000
1476378448017, 32.189999, 32.189999, 100, 32.240002, 200, -1.830000, -0.600000
1476378451008, 32.189999, 32.189999, 100, 32.240002, 200, -1.830000, -0.600000
1476378452514, 32.189999, 32.189999, 100, 32.240002, 200, -1.830000, -0.600000
1476378454512, 32.189999, 32.189999, 100, 32.240002, 200, -1.830000, -0.600000
1476378457019, 32.189999, 32.189999, 100, 32.240002, 200, -1.830000, -0.600000
1476378459024, 32.189999, 32.189999, 100, 32.240002, 200, -1.830000, -0.600000
1476378461057, 32.189999, 32.189999, 100, 32.240002, 200, -1.830000, -0.600000
1476378463019, 32.189999, 32.189999, 100, 32.240002, 200, -1.830000, -0.600000
1476378465015, 32.189999, 32.189999, 100, 32.240002, 200, -1.830000, -0.600000
1476378467014, 32.189999, 32.189999, 100, 32.240002, 200, -1.830000, -0.600000
1476378468526, 32.189999, 32.189999, 100, 32.240002, 200, -1.830000, -0.600000
1476378471027, 32.189999, 32.189999, 100, 32.240002, 200, -1.830000, -0.600000
1476378473033, 32.189999, 32.189999, 100, 32.240002, 200, -1.830000, -0.600000
1476378475020, 32.238098, 32.189999, 100, 32.240002, 200, -1.680000, -0.551900
1476378477021, 32.238098, 32.189999, 100, 32.240002, 200, -1.680000, -0.551900
1476378479015, 32.238098, 32.200001, 100, 32.240002, 100, -1.680000, -0.551900
1476378481022, 32.238098, 32.200001, 100, 32.240002, 100, -1.680000, -0.551900
1476378482519, 32.238098, 32.189999, 200, 32.240002, 100, -1.680000, -0.551900
1476378485036, 32.238098, 32.200001, 100, 32.240002, 100, -1.680000, -0.551900
1476378487080, 32.238098, 32.200001, 100, 32.240002, 100, -1.680000, -0.551900
1476378489025, 32.220001, 32.200001, 100, 32.240002, 100, -1.740000, -0.570000
1476378490523, 32.220001, 32.189999, 200, 32.240002, 100, -1.740000, -0.570000
1476378493026, 32.220001, 32.189999, 200, 32.240002, 100, -1.740000, -0.570000
1476378494564, 32.220001, 32.189999, 200, 32.240002, 100, -1.740000, -0.570000
1476378495525, 32.220001, 32.189999, 200, 32.240002, 100, -1.740000, -0.570000
1476378499025, 32.220001, 32.189999, 200, 32.240002, 100, -1.740000, -0.570000
1476378501032, 32.220001, 32.189999, 200, 32.240002, 100, -1.740000, -0.570000
1476378502546, 32.220001, 32.189999, 200, 32.240002, 100, -1.740000, -0.570000
1476378503528, 32.220001, 32.189999, 200, 32.240002, 100, -1.740000, -0.570000
1476378506524, 32.220001, 32.200001, 100, 32.240002, 100, -1.740000, -0.570000
1476378508541, 32.220001, 32.200001, 100, 32.240002, 100, -1.740000, -0.570000
1476378510535, 32.220001, 32.200001, 100, 32.240002, 100, -1.740000, -0.570000
1476378513027, 32.220001, 32.200001, 100, 32.240002, 100, -1.740000, -0.570000
1476378514529, 32.220001, 32.200001, 100, 32.240002, 100, -1.740000, -0.570000
1476378517055, 32.220001, 32.200001, 100, 32.240002, 100, -1.740000, -0.570000
1476378518533, 32.220001, 32.189999, 100, 32.240002, 100, -1.740000, -0.570000
1476378521071, 32.220001, 32.189999, 100, 32.240002, 100, -1.740000, -0.570000
1476378523031, 32.220001, 32.189999, 100, 32.240002, 100, -1.740000, -0.570000
1476378525033, 32.220001, 32.189999, 100, 32.240002, 100, -1.740000, -0.570000
1476378526538, 32.220001, 32.189999, 100, 32.240002, 100, -1.740000, -0.570000
1476378529038, 32.220001, 32.189999, 100, 32.240002, 100, -1.740000, -0.570000
1476378531030, 32.220001, 32.189999, 100, 32.240002, 100, -1.740000, -0.570000
1476378531542, 32.220001, 32.189999, 100, 32.240002, 100, -1.740000, -0.570000
1476378534541, 32.189999, 32.180000, 500, 32.240002, 200, -1.830000, -0.600000
1476378537033, 32.189999, 32.180000, 500, 32.240002, 200, -1.830000, -0.600000
1476378539039, 32.189999, 32.180000, 500, 32.240002, 200, -1.830000, -0.600000
1476378540536, 32.189999, 32.180000, 500, 32.240002, 200, -1.830000, -0.600000
1476378543034, 32.189999, 32.189999, 100, 32.240002, 200, -1.830000, -0.600000
1476378544550, 32.189999, 32.189999, 100, 32.240002, 200, -1.830000, -0.600000
1476378547069, 32.189999, 32.189999, 100, 32.240002, 300, -1.830000, -0.600000
1476378549093, 32.189999, 32.189999, 100, 32.240002, 200, -1.830000, -0.600000
1476378551038, 32.189999, 32.189999, 100, 32.240002, 200, -1.830000, -0.600000
1476378553042, 32.189999, 32.189999, 100, 32.240002, 200, -1.830000, -0.600000
1476378554574, 32.189999, 32.189999, 100, 32.240002, 200, -1.830000, -0.600000
1476378556546, 32.189999, 32.180000, 400, 32.240002, 200, -1.830000, -0.600000
1476378559032, 32.189999, 32.180000, 400, 32.240002, 200, -1.830000, -0.600000
1476378561037, 32.189999, 32.180000, 400, 32.240002, 200, -1.830000, -0.600000
1476378563030, 32.189999, 32.180000, 300, 32.240002, 200, -1.830000, -0.600000
1476378565042, 32.189999, 32.180000, 300, 32.240002, 200, -1.830000, -0.600000
1476378566544, 32.189999, 32.180000, 400, 32.240002, 200, -1.830000, -0.600000
1476378569044, 32.189999, 32.180000, 400, 32.240002, 200, -1.830000, -0.600000
1476378571046, 32.189999, 32.180000, 400, 32.240002, 200, -1.830000, -0.600000
1476378573051, 32.189999, 32.180000, 400, 32.240002, 200, -1.830000, -0.600000
1476378575045, 32.189999, 32.180000, 400, 32.240002, 200, -1.830000, -0.600000
1476378577092, 32.189999, 32.180000, 400, 32.240002, 200, -1.830000, -0.600000
1476378578555, 32.189999, 32.180000, 400, 32.240002, 200, -1.830000, -0.600000
1476378580546, 32.189999, 32.180000, 400, 32.240002, 200, -1.830000, -0.600000
1476378583051, 32.189999, 32.180000, 400, 32.240002, 200, -1.830000, -0.600000
1476378585046, 32.189999, 32.180000, 500, 32.240002, 200, -1.830000, -0.600000
1476378587041, 32.189999, 32.180000, 400, 32.230000, 200, -1.830000, -0.600000
1476378589045, 32.189999, 32.180000, 400, 32.230000, 200, -1.830000, -0.600000
1476378591045, 32.189999, 32.180000, 400, 32.230000, 200, -1.830000, -0.600000
1476378593049, 32.189999, 32.180000, 400, 32.230000, 200, -1.830000, -0.600000
1476378594560, 32.189999, 32.180000, 400, 32.230000, 200, -1.830000, -0.600000
1476378597059, 32.189999, 32.180000, 400, 32.230000, 200, -1.830000, -0.600000
1476378599054, 32.189999, 32.180000, 400, 32.230000, 200, -1.830000, -0.600000
1476378601051, 32.189999, 32.180000, 300, 32.230000, 200, -1.830000, -0.600000
1476378603055, 32.189999, 32.180000, 300, 32.230000, 200, -1.830000, -0.600000
1476378605065, 32.189999, 32.180000, 300, 32.230000, 200, -1.830000, -0.600000
1476378607039, 32.189999, 32.180000, 300, 32.230000, 200, -1.830000, -0.600000
1476378609063, 32.189999, 32.180000, 300, 32.230000, 200, -1.830000, -0.600000
1476378611057, 32.189999, 32.180000, 300, 32.230000, 200, -1.830000, -0.600000
1476378613048, 32.189999, 32.180000, 300, 32.230000, 200, -1.830000, -0.600000
1476378615069, 32.189999, 32.180000, 300, 32.230000, 200, -1.830000, -0.600000
1476378617063, 32.189999, 32.180000, 300, 32.230000, 200, -1.830000, -0.600000
1476378618582, 32.189999, 32.180000, 300, 32.230000, 200, -1.830000, -0.600000
1476378620588, 32.189999, 32.180000, 300, 32.230000, 200, -1.830000, -0.600000
1476378623070, 32.189999, 32.180000, 300, 32.230000, 200, -1.830000, -0.600000
1476378625056, 32.189999, 32.180000, 300, 32.230000, 200, -1.830000, -0.600000
1476378627045, 32.189999, 32.180000, 300, 32.230000, 200, -1.830000, -0.600000
1476378629070, 32.189999, 32.180000, 300, 32.230000, 200, -1.830000, -0.600000
1476378631070, 32.189999, 32.180000, 300, 32.230000, 200, -1.830000, -0.600000
1476378633062, 32.189999, 32.180000, 300, 32.230000, 200, -1.830000, -0.600000
1476378634592, 32.189999, 32.180000, 300, 32.230000, 200, -1.830000, -0.600000
1476378637063, 32.189999, 32.180000, 300, 32.230000, 200, -1.830000, -0.600000
1476378639060, 32.189999, 32.180000, 300, 32.230000, 200, -1.830000, -0.600000
1476378641067, 32.189999, 32.180000, 300, 32.230000, 200, -1.830000, -0.600000
1476378643076, 32.189999, 32.180000, 300, 32.230000, 200, -1.830000, -0.600000
1476378644569, 32.189999, 32.180000, 300, 32.230000, 200, -1.830000, -0.600000
1476378647074, 32.189999, 32.200001, 100, 32.230000, 200, -1.830000, -0.600000
1476378649069, 32.200001, 32.189999, 100, 32.230000, 200, -1.800000, -0.590000
1476378651124, 32.200001, 32.189999, 100, 32.230000, 200, -1.800000, -0.590000
1476378652564, 32.200001, 32.189999, 100, 32.230000, 200, -1.800000, -0.590000
1476378655114, 32.200001, 32.189999, 100, 32.220001, 200, -1.800000, -0.590000
1476378656071, 32.200001, 32.189999, 100, 32.220001, 100, -1.800000, -0.590000
1476378659065, 32.200001, 32.189999, 100, 32.220001, 100, -1.800000, -0.590000
1476378661076, 32.200001, 32.189999, 100, 32.220001, 200, -1.800000, -0.590000
1476378663075, 32.200001, 32.189999, 100, 32.220001, 200, -1.800000, -0.590000
1476378665088, 32.200001, 32.189999, 100, 32.220001, 200, -1.800000, -0.590000
1476378667075, 32.200001, 32.189999, 100, 32.220001, 200, -1.800000, -0.590000
1476378669076, 32.200001, 32.189999, 100, 32.220001, 200, -1.800000, -0.590000
1476378671063, 32.200001, 32.189999, 100, 32.220001, 200, -1.800000, -0.590000
1476378673079, 32.200001, 32.189999, 100, 32.220001, 200, -1.800000, -0.590000
1476378674574, 32.200001, 32.189999, 100, 32.220001, 200, -1.800000, -0.590000
1476378677101, 32.200001, 32.189999, 100, 32.220001, 200, -1.800000, -0.590000
1476378679061, 32.200001, 32.189999, 100, 32.220001, 200, -1.800000, -0.590000
1476378681072, 32.200001, 32.189999, 100, 32.220001, 200, -1.800000, -0.590000
1476378683082, 32.200001, 32.189999, 100, 32.220001, 200, -1.800000, -0.590000
1476378684573, 32.200001, 32.189999, 100, 32.220001, 200, -1.800000, -0.590000
1476378687077, 32.200001, 32.189999, 100, 32.220001, 200, -1.800000, -0.590000
1476378689124, 32.200001, 32.189999, 100, 32.220001, 200, -1.800000, -0.590000
1476378691085, 32.200001, 32.189999, 100, 32.220001, 200, -1.800000, -0.590000
1476378693079, 32.200001, 32.189999, 100, 32.220001, 200, -1.800000, -0.590000
1476378694591, 32.200001, 32.189999, 100, 32.220001, 200, -1.800000, -0.590000
1476378697078, 32.200001, 32.189999, 100, 32.220001, 200, -1.800000, -0.590000
1476378699082, 32.200001, 32.189999, 100, 32.220001, 200, -1.800000, -0.590000
1476378701074, 32.200001, 32.189999, 100, 32.220001, 200, -1.800000, -0.590000
1476378703082, 32.200001, 32.189999, 100, 32.220001, 200, -1.800000, -0.590000
1476378705076, 32.200001, 32.189999, 100, 32.220001, 200, -1.800000, -0.590000
1476378707084, 32.200001, 32.189999, 100, 32.220001, 200, -1.800000, -0.590000
1476378709105, 32.200001, 32.189999, 100, 32.220001, 200, -1.800000, -0.590000
1476378711084, 32.200001, 32.189999, 100, 32.220001, 200, -1.800000, -0.590000
1476378713073, 32.200001, 32.189999, 100, 32.220001, 200, -1.800000, -0.590000
1476378715087, 32.200001, 32.189999, 100, 32.220001, 200, -1.800000, -0.590000
1476378716581, 32.200001, 32.189999, 100, 32.220001, 200, -1.800000, -0.590000
1476378718581, 32.220001, 32.189999, 100, 32.220001, 200, -1.740000, -0.570000
1476378721091, 32.220001, 32.189999, 100, 32.220001, 200, -1.740000, -0.570000
1476378723095, 32.220001, 32.189999, 100, 32.220001, 200, -1.740000, -0.570000
1476378725103, 32.220001, 32.189999, 100, 32.220001, 200, -1.740000, -0.570000
1476378726594, 32.220001, 32.189999, 100, 32.220001, 200, -1.740000, -0.570000
1476378728593, 32.220001, 32.189999, 100, 32.220001, 200, -1.740000, -0.570000
1476378730585, 32.220001, 32.189999, 100, 32.220001, 200, -1.740000, -0.570000
1476378733076, 32.220001, 32.189999, 100, 32.220001, 200, -1.740000, -0.570000
1476378735088, 32.220001, 32.189999, 100, 32.220001, 200, -1.740000, -0.570000
1476378736577, 32.220001, 32.189999, 100, 32.220001, 200, -1.740000, -0.570000
1476378739095, 32.220001, 32.189999, 100, 32.220001, 200, -1.740000, -0.570000
1476378741093, 32.220001, 32.189999, 100, 32.220001, 200, -1.740000, -0.570000
1476378743088, 32.220001, 32.189999, 100, 32.220001, 200, -1.740000, -0.570000
1476378745095, 32.220001, 32.189999, 100, 32.220001, 200, -1.740000, -0.570000
1476378746601, 32.189999, 32.180000, 400, 32.209999, 200, -1.830000, -0.600000
1476378749096, 32.189999, 32.180000, 400, 32.209999, 200, -1.830000, -0.600000
1476378750603, 32.189999, 32.180000, 400, 32.209999, 200, -1.830000, -0.600000
1476378752596, 32.189999, 32.180000, 300, 32.209999, 200, -1.830000, -0.600000
1476378755113, 32.189999, 32.180000, 300, 32.209999, 200, -1.830000, -0.600000
1476378757092, 32.189999, 32.180000, 300, 32.209999, 200, -1.830000, -0.600000
1476378759098, 32.189999, 32.180000, 300, 32.209999, 200, -1.830000, -0.600000
1476378761101, 32.189999, 32.180000, 300, 32.209999, 200, -1.830000, -0.600000
1476378763097, 32.189999, 32.180000, 300, 32.209999, 200, -1.830000, -0.600000
1476378765092, 32.189999, 32.180000, 300, 32.209999, 200, -1.830000, -0.600000
1476378767101, 32.189999, 32.180000, 300, 32.209999, 200, -1.830000, -0.600000
1476378769097, 32.189999, 32.180000, 300, 32.209999, 200, -1.830000, -0.600000
1476378771091, 32.189999, 32.180000, 300, 32.209999, 200, -1.830000, -0.600000
1476378773110, 32.189999, 32.180000, 300, 32.209999, 200, -1.830000, -0.600000
1476378775107, 32.189999, 32.180000, 300, 32.209999, 200, -1.830000, -0.600000
1476378777099, 32.200001, 32.189999, 200, 32.209999, 200, -1.800000, -0.590000
1476378779516, 32.200001, 32.189999, 200, 32.209999, 100, -1.800000, -0.590000
1476378780013, 32.200001, 32.189999, 200, 32.209999, 100, -1.800000, -0.590000
1476378783025, 32.200001, 32.189999, 200, 32.209999, 100, -1.800000, -0.590000
1476378785023, 32.200001, 32.189999, 200, 32.209999, 100, -1.800000, -0.590000
1476378787511, 32.200001, 32.189999, 200, 32.209999, 100, -1.800000, -0.590000
1476378788515, 32.200001, 32.189999, 200, 32.209999, 100, -1.800000, -0.590000
1476378791017, 32.200001, 32.189999, 200, 32.209999, 100, -1.800000, -0.590000
1476378793012, 32.200001, 32.189999, 200, 32.209999, 100, -1.800000, -0.590000
1476378795520, 32.200001, 32.189999, 200, 32.209999, 100, -1.800000, -0.590000
1476378797512, 32.200001, 32.189999, 200, 32.209999, 100, -1.800000, -0.590000
1476378797015, 32.200001, 32.189999, 200, 32.209999, 100, -1.800000, -0.590000
1476378801021, 32.200001, 32.189999, 200, 32.209999, 100, -1.800000, -0.590000
1476378803018, 32.200001, 32.189999, 200, 32.209999, 100, -1.800000, -0.590000
1476378805018, 32.200001, 32.189999, 200, 32.209999, 100, -1.800000, -0.590000
1476378807015, 32.200001, 32.189999, 200, 32.209999, 100, -1.800000, -0.590000
1476378808019, 32.200001, 32.189999, 200, 32.209999, 100, -1.800000, -0.590000
1476378811038, 32.200001, 32.189999, 200, 32.209999, 100, -1.800000, -0.590000
1476378813522, 32.200001, 32.189999, 200, 32.209999, 100, -1.800000, -0.590000
1476378815527, 32.200001, 32.189999, 200, 32.209999, 100, -1.800000, -0.590000
1476378817524, 32.200001, 32.189999, 200, 32.209999, 100, -1.800000, -0.590000
1476378819524, 32.200001, 32.189999, 200, 32.209999, 100, -1.800000, -0.590000
1476378821529, 32.200001, 32.189999, 200, 32.209999, 100, -1.800000, -0.590000
1476378822528, 32.200001, 32.189999, 200, 32.209999, 100, -1.800000, -0.590000
1476378825020, 32.200001, 32.189999, 200, 32.209999, 100, -1.800000, -0.590000
1476378827041, 32.200001, 32.189999, 200, 32.209999, 100, -1.800000, -0.590000
1476378829525, 32.200001, 32.189999, 200, 32.209999, 100, -1.800000, -0.590000
1476378831023, 32.200001, 32.189999, 200, 32.209999, 100, -1.800000, -0.590000
1476378833531, 32.200001, 32.189999, 200, 32.209999, 100, -1.800000, -0.590000
1476378835537, 32.200001, 32.189999, 200, 32.209999, 100, -1.800000, -0.590000
1476378836532, 32.200001, 32.189999, 200, 32.209999, 100, -1.800000, -0.590000
1476378839034, 32.200001, 32.189999, 200, 32.209999, 100, -1.800000, -0.590000
1476378841035, 32.200001, 32.189999, 200, 32.209999, 100, -1.800000, -0.590000
1476378843031, 32.200001, 32.189999, 200, 32.209999, 100, -1.800000, -0.590000
1476378845537, 32.200001, 32.189999, 200, 32.209999, 100, -1.800000, -0.590000
1476378847531, 32.200001, 32.189999, 200, 32.209999, 200, -1.800000, -0.590000
1476378849528, 32.200001, 32.189999, 200, 32.209999, 200, -1.800000, -0.590000
1476378851525, 32.200001, 32.189999, 200, 32.209999, 200, -1.800000, -0.590000
1476378853047, 32.200001, 32.189999, 200, 32.209999, 200, -1.800000, -0.590000
1476378855537, 32.200001, 32.189999, 200, 32.209999, 200, -1.800000, -0.590000
1476378857536, 32.200001, 32.189999, 200, 32.209999, 200, -1.800000, -0.590000
1476378859539, 32.200001, 32.189999, 200, 32.209999, 200, -1.800000, -0.590000
1476378861540, 32.200001, 32.189999, 200, 32.209999, 200, -1.800000, -0.590000
1476378863540, 32.200001, 32.189999, 200, 32.209999, 200, -1.800000, -0.590000
1476378865534, 32.200001, 32.189999, 200, 32.209999, 200, -1.800000, -0.590000
1476378867555, 32.200001, 32.189999, 200, 32.209999, 200, -1.800000, -0.590000
1476378869063, 32.200001, 32.189999, 200, 32.209999, 200, -1.800000, -0.590000
1476378871536, 32.200001, 32.189999, 200, 32.209999, 200, -1.800000, -0.590000
1476378873550, 32.200001, 32.189999, 200, 32.209999, 200, -1.800000, -0.590000
1476378875537, 32.200001, 32.189999, 200, 32.209999, 200, -1.800000, -0.590000
1476378877531, 32.200001, 32.189999, 200, 32.209999, 200, -1.800000, -0.590000
1476378878550, 32.200001, 32.189999, 200, 32.209999, 200, -1.800000, -0.590000
1476378881563, 32.200001, 32.189999, 200, 32.209999, 200, -1.800000, -0.590000
1476378883550, 32.200001, 32.189999, 200, 32.209999, 200, -1.800000, -0.590000
1476378885042, 32.200001, 32.189999, 200, 32.209999, 200, -1.800000, -0.590000
1476378887548, 32.200001, 32.189999, 200, 32.209999, 200, -1.800000, -0.590000
1476378889043, 32.200001, 32.189999, 200, 32.209999, 200, -1.800000, -0.590000
1476378891044, 32.200001, 32.189999, 200, 32.209999, 200, -1.800000, -0.590000
1476378893541, 32.200001, 32.189999, 200, 32.209999, 200, -1.800000, -0.590000
1476378895555, 32.200001, 32.189999, 200, 32.209999, 200, -1.800000, -0.590000
1476378897573, 32.200001, 32.189999, 200, 32.209999, 200, -1.800000, -0.590000
1476378899052, 32.200001, 32.189999, 200, 32.209999, 200, -1.800000, -0.590000
1476378901545, 32.200001, 32.189999, 200, 32.209999, 200, -1.800000, -0.590000
1476378903552, 32.200001, 32.189999, 200, 32.209999, 200, -1.800000, -0.590000
1476378905053, 32.200001, 32.189999, 200, 32.209999, 200, -1.800000, -0.590000
1476378907549, 32.200001, 32.189999, 200, 32.209999, 200, -1.800000, -0.590000
1476378909084, 32.200001, 32.189999, 200, 32.209999, 200, -1.800000, -0.590000
1476378911570, 32.200001, 32.189999, 200, 32.209999, 200, -1.800000, -0.590000
1476378913546, 32.200001, 32.189999, 200, 32.209999, 200, -1.800000, -0.590000
1476378915542, 32.200001, 32.189999, 300, 32.209999, 200, -1.800000, -0.590000
1476378916595, 32.200001, 32.189999, 300, 32.209999, 200, -1.800000, -0.590000
1476378919551, 32.200001, 32.189999, 300, 32.209999, 200, -1.800000, -0.590000
1476378921554, 32.200001, 32.189999, 300, 32.209999, 200, -1.800000, -0.590000
1476378923048, 32.200001, 32.189999, 300, 32.209999, 200, -1.800000, -0.590000
1476378925566, 32.200001, 32.189999, 300, 32.209999, 200, -1.800000, -0.590000
1476378927051, 32.200001, 32.189999, 300, 32.209999, 200, -1.800000, -0.590000
1476378928045, 32.200001, 32.189999, 300, 32.209999, 200, -1.800000, -0.590000
1476378931556, 32.200001, 32.189999, 300, 32.209999, 200, -1.800000, -0.590000
1476378933054, 32.200001, 32.189999, 300, 32.209999, 200, -1.800000, -0.590000
1476378935555, 32.200001, 32.189999, 300, 32.209999, 200, -1.800000, -0.590000
1476378937545, 32.200001, 32.189999, 300, 32.209999, 200, -1.800000, -0.590000
1476378939560, 32.200001, 32.189999, 300, 32.209999, 200, -1.800000, -0.590000
1476378941577, 32.200001, 32.189999, 300, 32.209999, 200, -1.800000, -0.590000
1476378943563, 32.200001, 32.189999, 300, 32.209999, 200, -1.800000, -0.590000
1476378945060, 32.200001, 32.189999, 300, 32.209999, 200, -1.800000, -0.590000
1476378947060, 32.200001, 32.189999, 300, 32.209999, 200, -1.800000, -0.590000
1476378949566, 32.200001, 32.189999, 300, 32.209999, 200, -1.800000, -0.590000
1476378951576, 32.200001, 32.189999, 300, 32.209999, 200, -1.800000, -0.590000
1476378953558, 32.200001, 32.189999, 300, 32.209999, 200, -1.800000, -0.590000
1476378955570, 32.200001, 32.189999, 300, 32.209999, 200, -1.800000, -0.590000
1476378957568, 32.200001, 32.189999, 300, 32.209999, 200, -1.800000, -0.590000
1476378958569, 32.200001, 32.189999, 300, 32.209999, 200, -1.800000, -0.590000
1476378961574, 32.220001, 32.200001, 200, 32.230000, 100, -1.740000, -0.570000
1476378962564, 32.220001, 32.200001, 200, 32.230000, 100, -1.740000, -0.570000
1476378965575, 32.220001, 32.200001, 300, 32.250000, 200, -1.740000, -0.570000
1476378967598, 32.220001, 32.200001, 300, 32.250000, 200, -1.740000, -0.570000
1476378969572, 32.220001, 32.200001, 300, 32.250000, 200, -1.740000, -0.570000
1476378971106, 32.220001, 32.200001, 300, 32.250000, 200, -1.740000, -0.570000
1476378973575, 32.220001, 32.200001, 300, 32.250000, 300, -1.740000, -0.570000
1476378975587, 32.220001, 32.200001, 300, 32.250000, 400, -1.740000, -0.570000
1476378977585, 32.220001, 32.200001, 300, 32.250000, 400, -1.740000, -0.570000
1476378979080, 32.220001, 32.200001, 300, 32.250000, 400, -1.740000, -0.570000
1476378981573, 32.220001, 32.200001, 300, 32.250000, 400, -1.740000, -0.570000
1476378983588, 32.200001, 32.200001, 200, 32.230000, 100, -1.800000, -0.590000
1476378985064, 32.200001, 32.200001, 200, 32.230000, 100, -1.800000, -0.590000
1476378987583, 32.200001, 32.200001, 200, 32.230000, 100, -1.800000, -0.590000
1476378989585, 32.200001, 32.200001, 200, 32.230000, 100, -1.800000, -0.590000
1476378991081, 32.200001, 32.200001, 200, 32.230000, 100, -1.800000, -0.590000
1476378993589, 32.200001, 32.200001, 200, 32.230000, 100, -1.800000, -0.590000
1476378995560, 32.200001, 32.200001, 200, 32.230000, 100, -1.800000, -0.590000
1476378997574, 32.200001, 32.200001, 200, 32.230000, 100, -1.800000, -0.590000
1476378999595, 32.200001, 32.200001, 200, 32.230000, 100, -1.800000, -0.590000
1476379001567, 32.200001, 32.200001, 200, 32.230000, 100, -1.800000, -0.590000
1476379003585, 32.200001, 32.200001, 200, 32.230000, 100, -1.800000, -0.590000
1476379005586, 32.200001, 32.200001, 200, 32.230000, 100, -1.800000, -0.590000
1476379007125, 32.200001, 32.200001, 200, 32.230000, 100, -1.800000, -0.590000
1476379009584, 32.200001, 32.200001, 200, 32.230000, 100, -1.800000, -0.590000
1476379011604, 32.200001, 32.200001, 200, 32.230000, 100, -1.800000, -0.590000
1476379013590, 32.200001, 32.200001, 200, 32.230000, 100, -1.800000, -0.590000
1476379015084, 32.200001, 32.200001, 200, 32.230000, 100, -1.800000, -0.590000
1476379017587, 32.200001, 32.200001, 200, 32.230000, 100, -1.800000, -0.590000
1476379019585, 32.200001, 32.200001, 200, 32.230000, 100, -1.800000, -0.590000
1476379021600, 32.200001, 32.200001, 200, 32.230000, 100, -1.800000, -0.590000
1476379023600, 32.200001, 32.200001, 200, 32.230000, 100, -1.800000, -0.590000
1476379025593, 32.200001, 32.200001, 200, 32.230000, 100, -1.800000, -0.590000
1476379027098, 32.200001, 32.200001, 200, 32.230000, 100, -1.800000, -0.590000
1476379029142, 32.200001, 32.200001, 200, 32.230000, 100, -1.800000, -0.590000
1476379031082, 32.200001, 32.200001, 200, 32.230000, 100, -1.800000, -0.590000
1476379033590, 32.200001, 32.200001, 200, 32.230000, 100, -1.800000, -0.590000
1476379035588, 32.200001, 32.200001, 200, 32.230000, 100, -1.800000, -0.590000
1476379037595, 32.200001, 32.209999, 200, 32.230000, 100, -1.800000, -0.590000
1476379039601, 32.230000, 32.209999, 200, 32.240002, 200, -1.710000, -0.560000
1476379041135, 32.230000, 32.209999, 200, 32.240002, 200, -1.710000, -0.560000
1476379043599, 32.230000, 32.209999, 200, 32.240002, 300, -1.710000, -0.560000
1476379045102, 32.230000, 32.209999, 200, 32.240002, 300, -1.710000, -0.560000
1476379047104, 32.230000, 32.209999, 200, 32.240002, 300, -1.710000, -0.560000
1476379049597, 32.230000, 32.209999, 200, 32.240002, 300, -1.710000, -0.560000
1476379051093, 32.230000, 32.209999, 200, 32.240002, 300, -1.710000, -0.560000
1476379053605, 32.230000, 32.209999, 200, 32.240002, 300, -1.710000, -0.560000
1476379055110, 32.230000, 32.209999, 200, 32.240002, 300, -1.710000, -0.560000
1476379057601, 32.230000, 32.209999, 200, 32.240002, 300, -1.710000, -0.560000
1476379059590, 32.230000, 32.209999, 200, 32.240002, 300, -1.710000, -0.560000
1476379061098, 32.230000, 32.209999, 200, 32.240002, 300, -1.710000, -0.560000
1476379063611, 32.230000, 32.209999, 200, 32.240002, 300, -1.710000, -0.560000
1476379065094, 32.230000, 32.209999, 200, 32.240002, 300, -1.710000, -0.560000
1476379067600, 32.230000, 32.209999, 200, 32.240002, 300, -1.710000, -0.560000
1476379069629, 32.230000, 32.209999, 200, 32.240002, 300, -1.710000, -0.560000
1476379071120, 32.230000, 32.209999, 200, 32.240002, 300, -1.710000, -0.560000
1476379073608, 32.230000, 32.209999, 200, 32.240002, 300, -1.710000, -0.560000
1476379075106, 32.230000, 32.209999, 200, 32.240002, 300, -1.710000, -0.560000
1476379077655, 32.230000, 32.209999, 200, 32.240002, 300, -1.710000, -0.560000
1476379079600, 32.230000, 32.209999, 200, 32.240002, 300, -1.710000, -0.560000
1476379081623, 32.230000, 32.209999, 200, 32.240002, 300, -1.710000, -0.560000
1476379083098, 32.230000, 32.209999, 200, 32.240002, 300, -1.710000, -0.560000
1476379085630, 32.230000, 32.209999, 200, 32.240002, 300, -1.710000, -0.560000
1476379087607, 32.230000, 32.209999, 200, 32.240002, 300, -1.710000, -0.560000
1476379089606, 32.230000, 32.209999, 200, 32.240002, 300, -1.710000, -0.560000
1476379091605, 32.230000, 32.209999, 200, 32.240002, 300, -1.710000, -0.560000
1476379093108, 32.230000, 32.209999, 200, 32.240002, 300, -1.710000, -0.560000
1476379095615, 32.230000, 32.209999, 200, 32.240002, 300, -1.710000, -0.560000
1476379097111, 32.230000, 32.209999, 200, 32.240002, 300, -1.710000, -0.560000
1476379098604, 32.230000, 32.209999, 200, 32.240002, 300, -1.710000, -0.560000
1476379101614, 32.230000, 32.209999, 200, 32.240002, 300, -1.710000, -0.560000
1476379103616, 32.230000, 32.209999, 200, 32.240002, 300, -1.710000, -0.560000
1476379105208, 32.230000, 32.209999, 200, 32.240002, 300, -1.710000, -0.560000
1476379107521, 32.230000, 32.209999, 200, 32.240002, 300, -1.710000, -0.560000
1476379109520, 32.230000, 32.209999, 200, 32.240002, 300, -1.710000, -0.560000
1476379111519, 32.230000, 32.209999, 200, 32.240002, 300, -1.710000, -0.560000
1476379113011, 32.230000, 32.209999, 200, 32.240002, 300, -1.710000, -0.560000
1476379114535, 32.230000, 32.209999, 200, 32.240002, 300, -1.710000, -0.560000
1476379117519, 32.230000, 32.209999, 200, 32.240002, 300, -1.710000, -0.560000
1476379119524, 32.230000, 32.209999, 200, 32.240002, 300, -1.710000, -0.560000
1476379121522, 32.230000, 32.209999, 200, 32.240002, 300, -1.710000, -0.560000
1476379123530, 32.230000, 32.209999, 200, 32.240002, 300, -1.710000, -0.560000
1476379125020, 32.230000, 32.209999, 200, 32.240002, 300, -1.710000, -0.560000
1476379127023, 32.230000, 32.209999, 200, 32.240002, 300, -1.710000, -0.560000
1476379128527, 32.230000, 32.209999, 200, 32.240002, 300, -1.710000, -0.560000
1476379131533, 32.230000, 32.209999, 200, 32.240002, 300, -1.710000, -0.560000
1476379133559, 32.230000, 32.209999, 200, 32.240002, 300, -1.710000, -0.560000
1476379135524, 32.230000, 32.209999, 200, 32.240002, 300, -1.710000, -0.560000
1476379137526, 32.230000, 32.209999, 200, 32.240002, 300, -1.710000, -0.560000
1476379139533, 32.230000, 32.209999, 200, 32.240002, 300, -1.710000, -0.560000
1476379141023, 32.230000, 32.209999, 200, 32.240002, 300, -1.710000, -0.560000
1476379143549, 32.230000, 32.209999, 200, 32.240002, 300, -1.710000, -0.560000
1476379145570, 32.230000, 32.220001, 100, 32.240002, 200, -1.710000, -0.560000
1476379147535, 32.230000, 32.220001, 100, 32.240002, 200, -1.710000, -0.560000
1476379149527, 32.230000, 32.220001, 100, 32.240002, 200, -1.710000, -0.560000
1476379151531, 32.230000, 32.220001, 100, 32.240002, 200, -1.710000, -0.560000
1476379153530, 32.230000, 32.220001, 100, 32.240002, 200, -1.710000, -0.560000
1476379155538, 32.230000, 32.209999, 200, 32.240002, 200, -1.710000, -0.560000
1476379157533, 32.230000, 32.209999, 200, 32.240002, 200, -1.710000, -0.560000
1476379159540, 32.230000, 32.209999, 200, 32.240002, 200, -1.710000, -0.560000
1476379161553, 32.230000, 32.220001, 200, 32.240002, 200, -1.710000, -0.560000
1476379163533, 32.230000, 32.220001, 200, 32.240002, 200, -1.710000, -0.560000
1476379165534, 32.230000, 32.220001, 200, 32.240002, 200, -1.710000, -0.560000
1476379167535, 32.230000, 32.220001, 200, 32.240002, 200, -1.710000, -0.560000
1476379169532, 32.230000, 32.220001, 100, 32.240002, 200, -1.710000, -0.560000
1476379171536, 32.230000, 32.220001, 100, 32.240002, 200, -1.710000, -0.560000
1476379173071, 32.230000, 32.220001, 100, 32.240002, 200, -1.710000, -0.560000
1476379175547, 32.230000, 32.220001, 100, 32.240002, 200, -1.710000, -0.560000
1476379177542, 32.230000, 32.220001, 100, 32.240002, 200, -1.710000, -0.560000
1476379178539, 32.230000, 32.220001, 100, 32.240002, 200, -1.710000, -0.560000
1476379181551, 32.230000, 32.220001, 100, 32.240002, 200, -1.710000, -0.560000
1476379183545, 32.230000, 32.220001, 100, 32.240002, 200, -1.710000, -0.560000
1476379185547, 32.230000, 32.220001, 100, 32.240002, 200, -1.710000, -0.560000
1476379187589, 32.230000, 32.220001, 100, 32.240002, 200, -1.710000, -0.560000
1476379189546, 32.230000, 32.220001, 100, 32.240002, 200, -1.710000, -0.560000
1476379191550, 32.230000, 32.220001, 100, 32.240002, 200, -1.710000, -0.560000
1476379193555, 32.230000, 32.220001, 100, 32.240002, 200, -1.710000, -0.560000
1476379195561, 32.230000, 32.220001, 100, 32.240002, 200, -1.710000, -0.560000
1476379197545, 32.230000, 32.220001, 100, 32.240002, 200, -1.710000, -0.560000
1476379199551, 32.230000, 32.220001, 100, 32.240002, 200, -1.710000, -0.560000
1476379201055, 32.230000, 32.220001, 100, 32.240002, 200, -1.710000, -0.560000
1476379203562, 32.230000, 32.220001, 200, 32.240002, 200, -1.710000, -0.560000
1476379205070, 32.230000, 32.220001, 200, 32.240002, 200, -1.710000, -0.560000
1476379206087, 32.230000, 32.220001, 200, 32.240002, 200, -1.710000, -0.560000
1476379209546, 32.230000, 32.220001, 200, 32.240002, 200, -1.710000, -0.560000
1476379211570, 32.230000, 32.220001, 200, 32.240002, 200, -1.710000, -0.560000
1476379213560, 32.230000, 32.220001, 200, 32.240002, 200, -1.710000, -0.560000
1476379215548, 32.230000, 32.220001, 200, 32.240002, 200, -1.710000, -0.560000
1476379217556, 32.230000, 32.209999, 100, 32.240002, 200, -1.710000, -0.560000
1476379219577, 32.230000, 32.209999, 100, 32.240002, 200, -1.710000, -0.560000
1476379221607, 32.230000, 32.209999, 100, 32.240002, 200, -1.710000, -0.560000
1476379223552, 32.230000, 32.209999, 100, 32.240002, 200, -1.710000, -0.560000
1476379225565, 32.230000, 32.209999, 100, 32.240002, 200, -1.710000, -0.560000
1476379227560, 32.230000, 32.209999, 100, 32.240002, 200, -1.710000, -0.560000
1476379229567, 32.230000, 32.209999, 100, 32.240002, 200, -1.710000, -0.560000
1476379231568, 32.240002, 32.220001, 100, 32.250000, 200, -1.680000, -0.550000
1476379233106, 32.230000, 32.220001, 100, 32.250000, 200, -1.710000, -0.560000
1476379235568, 32.230000, 32.220001, 100, 32.250000, 200, -1.710000, -0.560000
1476379237560, 32.230000, 32.220001, 100, 32.250000, 200, -1.710000, -0.560000
1476379239565, 32.250000, 32.220001, 100, 32.270000, 100, -1.650000, -0.540000
1476379241567, 32.250000, 32.220001, 100, 32.270000, 200, -1.650000, -0.540000
1476379243566, 32.250000, 32.220001, 100, 32.270000, 200, -1.650000, -0.540000
1476379245061, 32.250000, 32.220001, 100, 32.270000, 200, -1.650000, -0.540000
1476379247071, 32.250000, 32.220001, 100, 32.270000, 200, -1.650000, -0.540000
1476379249570, 32.250000, 32.220001, 100, 32.270000, 200, -1.650000, -0.540000
1476379251566, 32.250000, 32.220001, 100, 32.270000, 200, -1.650000, -0.540000
1476379253566, 32.250000, 32.220001, 100, 32.270000, 200, -1.650000, -0.540000
1476379255573, 32.250000, 32.220001, 100, 32.270000, 200, -1.650000, -0.540000
1476379257068, 32.250000, 32.220001, 100, 32.270000, 200, -1.650000, -0.540000
1476379259571, 32.270000, 32.259998, 100, 32.290001, 100, -1.590000, -0.520000
1476379261632, 32.270000, 32.259998, 100, 32.299999, 100, -1.590000, -0.520000
1476379263568, 32.270000, 32.259998, 100, 32.299999, 100, -1.590000, -0.520000
1476379265588, 32.270000, 32.259998, 100, 32.299999, 200, -1.590000, -0.520000
1476379267561, 32.270000, 32.259998, 100, 32.299999, 200, -1.590000, -0.520000
1476379269577, 32.270000, 32.259998, 100, 32.299999, 200, -1.590000, -0.520000
1476379271571, 32.270000, 32.259998, 100, 32.299999, 100, -1.590000, -0.520000
1476379273584, 32.270000, 32.259998, 100, 32.299999, 100, -1.590000, -0.520000
1476379275622, 32.270000, 32.259998, 100, 32.299999, 100, -1.590000, -0.520000
1476379277079, 32.270000, 32.259998, 100, 32.299999, 100, -1.590000, -0.520000
1476379279589, 32.270000, 32.259998, 100, 32.299999, 100, -1.590000, -0.520000
1476379281564, 32.270000, 32.259998, 100, 32.299999, 100, -1.590000, -0.520000
1476379283582, 32.270000, 32.259998, 100, 32.299999, 100, -1.590000, -0.520000
1476379285073, 32.270000, 32.259998, 100, 32.299999, 100, -1.590000, -0.520000
1476379287575, 32.270000, 32.259998, 100, 32.299999, 100, -1.590000, -0.520000
1476379289611, 32.270000, 32.259998, 100, 32.299999, 100, -1.590000, -0.520000
1476379291073, 32.270000, 32.259998, 100, 32.299999, 100, -1.590000, -0.520000
1476379293622, 32.270000, 32.259998, 100, 32.299999, 100, -1.590000, -0.520000
1476379295626, 32.270000, 32.259998, 100, 32.299999, 100, -1.590000, -0.520000
1476379297576, 32.270000, 32.259998, 100, 32.299999, 100, -1.590000, -0.520000
1476379299584, 32.270000, 32.259998, 100, 32.299999, 100, -1.590000, -0.520000
1476379301579, 32.270000, 32.259998, 100, 32.299999, 100, -1.590000, -0.520000
1476379303595, 32.270000, 32.259998, 100, 32.299999, 100, -1.590000, -0.520000
1476379305572, 32.270000, 32.259998, 100, 32.299999, 100, -1.590000, -0.520000
1476379307610, 32.270000, 32.259998, 100, 32.299999, 100, -1.590000, -0.520000
1476379309602, 32.270000, 32.259998, 100, 32.299999, 100, -1.590000, -0.520000
1476379311582, 32.270000, 32.259998, 100, 32.299999, 100, -1.590000, -0.520000
1476379313590, 32.270000, 32.259998, 100, 32.299999, 100, -1.590000, -0.520000
1476379315591, 32.270000, 32.259998, 100, 32.290001, 100, -1.590000, -0.520000
1476379317585, 32.270000, 32.259998, 100, 32.290001, 100, -1.590000, -0.520000
1476379319605, 32.270000, 32.259998, 100, 32.290001, 100, -1.590000, -0.520000
1476379321603, 32.270000, 32.259998, 100, 32.290001, 200, -1.590000, -0.520000
1476379323598, 32.270000, 32.259998, 100, 32.290001, 200, -1.590000, -0.520000
1476379325603, 32.270000, 32.259998, 100, 32.290001, 200, -1.590000, -0.520000
1476379327589, 32.270000, 32.259998, 100, 32.290001, 200, -1.590000, -0.520000
1476379329599, 32.270000, 32.259998, 100, 32.290001, 200, -1.590000, -0.520000
1476379331582, 32.270000, 32.259998, 100, 32.290001, 200, -1.590000, -0.520000
1476379333587, 32.270000, 32.259998, 100, 32.290001, 200, -1.590000, -0.520000
1476379335087, 32.270000, 32.259998, 100, 32.290001, 200, -1.590000, -0.520000
1476379337094, 32.270000, 32.259998, 100, 32.290001, 200, -1.590000, -0.520000
1476379339120, 32.270000, 32.259998, 100, 32.290001, 200, -1.590000, -0.520000
1476379341604, 32.270000, 32.259998, 100, 32.290001, 200, -1.590000, -0.520000
1476379343601, 32.270000, 32.259998, 100, 32.290001, 200, -1.590000, -0.520000
1476379345595, 32.270000, 32.259998, 100, 32.290001, 200, -1.590000, -0.520000
1476379347590, 32.270000, 32.259998, 100, 32.290001, 200, -1.590000, -0.520000
1476379349634, 32.270000, 32.259998, 100, 32.290001, 200, -1.590000, -0.520000
1476379351117, 32.270000, 32.259998, 100, 32.290001, 200, -1.590000, -0.520000
1476379353086, 32.270000, 32.259998, 100, 32.290001, 200, -1.590000, -0.520000
1476379355594, 32.270000, 32.259998, 100, 32.290001, 200, -1.590000, -0.520000
1476379357596, 32.270000, 32.259998, 100, 32.290001, 200, -1.590000, -0.520000
1476379359104, 32.270000, 32.259998, 100, 32.290001, 100, -1.590000, -0.520000
1476379361599, 32.270000, 32.259998, 100, 32.290001, 100, -1.590000, -0.520000
1476379363625, 32.270000, 32.259998, 100, 32.290001, 100, -1.590000, -0.520000
1476379365602, 32.270000, 32.259998, 100, 32.290001, 100, -1.590000, -0.520000
1476379367101, 32.270000, 32.259998, 100, 32.290001, 100, -1.590000, -0.520000
1476379369601, 32.270000, 32.259998, 100, 32.290001, 100, -1.590000, -0.520000
1476379371106, 32.259998, 32.250000, 100, 32.279999, 100, -1.620000, -0.530000
1476379373606, 32.259998, 32.259998, 100, 32.279999, 100, -1.620000, -0.530000
1476379375595, 32.259998, 32.259998, 200, 32.270000, 100, -1.620000, -0.530000
1476379377626, 32.259998, 32.259998, 100, 32.270000, 100, -1.620000, -0.530000
1476379379598, 32.259998, 32.259998, 100, 32.270000, 100, -1.620000, -0.530000
1476379380605, 32.259998, 32.259998, 100, 32.270000, 100, -1.620000, -0.530000
1476379383647, 32.259998, 32.259998, 100, 32.270000, 100, -1.620000, -0.530000
1476379385602, 32.259998, 32.259998, 100, 32.270000, 100, -1.620000, -0.530000
1476379387606, 32.259998, 32.259998, 100, 32.270000, 100, -1.620000, -0.530000
1476379389614, 32.259998, 32.259998, 100, 32.270000, 100, -1.620000, -0.530000
1476379391644, 32.259998, 32.250000, 200, 32.270000, 100, -1.620000, -0.530000
1476379393618, 32.259998, 32.250000, 200, 32.270000, 100, -1.620000, -0.530000
1476379395656, 32.259998, 32.250000, 200, 32.270000, 100, -1.620000, -0.530000
1476379397662, 32.259998, 32.250000, 100, 32.270000, 100, -1.620000, -0.530000
1476379399620, 32.259998, 32.250000, 100, 32.270000, 100, -1.620000, -0.530000
1476379401617, 32.259998, 32.250000, 100, 32.270000, 100, -1.620000, -0.530000
1476379402114, 32.259998, 32.250000, 100, 32.270000, 100, -1.620000, -0.530000
1476379405609, 32.259998, 32.250000, 100, 32.270000, 100, -1.620000, -0.530000
1476379407639, 32.259998, 32.250000, 100, 32.270000, 100, -1.620000, -0.530000
1476379409107, 32.259998, 32.250000, 100, 32.270000, 100, -1.620000, -0.530000
1476379411609, 32.259998, 32.250000, 200, 32.270000, 100, -1.620000, -0.530000
1476379413605, 32.259998, 32.250000, 200, 32.270000, 100, -1.620000, -0.530000
1476379415610, 32.259998, 32.250000, 200, 32.270000, 100, -1.620000, -0.530000
1476379417624, 32.259998, 32.250000, 200, 32.270000, 100, -1.620000, -0.530000
1476379419854, 32.259998, 32.250000, 200, 32.270000, 100, -1.620000, -0.530000
1476379421015, 32.259998, 32.250000, 200, 32.270000, 100, -1.620000, -0.530000
1476379423516, 32.259998, 32.250000, 200, 32.270000, 100, -1.620000, -0.530000
1476379425521, 32.259998, 32.250000, 200, 32.259998, 100, -1.620000, -0.530000
1476379427521, 32.259998, 32.250000, 200, 32.259998, 100, -1.620000, -0.530000
1476379430017, 32.259998, 32.250000, 200, 32.259998, 100, -1.620000, -0.530000
1476379431519, 32.259998, 32.250000, 200, 32.259998, 100, -1.620000, -0.530000
1476379434022, 32.259998, 32.250000, 200, 32.259998, 100, -1.620000, -0.530000
1476379435523, 32.259998, 32.250000, 200, 32.259998, 100, -1.620000, -0.530000
1476379437521, 32.259998, 32.250000, 200, 32.259998, 100, -1.620000, -0.530000
1476379439526, 32.259998, 32.250000, 200, 32.259998, 100, -1.620000, -0.530000
1476379440520, 32.259998, 32.250000, 200, 32.259998, 100, -1.620000, -0.530000
1476379444029, 32.259998, 32.250000, 200, 32.259998, 100, -1.620000, -0.530000
1476379445529, 32.259998, 32.250000, 200, 32.259998, 100, -1.620000, -0.530000
1476379447529, 32.259998, 32.250000, 200, 32.259998, 100, -1.620000, -0.530000
1476379450027, 32.259998, 32.250000, 200, 32.259998, 100, -1.620000, -0.530000
1476379451521, 32.259998, 32.250000, 200, 32.259998, 100, -1.620000, -0.530000
1476379453523, 32.259998, 32.250000, 200, 32.259998, 100, -1.620000, -0.530000
1476379456028, 32.259998, 32.250000, 200, 32.259998, 100, -1.620000, -0.530000
1476379457536, 32.259998, 32.250000, 200, 32.259998, 100, -1.620000, -0.530000
1476379459531, 32.259998, 32.250000, 200, 32.259998, 100, -1.620000, -0.530000
1476379461563, 32.259998, 32.250000, 200, 32.259998, 100, -1.620000, -0.530000
1476379464030, 32.259998, 32.250000, 200, 32.259998, 100, -1.620000, -0.530000
1476379465553, 32.259998, 32.250000, 200, 32.259998, 100, -1.620000, -0.530000
1476379468034, 32.259998, 32.250000, 100, 32.259998, 100, -1.620000, -0.530000
1476379470032, 32.259998, 32.250000, 100, 32.259998, 100, -1.620000, -0.530000
1476379471531, 32.259998, 32.250000, 100, 32.259998, 100, -1.620000, -0.530000
1476379473541, 32.259998, 32.250000, 100, 32.259998, 100, -1.620000, -0.530000
1476379476035, 32.259998, 32.250000, 100, 32.259998, 100, -1.620000, -0.530000
1476379478029, 32.250000, 32.250000, 200, 32.259998, 100, -1.650000, -0.540000
1476379480030, 32.250000, 32.250000, 200, 32.259998, 100, -1.650000, -0.540000
1476379482030, 32.250000, 32.250000, 200, 32.259998, 100, -1.650000, -0.540000
1476379483536, 32.250000, 32.250000, 100, 32.259998, 200, -1.650000, -0.540000
1476379486049, 32.250000, 32.250000, 100, 32.259998, 200, -1.650000, -0.540000
1476379487536, 32.240002, 32.230000, 100, 32.250000, 100, -1.680000, -0.550000
1476379489544, 32.240002, 32.230000, 100, 32.250000, 100, -1.680000, -0.550000
1476379492037, 32.240002, 32.230000, 100, 32.250000, 200, -1.680000, -0.550000
1476379494034, 32.240002, 32.230000, 100, 32.250000, 200, -1.680000, -0.550000
1476379495052, 32.240002, 32.230000, 100, 32.250000, 200, -1.680000, -0.550000
1476379498036, 32.240002, 32.230000, 100, 32.250000, 200, -1.680000, -0.550000
1476379500044, 32.250000, 32.250000, 200, 32.270000, 100, -1.650000, -0.540000
1476379501546, 32.250000, 32.250000, 200, 32.270000, 100, -1.650000, -0.540000
1476379504040, 32.250000, 32.259998, 100, 32.270000, 100, -1.650000, -0.540000
1476379505545, 32.250000, 32.259998, 100, 32.270000, 100, -1.650000, -0.540000
1476379507035, 32.250000, 32.259998, 100, 32.270000, 100, -1.650000, -0.540000
1476379510041, 32.250000, 32.259998, 100, 32.270000, 100, -1.650000, -0.540000
1476379512051, 32.250000, 32.259998, 100, 32.270000, 100, -1.650000, -0.540000
1476379514034, 32.250000, 32.259998, 100, 32.270000, 100, -1.650000, -0.540000
1476379516046, 32.250000, 32.259998, 100, 32.270000, 100, -1.650000, -0.540000
1476379518046, 32.250000, 32.259998, 100, 32.270000, 100, -1.650000, -0.540000
1476379520042, 32.250000, 32.259998, 100, 32.270000, 100, -1.650000, -0.540000
1476379521548, 32.250000, 32.259998, 100, 32.270000, 100, -1.650000, -0.540000
1476379524050, 32.250000, 32.259998, 100, 32.270000, 100, -1.650000, -0.540000
1476379525566, 32.250000, 32.259998, 100, 32.270000, 100, -1.650000, -0.540000
1476379528054, 32.250000, 32.259998, 100, 32.270000, 100, -1.650000, -0.540000
1476379530047, 32.250000, 32.259998, 100, 32.270000, 100, -1.650000, -0.540000
1476379531562, 32.250000, 32.259998, 100, 32.270000, 100, -1.650000, -0.540000
1476379534051, 32.250000, 32.259998, 100, 32.270000, 100, -1.650000, -0.540000
1476379535548, 32.250000, 32.259998, 100, 32.270000, 100, -1.650000, -0.540000
1476379538056, 32.250000, 32.259998, 100, 32.270000, 100, -1.650000, -0.540000
1476379540060, 32.250000, 32.259998, 100, 32.270000, 100, -1.650000, -0.540000
1476379541073, 32.250000, 32.259998, 100, 32.270000, 100, -1.650000, -0.540000
1476379543553, 32.250000, 32.259998, 100, 32.270000, 100, -1.650000, -0.540000
1476379546053, 32.250000, 32.259998, 100, 32.270000, 100, -1.650000, -0.540000
1476379548062, 32.250000, 32.259998, 100, 32.270000, 100, -1.650000, -0.540000
1476379550059, 32.250000, 32.259998, 100, 32.270000, 100, -1.650000, -0.540000
1476379552056, 32.250000, 32.259998, 100, 32.270000, 200, -1.650000, -0.540000
1476379553053, 32.250000, 32.259998, 100, 32.270000, 200, -1.650000, -0.540000
1476379556054, 32.250000, 32.259998, 100, 32.270000, 200, -1.650000, -0.540000
1476379558059, 32.250000, 32.259998, 100, 32.270000, 200, -1.650000, -0.540000
1476379559546, 32.250000, 32.259998, 100, 32.270000, 200, -1.650000, -0.540000
1476379561571, 32.250000, 32.259998, 100, 32.270000, 200, -1.650000, -0.540000
1476379564063, 32.250000, 32.259998, 100, 32.270000, 200, -1.650000, -0.540000
1476379566062, 32.250000, 32.259998, 100, 32.270000, 200, -1.650000, -0.540000
1476379568070, 32.250000, 32.259998, 100, 32.270000, 200, -1.650000, -0.540000
1476379568070, 32.250000, 32.259998, 100, 32.270000, 200, -1.650000, -0.540000
1476379571597, 32.250000, 32.259998, 100, 32.270000, 200, -1.650000, -0.540000
1476379574059, 32.250000, 32.259998, 100, 32.270000, 200, -1.650000, -0.540000
1476379576059, 32.250000, 32.259998, 100, 32.270000, 200, -1.650000, -0.540000
1476379578066, 32.279999, 32.259998, 100, 32.290001, 100, -1.560000, -0.510000
1476379579562, 32.279999, 32.259998, 100, 32.290001, 100, -1.560000, -0.510000
1476379582060, 32.279999, 32.259998, 100, 32.290001, 100, -1.560000, -0.510000
1476379584077, 32.279999, 32.259998, 100, 32.290001, 100, -1.560000, -0.510000
1476379586069, 32.279999, 32.259998, 100, 32.290001, 100, -1.560000, -0.510000
1476379587643, 32.279999, 32.259998, 100, 32.290001, 100, -1.560000, -0.510000
1476379589615, 32.279999, 32.259998, 100, 32.290001, 100, -1.560000, -0.510000
1476379592082, 32.279999, 32.259998, 100, 32.290001, 100, -1.560000, -0.510000
1476379593584, 32.279999, 32.259998, 100, 32.290001, 100, -1.560000, -0.510000
1476379596080, 32.279999, 32.259998, 100, 32.290001, 100, -1.560000, -0.510000
1476379598076, 32.279999, 32.259998, 100, 32.290001, 100, -1.560000, -0.510000
1476379600070, 32.259998, 32.259998, 100, 32.290001, 100, -1.620000, -0.530000
1476379602075, 32.259998, 32.259998, 100, 32.290001, 100, -1.620000, -0.530000
1476379603609, 32.259998, 32.259998, 100, 32.290001, 100, -1.620000, -0.530000
1476379605579, 32.259998, 32.259998, 100, 32.290001, 100, -1.620000, -0.530000
1476379607074, 32.259998, 32.259998, 100, 32.290001, 100, -1.620000, -0.530000
1476379609575, 32.259998, 32.259998, 100, 32.290001, 100, -1.620000, -0.530000
1476379612084, 32.259998, 32.259998, 100, 32.290001, 100, -1.620000, -0.530000
1476379614068, 32.259998, 32.259998, 100, 32.290001, 100, -1.620000, -0.530000
1476379615608, 32.259998, 32.259998, 100, 32.290001, 100, -1.620000, -0.530000
1476379617616, 32.259998, 32.259998, 100, 32.290001, 100, -1.620000, -0.530000
1476379620083, 32.259998, 32.259998, 100, 32.290001, 100, -1.620000, -0.530000
1476379622074, 32.259998, 32.259998, 100, 32.290001, 100, -1.620000, -0.530000
1476379624082, 32.259998, 32.259998, 100, 32.290001, 100, -1.620000, -0.530000
1476379626081, 32.259998, 32.259998, 100, 32.290001, 100, -1.620000, -0.530000
1476379627594, 32.259998, 32.259998, 100, 32.290001, 100, -1.620000, -0.530000
1476379630106, 32.259998, 32.259998, 100, 32.290001, 100, -1.620000, -0.530000
1476379631117, 32.259998, 32.259998, 100, 32.290001, 100, -1.620000, -0.530000
1476379634097, 32.290001, 32.270000, 100, 32.290001, 100, -1.520000, -0.500000
1476379636096, 32.290001, 32.270000, 100, 32.290001, 100, -1.520000, -0.500000
1476379637591, 32.290001, 32.270000, 100, 32.290001, 100, -1.520000, -0.500000
1476379640097, 32.290001, 32.270000, 100, 32.290001, 100, -1.520000, -0.500000
1476379642084, 32.290001, 32.270000, 100, 32.290001, 100, -1.520000, -0.500000
1476379644108, 32.290001, 32.270000, 100, 32.290001, 100, -1.520000, -0.500000
1476379645604, 32.290001, 32.270000, 100, 32.290001, 100, -1.520000, -0.500000
1476379648118, 32.290001, 32.270000, 100, 32.290001, 100, -1.520000, -0.500000
1476379649634, 32.290001, 32.250000, 100, 32.290001, 100, -1.520000, -0.500000
1476379652085, 32.290001, 32.250000, 100, 32.290001, 100, -1.520000, -0.500000
1476379654093, 32.290001, 32.250000, 100, 32.290001, 100, -1.520000, -0.500000
1476379656080, 32.290001, 32.250000, 100, 32.290001, 100, -1.520000, -0.500000
1476379658091, 32.290001, 32.250000, 100, 32.290001, 100, -1.520000, -0.500000
1476379660082, 32.290001, 32.250000, 100, 32.290001, 100, -1.520000, -0.500000
1476379662123, 32.290001, 32.250000, 100, 32.290001, 100, -1.520000, -0.500000
1476379664137, 32.290001, 32.250000, 100, 32.290001, 100, -1.520000, -0.500000
1476379666088, 32.290001, 32.250000, 100, 32.290001, 100, -1.520000, -0.500000
1476379668109, 32.290001, 32.250000, 100, 32.290001, 100, -1.520000, -0.500000
1476379670092, 32.290001, 32.250000, 100, 32.290001, 100, -1.520000, -0.500000
1476379672100, 32.290001, 32.250000, 100, 32.290001, 100, -1.520000, -0.500000
1476379674093, 32.290001, 32.259998, 100, 32.290001, 100, -1.520000, -0.500000
1476379675606, 32.290001, 32.259998, 100, 32.290001, 100, -1.520000, -0.500000
1476379678092, 32.290001, 32.259998, 100, 32.290001, 100, -1.520000, -0.500000
1476379680098, 32.290001, 32.259998, 100, 32.290001, 100, -1.520000, -0.500000
1476379682101, 32.290001, 32.259998, 100, 32.290001, 100, -1.520000, -0.500000
1476379684104, 32.290001, 32.259998, 100, 32.290001, 100, -1.520000, -0.500000
1476379686100, 32.290001, 32.259998, 100, 32.290001, 100, -1.520000, -0.500000
1476379688108, 32.290001, 32.259998, 100, 32.290001, 100, -1.520000, -0.500000
1476379690125, 32.290001, 32.259998, 100, 32.290001, 100, -1.520000, -0.500000
1476379691586, 32.290001, 32.259998, 100, 32.290001, 100, -1.520000, -0.500000
1476379694099, 32.290001, 32.259998, 100, 32.290001, 100, -1.520000, -0.500000
1476379696148, 32.290001, 32.259998, 100, 32.290001, 100, -1.520000, -0.500000
1476379698106, 32.290001, 32.259998, 100, 32.290001, 100, -1.520000, -0.500000
1476379700106, 32.290001, 32.259998, 100, 32.290001, 100, -1.520000, -0.500000
1476379702113, 32.290001, 32.259998, 100, 32.290001, 100, -1.520000, -0.500000
1476379703112, 32.290001, 32.259998, 100, 32.290001, 100, -1.520000, -0.500000
1476379706118, 32.290001, 32.259998, 100, 32.290001, 100, -1.520000, -0.500000
1476379708115, 32.290001, 32.259998, 100, 32.290001, 100, -1.520000, -0.500000
1476379710112, 32.290001, 32.259998, 100, 32.290001, 100, -1.520000, -0.500000
1476379712119, 32.290001, 32.259998, 100, 32.290001, 100, -1.520000, -0.500000
1476379714153, 32.290001, 32.259998, 100, 32.290001, 100, -1.520000, -0.500000
1476379716107, 32.290001, 32.259998, 100, 32.290001, 100, -1.520000, -0.500000
1476379718153, 32.290001, 32.259998, 100, 32.290001, 100, -1.520000, -0.500000
1476379719164, 32.290001, 32.259998, 100, 32.290001, 100, -1.520000, -0.500000
1476379722123, 32.290001, 32.259998, 100, 32.290001, 100, -1.520000, -0.500000
1476379724110, 32.290001, 32.259998, 100, 32.290001, 100, -1.520000, -0.500000
1476379726106, 32.290001, 32.259998, 100, 32.290001, 100, -1.520000, -0.500000
1476379728124, 32.279999, 32.279999, 200, 32.290001, 100, -1.560000, -0.510000
1476379729621, 32.279999, 32.279999, 200, 32.290001, 100, -1.560000, -0.510000
1476379731613, 32.279999, 32.279999, 200, 32.290001, 100, -1.560000, -0.510000
1476379734115, 32.279999, 32.279999, 200, 32.290001, 100, -1.560000, -0.510000
1476379736111, 32.279999, 32.279999, 200, 32.290001, 100, -1.560000, -0.510000
1476379737634, 32.279999, 32.279999, 200, 32.290001, 100, -1.560000, -0.510000
1476379740012, 32.279999, 32.279999, 200, 32.290001, 100, -1.560000, -0.510000
1476379742036, 32.279999, 32.279999, 200, 32.290001, 100, -1.560000, -0.510000
1476379744016, 32.279999, 32.279999, 200, 32.290001, 100, -1.560000, -0.510000
1476379746022, 32.279999, 32.279999, 200, 32.290001, 100, -1.560000, -0.510000
1476379747524, 32.279999, 32.279999, 200, 32.290001, 100, -1.560000, -0.510000
1476379750028, 32.279999, 32.279999, 200, 32.290001, 100, -1.560000, -0.510000
1476379752014, 32.279999, 32.279999, 200, 32.290001, 100, -1.560000, -0.510000
1476379754014, 32.279999, 32.279999, 200, 32.290001, 100, -1.560000, -0.510000
1476379756024, 32.279999, 32.279999, 200, 32.290001, 100, -1.560000, -0.510000
1476379758016, 32.279999, 32.279999, 200, 32.290001, 100, -1.560000, -0.510000
1476379760067, 32.279999, 32.279999, 200, 32.290001, 100, -1.560000, -0.510000
1476379762025, 32.279999, 32.279999, 200, 32.290001, 100, -1.560000, -0.510000
1476379763530, 32.279999, 32.279999, 200, 32.290001, 100, -1.560000, -0.510000
1476379766029, 32.279999, 32.279999, 200, 32.290001, 100, -1.560000, -0.510000
1476379768020, 32.279999, 32.279999, 200, 32.290001, 100, -1.560000, -0.510000
1476379770024, 32.279999, 32.279999, 200, 32.290001, 100, -1.560000, -0.510000
1476379772027, 32.279999, 32.279999, 200, 32.290001, 100, -1.560000, -0.510000
1476379774023, 32.279999, 32.279999, 200, 32.290001, 100, -1.560000, -0.510000
1476379776029, 32.290001, 32.290001, 100, 32.299999, 200, -1.520000, -0.500000
1476379778063, 32.290001, 32.279999, 300, 32.299999, 100, -1.520000, -0.500000
1476379780039, 32.290001, 32.279999, 300, 32.299999, 100, -1.520000, -0.500000
1476379781562, 32.290001, 32.279999, 300, 32.299999, 100, -1.520000, -0.500000
1476379784038, 32.290001, 32.279999, 300, 32.299999, 100, -1.520000, -0.500000
1476379786039, 32.290001, 32.279999, 300, 32.299999, 100, -1.520000, -0.500000
1476379788035, 32.290001, 32.279999, 200, 32.299999, 100, -1.520000, -0.500000
1476379790033, 32.290001, 32.279999, 200, 32.299999, 100, -1.520000, -0.500000
1476379792055, 32.290001, 32.279999, 200, 32.299999, 100, -1.520000, -0.500000
1476379794031, 32.290001, 32.279999, 200, 32.299999, 100, -1.520000, -0.500000
1476379795532, 32.290001, 32.279999, 200, 32.299999, 100, -1.520000, -0.500000
1476379798035, 32.290001, 32.279999, 200, 32.299999, 100, -1.520000, -0.500000
1476379800034, 32.290001, 32.279999, 200, 32.299999, 100, -1.520000, -0.500000
1476379802041, 32.290001, 32.279999, 200, 32.299999, 100, -1.520000, -0.500000
1476379804035, 32.290001, 32.279999, 200, 32.299999, 100, -1.520000, -0.500000
1476379806053, 32.290001, 32.279999, 200, 32.299999, 100, -1.520000, -0.500000
1476379808074, 32.290001, 32.279999, 200, 32.299999, 100, -1.520000, -0.500000
1476379810037, 32.290001, 32.279999, 200, 32.299999, 100, -1.520000, -0.500000
1476379811047, 32.290001, 32.279999, 200, 32.299999, 100, -1.520000, -0.500000
1476379814074, 32.290001, 32.279999, 200, 32.299999, 100, -1.520000, -0.500000
1476379816049, 32.290001, 32.279999, 200, 32.299999, 100, -1.520000, -0.500000
1476379818043, 32.290001, 32.279999, 200, 32.299999, 100, -1.520000, -0.500000
1476379819536, 32.290001, 32.279999, 200, 32.299999, 100, -1.520000, -0.500000
1476379822073, 32.290001, 32.279999, 200, 32.299999, 100, -1.520000, -0.500000
1476379824056, 32.290001, 32.279999, 200, 32.299999, 100, -1.520000, -0.500000
1476379826044, 32.290001, 32.279999, 200, 32.299999, 100, -1.520000, -0.500000
1476379828043, 32.290001, 32.279999, 200, 32.299999, 100, -1.520000, -0.500000
1476379830047, 32.290001, 32.279999, 200, 32.299999, 100, -1.520000, -0.500000
1476379831049, 32.290001, 32.279999, 200, 32.299999, 100, -1.520000, -0.500000
1476379834061, 32.290001, 32.279999, 200, 32.299999, 100, -1.520000, -0.500000
1476379836050, 32.290001, 32.279999, 200, 32.299999, 100, -1.520000, -0.500000
1476379838038, 32.290001, 32.279999, 200, 32.299999, 100, -1.520000, -0.500000
1476379840051, 32.290001, 32.279999, 200, 32.299999, 100, -1.520000, -0.500000
1476379842045, 32.290001, 32.279999, 200, 32.299999, 100, -1.520000, -0.500000
1476379844052, 32.290001, 32.279999, 200, 32.299999, 100, -1.520000, -0.500000
1476379846087, 32.290001, 32.279999, 200, 32.299999, 100, -1.520000, -0.500000
1476379848054, 32.290001, 32.279999, 200, 32.299999, 100, -1.520000, -0.500000
1476379850047, 32.290001, 32.279999, 200, 32.299999, 100, -1.520000, -0.500000
1476379850581, 32.290001, 32.279999, 200, 32.299999, 100, -1.520000, -0.500000
1476379854053, 32.290001, 32.279999, 200, 32.299999, 100, -1.520000, -0.500000
1476379856058, 32.290001, 32.279999, 200, 32.299999, 100, -1.520000, -0.500000
1476379857551, 32.290001, 32.279999, 200, 32.299999, 100, -1.520000, -0.500000
1476379860056, 32.290001, 32.279999, 200, 32.299999, 100, -1.520000, -0.500000
1476379861557, 32.290001, 32.279999, 200, 32.299999, 100, -1.520000, -0.500000
1476379864116, 32.290001, 32.279999, 200, 32.299999, 100, -1.520000, -0.500000
1476379865558, 32.290001, 32.279999, 200, 32.299999, 100, -1.520000, -0.500000
1476379868060, 32.290001, 32.279999, 200, 32.299999, 100, -1.520000, -0.500000
1476379868552, 32.290001, 32.279999, 200, 32.299999, 100, -1.520000, -0.500000
1476379872059, 32.290001, 32.279999, 200, 32.299999, 100, -1.520000, -0.500000
1476379874058, 32.290001, 32.279999, 200, 32.299999, 100, -1.520000, -0.500000
1476379876061, 32.290001, 32.279999, 200, 32.299999, 100, -1.520000, -0.500000
1476379878067, 32.290001, 32.279999, 200, 32.299999, 100, -1.520000, -0.500000
1476379880093, 32.279999, 32.270000, 100, 32.290001, 100, -1.560000, -0.510000
1476379882100, 32.279999, 32.270000, 100, 32.290001, 100, -1.560000, -0.510000
1476379884068, 32.279999, 32.270000, 200, 32.290001, 100, -1.560000, -0.510000
1476379886061, 32.279999, 32.270000, 100, 32.290001, 100, -1.560000, -0.510000
1476379888067, 32.279999, 32.270000, 100, 32.290001, 100, -1.560000, -0.510000
1476379890064, 32.279999, 32.270000, 100, 32.290001, 100, -1.560000, -0.510000
1476379892066, 32.279999, 32.270000, 100, 32.290001, 100, -1.560000, -0.510000
1476379894100, 32.279999, 32.270000, 200, 32.290001, 100, -1.560000, -0.510000
1476379895547, 32.279999, 32.270000, 200, 32.290001, 200, -1.560000, -0.510000
1476379898065, 32.279999, 32.270000, 200, 32.290001, 200, -1.560000, -0.510000
1476379900068, 32.279999, 32.270000, 200, 32.290001, 200, -1.560000, -0.510000
1476379902066, 32.279999, 32.270000, 200, 32.290001, 200, -1.560000, -0.510000
1476379904063, 32.279999, 32.270000, 200, 32.290001, 200, -1.560000, -0.510000
1476379906068, 32.279999, 32.270000, 200, 32.290001, 200, -1.560000, -0.510000
1476379907566, 32.279999, 32.270000, 200, 32.290001, 200, -1.560000, -0.510000
1476379910085, 32.279999, 32.270000, 200, 32.290001, 200, -1.560000, -0.510000
1476379912106, 32.279999, 32.270000, 200, 32.290001, 200, -1.560000, -0.510000
1476379914069, 32.290001, 32.270000, 200, 32.299999, 100, -1.520000, -0.500000
1476379916064, 32.290001, 32.270000, 200, 32.299999, 100, -1.520000, -0.500000
1476379918073, 32.290001, 32.270000, 200, 32.299999, 100, -1.520000, -0.500000
1476379920072, 32.290001, 32.279999, 100, 32.299999, 100, -1.520000, -0.500000
1476379921078, 32.290001, 32.270000, 200, 32.299999, 100, -1.520000, -0.500000
1476379924113, 32.290001, 32.270000, 200, 32.299999, 100, -1.520000, -0.500000
1476379926077, 32.290001, 32.270000, 200, 32.299999, 100, -1.520000, -0.500000
1476379928075, 32.290001, 32.270000, 200, 32.299999, 100, -1.520000, -0.500000
1476379930118, 32.290001, 32.270000, 200, 32.299999, 100, -1.520000, -0.500000
1476379932073, 32.290001, 32.270000, 200, 32.299999, 100, -1.520000, -0.500000
1476379934082, 32.290001, 32.270000, 200, 32.299999, 100, -1.520000, -0.500000
1476379936089, 32.290001, 32.270000, 200, 32.299999, 100, -1.520000, -0.500000
1476379936089, 32.290001, 32.270000, 200, 32.299999, 100, -1.520000, -0.500000
1476379940078, 32.290001, 32.270000, 200, 32.299999, 100, -1.520000, -0.500000
1476379942078, 32.290001, 32.270000, 200, 32.299999, 100, -1.520000, -0.500000
1476379944072, 32.290001, 32.270000, 200, 32.299999, 100, -1.520000, -0.500000
1476379946075, 32.290001, 32.270000, 200, 32.299999, 100, -1.520000, -0.500000
1476379948128, 32.290001, 32.270000, 200, 32.299999, 100, -1.520000, -0.500000
1476379950109, 32.290001, 32.270000, 200, 32.299999, 100, -1.520000, -0.500000
1476379951603, 32.290001, 32.270000, 200, 32.299999, 100, -1.520000, -0.500000
1476379954086, 32.290001, 32.270000, 200, 32.299999, 100, -1.520000, -0.500000
1476379955587, 32.290001, 32.270000, 200, 32.299999, 100, -1.520000, -0.500000
1476379958090, 32.290001, 32.270000, 200, 32.299999, 100, -1.520000, -0.500000
1476379960086, 32.290001, 32.270000, 200, 32.299999, 100, -1.520000, -0.500000
1476379962086, 32.290001, 32.270000, 200, 32.299999, 100, -1.520000, -0.500000
1476379963613, 32.287498, 32.270000, 200, 32.299999, 100, -1.530000, -0.502500
1476379965106, 32.287498, 32.270000, 200, 32.299999, 100, -1.530000, -0.502500
1476379968091, 32.287498, 32.270000, 200, 32.299999, 100, -1.530000, -0.502500
1476379970071, 32.287498, 32.270000, 200, 32.299999, 100, -1.530000, -0.502500
1476379972089, 32.287498, 32.270000, 200, 32.299999, 100, -1.530000, -0.502500
1476379974103, 32.287498, 32.270000, 200, 32.299999, 100, -1.530000, -0.502500
1476379976076, 32.287498, 32.270000, 200, 32.299999, 100, -1.530000, -0.502500
1476379978082, 32.287498, 32.270000, 200, 32.299999, 100, -1.530000, -0.502500
1476379980091, 32.287498, 32.270000, 200, 32.299999, 100, -1.530000, -0.502500
1476379982084, 32.287498, 32.270000, 200, 32.299999, 100, -1.530000, -0.502500
1476379984087, 32.287498, 32.270000, 200, 32.299999, 100, -1.530000, -0.502500
1476379986091, 32.287498, 32.270000, 200, 32.299999, 100, -1.530000, -0.502500
1476379988088, 32.287498, 32.270000, 200, 32.299999, 100, -1.530000, -0.502500
1476379989601, 32.287498, 32.270000, 200, 32.299999, 100, -1.530000, -0.502500
1476379992113, 32.287498, 32.270000, 200, 32.299999, 100, -1.530000, -0.502500
1476379994100, 32.287498, 32.270000, 200, 32.299999, 100, -1.530000, -0.502500
1476379995588, 32.287498, 32.270000, 200, 32.299999, 100, -1.530000, -0.502500
1476379998098, 32.287498, 32.270000, 200, 32.299999, 100, -1.530000, -0.502500
1476380000089, 32.287498, 32.270000, 200, 32.299999, 100, -1.530000, -0.502500
1476380001604, 32.287498, 32.270000, 200, 32.299999, 100, -1.530000, -0.502500
1476380004088, 32.287498, 32.270000, 200, 32.299999, 100, -1.530000, -0.502500
1476380006129, 32.287498, 32.270000, 200, 32.299999, 100, -1.530000, -0.502500
1476380008093, 32.287498, 32.270000, 200, 32.299999, 100, -1.530000, -0.502500
1476380010125, 32.287498, 32.270000, 200, 32.299999, 100, -1.530000, -0.502500
1476380012099, 32.287498, 32.270000, 200, 32.299999, 100, -1.530000, -0.502500
1476380014096, 32.287498, 32.270000, 200, 32.299999, 100, -1.530000, -0.502500
1476380016096, 32.287498, 32.270000, 200, 32.299999, 100, -1.530000, -0.502500
1476380018101, 32.287498, 32.270000, 200, 32.299999, 100, -1.530000, -0.502500
1476380020098, 32.287498, 32.270000, 200, 32.299999, 100, -1.530000, -0.502500
1476380022130, 32.287498, 32.270000, 200, 32.299999, 100, -1.530000, -0.502500
1476380024127, 32.287498, 32.270000, 200, 32.299999, 100, -1.530000, -0.502500
1476380026108, 32.287498, 32.270000, 200, 32.299999, 100, -1.530000, -0.502500
1476380028105, 32.287498, 32.270000, 200, 32.299999, 100, -1.530000, -0.502500
1476380030107, 32.287498, 32.270000, 200, 32.299999, 100, -1.530000, -0.502500
1476380031608, 32.287498, 32.270000, 200, 32.299999, 100, -1.530000, -0.502500
1476380034108, 32.287498, 32.270000, 200, 32.299999, 100, -1.530000, -0.502500
1476380036112, 32.287498, 32.270000, 200, 32.299999, 100, -1.530000, -0.502500
1476380037663, 32.287498, 32.270000, 200, 32.299999, 100, -1.530000, -0.502500
1476380040092, 32.287498, 32.270000, 200, 32.299999, 100, -1.530000, -0.502500
1476380042106, 32.287498, 32.270000, 200, 32.299999, 100, -1.530000, -0.502500
1476380044108, 32.287498, 32.270000, 200, 32.299999, 100, -1.530000, -0.502500
1476380046159, 32.287498, 32.270000, 200, 32.299999, 100, -1.530000, -0.502500
1476380048125, 32.287498, 32.270000, 200, 32.299999, 100, -1.530000, -0.502500
1476380050114, 32.287498, 32.270000, 200, 32.299999, 100, -1.530000, -0.502500
1476380051612, 32.287498, 32.270000, 200, 32.299999, 100, -1.530000, -0.502500
1476380053127, 32.287498, 32.270000, 200, 32.299999, 100, -1.530000, -0.502500
1476380056122, 32.287498, 32.270000, 200, 32.299999, 100, -1.530000, -0.502500
1476380058117, 32.287498, 32.270000, 200, 32.299999, 100, -1.530000, -0.502500
1476380060120, 32.287498, 32.270000, 200, 32.299999, 100, -1.530000, -0.502500
1476380062196, 32.287498, 32.270000, 200, 32.299999, 100, -1.530000, -0.502500
1476380064021, 32.287498, 32.270000, 200, 32.299999, 100, -1.530000, -0.502500
1476380066017, 32.287498, 32.270000, 200, 32.299999, 100, -1.530000, -0.502500
1476380067515, 32.287498, 32.270000, 200, 32.299999, 100, -1.530000, -0.502500
1476380070515, 32.287498, 32.270000, 200, 32.299999, 100, -1.530000, -0.502500
1476380072518, 32.287498, 32.270000, 200, 32.299999, 100, -1.530000, -0.502500
1476380074020, 32.287498, 32.270000, 200, 32.299999, 100, -1.530000, -0.502500
1476380076526, 32.287498, 32.270000, 200, 32.299999, 100, -1.530000, -0.502500
1476380078526, 32.287498, 32.270000, 200, 32.299999, 200, -1.530000, -0.502500
1476380080519, 32.287498, 32.270000, 200, 32.299999, 100, -1.530000, -0.502500
1476380081017, 32.287498, 32.270000, 200, 32.299999, 100, -1.530000, -0.502500
1476380084021, 32.287498, 32.270000, 200, 32.299999, 100, -1.530000, -0.502500
1476380086021, 32.287498, 32.270000, 200, 32.299999, 100, -1.530000, -0.502500
1476380088526, 32.287498, 32.270000, 200, 32.299999, 100, -1.530000, -0.502500
1476380090522, 32.287498, 32.270000, 200, 32.299999, 100, -1.530000, -0.502500
1476380092528, 32.287498, 32.270000, 200, 32.299999, 100, -1.530000, -0.502500
1476380094074, 32.287498, 32.270000, 200, 32.299999, 100, -1.530000, -0.502500
1476380096051, 32.287498, 32.270000, 200, 32.299999, 100, -1.530000, -0.502500
1476380098527, 32.287498, 32.270000, 200, 32.299999, 100, -1.530000, -0.502500
1476380100526, 32.287498, 32.270000, 200, 32.299999, 100, -1.530000, -0.502500
1476380102527, 32.287498, 32.270000, 200, 32.299999, 100, -1.530000, -0.502500
1476380104529, 32.287498, 32.270000, 200, 32.299999, 100, -1.530000, -0.502500
1476380106533, 32.287498, 32.270000, 200, 32.299999, 100, -1.530000, -0.502500
1476380108043, 32.287498, 32.270000, 200, 32.299999, 100, -1.530000, -0.502500
1476380110528, 32.287498, 32.270000, 200, 32.299999, 100, -1.530000, -0.502500
1476380111529, 32.287498, 32.270000, 200, 32.299999, 100, -1.530000, -0.502500
1476380114537, 32.287498, 32.270000, 200, 32.299999, 100, -1.530000, -0.502500
1476380116538, 32.287498, 32.270000, 200, 32.299999, 100, -1.530000, -0.502500
1476380118530, 32.287498, 32.270000, 200, 32.299999, 100, -1.530000, -0.502500
1476380120532, 32.287498, 32.270000, 200, 32.299999, 100, -1.530000, -0.502500
1476380122534, 32.287498, 32.270000, 200, 32.299999, 100, -1.530000, -0.502500
1476380124068, 32.287498, 32.270000, 200, 32.299999, 100, -1.530000, -0.502500
1476380126554, 32.287498, 32.270000, 200, 32.299999, 100, -1.530000, -0.502500
1476380128540, 32.287498, 32.270000, 200, 32.299999, 100, -1.530000, -0.502500
1476380130035, 32.287498, 32.270000, 200, 32.299999, 100, -1.530000, -0.502500
1476380132543, 32.287498, 32.270000, 200, 32.299999, 100, -1.530000, -0.502500
1476380134541, 32.287498, 32.270000, 200, 32.299999, 100, -1.530000, -0.502500
1476380136539, 32.287498, 32.270000, 200, 32.299999, 100, -1.530000, -0.502500
1476380137593, 32.287498, 32.270000, 200, 32.299999, 100, -1.530000, -0.502500
1476380140041, 32.287498, 32.270000, 200, 32.299999, 100, -1.530000, -0.502500
1476380142041, 32.287498, 32.270000, 200, 32.299999, 100, -1.530000, -0.502500
1476380144541, 32.287498, 32.270000, 200, 32.299999, 100, -1.530000, -0.502500
1476380146545, 32.287498, 32.270000, 200, 32.299999, 100, -1.530000, -0.502500
1476380148050, 32.287498, 32.270000, 200, 32.299999, 100, -1.530000, -0.502500
1476380150540, 32.287498, 32.270000, 200, 32.299999, 100, -1.530000, -0.502500
1476380152554, 32.287498, 32.270000, 200, 32.299999, 100, -1.530000, -0.502500
1476380153084, 32.287498, 32.270000, 200, 32.299999, 100, -1.530000, -0.502500
1476380156052, 32.287498, 32.270000, 300, 32.299999, 100, -1.530000, -0.502500
1476380158049, 32.287498, 32.290001, 100, 32.299999, 100, -1.530000, -0.502500
1476380160555, 32.287498, 32.290001, 100, 32.299999, 100, -1.530000, -0.502500
1476380162552, 32.287498, 32.290001, 100, 32.299999, 100, -1.530000, -0.502500
1476380164056, 32.287498, 32.290001, 100, 32.299999, 100, -1.530000, -0.502500
1476380166576, 32.287498, 32.290001, 100, 32.299999, 100, -1.530000, -0.502500
1476380168050, 32.287498, 32.290001, 100, 32.299999, 100, -1.530000, -0.502500
1476380170055, 32.287498, 32.290001, 200, 32.299999, 100, -1.530000, -0.502500
1476380172096, 32.287498, 32.290001, 200, 32.299999, 100, -1.530000, -0.502500
1476380174546, 32.287498, 32.290001, 200, 32.299999, 100, -1.530000, -0.502500
1476380176556, 32.287498, 32.290001, 200, 32.299999, 100, -1.530000, -0.502500
1476380178555, 32.287498, 32.290001, 200, 32.299999, 100, -1.530000, -0.502500
1476380180554, 32.287498, 32.290001, 200, 32.299999, 100, -1.530000, -0.502500
1476380182557, 32.287498, 32.290001, 200, 32.299999, 100, -1.530000, -0.502500
1476380184070, 32.287498, 32.290001, 200, 32.299999, 100, -1.530000, -0.502500
1476380186561, 32.287498, 32.290001, 200, 32.299999, 100, -1.530000, -0.502500
1476380188562, 32.287498, 32.290001, 200, 32.299999, 100, -1.530000, -0.502500
1476380190576, 32.287498, 32.279999, 200, 32.299999, 300, -1.530000, -0.502500
1476380192055, 32.290001, 32.279999, 200, 32.290001, 200, -1.520000, -0.500000
1476380194087, 32.290001, 32.250000, 200, 32.290001, 100, -1.520000, -0.500000
1476380196068, 32.290001, 32.250000, 200, 32.290001, 100, -1.520000, -0.500000
1476380198589, 32.290001, 32.250000, 100, 32.290001, 100, -1.520000, -0.500000
1476380200576, 32.290001, 32.250000, 100, 32.290001, 100, -1.520000, -0.500000
1476380202569, 32.290001, 32.250000, 100, 32.290001, 100, -1.520000, -0.500000
1476380204060, 32.290001, 32.250000, 100, 32.290001, 100, -1.520000, -0.500000
1476380206564, 32.290001, 32.250000, 100, 32.290001, 100, -1.520000, -0.500000
1476380208571, 32.290001, 32.250000, 100, 32.290001, 100, -1.520000, -0.500000
1476380210061, 32.290001, 32.250000, 100, 32.290001, 100, -1.520000, -0.500000
1476380212078, 32.290001, 32.250000, 100, 32.290001, 100, -1.520000, -0.500000
1476380214569, 32.290001, 32.250000, 100, 32.290001, 100, -1.520000, -0.500000
1476380216054, 32.290001, 32.250000, 100, 32.290001, 100, -1.520000, -0.500000
1476380218076, 32.290001, 32.250000, 100, 32.290001, 100, -1.520000, -0.500000
1476380220079, 32.290001, 32.250000, 100, 32.290001, 100, -1.520000, -0.500000
1476380222073, 32.290001, 32.250000, 100, 32.279999, 200, -1.520000, -0.500000
1476380224068, 32.279999, 32.259998, 100, 32.279999, 100, -1.560000, -0.510000
1476380224569, 32.279999, 32.259998, 100, 32.279999, 100, -1.560000, -0.510000
1476380228077, 32.279999, 32.259998, 100, 32.279999, 100, -1.560000, -0.510000
1476380230575, 32.279999, 32.259998, 100, 32.279999, 100, -1.560000, -0.510000
1476380232579, 32.279999, 32.259998, 100, 32.279999, 100, -1.560000, -0.510000
1476380234596, 32.279999, 32.259998, 100, 32.279999, 100, -1.560000, -0.510000
1476380236582, 32.279999, 32.259998, 100, 32.279999, 100, -1.560000, -0.510000
1476380238572, 32.279999, 32.259998, 100, 32.279999, 100, -1.560000, -0.510000
1476380240112, 32.279999, 32.259998, 100, 32.279999, 100, -1.560000, -0.510000
1476380242601, 32.279999, 32.259998, 100, 32.279999, 100, -1.560000, -0.510000
1476380244080, 32.279999, 32.259998, 100, 32.279999, 100, -1.560000, -0.510000
1476380246580, 32.279999, 32.259998, 100, 32.279999, 100, -1.560000, -0.510000
1476380248574, 32.279999, 32.259998, 100, 32.279999, 100, -1.560000, -0.510000
1476380250587, 32.279999, 32.259998, 100, 32.279999, 100, -1.560000, -0.510000
1476380252572, 32.279999, 32.259998, 100, 32.279999, 100, -1.560000, -0.510000
1476380254070, 32.279999, 32.259998, 100, 32.279999, 100, -1.560000, -0.510000
1476380256125, 32.279999, 32.259998, 100, 32.279999, 100, -1.560000, -0.510000
1476380258081, 32.279999, 32.259998, 100, 32.279999, 100, -1.560000, -0.510000
1476380260092, 32.279999, 32.259998, 100, 32.279999, 100, -1.560000, -0.510000
1476380262589, 32.279999, 32.259998, 100, 32.279999, 100, -1.560000, -0.510000
1476380264092, 32.279999, 32.259998, 100, 32.279999, 100, -1.560000, -0.510000
1476380266586, 32.279999, 32.259998, 100, 32.279999, 100, -1.560000, -0.510000
1476380268142, 32.279999, 32.259998, 100, 32.279999, 100, -1.560000, -0.510000
1476380270609, 32.279999, 32.259998, 100, 32.279999, 100, -1.560000, -0.510000
1476380272605, 32.279999, 32.259998, 100, 32.279999, 100, -1.560000, -0.510000
1476380274098, 32.279999, 32.259998, 100, 32.279999, 100, -1.560000, -0.510000
1476380276599, 32.279999, 32.259998, 100, 32.279999, 100, -1.560000, -0.510000
1476380278590, 32.279999, 32.259998, 100, 32.279999, 100, -1.560000, -0.510000
1476380280605, 32.279999, 32.259998, 100, 32.279999, 100, -1.560000, -0.510000
1476380282129, 32.279999, 32.250000, 100, 32.279999, 100, -1.560000, -0.510000
1476380283631, 32.279999, 32.250000, 100, 32.279999, 100, -1.560000, -0.510000
1476380286590, 32.279999, 32.250000, 100, 32.279999, 100, -1.560000, -0.510000
1476380288594, 32.279999, 32.250000, 100, 32.279999, 100, -1.560000, -0.510000
1476380290600, 32.279999, 32.250000, 100, 32.279999, 100, -1.560000, -0.510000
1476380292607, 32.279999, 32.250000, 100, 32.279999, 100, -1.560000, -0.510000
1476380294596, 32.279999, 32.250000, 100, 32.279999, 200, -1.560000, -0.510000
1476380296603, 32.279999, 32.250000, 100, 32.279999, 200, -1.560000, -0.510000
1476380298093, 32.279999, 32.250000, 100, 32.279999, 200, -1.560000, -0.510000
1476380300599, 32.270000, 32.270000, 100, 32.279999, 100, -1.590000, -0.520000
1476380302606, 32.270000, 32.270000, 100, 32.279999, 100, -1.590000, -0.520000
1476380304609, 32.270000, 32.270000, 100, 32.279999, 100, -1.590000, -0.520000
1476380306618, 32.270000, 32.270000, 100, 32.279999, 100, -1.590000, -0.520000
1476380308091, 32.270000, 32.270000, 100, 32.279999, 100, -1.590000, -0.520000
1476380310599, 32.270000, 32.270000, 100, 32.279999, 100, -1.590000, -0.520000
1476380312629, 32.270000, 32.270000, 100, 32.279999, 100, -1.590000, -0.520000
1476380314115, 32.270000, 32.270000, 100, 32.279999, 100, -1.590000, -0.520000
1476380316607, 32.270000, 32.270000, 100, 32.279999, 100, -1.590000, -0.520000
1476380318102, 32.270000, 32.270000, 100, 32.279999, 100, -1.590000, -0.520000
1476380320105, 32.270000, 32.270000, 100, 32.279999, 200, -1.590000, -0.520000
1476380322605, 32.270000, 32.270000, 100, 32.279999, 100, -1.590000, -0.520000
1476380324620, 32.270000, 32.270000, 100, 32.279999, 100, -1.590000, -0.520000
1476380326613, 32.270000, 32.270000, 100, 32.279999, 100, -1.590000, -0.520000
1476380328107, 32.270000, 32.270000, 100, 32.279999, 100, -1.590000, -0.520000
1476380330612, 32.270000, 32.270000, 100, 32.279999, 100, -1.590000, -0.520000
1476380332626, 32.270000, 32.270000, 100, 32.279999, 100, -1.590000, -0.520000
1476380334614, 32.270000, 32.270000, 100, 32.279999, 100, -1.590000, -0.520000
1476380336620, 32.270000, 32.270000, 100, 32.279999, 100, -1.590000, -0.520000
1476380338117, 32.270000, 32.270000, 100, 32.279999, 100, -1.590000, -0.520000
1476380340606, 32.270000, 32.270000, 100, 32.279999, 100, -1.590000, -0.520000
1476380342612, 32.270000, 32.270000, 100, 32.279999, 100, -1.590000, -0.520000
1476380344111, 32.270000, 32.270000, 100, 32.279999, 100, -1.590000, -0.520000
1476380346642, 32.270000, 32.270000, 100, 32.279999, 100, -1.590000, -0.520000
1476380348110, 32.270000, 32.270000, 100, 32.279999, 100, -1.590000, -0.520000
1476380350627, 32.270000, 32.270000, 100, 32.279999, 100, -1.590000, -0.520000
1476380352626, 32.270000, 32.270000, 100, 32.279999, 100, -1.590000, -0.520000
1476380354127, 32.270000, 32.270000, 100, 32.279999, 100, -1.590000, -0.520000
1476380356614, 32.270000, 32.270000, 100, 32.279999, 100, -1.590000, -0.520000
1476380358129, 32.270000, 32.270000, 100, 32.279999, 100, -1.590000, -0.520000
1476380360614, 32.270000, 32.270000, 100, 32.279999, 100, -1.590000, -0.520000
1476380362179, 32.270000, 32.270000, 100, 32.279999, 100, -1.590000, -0.520000
1476380364626, 32.270000, 32.270000, 100, 32.279999, 100, -1.590000, -0.520000
1476380365665, 32.270000, 32.270000, 100, 32.279999, 100, -1.590000, -0.520000
1476380368114, 32.270000, 32.270000, 100, 32.279999, 100, -1.590000, -0.520000
1476380370637, 32.270000, 32.270000, 100, 32.279999, 100, -1.590000, -0.520000
1476380372523, 32.270000, 32.270000, 100, 32.279999, 100, -1.590000, -0.520000
1476380374515, 32.270000, 32.270000, 100, 32.279999, 100, -1.590000, -0.520000
1476380376523, 32.270000, 32.270000, 100, 32.279999, 100, -1.590000, -0.520000
1476380378524, 32.270000, 32.270000, 100, 32.279999, 100, -1.590000, -0.520000
1476380380017, 32.270000, 32.270000, 100, 32.279999, 100, -1.590000, -0.520000
1476380382524, 32.270000, 32.270000, 100, 32.279999, 100, -1.590000, -0.520000
1476380384522, 32.270000, 32.270000, 200, 32.279999, 100, -1.590000, -0.520000
1476380386018, 32.270000, 32.270000, 200, 32.279999, 100, -1.590000, -0.520000
1476380388529, 32.270000, 32.270000, 200, 32.279999, 100, -1.590000, -0.520000
1476380390531, 32.279999, 32.279999, 100, 32.290001, 100, -1.560000, -0.510000
1476380392569, 32.290001, 32.279999, 100, 32.299999, 100, -1.520000, -0.500000
1476380394529, 32.290001, 32.279999, 100, 32.299999, 100, -1.520000, -0.500000
1476380396524, 32.290001, 32.279999, 100, 32.299999, 100, -1.520000, -0.500000
1476380398533, 32.290001, 32.279999, 100, 32.299999, 100, -1.520000, -0.500000
1476380400028, 32.290001, 32.279999, 100, 32.299999, 100, -1.520000, -0.500000
1476380402023, 32.287498, 32.270000, 100, 32.299999, 100, -1.530000, -0.502500
1476380404530, 32.287498, 32.270000, 100, 32.299999, 100, -1.530000, -0.502500
1476380406527, 32.287498, 32.270000, 100, 32.299999, 100, -1.530000, -0.502500
1476380408534, 32.287498, 32.259998, 100, 32.299999, 100, -1.530000, -0.502500
1476380410532, 32.287498, 32.259998, 100, 32.299999, 100, -1.530000, -0.502500
1476380412542, 32.287498, 32.259998, 100, 32.299999, 100, -1.530000, -0.502500
1476380414540, 32.287498, 32.259998, 100, 32.299999, 100, -1.530000, -0.502500
1476380416554, 32.287498, 32.259998, 100, 32.299999, 100, -1.530000, -0.502500
1476380418532, 32.287498, 32.259998, 100, 32.299999, 100, -1.530000, -0.502500
1476380420532, 32.287498, 32.259998, 100, 32.299999, 100, -1.530000, -0.502500
1476380422034, 32.287498, 32.259998, 100, 32.299999, 100, -1.530000, -0.502500
1476380424541, 32.287498, 32.250000, 100, 32.299999, 100, -1.530000, -0.502500
1476380426038, 32.287498, 32.250000, 100, 32.299999, 100, -1.530000, -0.502500
1476380428546, 32.287498, 32.250000, 100, 32.299999, 100, -1.530000, -0.502500
1476380430535, 32.287498, 32.250000, 100, 32.299999, 100, -1.530000, -0.502500
1476380432544, 32.287498, 32.250000, 100, 32.299999, 100, -1.530000, -0.502500
1476380434549, 32.287498, 32.250000, 100, 32.299999, 100, -1.530000, -0.502500
1476380435546, 32.287498, 32.250000, 100, 32.299999, 100, -1.530000, -0.502500
1476380438543, 32.287498, 32.250000, 100, 32.299999, 100, -1.530000, -0.502500
1476380440545, 32.287498, 32.250000, 100, 32.299999, 100, -1.530000, -0.502500
1476380442550, 32.287498, 32.250000, 100, 32.299999, 100, -1.530000, -0.502500
1476380444581, 32.287498, 32.250000, 100, 32.299999, 100, -1.530000, -0.502500
1476380446556, 32.287498, 32.250000, 100, 32.299999, 100, -1.530000, -0.502500
1476380448547, 32.287498, 32.250000, 100, 32.299999, 100, -1.530000, -0.502500
1476380450543, 32.287498, 32.250000, 100, 32.299999, 100, -1.530000, -0.502500
1476380452546, 32.287498, 32.250000, 100, 32.299999, 100, -1.530000, -0.502500
1476380454048, 32.287498, 32.250000, 100, 32.299999, 100, -1.530000, -0.502500
1476380456540, 32.287498, 32.250000, 100, 32.299999, 100, -1.530000, -0.502500
1476380458594, 32.287498, 32.250000, 100, 32.299999, 100, -1.530000, -0.502500
1476380460553, 32.287498, 32.250000, 100, 32.299999, 100, -1.530000, -0.502500
1476380462549, 32.287498, 32.250000, 100, 32.299999, 100, -1.530000, -0.502500
1476380464547, 32.287498, 32.250000, 100, 32.299999, 100, -1.530000, -0.502500
1476380466553, 32.287498, 32.250000, 100, 32.299999, 100, -1.530000, -0.502500
1476380468553, 32.287498, 32.250000, 100, 32.299999, 100, -1.530000, -0.502500
1476380470559, 32.287498, 32.250000, 100, 32.299999, 100, -1.530000, -0.502500
1476380472567, 32.287498, 32.250000, 100, 32.299999, 100, -1.530000, -0.502500
1476380474568, 32.287498, 32.250000, 100, 32.299999, 100, -1.530000, -0.502500
1476380476063, 32.287498, 32.250000, 100, 32.299999, 100, -1.530000, -0.502500
1476380478555, 32.287498, 32.250000, 100, 32.299999, 100, -1.530000, -0.502500
1476380480554, 32.287498, 32.250000, 100, 32.299999, 100, -1.530000, -0.502500
1476380482589, 32.287498, 32.250000, 100, 32.299999, 100, -1.530000, -0.502500
1476380484557, 32.287498, 32.259998, 100, 32.299999, 100, -1.530000, -0.502500
1476380486558, 32.287498, 32.259998, 100, 32.299999, 100, -1.530000, -0.502500
1476380488558, 32.287498, 32.259998, 100, 32.299999, 100, -1.530000, -0.502500
1476380490570, 32.287498, 32.259998, 100, 32.299999, 100, -1.530000, -0.502500
1476380492602, 32.287498, 32.259998, 100, 32.299999, 100, -1.530000, -0.502500
1476380494563, 32.287498, 32.259998, 100, 32.299999, 100, -1.530000, -0.502500
1476380496559, 32.287498, 32.250000, 100, 32.299999, 100, -1.530000, -0.502500
1476380498564, 32.287498, 32.250000, 100, 32.299999, 100, -1.530000, -0.502500
1476380500565, 32.287498, 32.250000, 100, 32.299999, 100, -1.530000, -0.502500
1476380502558, 32.287498, 32.250000, 100, 32.299999, 100, -1.530000, -0.502500
1476380504595, 32.287498, 32.250000, 100, 32.299999, 100, -1.530000, -0.502500
1476380506574, 32.287498, 32.250000, 100, 32.299999, 100, -1.530000, -0.502500
1476380508566, 32.287498, 32.250000, 100, 32.299999, 100, -1.530000, -0.502500
1476380510565, 32.287498, 32.259998, 100, 32.299999, 100, -1.530000, -0.502500
1476380512565, 32.287498, 32.259998, 100, 32.299999, 100, -1.530000, -0.502500
1476380514564, 32.287498, 32.259998, 100, 32.299999, 100, -1.530000, -0.502500
1476380516563, 32.287498, 32.259998, 100, 32.299999, 100, -1.530000, -0.502500
1476380518059, 32.287498, 32.259998, 100, 32.299999, 100, -1.530000, -0.502500
1476380520583, 32.287498, 32.250000, 100, 32.299999, 100, -1.530000, -0.502500
1476380522073, 32.287498, 32.250000, 100, 32.299999, 100, -1.530000, -0.502500
1476380524581, 32.287498, 32.259998, 100, 32.299999, 100, -1.530000, -0.502500
1476380526574, 32.287498, 32.250000, 100, 32.299999, 100, -1.530000, -0.502500
1476380528581, 32.287498, 32.250000, 100, 32.299999, 100, -1.530000, -0.502500
1476380530561, 32.287498, 32.250000, 100, 32.299999, 100, -1.530000, -0.502500
1476380532608, 32.287498, 32.259998, 100, 32.299999, 100, -1.530000, -0.502500
1476380534568, 32.287498, 32.259998, 100, 32.299999, 100, -1.530000, -0.502500
1476380535574, 32.287498, 32.259998, 100, 32.299999, 100, -1.530000, -0.502500
1476380538584, 32.287498, 32.259998, 100, 32.299999, 100, -1.530000, -0.502500
1476380540584, 32.287498, 32.259998, 100, 32.299999, 100, -1.530000, -0.502500
1476380542584, 32.287498, 32.259998, 100, 32.299999, 100, -1.530000, -0.502500
1476380544577, 32.287498, 32.259998, 100, 32.299999, 100, -1.530000, -0.502500
1476380546583, 32.287498, 32.259998, 100, 32.299999, 100, -1.530000, -0.502500
1476380548579, 32.268002, 32.270000, 100, 32.299999, 100, -1.590000, -0.522000
1476380550578, 32.268002, 32.270000, 100, 32.299999, 100, -1.590000, -0.522000
1476380552617, 32.268002, 32.270000, 100, 32.299999, 100, -1.590000, -0.522000
1476380554584, 32.268002, 32.270000, 100, 32.299999, 100, -1.590000, -0.522000
1476380556573, 32.268002, 32.279999, 100, 32.299999, 100, -1.590000, -0.522000
1476380558078, 32.268002, 32.279999, 100, 32.299999, 100, -1.590000, -0.522000
1476380560586, 32.268002, 32.279999, 100, 32.299999, 100, -1.590000, -0.522000
1476380562581, 32.268002, 32.279999, 100, 32.299999, 100, -1.590000, -0.522000
1476380564600, 32.268002, 32.279999, 100, 32.299999, 100, -1.590000, -0.522000
1476380566591, 32.268002, 32.279999, 100, 32.299999, 100, -1.590000, -0.522000
1476380568598, 32.268002, 32.279999, 100, 32.299999, 100, -1.590000, -0.522000
1476380570597, 32.268002, 32.279999, 100, 32.299999, 100, -1.590000, -0.522000
1476380572588, 32.268002, 32.279999, 100, 32.299999, 100, -1.590000, -0.522000
1476380574087, 32.268002, 32.279999, 100, 32.299999, 100, -1.590000, -0.522000
1476380576591, 32.268002, 32.279999, 100, 32.299999, 100, -1.590000, -0.522000
1476380578633, 32.268002, 32.279999, 100, 32.299999, 100, -1.590000, -0.522000
1476380580591, 32.268002, 32.279999, 100, 32.299999, 100, -1.590000, -0.522000
1476380582575, 32.268002, 32.279999, 100, 32.299999, 100, -1.590000, -0.522000
1476380584585, 32.268002, 32.279999, 100, 32.299999, 100, -1.590000, -0.522000
1476380586596, 32.268002, 32.279999, 100, 32.299999, 100, -1.590000, -0.522000
1476380588605, 32.268002, 32.279999, 100, 32.299999, 100, -1.590000, -0.522000
1476380590093, 32.268002, 32.279999, 100, 32.299999, 100, -1.590000, -0.522000
1476380592592, 32.268002, 32.279999, 100, 32.299999, 100, -1.590000, -0.522000
1476380594607, 32.268002, 32.279999, 100, 32.299999, 100, -1.590000, -0.522000
1476380596131, 32.268002, 32.279999, 100, 32.299999, 100, -1.590000, -0.522000
1476380598124, 32.299999, 32.279999, 100, 32.299999, 100, -1.490000, -0.490000
1476380600608, 32.299999, 32.279999, 100, 32.299999, 100, -1.490000, -0.490000
1476380602601, 32.299999, 32.279999, 100, 32.299999, 100, -1.490000, -0.490000
1476380604589, 32.299999, 32.279999, 100, 32.299999, 100, -1.490000, -0.490000
1476380606592, 32.299999, 32.279999, 100, 32.299999, 100, -1.490000, -0.490000
1476380608599, 32.299999, 32.279999, 100, 32.299999, 100, -1.490000, -0.490000
1476380610104, 32.299999, 32.279999, 100, 32.299999, 100, -1.490000, -0.490000
1476380612597, 32.299999, 32.279999, 100, 32.299999, 100, -1.490000, -0.490000
1476380614609, 32.299999, 32.279999, 100, 32.299999, 100, -1.490000, -0.490000
1476380616609, 32.299999, 32.279999, 100, 32.299999, 100, -1.490000, -0.490000
1476380618599, 32.299999, 32.279999, 100, 32.299999, 100, -1.490000, -0.490000
1476380620603, 32.299999, 32.279999, 100, 32.299999, 100, -1.490000, -0.490000
1476380622105, 32.299999, 32.279999, 100, 32.299999, 100, -1.490000, -0.490000
1476380623599, 32.299999, 32.279999, 100, 32.299999, 100, -1.490000, -0.490000
1476380626607, 32.299999, 32.279999, 100, 32.299999, 100, -1.490000, -0.490000
1476380628598, 32.299999, 32.279999, 100, 32.299999, 100, -1.490000, -0.490000
1476380630104, 32.299999, 32.279999, 100, 32.299999, 100, -1.490000, -0.490000
1476380632605, 32.299999, 32.279999, 100, 32.299999, 100, -1.490000, -0.490000
1476380634624, 32.299999, 32.279999, 100, 32.299999, 100, -1.490000, -0.490000
1476380636609, 32.290001, 32.279999, 100, 32.299999, 100, -1.520000, -0.500000
1476380638620, 32.290001, 32.279999, 100, 32.299999, 100, -1.520000, -0.500000
1476380640616, 32.290001, 32.279999, 100, 32.299999, 100, -1.520000, -0.500000
1476380642630, 32.290001, 32.279999, 100, 32.299999, 100, -1.520000, -0.500000
1476380644621, 32.290001, 32.279999, 100, 32.299999, 100, -1.520000, -0.500000
1476380646612, 32.290001, 32.279999, 100, 32.299999, 100, -1.520000, -0.500000
1476380648604, 32.290001, 32.279999, 100, 32.299999, 100, -1.520000, -0.500000
1476380650598, 32.290001, 32.279999, 100, 32.299999, 100, -1.520000, -0.500000
1476380652619, 32.290001, 32.279999, 100, 32.299999, 100, -1.520000, -0.500000
1476380654616, 32.290001, 32.279999, 100, 32.299999, 100, -1.520000, -0.500000
1476380656618, 32.290001, 32.279999, 100, 32.299999, 100, -1.520000, -0.500000
1476380658616, 32.290001, 32.279999, 100, 32.299999, 100, -1.520000, -0.500000
1476380660621, 32.290001, 32.279999, 100, 32.299999, 100, -1.520000, -0.500000
1476380662607, 32.290001, 32.279999, 100, 32.299999, 100, -1.520000, -0.500000
1476380664615, 32.290001, 32.279999, 100, 32.299999, 100, -1.520000, -0.500000
1476380666626, 32.290001, 32.279999, 100, 32.299999, 100, -1.520000, -0.500000
1476380668631, 32.290001, 32.279999, 100, 32.299999, 100, -1.520000, -0.500000
1476380670632, 32.290001, 32.279999, 100, 32.299999, 100, -1.520000, -0.500000
1476380672649, 32.290001, 32.279999, 100, 32.299999, 100, -1.520000, -0.500000
1476380674628, 32.290001, 32.279999, 100, 32.299999, 100, -1.520000, -0.500000
1476380676621, 32.290001, 32.279999, 100, 32.299999, 100, -1.520000, -0.500000
1476380678612, 32.290001, 32.279999, 100, 32.299999, 100, -1.520000, -0.500000
1476380680519, 32.290001, 32.279999, 100, 32.299999, 100, -1.520000, -0.500000
1476380682012, 32.290001, 32.279999, 100, 32.299999, 100, -1.520000, -0.500000
1476380684513, 32.290001, 32.279999, 100, 32.299999, 100, -1.520000, -0.500000
1476380686516, 32.290001, 32.279999, 100, 32.299999, 100, -1.520000, -0.500000
1476380688522, 32.290001, 32.279999, 100, 32.299999, 100, -1.520000, -0.500000
1476380690517, 32.279999, 32.270000, 200, 32.290001, 200, -1.560000, -0.510000
1476380692017, 32.270000, 32.250000, 200, 32.270000, 200, -1.590000, -0.520000
1476380694014, 32.270000, 32.250000, 200, 32.270000, 200, -1.590000, -0.520000
1476380696515, 32.270000, 32.250000, 200, 32.270000, 200, -1.590000, -0.520000
1476380698520, 32.270000, 32.250000, 200, 32.270000, 200, -1.590000, -0.520000
1476380700530, 32.270000, 32.250000, 200, 32.270000, 200, -1.590000, -0.520000
1476380702518, 32.270000, 32.250000, 300, 32.270000, 200, -1.590000, -0.520000
1476380704519, 32.270000, 32.250000, 300, 32.270000, 200, -1.590000, -0.520000
1476380706021, 32.270000, 32.250000, 300, 32.270000, 200, -1.590000, -0.520000
1476380708557, 32.270000, 32.250000, 300, 32.270000, 200, -1.590000, -0.520000
1476380710517, 32.270000, 32.250000, 300, 32.270000, 200, -1.590000, -0.520000
1476380712517, 32.270000, 32.250000, 300, 32.270000, 200, -1.590000, -0.520000
1476380714051, 32.270000, 32.250000, 300, 32.270000, 200, -1.590000, -0.520000
1476380716540, 32.270000, 32.250000, 300, 32.270000, 200, -1.590000, -0.520000
1476380718521, 32.270000, 32.250000, 300, 32.270000, 200, -1.590000, -0.520000
1476380720520, 32.270000, 32.250000, 300, 32.270000, 200, -1.590000, -0.520000
1476380722519, 32.270000, 32.250000, 300, 32.270000, 200, -1.590000, -0.520000
1476380724022, 32.270000, 32.250000, 300, 32.270000, 200, -1.590000, -0.520000
1476380726526, 32.270000, 32.250000, 300, 32.270000, 200, -1.590000, -0.520000
1476380728530, 32.270000, 32.250000, 300, 32.270000, 200, -1.590000, -0.520000
1476380730031, 32.270000, 32.250000, 300, 32.270000, 200, -1.590000, -0.520000
1476380732536, 32.270000, 32.250000, 300, 32.270000, 200, -1.590000, -0.520000
1476380734537, 32.270000, 32.250000, 300, 32.270000, 200, -1.590000, -0.520000
1476380736533, 32.270000, 32.250000, 300, 32.270000, 200, -1.590000, -0.520000
1476380738575, 32.270000, 32.250000, 300, 32.270000, 200, -1.590000, -0.520000
1476380740535, 32.270000, 32.250000, 300, 32.270000, 200, -1.590000, -0.520000
1476380742534, 32.270000, 32.250000, 300, 32.270000, 200, -1.590000, -0.520000
1476380744537, 32.270000, 32.250000, 300, 32.270000, 200, -1.590000, -0.520000
1476380746533, 32.270000, 32.250000, 300, 32.270000, 200, -1.590000, -0.520000
1476380748040, 32.270000, 32.250000, 300, 32.270000, 200, -1.590000, -0.520000
1476380750537, 32.270000, 32.250000, 300, 32.270000, 200, -1.590000, -0.520000
1476380752028, 32.270000, 32.250000, 300, 32.270000, 200, -1.590000, -0.520000
1476380754537, 32.270000, 32.250000, 300, 32.270000, 200, -1.590000, -0.520000
1476380756531, 32.270000, 32.250000, 300, 32.270000, 200, -1.590000, -0.520000
1476380758553, 32.270000, 32.250000, 300, 32.270000, 200, -1.590000, -0.520000
1476380761034, 32.270000, 32.250000, 300, 32.270000, 200, -1.590000, -0.520000
1476380762538, 32.270000, 32.250000, 300, 32.270000, 200, -1.590000, -0.520000
1476380764527, 32.270000, 32.250000, 300, 32.270000, 200, -1.590000, -0.520000
1476380766538, 32.270000, 32.250000, 300, 32.270000, 200, -1.590000, -0.520000
1476380768539, 32.290001, 32.259998, 100, 32.290001, 100, -1.520000, -0.500000
1476380770534, 32.290001, 32.259998, 100, 32.290001, 100, -1.520000, -0.500000
1476380772545, 32.290001, 32.259998, 100, 32.290001, 100, -1.520000, -0.500000
1476380774538, 32.290001, 32.259998, 100, 32.299999, 100, -1.520000, -0.500000
1476380776546, 32.290001, 32.259998, 100, 32.299999, 100, -1.520000, -0.500000
1476380779032, 32.290001, 32.259998, 100, 32.299999, 100, -1.520000, -0.500000
1476380779537, 32.290001, 32.259998, 100, 32.299999, 100, -1.520000, -0.500000
1476380782545, 32.290001, 32.259998, 100, 32.299999, 200, -1.520000, -0.500000
1476380784532, 32.290001, 32.259998, 100, 32.299999, 200, -1.520000, -0.500000
1476380785542, 32.290001, 32.259998, 100, 32.299999, 200, -1.520000, -0.500000
1476380788534, 32.290001, 32.259998, 100, 32.299999, 200, -1.520000, -0.500000
1476380791040, 32.290001, 32.259998, 100, 32.299999, 200, -1.520000, -0.500000
1476380792541, 32.290001, 32.259998, 100, 32.299999, 200, -1.520000, -0.500000
1476380795036, 32.290001, 32.259998, 100, 32.299999, 200, -1.520000, -0.500000
1476380797050, 32.290001, 32.259998, 100, 32.299999, 200, -1.520000, -0.500000
1476380799040, 32.290001, 32.259998, 100, 32.299999, 200, -1.520000, -0.500000
1476380800059, 32.290001, 32.259998, 100, 32.299999, 200, -1.520000, -0.500000
1476380802562, 32.290001, 32.259998, 100, 32.299999, 200, -1.520000, -0.500000
1476380804551, 32.290001, 32.259998, 100, 32.299999, 200, -1.520000, -0.500000
1476380807049, 32.290001, 32.259998, 100, 32.299999, 200, -1.520000, -0.500000
1476380809046, 32.290001, 32.259998, 100, 32.299999, 200, -1.520000, -0.500000
1476380810551, 32.290001, 32.259998, 100, 32.299999, 200, -1.520000, -0.500000
1476380812546, 32.290001, 32.259998, 100, 32.299999, 200, -1.520000, -0.500000
1476380814573, 32.290001, 32.259998, 100, 32.299999, 200, -1.520000, -0.500000
1476380816052, 32.290001, 32.259998, 100, 32.299999, 200, -1.520000, -0.500000
1476380819047, 32.290001, 32.259998, 100, 32.299999, 200, -1.520000, -0.500000
1476380821049, 32.290001, 32.259998, 100, 32.299999, 200, -1.520000, -0.500000
1476380823056, 32.259998, 32.250000, 300, 32.279999, 100, -1.620000, -0.530000
1476380824546, 32.259998, 32.250000, 300, 32.279999, 100, -1.620000, -0.530000
1476380827048, 32.259998, 32.250000, 300, 32.279999, 100, -1.620000, -0.530000
1476380828561, 32.259998, 32.250000, 300, 32.279999, 100, -1.620000, -0.530000
1476380831049, 32.259998, 32.250000, 300, 32.279999, 100, -1.620000, -0.530000
1476380832618, 32.259998, 32.250000, 300, 32.279999, 200, -1.620000, -0.530000
1476380835053, 32.259998, 32.250000, 300, 32.279999, 200, -1.620000, -0.530000
1476380837046, 32.259998, 32.250000, 300, 32.279999, 200, -1.620000, -0.530000
1476380839051, 32.270000, 32.270000, 100, 32.279999, 200, -1.590000, -0.520000
1476380840546, 32.270000, 32.270000, 100, 32.279999, 200, -1.590000, -0.520000
1476380843047, 32.270000, 32.270000, 100, 32.279999, 200, -1.590000, -0.520000
1476380844555, 32.270000, 32.270000, 100, 32.279999, 200, -1.590000, -0.520000
1476380847061, 32.270000, 32.270000, 100, 32.279999, 200, -1.590000, -0.520000
1476380849046, 32.270000, 32.270000, 100, 32.279999, 200, -1.590000, -0.520000
1476380851051, 32.270000, 32.270000, 100, 32.279999, 200, -1.590000, -0.520000
1476380853054, 32.270000, 32.270000, 100, 32.279999, 200, -1.590000, -0.520000
1476380854058, 32.270000, 32.270000, 100, 32.279999, 200, -1.590000, -0.520000
1476380857053, 32.270000, 32.270000, 100, 32.279999, 200, -1.590000, -0.520000
1476380859056, 32.270000, 32.270000, 100, 32.279999, 200, -1.590000, -0.520000
1476380859590, 32.270000, 32.270000, 100, 32.279999, 200, -1.590000, -0.520000
1476380862570, 32.270000, 32.250000, 200, 32.279999, 200, -1.590000, -0.520000
1476380865061, 32.270000, 32.250000, 100, 32.279999, 200, -1.590000, -0.520000
1476380867060, 32.270000, 32.250000, 100, 32.279999, 200, -1.590000, -0.520000
1476380868068, 32.270000, 32.250000, 100, 32.279999, 200, -1.590000, -0.520000
1476380871069, 32.270000, 32.250000, 100, 32.279999, 200, -1.590000, -0.520000
1476380872061, 32.270000, 32.250000, 100, 32.279999, 200, -1.590000, -0.520000
1476380874576, 32.270000, 32.250000, 100, 32.279999, 200, -1.590000, -0.520000
1476380875565, 32.270000, 32.250000, 100, 32.279999, 200, -1.590000, -0.520000
1476380879058, 32.270000, 32.250000, 100, 32.279999, 200, -1.590000, -0.520000
1476380881062, 32.270000, 32.250000, 100, 32.279999, 200, -1.590000, -0.520000
1476380883058, 32.270000, 32.250000, 100, 32.279999, 200, -1.590000, -0.520000
1476380885050, 32.270000, 32.250000, 100, 32.279999, 200, -1.590000, -0.520000
1476380887064, 32.270000, 32.250000, 100, 32.279999, 200, -1.590000, -0.520000
1476380887564, 32.270000, 32.250000, 100, 32.279999, 200, -1.590000, -0.520000
1476380891055, 32.270000, 32.250000, 100, 32.279999, 200, -1.590000, -0.520000
1476380893067, 32.270000, 32.250000, 100, 32.279999, 200, -1.590000, -0.520000
1476380895065, 32.270000, 32.250000, 100, 32.279999, 200, -1.590000, -0.520000
1476380897065, 32.270000, 32.250000, 100, 32.279999, 200, -1.590000, -0.520000
1476380899053, 32.270000, 32.250000, 100, 32.279999, 200, -1.590000, -0.520000
1476380901076, 32.270000, 32.250000, 100, 32.279999, 200, -1.590000, -0.520000
1476380901076, 32.270000, 32.250000, 100, 32.279999, 200, -1.590000, -0.520000
1476380904578, 32.270000, 32.250000, 100, 32.279999, 200, -1.590000, -0.520000
1476380907081, 32.270000, 32.250000, 100, 32.279999, 200, -1.590000, -0.520000
1476380908559, 32.270000, 32.250000, 100, 32.279999, 200, -1.590000, -0.520000
1476380911064, 32.270000, 32.250000, 100, 32.279999, 200, -1.590000, -0.520000
1476380913070, 32.270000, 32.250000, 100, 32.279999, 200, -1.590000, -0.520000
1476380915062, 32.270000, 32.250000, 100, 32.279999, 200, -1.590000, -0.520000
1476380917073, 32.270000, 32.250000, 100, 32.279999, 200, -1.590000, -0.520000
1476380918562, 32.270000, 32.250000, 100, 32.279999, 200, -1.590000, -0.520000
1476380921066, 32.270000, 32.250000, 100, 32.279999, 200, -1.590000, -0.520000
1476380923066, 32.270000, 32.250000, 100, 32.279999, 200, -1.590000, -0.520000
1476380924570, 32.270000, 32.250000, 100, 32.279999, 200, -1.590000, -0.520000
1476380927069, 32.270000, 32.250000, 100, 32.279999, 200, -1.590000, -0.520000
1476380928086, 32.270000, 32.250000, 100, 32.279999, 200, -1.590000, -0.520000
1476380930091, 32.270000, 32.250000, 100, 32.279999, 200, -1.590000, -0.520000
1476380933084, 32.270000, 32.250000, 100, 32.279999, 200, -1.590000, -0.520000
1476380934608, 32.270000, 32.250000, 100, 32.279999, 200, -1.590000, -0.520000
1476380937063, 32.270000, 32.250000, 100, 32.279999, 200, -1.590000, -0.520000
1476380940583, 32.270000, 32.259998, 100, 32.279999, 200, -1.590000, -0.520000
1476380939068, 32.270000, 32.259998, 100, 32.279999, 200, -1.590000, -0.520000
1476380943071, 32.270000, 32.259998, 100, 32.279999, 200, -1.590000, -0.520000
1476380945087, 32.270000, 32.259998, 100, 32.279999, 200, -1.590000, -0.520000
1476380946600, 32.270000, 32.259998, 100, 32.279999, 200, -1.590000, -0.520000
1476380949106, 32.270000, 32.259998, 100, 32.279999, 200, -1.590000, -0.520000
1476380950128, 32.270000, 32.259998, 100, 32.279999, 200, -1.590000, -0.520000
1476380953085, 32.270000, 32.259998, 100, 32.279999, 200, -1.590000, -0.520000
1476380953085, 32.270000, 32.259998, 100, 32.279999, 200, -1.590000, -0.520000
1476380957065, 32.270000, 32.259998, 100, 32.279999, 200, -1.590000, -0.520000
1476380959091, 32.270000, 32.259998, 100, 32.279999, 200, -1.590000, -0.520000
1476380961085, 32.270000, 32.259998, 100, 32.279999, 200, -1.590000, -0.520000
1476380963085, 32.270000, 32.259998, 100, 32.279999, 200, -1.590000, -0.520000
1476380964613, 32.270000, 32.259998, 100, 32.279999, 200, -1.590000, -0.520000
1476380967089, 32.270000, 32.259998, 100, 32.279999, 200, -1.590000, -0.520000
1476380969091, 32.270000, 32.259998, 100, 32.279999, 200, -1.590000, -0.520000
1476380971093, 32.270000, 32.259998, 100, 32.279999, 200, -1.590000, -0.520000
1476380973088, 32.270000, 32.259998, 100, 32.279999, 200, -1.590000, -0.520000
1476380975081, 32.270000, 32.259998, 100, 32.279999, 200, -1.590000, -0.520000
1476380976630, 32.270000, 32.259998, 100, 32.279999, 200, -1.590000, -0.520000
1476380979097, 32.270000, 32.259998, 100, 32.279999, 200, -1.590000, -0.520000
1476380980632, 32.270000, 32.259998, 100, 32.279999, 200, -1.590000, -0.520000
1476380983102, 32.270000, 32.259998, 100, 32.279999, 200, -1.590000, -0.520000
1476380984604, 32.270000, 32.259998, 100, 32.279999, 200, -1.590000, -0.520000
1476380986591, 32.270000, 32.259998, 100, 32.279999, 200, -1.590000, -0.520000
1476380988598, 32.270000, 32.259998, 100, 32.279999, 200, -1.590000, -0.520000
1476380991094, 32.270000, 32.259998, 100, 32.279999, 200, -1.590000, -0.520000
1476380993084, 32.270000, 32.259998, 100, 32.279999, 200, -1.590000, -0.520000
1476380995092, 32.270000, 32.259998, 100, 32.279999, 200, -1.590000, -0.520000
1476380997103, 32.270000, 32.259998, 100, 32.279999, 200, -1.590000, -0.520000
1476380999135, 32.270000, 32.259998, 100, 32.279999, 200, -1.590000, -0.520000
1476381001082, 32.270000, 32.259998, 100, 32.279999, 200, -1.590000, -0.520000
1476381003093, 32.270000, 32.259998, 100, 32.279999, 200, -1.590000, -0.520000
1476381004600, 32.270000, 32.259998, 100, 32.279999, 200, -1.590000, -0.520000
1476381006111, 32.270000, 32.259998, 100, 32.279999, 200, -1.590000, -0.520000
1476381009111, 32.270000, 32.259998, 100, 32.279999, 200, -1.590000, -0.520000
1476381010097, 32.270000, 32.259998, 100, 32.279999, 200, -1.590000, -0.520000
1476381013094, 32.270000, 32.259998, 100, 32.279999, 200, -1.590000, -0.520000
1476381015016, 32.270000, 32.259998, 200, 32.279999, 200, -1.590000, -0.520000
1476381017015, 32.270000, 32.259998, 200, 32.279999, 200, -1.590000, -0.520000
1476381019008, 32.270000, 32.259998, 200, 32.279999, 200, -1.590000, -0.520000
1476381020512, 32.270000, 32.259998, 200, 32.279999, 200, -1.590000, -0.520000
1476381023018, 32.270000, 32.259998, 200, 32.279999, 200, -1.590000, -0.520000
1476381025016, 32.270000, 32.259998, 200, 32.279999, 200, -1.590000, -0.520000
1476381027012, 32.270000, 32.259998, 200, 32.279999, 200, -1.590000, -0.520000
1476381028511, 32.270000, 32.259998, 200, 32.279999, 200, -1.590000, -0.520000
1476381031012, 32.270000, 32.259998, 200, 32.279999, 200, -1.590000, -0.520000
1476381033021, 32.270000, 32.259998, 200, 32.279999, 200, -1.590000, -0.520000
1476381035028, 32.270000, 32.259998, 200, 32.279999, 200, -1.590000, -0.520000
1476381037017, 32.270000, 32.259998, 200, 32.279999, 200, -1.590000, -0.520000
1476381039023, 32.270000, 32.259998, 200, 32.279999, 200, -1.590000, -0.520000
1476381040015, 32.270000, 32.259998, 200, 32.279999, 200, -1.590000, -0.520000
1476381043024, 32.270000, 32.259998, 200, 32.279999, 200, -1.590000, -0.520000
1476381045012, 32.270000, 32.259998, 200, 32.279999, 200, -1.590000, -0.520000
1476381047023, 32.270000, 32.259998, 200, 32.279999, 200, -1.590000, -0.520000
1476381049025, 32.270000, 32.259998, 200, 32.279999, 200, -1.590000, -0.520000
1476381051020, 32.270000, 32.259998, 200, 32.279999, 200, -1.590000, -0.520000
1476381053030, 32.270000, 32.259998, 200, 32.279999, 200, -1.590000, -0.520000
1476381054018, 32.270000, 32.259998, 200, 32.279999, 200, -1.590000, -0.520000
1476381057022, 32.270000, 32.259998, 200, 32.279999, 200, -1.590000, -0.520000
1476381059065, 32.270000, 32.259998, 200, 32.279999, 200, -1.590000, -0.520000
1476381060526, 32.270000, 32.259998, 200, 32.279999, 200, -1.590000, -0.520000
1476381063020, 32.270000, 32.259998, 200, 32.279999, 200, -1.590000, -0.520000
1476381065043, 32.270000, 32.259998, 200, 32.279999, 200, -1.590000, -0.520000
1476381067036, 32.270000, 32.259998, 200, 32.279999, 200, -1.590000, -0.520000
1476381069024, 32.270000, 32.259998, 200, 32.279999, 100, -1.590000, -0.520000
1476381070563, 32.270000, 32.259998, 200, 32.279999, 100, -1.590000, -0.520000
1476381073022, 32.270000, 32.270000, 200, 32.279999, 100, -1.590000, -0.520000
1476381075027, 32.270000, 32.270000, 200, 32.279999, 100, -1.590000, -0.520000
1476381077031, 32.270000, 32.270000, 200, 32.279999, 100, -1.590000, -0.520000
1476381078543, 32.270000, 32.270000, 200, 32.279999, 100, -1.590000, -0.520000
1476381081037, 32.270000, 32.270000, 300, 32.279999, 100, -1.590000, -0.520000
1476381082535, 32.270000, 32.270000, 300, 32.279999, 100, -1.590000, -0.520000
1476381085032, 32.270000, 32.270000, 300, 32.279999, 100, -1.590000, -0.520000
1476381086535, 32.270000, 32.270000, 300, 32.279999, 100, -1.590000, -0.520000
1476381089071, 32.270000, 32.270000, 300, 32.279999, 100, -1.590000, -0.520000
1476381091034, 32.270000, 32.270000, 200, 32.279999, 100, -1.590000, -0.520000
1476381093063, 32.270000, 32.270000, 200, 32.279999, 100, -1.590000, -0.520000
1476381094553, 32.270000, 32.270000, 200, 32.279999, 100, -1.590000, -0.520000
1476381097049, 32.270000, 32.270000, 200, 32.279999, 100, -1.590000, -0.520000
1476381098530, 32.270000, 32.270000, 200, 32.279999, 100, -1.590000, -0.520000
1476381101030, 32.270000, 32.270000, 200, 32.279999, 100, -1.590000, -0.520000
1476381103067, 32.270000, 32.270000, 200, 32.279999, 100, -1.590000, -0.520000
1476381105036, 32.270000, 32.270000, 200, 32.279999, 100, -1.590000, -0.520000
1476381106539, 32.270000, 32.270000, 200, 32.279999, 100, -1.590000, -0.520000
1476381108531, 32.270000, 32.270000, 200, 32.279999, 100, -1.590000, -0.520000
1476381110075, 32.279999, 32.279999, 100, 32.299999, 100, -1.560000, -0.510000
1476381113037, 32.279999, 32.279999, 100, 32.299999, 100, -1.560000, -0.510000
1476381115033, 32.279999, 32.279999, 100, 32.299999, 100, -1.560000, -0.510000
1476381117081, 32.279999, 32.279999, 100, 32.299999, 100, -1.560000, -0.510000
1476381119033, 32.279999, 32.279999, 100, 32.299999, 100, -1.560000, -0.510000
1476381121033, 32.279999, 32.279999, 100, 32.299999, 100, -1.560000, -0.510000
1476381123065, 32.279999, 32.279999, 100, 32.299999, 100, -1.560000, -0.510000
1476381125069, 32.279999, 32.279999, 100, 32.299999, 100, -1.560000, -0.510000
1476381127041, 32.279999, 32.279999, 100, 32.299999, 100, -1.560000, -0.510000
1476381129040, 32.279999, 32.279999, 100, 32.299999, 100, -1.560000, -0.510000
1476381131042, 32.279999, 32.279999, 100, 32.299999, 100, -1.560000, -0.510000
1476381132551, 32.279999, 32.279999, 100, 32.299999, 100, -1.560000, -0.510000
1476381134550, 32.279999, 32.279999, 100, 32.299999, 100, -1.560000, -0.510000
1476381137046, 32.279999, 32.279999, 100, 32.299999, 100, -1.560000, -0.510000
1476381139084, 32.279999, 32.279999, 100, 32.299999, 100, -1.560000, -0.510000
1476381141066, 32.279999, 32.279999, 100, 32.299999, 100, -1.560000, -0.510000
1476381143079, 32.279999, 32.279999, 100, 32.299999, 100, -1.560000, -0.510000
1476381145049, 32.279999, 32.279999, 100, 32.299999, 100, -1.560000, -0.510000
1476381147048, 32.279999, 32.279999, 100, 32.299999, 100, -1.560000, -0.510000
1476381148054, 32.279999, 32.279999, 100, 32.299999, 100, -1.560000, -0.510000
1476381151053, 32.279999, 32.279999, 100, 32.299999, 100, -1.560000, -0.510000
1476381152553, 32.279999, 32.279999, 100, 32.299999, 100, -1.560000, -0.510000
1476381155078, 32.279999, 32.279999, 100, 32.299999, 100, -1.560000, -0.510000
1476381157054, 32.279999, 32.279999, 100, 32.299999, 100, -1.560000, -0.510000
1476381159053, 32.279999, 32.279999, 100, 32.299999, 100, -1.560000, -0.510000
1476381160541, 32.279999, 32.279999, 100, 32.299999, 100, -1.560000, -0.510000
1476381162556, 32.279999, 32.279999, 100, 32.299999, 100, -1.560000, -0.510000
1476381165093, 32.279999, 32.279999, 100, 32.299999, 100, -1.560000, -0.510000
1476381167050, 32.279999, 32.279999, 100, 32.299999, 100, -1.560000, -0.510000
1476381169064, 32.279999, 32.279999, 100, 32.299999, 100, -1.560000, -0.510000
1476381171061, 32.279999, 32.279999, 100, 32.299999, 100, -1.560000, -0.510000
1476381172566, 32.279999, 32.279999, 100, 32.299999, 100, -1.560000, -0.510000
1476381174570, 32.279999, 32.279999, 100, 32.299999, 100, -1.560000, -0.510000
1476381177056, 32.279999, 32.279999, 100, 32.299999, 100, -1.560000, -0.510000
1476381179062, 32.279999, 32.279999, 100, 32.299999, 100, -1.560000, -0.510000
1476381181103, 32.279999, 32.279999, 100, 32.299999, 100, -1.560000, -0.510000
1476381183081, 32.299999, 32.299999, 200, 32.320000, 200, -1.490000, -0.490000
1476381185074, 32.299999, 32.299999, 200, 32.320000, 200, -1.490000, -0.490000
1476381186574, 32.299999, 32.299999, 200, 32.320000, 200, -1.490000, -0.490000
1476381189067, 32.299999, 32.299999, 200, 32.320000, 200, -1.490000, -0.490000
1476381191058, 32.299999, 32.299999, 200, 32.320000, 200, -1.490000, -0.490000
1476381193059, 32.299999, 32.299999, 200, 32.320000, 200, -1.490000, -0.490000
1476381195064, 32.299999, 32.299999, 200, 32.320000, 200, -1.490000, -0.490000
1476381196567, 32.299999, 32.299999, 200, 32.320000, 200, -1.490000, -0.490000
1476381199071, 32.299999, 32.299999, 200, 32.320000, 200, -1.490000, -0.490000
1476381201066, 32.299999, 32.299999, 200, 32.320000, 200, -1.490000, -0.490000
1476381202583, 32.299999, 32.299999, 200, 32.320000, 200, -1.490000, -0.490000
1476381205065, 32.299999, 32.299999, 200, 32.320000, 200, -1.490000, -0.490000
1476381207058, 32.299999, 32.299999, 200, 32.320000, 200, -1.490000, -0.490000
1476381208574, 32.299999, 32.299999, 200, 32.320000, 200, -1.490000, -0.490000
1476381211082, 32.299999, 32.299999, 200, 32.320000, 200, -1.490000, -0.490000
1476381212061, 32.299999, 32.299999, 200, 32.320000, 200, -1.490000, -0.490000
1476381215065, 32.299999, 32.310001, 200, 32.320000, 200, -1.490000, -0.490000
1476381217068, 32.299999, 32.310001, 200, 32.320000, 200, -1.490000, -0.490000
1476381219069, 32.299999, 32.310001, 200, 32.320000, 200, -1.490000, -0.490000
1476381220573, 32.299999, 32.310001, 200, 32.320000, 200, -1.490000, -0.490000
1476381222563, 32.299999, 32.310001, 300, 32.320000, 200, -1.490000, -0.490000
1476381224576, 32.299999, 32.310001, 300, 32.320000, 200, -1.490000, -0.490000
1476381226581, 32.299999, 32.310001, 300, 32.320000, 200, -1.490000, -0.490000
1476381228571, 32.299999, 32.310001, 300, 32.320000, 200, -1.490000, -0.490000
1476381230583, 32.299999, 32.310001, 300, 32.320000, 200, -1.490000, -0.490000
1476381233069, 32.299999, 32.310001, 300, 32.320000, 200, -1.490000, -0.490000
1476381235067, 32.299999, 32.310001, 300, 32.320000, 200, -1.490000, -0.490000
1476381236565, 32.299999, 32.310001, 300, 32.320000, 200, -1.490000, -0.490000
1476381239068, 32.299999, 32.310001, 300, 32.320000, 200, -1.490000, -0.490000
1476381241088, 32.299999, 32.310001, 300, 32.320000, 200, -1.490000, -0.490000
1476381243063, 32.299999, 32.310001, 300, 32.320000, 200, -1.490000, -0.490000
1476381245063, 32.299999, 32.310001, 300, 32.320000, 200, -1.490000, -0.490000
1476381247075, 32.299999, 32.310001, 300, 32.320000, 200, -1.490000, -0.490000
1476381249083, 32.299999, 32.310001, 300, 32.320000, 200, -1.490000, -0.490000
1476381251086, 32.299999, 32.310001, 300, 32.320000, 200, -1.490000, -0.490000
1476381253066, 32.320000, 32.330002, 200, 32.349998, 100, -1.430000, -0.470000
1476381255069, 32.320000, 32.330002, 200, 32.349998, 100, -1.430000, -0.470000
1476381257075, 32.320000, 32.330002, 200, 32.360001, 100, -1.430000, -0.470000
1476381259075, 32.320000, 32.330002, 200, 32.360001, 100, -1.430000, -0.470000
1476381260576, 32.320000, 32.330002, 100, 32.360001, 100, -1.430000, -0.470000
1476381263077, 32.320000, 32.330002, 100, 32.360001, 100, -1.430000, -0.470000
1476381265072, 32.320000, 32.330002, 100, 32.360001, 100, -1.430000, -0.470000
1476381266573, 32.320000, 32.330002, 100, 32.360001, 100, -1.430000, -0.470000
1476381269141, 32.320000, 32.330002, 100, 32.360001, 100, -1.430000, -0.470000
1476381271084, 32.320000, 32.330002, 100, 32.360001, 100, -1.430000, -0.470000
1476381273072, 32.320000, 32.330002, 100, 32.360001, 100, -1.430000, -0.470000
1476381275079, 32.320000, 32.330002, 100, 32.360001, 100, -1.430000, -0.470000
1476381277072, 32.320000, 32.330002, 100, 32.360001, 100, -1.430000, -0.470000
1476381279085, 32.320000, 32.330002, 100, 32.360001, 100, -1.430000, -0.470000
1476381280582, 32.320000, 32.330002, 100, 32.360001, 100, -1.430000, -0.470000
1476381283080, 32.320000, 32.330002, 100, 32.360001, 100, -1.430000, -0.470000
1476381285077, 32.320000, 32.330002, 100, 32.360001, 100, -1.430000, -0.470000
1476381287084, 32.320000, 32.330002, 100, 32.360001, 100, -1.430000, -0.470000
1476381288589, 32.320000, 32.330002, 100, 32.360001, 100, -1.430000, -0.470000
1476381291076, 32.320000, 32.330002, 100, 32.360001, 100, -1.430000, -0.470000
1476381293080, 32.320000, 32.330002, 100, 32.360001, 100, -1.430000, -0.470000
1476381293587, 32.320000, 32.330002, 100, 32.360001, 100, -1.430000, -0.470000
1476381297077, 32.320000, 32.330002, 100, 32.360001, 100, -1.430000, -0.470000
1476381299086, 32.320000, 32.330002, 100, 32.360001, 200, -1.430000, -0.470000
1476381301095, 32.320000, 32.330002, 100, 32.360001, 200, -1.430000, -0.470000
1476381303096, 32.320000, 32.330002, 100, 32.360001, 200, -1.430000, -0.470000
1476381305092, 32.320000, 32.330002, 100, 32.360001, 200, -1.430000, -0.470000
1476381307088, 32.320000, 32.330002, 100, 32.360001, 200, -1.430000, -0.470000
1476381309090, 32.320000, 32.330002, 100, 32.360001, 200, -1.430000, -0.470000
1476381310588, 32.320000, 32.330002, 100, 32.360001, 200, -1.430000, -0.470000
1476381312094, 32.320000, 32.330002, 100, 32.360001, 200, -1.430000, -0.470000
1476381315095, 32.320000, 32.330002, 100, 32.360001, 200, -1.430000, -0.470000
1476381316604, 32.320000, 32.330002, 100, 32.360001, 200, -1.430000, -0.470000
1476381318142, 32.320000, 32.330002, 100, 32.360001, 100, -1.430000, -0.470000
1476381321104, 32.320000, 32.330002, 100, 32.360001, 100, -1.430000, -0.470000
1476381323104, 32.320000, 32.330002, 100, 32.360001, 100, -1.430000, -0.470000
1476381325127, 32.360001, 32.340000, 200, 32.360001, 100, -1.310000, -0.430000
1476381327117, 32.360001, 32.340000, 200, 32.360001, 100, -1.310000, -0.430000
1476381329103, 32.360001, 32.340000, 300, 32.360001, 100, -1.310000, -0.430000
1476381331098, 32.360001, 32.340000, 500, 32.360001, 100, -1.310000, -0.430000
1476381333089, 32.360001, 32.340000, 500, 32.360001, 100, -1.310000, -0.430000
1476381335096, 32.360001, 32.340000, 500, 32.360001, 100, -1.310000, -0.430000
1476381337117, 32.360001, 32.340000, 500, 32.360001, 200, -1.310000, -0.430000
1476381339125, 32.360001, 32.340000, 500, 32.360001, 200, -1.310000, -0.430000
1476381341117, 32.360001, 32.340000, 500, 32.360001, 200, -1.310000, -0.430000
1476381343112, 32.360001, 32.340000, 500, 32.360001, 200, -1.310000, -0.430000
1476381344603, 32.360001, 32.340000, 500, 32.360001, 200, -1.310000, -0.430000
1476381347157, 32.360001, 32.340000, 500, 32.360001, 200, -1.310000, -0.430000
1476381349107, 32.360001, 32.340000, 500, 32.360001, 200, -1.310000, -0.430000
1476381351111, 32.360001, 32.340000, 500, 32.360001, 200, -1.310000, -0.430000
1476381353013, 32.360001, 32.340000, 500, 32.360001, 200, -1.310000, -0.430000
1476381354015, 32.360001, 32.340000, 500, 32.360001, 200, -1.310000, -0.430000
1476381357014, 32.360001, 32.340000, 500, 32.360001, 200, -1.310000, -0.430000
1476381357516, 32.360001, 32.340000, 500, 32.360001, 200, -1.310000, -0.430000
1476381361010, 32.360001, 32.340000, 500, 32.360001, 200, -1.310000, -0.430000
1476381363052, 32.360001, 32.340000, 500, 32.360001, 200, -1.310000, -0.430000
1476381365018, 32.360001, 32.340000, 500, 32.360001, 200, -1.310000, -0.430000
1476381367019, 32.360001, 32.340000, 500, 32.360001, 200, -1.310000, -0.430000
1476381369029, 32.360001, 32.340000, 500, 32.360001, 200, -1.310000, -0.430000
1476381371011, 32.360001, 32.340000, 500, 32.360001, 200, -1.310000, -0.430000
1476381373023, 32.360001, 32.340000, 600, 32.360001, 200, -1.310000, -0.430000
1476381374519, 32.360001, 32.340000, 600, 32.360001, 200, -1.310000, -0.430000
1476381377024, 32.360001, 32.340000, 600, 32.360001, 200, -1.310000, -0.430000
1476381379024, 32.360001, 32.340000, 600, 32.360001, 200, -1.310000, -0.430000
1476381381026, 32.360001, 32.340000, 600, 32.360001, 200, -1.310000, -0.430000
1476381383031, 32.360001, 32.340000, 600, 32.360001, 200, -1.310000, -0.430000
1476381385028, 32.360001, 32.340000, 600, 32.360001, 200, -1.310000, -0.430000
1476381387025, 32.360001, 32.340000, 600, 32.360001, 200, -1.310000, -0.430000
1476381389028, 32.360001, 32.340000, 600, 32.360001, 200, -1.310000, -0.430000
1476381390522, 32.360001, 32.340000, 600, 32.360001, 200, -1.310000, -0.430000
1476381393019, 32.360001, 32.340000, 600, 32.360001, 200, -1.310000, -0.430000
1476381395023, 32.360001, 32.340000, 600, 32.360001, 200, -1.310000, -0.430000
1476381397020, 32.360001, 32.340000, 600, 32.360001, 200, -1.310000, -0.430000
1476381399020, 32.360001, 32.340000, 600, 32.360001, 200, -1.310000, -0.430000
1476381401031, 32.360001, 32.340000, 600, 32.360001, 200, -1.310000, -0.430000
1476381403029, 32.360001, 32.340000, 600, 32.360001, 200, -1.310000, -0.430000
1476381405032, 32.360001, 32.340000, 600, 32.360001, 200, -1.310000, -0.430000
1476381407041, 32.360001, 32.340000, 600, 32.360001, 200, -1.310000, -0.430000
1476381409030, 32.360001, 32.340000, 600, 32.360001, 200, -1.310000, -0.430000
1476381411032, 32.360001, 32.340000, 600, 32.360001, 200, -1.310000, -0.430000
1476381413030, 32.360001, 32.340000, 600, 32.360001, 200, -1.310000, -0.430000
1476381415035, 32.360001, 32.340000, 600, 32.360001, 200, -1.310000, -0.430000
1476381417035, 32.360001, 32.340000, 600, 32.360001, 200, -1.310000, -0.430000
1476381419037, 32.360001, 32.340000, 700, 32.360001, 200, -1.310000, -0.430000
1476381421064, 32.360001, 32.340000, 700, 32.360001, 200, -1.310000, -0.430000
1476381423031, 32.360001, 32.340000, 700, 32.360001, 200, -1.310000, -0.430000
1476381425038, 32.360001, 32.340000, 700, 32.360001, 200, -1.310000, -0.430000
1476381426553, 32.360001, 32.340000, 700, 32.360001, 200, -1.310000, -0.430000
1476381429059, 32.360001, 32.340000, 700, 32.360001, 200, -1.310000, -0.430000
1476381431035, 32.360001, 32.340000, 700, 32.360001, 200, -1.310000, -0.430000
1476381433043, 32.360001, 32.340000, 800, 32.360001, 100, -1.310000, -0.430000
1476381435036, 32.380001, 32.380001, 200, 32.410000, 100, -1.250000, -0.410000
1476381437043, 32.380001, 32.380001, 200, 32.410000, 100, -1.250000, -0.410000
1476381439037, 32.380001, 32.380001, 200, 32.410000, 100, -1.250000, -0.410000
1476381441060, 32.380001, 32.380001, 200, 32.410000, 100, -1.250000, -0.410000
1476381443037, 32.380001, 32.380001, 200, 32.410000, 100, -1.250000, -0.410000
1476381445049, 32.380001, 32.380001, 200, 32.410000, 100, -1.250000, -0.410000
1476381447080, 32.380001, 32.380001, 200, 32.410000, 100, -1.250000, -0.410000
1476381449049, 32.380001, 32.380001, 200, 32.410000, 100, -1.250000, -0.410000
1476381451038, 32.380001, 32.380001, 200, 32.410000, 100, -1.250000, -0.410000
1476381453049, 32.380001, 32.380001, 200, 32.410000, 100, -1.250000, -0.410000
1476381455045, 32.380001, 32.380001, 200, 32.410000, 100, -1.250000, -0.410000
1476381457047, 32.380001, 32.380001, 200, 32.410000, 100, -1.250000, -0.410000
1476381459047, 32.380001, 32.380001, 200, 32.410000, 100, -1.250000, -0.410000
1476381461040, 32.380001, 32.380001, 200, 32.410000, 100, -1.250000, -0.410000
1476381462547, 32.380001, 32.380001, 200, 32.410000, 100, -1.250000, -0.410000
1476381464549, 32.380001, 32.380001, 200, 32.410000, 100, -1.250000, -0.410000
1476381467040, 32.380001, 32.380001, 200, 32.410000, 100, -1.250000, -0.410000
1476381468550, 32.380001, 32.380001, 200, 32.410000, 100, -1.250000, -0.410000
1476381471044, 32.380001, 32.380001, 200, 32.410000, 100, -1.250000, -0.410000
1476381473070, 32.380001, 32.380001, 200, 32.410000, 100, -1.250000, -0.410000
1476381475055, 32.380001, 32.380001, 200, 32.410000, 100, -1.250000, -0.410000
1476381477051, 32.380001, 32.380001, 200, 32.410000, 100, -1.250000, -0.410000
1476381479051, 32.380001, 32.380001, 200, 32.410000, 100, -1.250000, -0.410000
1476381481048, 32.380001, 32.380001, 200, 32.410000, 100, -1.250000, -0.410000
1476381482551, 32.380001, 32.380001, 200, 32.410000, 100, -1.250000, -0.410000
1476381485051, 32.380001, 32.380001, 200, 32.410000, 100, -1.250000, -0.410000
1476381487076, 32.380001, 32.380001, 200, 32.410000, 100, -1.250000, -0.410000
1476381489060, 32.380001, 32.380001, 200, 32.410000, 100, -1.250000, -0.410000
1476381491556, 32.380001, 32.380001, 200, 32.410000, 100, -1.250000, -0.410000
1476381493052, 32.380001, 32.380001, 200, 32.410000, 100, -1.250000, -0.410000
1476381495051, 32.380001, 32.380001, 200, 32.410000, 100, -1.250000, -0.410000
1476381497556, 32.380001, 32.380001, 200, 32.410000, 100, -1.250000, -0.410000
1476381499051, 32.380001, 32.380001, 200, 32.410000, 100, -1.250000, -0.410000
1476381501060, 32.380001, 32.380001, 200, 32.410000, 100, -1.250000, -0.410000
1476381503052, 32.380001, 32.380001, 200, 32.410000, 100, -1.250000, -0.410000
1476381505062, 32.380001, 32.380001, 200, 32.410000, 100, -1.250000, -0.410000
1476381506548, 32.380001, 32.380001, 200, 32.410000, 100, -1.250000, -0.410000
1476381509066, 32.380001, 32.380001, 100, 32.410000, 100, -1.250000, -0.410000
1476381511063, 32.380001, 32.380001, 100, 32.410000, 100, -1.250000, -0.410000
1476381513059, 32.380001, 32.380001, 200, 32.410000, 100, -1.250000, -0.410000
1476381515089, 32.380001, 32.380001, 200, 32.410000, 100, -1.250000, -0.410000
1476381517552, 32.380001, 32.380001, 200, 32.410000, 100, -1.250000, -0.410000
1476381519557, 32.380001, 32.380001, 200, 32.410000, 100, -1.250000, -0.410000
1476381521555, 32.380001, 32.380001, 200, 32.410000, 100, -1.250000, -0.410000
1476381523060, 32.380001, 32.380001, 100, 32.410000, 100, -1.250000, -0.410000
1476381525062, 32.380001, 32.380001, 100, 32.410000, 100, -1.250000, -0.410000
1476381527544, 32.380001, 32.380001, 100, 32.410000, 100, -1.250000, -0.410000
1476381529051, 32.380001, 32.380001, 100, 32.410000, 100, -1.250000, -0.410000
1476381531092, 32.380001, 32.380001, 100, 32.410000, 100, -1.250000, -0.410000
1476381532071, 32.380001, 32.380001, 100, 32.410000, 100, -1.250000, -0.410000
1476381535068, 32.380001, 32.380001, 100, 32.410000, 100, -1.250000, -0.410000
1476381537074, 32.380001, 32.380001, 100, 32.410000, 100, -1.250000, -0.410000
1476381539066, 32.380001, 32.380001, 100, 32.410000, 100, -1.250000, -0.410000
1476381541070, 32.380001, 32.380001, 100, 32.410000, 100, -1.250000, -0.410000
1476381543554, 32.410000, 32.400002, 100, 32.410000, 100, -1.160000, -0.380000
1476381545095, 32.410000, 32.400002, 100, 32.410000, 100, -1.160000, -0.380000
1476381547059, 32.410000, 32.400002, 100, 32.410000, 100, -1.160000, -0.380000
1476381549108, 32.410000, 32.400002, 100, 32.410000, 100, -1.160000, -0.380000
1476381551572, 32.410000, 32.400002, 100, 32.410000, 100, -1.160000, -0.380000
1476381553064, 32.410000, 32.400002, 100, 32.410000, 100, -1.160000, -0.380000
1476381555071, 32.410000, 32.400002, 100, 32.410000, 100, -1.160000, -0.380000
1476381557566, 32.410000, 32.400002, 300, 32.410000, 100, -1.160000, -0.380000
1476381559073, 32.410000, 32.400002, 300, 32.410000, 100, -1.160000, -0.380000
1476381561071, 32.410000, 32.400002, 300, 32.410000, 100, -1.160000, -0.380000
1476381563076, 32.410000, 32.400002, 300, 32.410000, 100, -1.160000, -0.380000
1476381565576, 32.410000, 32.400002, 300, 32.410000, 100, -1.160000, -0.380000
1476381567563, 32.410000, 32.400002, 300, 32.410000, 100, -1.160000, -0.380000
1476381569073, 32.410000, 32.400002, 300, 32.410000, 100, -1.160000, -0.380000
1476381570578, 32.410000, 32.400002, 300, 32.410000, 100, -1.160000, -0.380000
1476381573075, 32.410000, 32.400002, 300, 32.410000, 100, -1.160000, -0.380000
1476381575093, 32.410000, 32.400002, 300, 32.410000, 100, -1.160000, -0.380000
1476381577568, 32.410000, 32.400002, 300, 32.410000, 200, -1.160000, -0.380000
1476381579580, 32.410000, 32.400002, 300, 32.410000, 200, -1.160000, -0.380000
1476381581564, 32.410000, 32.400002, 300, 32.410000, 200, -1.160000, -0.380000
1476381583573, 32.410000, 32.400002, 300, 32.410000, 200, -1.160000, -0.380000
1476381585582, 32.410000, 32.400002, 300, 32.410000, 200, -1.160000, -0.380000
1476381587069, 32.410000, 32.400002, 300, 32.410000, 200, -1.160000, -0.380000
1476381589057, 32.410000, 32.400002, 300, 32.410000, 200, -1.160000, -0.380000
1476381591569, 32.410000, 32.400002, 300, 32.410000, 200, -1.160000, -0.380000
1476381593579, 32.410000, 32.400002, 300, 32.410000, 200, -1.160000, -0.380000
1476381594578, 32.410000, 32.400002, 300, 32.410000, 200, -1.160000, -0.380000
1476381596588, 32.410000, 32.400002, 300, 32.410000, 200, -1.160000, -0.380000
1476381599077, 32.410000, 32.400002, 300, 32.410000, 200, -1.160000, -0.380000
1476381600075, 32.410000, 32.400002, 300, 32.410000, 200, -1.160000, -0.380000
1476381603579, 32.410000, 32.400002, 300, 32.410000, 200, -1.160000, -0.380000
1476381605579, 32.410000, 32.400002, 300, 32.410000, 200, -1.160000, -0.380000
1476381605579, 32.410000, 32.400002, 300, 32.410000, 200, -1.160000, -0.380000
1476381609076, 32.404999, 32.400002, 300, 32.410000, 200, -1.170000, -0.385000
1476381610579, 32.404099, 32.400002, 300, 32.410000, 200, -1.180000, -0.385900
1476381613079, 32.404099, 32.400002, 300, 32.410000, 200, -1.180000, -0.385900
1476381615589, 32.404099, 32.400002, 300, 32.410000, 200, -1.180000, -0.385900
1476381617080, 32.404099, 32.400002, 400, 32.410000, 200, -1.180000, -0.385900
1476381619089, 32.404099, 32.400002, 400, 32.410000, 200, -1.180000, -0.385900
1476381621097, 32.404099, 32.400002, 400, 32.410000, 200, -1.180000, -0.385900
1476381623586, 32.424999, 32.410000, 600, 32.439999, 100, -1.110000, -0.365000
1476381625581, 32.424999, 32.410000, 600, 32.439999, 100, -1.110000, -0.365000
1476381627086, 32.424999, 32.410000, 600, 32.439999, 100, -1.110000, -0.365000
1476381629580, 32.424999, 32.410000, 600, 32.439999, 100, -1.110000, -0.365000
1476381631591, 32.424999, 32.410000, 500, 32.439999, 200, -1.110000, -0.365000
1476381633124, 32.424999, 32.410000, 500, 32.439999, 100, -1.110000, -0.365000
1476381635583, 32.424999, 32.410000, 500, 32.439999, 100, -1.110000, -0.365000
1476381637596, 32.424999, 32.410000, 500, 32.439999, 100, -1.110000, -0.365000
1476381639590, 32.410000, 32.410000, 500, 32.439999, 200, -1.160000, -0.380000
1476381641589, 32.410000, 32.410000, 500, 32.439999, 200, -1.160000, -0.380000
1476381643588, 32.410000, 32.410000, 500, 32.439999, 200, -1.160000, -0.380000
1476381645089, 32.410000, 32.410000, 500, 32.439999, 200, -1.160000, -0.380000
1476381646590, 32.410000, 32.410000, 500, 32.439999, 200, -1.160000, -0.380000
1476381649124, 32.410000, 32.410000, 500, 32.439999, 200, -1.160000, -0.380000
1476381651112, 32.410000, 32.410000, 500, 32.439999, 200, -1.160000, -0.380000
1476381653596, 32.410000, 32.410000, 500, 32.439999, 200, -1.160000, -0.380000
1476381655587, 32.410000, 32.410000, 500, 32.439999, 200, -1.160000, -0.380000
1476381657590, 32.410000, 32.410000, 500, 32.439999, 200, -1.160000, -0.380000
1476381659106, 32.410000, 32.410000, 500, 32.439999, 200, -1.160000, -0.380000
1476381661095, 32.410000, 32.410000, 500, 32.439999, 200, -1.160000, -0.380000
1476381663122, 32.410000, 32.419998, 200, 32.439999, 200, -1.160000, -0.380000
1476381665107, 32.410000, 32.419998, 200, 32.439999, 200, -1.160000, -0.380000
1476381667607, 32.410000, 32.419998, 200, 32.439999, 200, -1.160000, -0.380000
1476381669604, 32.410000, 32.419998, 200, 32.439999, 200, -1.160000, -0.380000
1476381671612, 32.410000, 32.419998, 200, 32.439999, 200, -1.160000, -0.380000
1476381673102, 32.410000, 32.419998, 200, 32.439999, 200, -1.160000, -0.380000
1476381675608, 32.410000, 32.419998, 200, 32.439999, 200, -1.160000, -0.380000
1476381677100, 32.410000, 32.419998, 200, 32.439999, 200, -1.160000, -0.380000
1476381679099, 32.410000, 32.419998, 200, 32.439999, 200, -1.160000, -0.380000
1476381681099, 32.410000, 32.419998, 200, 32.439999, 200, -1.160000, -0.380000
1476381683601, 32.410000, 32.419998, 200, 32.439999, 200, -1.160000, -0.380000
1476381685599, 32.410000, 32.419998, 200, 32.439999, 200, -1.160000, -0.380000
1476381687609, 32.410000, 32.419998, 200, 32.439999, 200, -1.160000, -0.380000
1476381689106, 32.410000, 32.419998, 200, 32.439999, 200, -1.160000, -0.380000
1476381691594, 32.410000, 32.419998, 200, 32.439999, 200, -1.160000, -0.380000
1476381692087, 32.410000, 32.419998, 200, 32.439999, 200, -1.160000, -0.380000
1476381695461, 32.410000, 32.419998, 200, 32.439999, 200, -1.160000, -0.380000
1476381697512, 32.410000, 32.419998, 200, 32.439999, 200, -1.160000, -0.380000
1476381699515, 32.410000, 32.419998, 200, 32.439999, 300, -1.160000, -0.380000
1476381701513, 32.410000, 32.419998, 200, 32.439999, 300, -1.160000, -0.380000
1476381703518, 32.410000, 32.419998, 400, 32.439999, 300, -1.160000, -0.380000
1476381705015, 32.410000, 32.419998, 400, 32.439999, 300, -1.160000, -0.380000
1476381706515, 32.410000, 32.419998, 400, 32.439999, 300, -1.160000, -0.380000
1476381709018, 32.410000, 32.419998, 400, 32.439999, 300, -1.160000, -0.380000
1476381711516, 32.410000, 32.419998, 400, 32.439999, 300, -1.160000, -0.380000
1476381713521, 32.410000, 32.419998, 400, 32.439999, 300, -1.160000, -0.380000
1476381715515, 32.410000, 32.419998, 400, 32.439999, 300, -1.160000, -0.380000
1476381717522, 32.410000, 32.419998, 400, 32.439999, 300, -1.160000, -0.380000
1476381719517, 32.410000, 32.419998, 400, 32.439999, 300, -1.160000, -0.380000
1476381721521, 32.410000, 32.419998, 400, 32.439999, 300, -1.160000, -0.380000
1476381722521, 32.410000, 32.419998, 400, 32.439999, 300, -1.160000, -0.380000
1476381725517, 32.410000, 32.419998, 400, 32.439999, 300, -1.160000, -0.380000
1476381727025, 32.410000, 32.419998, 400, 32.439999, 300, -1.160000, -0.380000
1476381729518, 32.410000, 32.419998, 400, 32.439999, 300, -1.160000, -0.380000
1476381731525, 32.410000, 32.419998, 400, 32.439999, 300, -1.160000, -0.380000
1476381733518, 32.410000, 32.419998, 400, 32.439999, 300, -1.160000, -0.380000
1476381735562, 32.410000, 32.419998, 400, 32.439999, 100, -1.160000, -0.380000
1476381737024, 32.410000, 32.419998, 400, 32.439999, 100, -1.160000, -0.380000
1476381739520, 32.410000, 32.419998, 400, 32.439999, 100, -1.160000, -0.380000
1476381741031, 32.410000, 32.419998, 400, 32.439999, 100, -1.160000, -0.380000
1476381743022, 32.410000, 32.419998, 400, 32.439999, 100, -1.160000, -0.380000
1476381745524, 32.410000, 32.419998, 400, 32.439999, 100, -1.160000, -0.380000
1476381747529, 32.410000, 32.419998, 400, 32.439999, 100, -1.160000, -0.380000
1476381749547, 32.410000, 32.419998, 400, 32.439999, 100, -1.160000, -0.380000
1476381751531, 32.410000, 32.419998, 400, 32.439999, 100, -1.160000, -0.380000
1476381753526, 32.439999, 32.419998, 300, 32.439999, 100, -1.070000, -0.350000
1476381755534, 32.439999, 32.419998, 300, 32.439999, 100, -1.070000, -0.350000
1476381757025, 32.439999, 32.419998, 300, 32.439999, 100, -1.070000, -0.350000
1476381759534, 32.439999, 32.419998, 300, 32.439999, 100, -1.070000, -0.350000
1476381761535, 32.439999, 32.419998, 300, 32.439999, 100, -1.070000, -0.350000
1476381763535, 32.439999, 32.419998, 300, 32.439999, 100, -1.070000, -0.350000
1476381765527, 32.439999, 32.419998, 300, 32.439999, 100, -1.070000, -0.350000
1476381767544, 32.439999, 32.419998, 300, 32.439999, 100, -1.070000, -0.350000
1476381769530, 32.439999, 32.419998, 300, 32.439999, 100, -1.070000, -0.350000
1476381771533, 32.439999, 32.419998, 300, 32.439999, 100, -1.070000, -0.350000
1476381773526, 32.439999, 32.419998, 300, 32.439999, 100, -1.070000, -0.350000
1476381775035, 32.439999, 32.419998, 300, 32.439999, 300, -1.070000, -0.350000
1476381777529, 32.430000, 32.430000, 100, 32.439999, 100, -1.100000, -0.360000
1476381779040, 32.430000, 32.430000, 100, 32.439999, 100, -1.100000, -0.360000
1476381781534, 32.439999, 32.430000, 100, 32.459999, 100, -1.070000, -0.350000
1476381783543, 32.439999, 32.430000, 100, 32.459999, 100, -1.070000, -0.350000
1476381785038, 32.439999, 32.430000, 100, 32.459999, 100, -1.070000, -0.350000
1476381787530, 32.439999, 32.430000, 100, 32.459999, 100, -1.070000, -0.350000
1476381789545, 32.439999, 32.430000, 100, 32.459999, 300, -1.070000, -0.350000
1476381791035, 32.439999, 32.430000, 100, 32.459999, 300, -1.070000, -0.350000
1476381793538, 32.439999, 32.430000, 100, 32.459999, 300, -1.070000, -0.350000
1476381795040, 32.439999, 32.430000, 100, 32.459999, 300, -1.070000, -0.350000
1476381797535, 32.439999, 32.430000, 100, 32.459999, 300, -1.070000, -0.350000
1476381799538, 32.439999, 32.430000, 100, 32.459999, 300, -1.070000, -0.350000
1476381801534, 32.439999, 32.430000, 100, 32.459999, 300, -1.070000, -0.350000
1476381803537, 32.439999, 32.430000, 100, 32.459999, 300, -1.070000, -0.350000
1476381805534, 32.439999, 32.430000, 100, 32.459999, 300, -1.070000, -0.350000
1476381807548, 32.439999, 32.430000, 100, 32.459999, 300, -1.070000, -0.350000
1476381809536, 32.439999, 32.430000, 100, 32.459999, 300, -1.070000, -0.350000
1476381811549, 32.439999, 32.430000, 200, 32.459999, 300, -1.070000, -0.350000
1476381813543, 32.439999, 32.430000, 100, 32.459999, 300, -1.070000, -0.350000
1476381815546, 32.439999, 32.430000, 100, 32.459999, 300, -1.070000, -0.350000
1476381817039, 32.439999, 32.430000, 100, 32.459999, 300, -1.070000, -0.350000
1476381819543, 32.439999, 32.430000, 100, 32.459999, 100, -1.070000, -0.350000
1476381821536, 32.439999, 32.430000, 100, 32.459999, 100, -1.070000, -0.350000
1476381823540, 32.439999, 32.430000, 100, 32.459999, 100, -1.070000, -0.350000
1476381825528, 32.439999, 32.430000, 100, 32.459999, 100, -1.070000, -0.350000
1476381827558, 32.439999, 32.430000, 100, 32.459999, 100, -1.070000, -0.350000
1476381829549, 32.439999, 32.430000, 100, 32.459999, 100, -1.070000, -0.350000
1476381831045, 32.439999, 32.430000, 100, 32.459999, 100, -1.070000, -0.350000
1476381833550, 32.459999, 32.439999, 100, 32.459999, 100, -1.010000, -0.330000
1476381835546, 32.459999, 32.439999, 100, 32.459999, 100, -1.010000, -0.330000
1476381837546, 32.459999, 32.439999, 100, 32.459999, 100, -1.010000, -0.330000
1476381839544, 32.459999, 32.450001, 100, 32.480000, 100, -1.010000, -0.330000
1476381841557, 32.459999, 32.450001, 200, 32.480000, 100, -1.010000, -0.330000
1476381843538, 32.459999, 32.450001, 200, 32.480000, 200, -1.010000, -0.330000
1476381845545, 32.459999, 32.450001, 200, 32.480000, 200, -1.010000, -0.330000
1476381847558, 32.459999, 32.450001, 200, 32.480000, 200, -1.010000, -0.330000
1476381849551, 32.459999, 32.450001, 100, 32.480000, 200, -1.010000, -0.330000
1476381851560, 32.459999, 32.450001, 100, 32.480000, 200, -1.010000, -0.330000
1476381853562, 32.459999, 32.450001, 100, 32.480000, 200, -1.010000, -0.330000
1476381855564, 32.459999, 32.450001, 100, 32.480000, 200, -1.010000, -0.330000
1476381857548, 32.459999, 32.450001, 100, 32.480000, 200, -1.010000, -0.330000
1476381859554, 32.459999, 32.450001, 100, 32.480000, 100, -1.010000, -0.330000
1476381861544, 32.459999, 32.450001, 100, 32.480000, 100, -1.010000, -0.330000
1476381863555, 32.459999, 32.450001, 100, 32.480000, 100, -1.010000, -0.330000
1476381865554, 32.459999, 32.450001, 100, 32.480000, 100, -1.010000, -0.330000
1476381867047, 32.459999, 32.450001, 100, 32.480000, 100, -1.010000, -0.330000
1476381869578, 32.459999, 32.450001, 100, 32.480000, 100, -1.010000, -0.330000
1476381871054, 32.459999, 32.450001, 100, 32.480000, 100, -1.010000, -0.330000
1476381873550, 32.459999, 32.450001, 100, 32.480000, 100, -1.010000, -0.330000
1476381875565, 32.459999, 32.450001, 100, 32.480000, 100, -1.010000, -0.330000
1476381877552, 32.459999, 32.450001, 100, 32.480000, 100, -1.010000, -0.330000
1476381879551, 32.459999, 32.459999, 100, 32.480000, 100, -1.010000, -0.330000
1476381881563, 32.470001, 32.459999, 400, 32.480000, 100, -0.980000, -0.320000
1476381883604, 32.470001, 32.459999, 400, 32.480000, 100, -0.980000, -0.320000
1476381885065, 32.470001, 32.459999, 400, 32.480000, 100, -0.980000, -0.320000
1476381887089, 32.470001, 32.459999, 400, 32.480000, 100, -0.980000, -0.320000
1476381889553, 32.470001, 32.459999, 400, 32.480000, 100, -0.980000, -0.320000
1476381891051, 32.470001, 32.459999, 400, 32.480000, 100, -0.980000, -0.320000
1476381893564, 32.470001, 32.459999, 400, 32.480000, 100, -0.980000, -0.320000
1476381895065, 32.470001, 32.459999, 400, 32.480000, 100, -0.980000, -0.320000
1476381897565, 32.470001, 32.459999, 400, 32.480000, 100, -0.980000, -0.320000
1476381899086, 32.470001, 32.459999, 400, 32.480000, 100, -0.980000, -0.320000
1476381901571, 32.470001, 32.459999, 400, 32.480000, 100, -0.980000, -0.320000
1476381903568, 32.470001, 32.459999, 400, 32.480000, 100, -0.980000, -0.320000
1476381905558, 32.470001, 32.459999, 400, 32.480000, 100, -0.980000, -0.320000
1476381907562, 32.470001, 32.459999, 400, 32.480000, 100, -0.980000, -0.320000
1476381909554, 32.470001, 32.459999, 400, 32.480000, 100, -0.980000, -0.320000
1476381911567, 32.470001, 32.459999, 400, 32.480000, 100, -0.980000, -0.320000
1476381912565, 32.470001, 32.459999, 400, 32.480000, 100, -0.980000, -0.320000
1476381915569, 32.470001, 32.459999, 400, 32.480000, 100, -0.980000, -0.320000
1476381917581, 32.470001, 32.459999, 400, 32.480000, 100, -0.980000, -0.320000
1476381919559, 32.470001, 32.459999, 400, 32.480000, 100, -0.980000, -0.320000
1476381921566, 32.470001, 32.459999, 400, 32.480000, 100, -0.980000, -0.320000
1476381922563, 32.470001, 32.459999, 400, 32.480000, 100, -0.980000, -0.320000
1476381925566, 32.470001, 32.459999, 400, 32.480000, 100, -0.980000, -0.320000
1476381927562, 32.470001, 32.459999, 400, 32.480000, 100, -0.980000, -0.320000
1476381929074, 32.470001, 32.459999, 400, 32.480000, 100, -0.980000, -0.320000
1476381931623, 32.470001, 32.459999, 400, 32.480000, 100, -0.980000, -0.320000
1476381933613, 32.470001, 32.459999, 400, 32.480000, 100, -0.980000, -0.320000
1476381935566, 32.470001, 32.459999, 400, 32.480000, 100, -0.980000, -0.320000
1476381937579, 32.470001, 32.459999, 400, 32.480000, 100, -0.980000, -0.320000
1476381939571, 32.470001, 32.459999, 400, 32.480000, 100, -0.980000, -0.320000
1476381941566, 32.470001, 32.459999, 400, 32.480000, 100, -0.980000, -0.320000
1476381943580, 32.470001, 32.459999, 400, 32.480000, 100, -0.980000, -0.320000
1476381945615, 32.470001, 32.459999, 400, 32.480000, 100, -0.980000, -0.320000
1476381947572, 32.459999, 32.459999, 400, 32.480000, 100, -1.010000, -0.330000
1476381949562, 32.459999, 32.459999, 400, 32.480000, 100, -1.010000, -0.330000
1476381951567, 32.459999, 32.459999, 400, 32.480000, 100, -1.010000, -0.330000
1476381953573, 32.459999, 32.459999, 400, 32.480000, 100, -1.010000, -0.330000
1476381955076, 32.459999, 32.459999, 400, 32.480000, 100, -1.010000, -0.330000
1476381957558, 32.459999, 32.459999, 400, 32.480000, 100, -1.010000, -0.330000
1476381959594, 32.459999, 32.459999, 400, 32.480000, 100, -1.010000, -0.330000
1476381961092, 32.459999, 32.459999, 400, 32.480000, 100, -1.010000, -0.330000
1476381963586, 32.459999, 32.459999, 100, 32.470001, 200, -1.010000, -0.330000
1476381965571, 32.459999, 32.459999, 100, 32.470001, 200, -1.010000, -0.330000
1476381967566, 32.459999, 32.459999, 100, 32.470001, 200, -1.010000, -0.330000
1476381968576, 32.459999, 32.459999, 100, 32.470001, 200, -1.010000, -0.330000
1476381971591, 32.459999, 32.459999, 400, 32.470001, 200, -1.010000, -0.330000
1476381972591, 32.459999, 32.459999, 400, 32.470001, 200, -1.010000, -0.330000
1476381975057, 32.459999, 32.459999, 400, 32.470001, 400, -1.010000, -0.330000
1476381977585, 32.459999, 32.459999, 400, 32.470001, 400, -1.010000, -0.330000
1476381979073, 32.459999, 32.459999, 400, 32.470001, 400, -1.010000, -0.330000
1476381981577, 32.459999, 32.459999, 400, 32.470001, 400, -1.010000, -0.330000
1476381983582, 32.459999, 32.459999, 400, 32.470001, 400, -1.010000, -0.330000
1476381985071, 32.459999, 32.459999, 400, 32.470001, 400, -1.010000, -0.330000
1476381987604, 32.459999, 32.459999, 400, 32.470001, 400, -1.010000, -0.330000
1476381989632, 32.459999, 32.459999, 400, 32.470001, 400, -1.010000, -0.330000
1476381991573, 32.459999, 32.459999, 400, 32.470001, 400, -1.010000, -0.330000
1476381993071, 32.459999, 32.459999, 400, 32.470001, 400, -1.010000, -0.330000
1476381995580, 32.459999, 32.459999, 400, 32.470001, 400, -1.010000, -0.330000
1476381997593, 32.459999, 32.459999, 400, 32.470001, 400, -1.010000, -0.330000
1476381999582, 32.459999, 32.459999, 400, 32.470001, 400, -1.010000, -0.330000
1476382001616, 32.450001, 32.439999, 100, 32.459999, 300, -1.040000, -0.340000
1476382002598, 32.450001, 32.439999, 100, 32.459999, 300, -1.040000, -0.340000
1476382005589, 32.450001, 32.439999, 100, 32.459999, 300, -1.040000, -0.340000
1476382007593, 32.450001, 32.439999, 100, 32.459999, 300, -1.040000, -0.340000
1476382009589, 32.450001, 32.439999, 100, 32.459999, 300, -1.040000, -0.340000
1476382011598, 32.450001, 32.439999, 100, 32.459999, 300, -1.040000, -0.340000
1476382013591, 32.410000, 32.389999, 100, 32.430000, 300, -1.160000, -0.380000
1476382014594, 32.410000, 32.389999, 100, 32.430000, 300, -1.160000, -0.380000
1476382017590, 32.410000, 32.389999, 100, 32.430000, 300, -1.160000, -0.380000
1476382019600, 32.410000, 32.389999, 100, 32.430000, 300, -1.160000, -0.380000
1476382021589, 32.410000, 32.389999, 100, 32.430000, 300, -1.160000, -0.380000
1476382023590, 32.410000, 32.389999, 100, 32.430000, 300, -1.160000, -0.380000
1476382025601, 32.410000, 32.389999, 100, 32.430000, 300, -1.160000, -0.380000
1476382027581, 32.410000, 32.389999, 100, 32.430000, 300, -1.160000, -0.380000
1476382029598, 32.410000, 32.389999, 100, 32.430000, 300, -1.160000, -0.380000
1476382031607, 32.410000, 32.389999, 100, 32.430000, 300, -1.160000, -0.380000
1476382033112, 32.410000, 32.389999, 100, 32.430000, 300, -1.160000, -0.380000
1476382035600, 32.410000, 32.389999, 100, 32.430000, 300, -1.160000, -0.380000
1476382037594, 32.410000, 32.389999, 100, 32.430000, 300, -1.160000, -0.380000
1476382039602, 32.410000, 32.389999, 100, 32.430000, 300, -1.160000, -0.380000
1476382041098, 32.410000, 32.389999, 100, 32.430000, 300, -1.160000, -0.380000
1476382043591, 32.410000, 32.389999, 100, 32.430000, 300, -1.160000, -0.380000
1476382045098, 32.410000, 32.389999, 100, 32.430000, 300, -1.160000, -0.380000
1476382047619, 32.410000, 32.389999, 100, 32.430000, 300, -1.160000, -0.380000
1476382049099, 32.410000, 32.389999, 100, 32.430000, 300, -1.160000, -0.380000
1476382051597, 32.410000, 32.389999, 100, 32.430000, 300, -1.160000, -0.380000
1476382053097, 32.410000, 32.389999, 100, 32.430000, 300, -1.160000, -0.380000
1476382055599, 32.410000, 32.389999, 100, 32.430000, 300, -1.160000, -0.380000
1476382057090, 32.410000, 32.389999, 100, 32.430000, 300, -1.160000, -0.380000
1476382059513, 32.410000, 32.389999, 100, 32.430000, 300, -1.160000, -0.380000
1476382061016, 32.410000, 32.389999, 100, 32.430000, 300, -1.160000, -0.380000
1476382063517, 32.410000, 32.389999, 100, 32.430000, 300, -1.160000, -0.380000
1476382064514, 32.410000, 32.389999, 100, 32.430000, 300, -1.160000, -0.380000
1476382067516, 32.410000, 32.389999, 100, 32.430000, 300, -1.160000, -0.380000
1476382069549, 32.410000, 32.389999, 100, 32.430000, 300, -1.160000, -0.380000
1476382071018, 32.410000, 32.389999, 100, 32.430000, 300, -1.160000, -0.380000
1476382073551, 32.410000, 32.389999, 100, 32.430000, 300, -1.160000, -0.380000
1476382075519, 32.410000, 32.389999, 100, 32.430000, 300, -1.160000, -0.380000
1476382077021, 32.410000, 32.389999, 100, 32.430000, 300, -1.160000, -0.380000
1476382079514, 32.410000, 32.389999, 100, 32.430000, 300, -1.160000, -0.380000
1476382081526, 32.410000, 32.389999, 100, 32.430000, 300, -1.160000, -0.380000
1476382083016, 32.410000, 32.389999, 100, 32.430000, 300, -1.160000, -0.380000
1476382085522, 32.410000, 32.389999, 100, 32.430000, 300, -1.160000, -0.380000
1476382087515, 32.410000, 32.389999, 100, 32.430000, 300, -1.160000, -0.380000
1476382089551, 32.410000, 32.389999, 100, 32.430000, 300, -1.160000, -0.380000
1476382091545, 32.410000, 32.389999, 100, 32.430000, 300, -1.160000, -0.380000
1476382093022, 32.410000, 32.389999, 100, 32.430000, 300, -1.160000, -0.380000
1476382095520, 32.410000, 32.389999, 100, 32.430000, 300, -1.160000, -0.380000
1476382097519, 32.410000, 32.389999, 100, 32.430000, 300, -1.160000, -0.380000
1476382099022, 32.410000, 32.389999, 100, 32.430000, 300, -1.160000, -0.380000
1476382101523, 32.410000, 32.389999, 100, 32.430000, 300, -1.160000, -0.380000
1476382103528, 32.410000, 32.389999, 100, 32.430000, 300, -1.160000, -0.380000
1476382105523, 32.410000, 32.389999, 100, 32.430000, 300, -1.160000, -0.380000
1476382107051, 32.410000, 32.389999, 100, 32.430000, 300, -1.160000, -0.380000
1476382109537, 32.410000, 32.389999, 100, 32.430000, 300, -1.160000, -0.380000
1476382111531, 32.410000, 32.389999, 100, 32.430000, 300, -1.160000, -0.380000
1476382113532, 32.410000, 32.389999, 100, 32.430000, 300, -1.160000, -0.380000
1476382115533, 32.410000, 32.389999, 100, 32.430000, 300, -1.160000, -0.380000
1476382116531, 32.410000, 32.389999, 100, 32.430000, 300, -1.160000, -0.380000
1476382119031, 32.410000, 32.389999, 100, 32.430000, 300, -1.160000, -0.380000
1476382121545, 32.410000, 32.389999, 100, 32.430000, 300, -1.160000, -0.380000
1476382123536, 32.410000, 32.389999, 100, 32.430000, 300, -1.160000, -0.380000
1476382125523, 32.410000, 32.389999, 100, 32.430000, 300, -1.160000, -0.380000
1476382127538, 32.410000, 32.389999, 100, 32.430000, 300, -1.160000, -0.380000
1476382129528, 32.410000, 32.389999, 100, 32.430000, 400, -1.160000, -0.380000
1476382131537, 32.410000, 32.389999, 100, 32.430000, 400, -1.160000, -0.380000
1476382133535, 32.410000, 32.389999, 100, 32.430000, 400, -1.160000, -0.380000
1476382134540, 32.410000, 32.389999, 100, 32.430000, 400, -1.160000, -0.380000
1476382137537, 32.410000, 32.389999, 100, 32.430000, 400, -1.160000, -0.380000
1476382139535, 32.410000, 32.389999, 100, 32.430000, 400, -1.160000, -0.380000
1476382141533, 32.410000, 32.389999, 100, 32.430000, 400, -1.160000, -0.380000
1476382143543, 32.410000, 32.389999, 100, 32.430000, 400, -1.160000, -0.380000
1476382145528, 32.410000, 32.389999, 100, 32.430000, 400, -1.160000, -0.380000
1476382147540, 32.410000, 32.389999, 100, 32.430000, 400, -1.160000, -0.380000
1476382149553, 32.410000, 32.389999, 100, 32.430000, 400, -1.160000, -0.380000
1476382151037, 32.410000, 32.389999, 100, 32.430000, 400, -1.160000, -0.380000
1476382153580, 32.410000, 32.389999, 100, 32.430000, 400, -1.160000, -0.380000
1476382155538, 32.410000, 32.400002, 100, 32.419998, 300, -1.160000, -0.380000
1476382157543, 32.410000, 32.400002, 100, 32.419998, 300, -1.160000, -0.380000
1476382159539, 32.410000, 32.400002, 100, 32.419998, 200, -1.160000, -0.380000
1476382161550, 32.410000, 32.400002, 100, 32.419998, 200, -1.160000, -0.380000
1476382162542, 32.410000, 32.400002, 100, 32.419998, 200, -1.160000, -0.380000
1476382165547, 32.410000, 32.400002, 100, 32.419998, 200, -1.160000, -0.380000
1476382167547, 32.410000, 32.400002, 100, 32.419998, 200, -1.160000, -0.380000
1476382169539, 32.410000, 32.400002, 100, 32.419998, 200, -1.160000, -0.380000
1476382171541, 32.410000, 32.400002, 100, 32.419998, 200, -1.160000, -0.380000
1476382173542, 32.410000, 32.400002, 100, 32.419998, 200, -1.160000, -0.380000
1476382175533, 32.410000, 32.400002, 100, 32.419998, 200, -1.160000, -0.380000
1476382177549, 32.410000, 32.400002, 100, 32.419998, 200, -1.160000, -0.380000
1476382179549, 32.410000, 32.400002, 100, 32.419998, 200, -1.160000, -0.380000
1476382181553, 32.410000, 32.400002, 100, 32.419998, 200, -1.160000, -0.380000
1476382183547, 32.410000, 32.400002, 100, 32.419998, 200, -1.160000, -0.380000
1476382185548, 32.375000, 32.349998, 100, 32.400002, 200, -1.270000, -0.415000
1476382187578, 32.375000, 32.349998, 100, 32.400002, 300, -1.270000, -0.415000
1476382189556, 32.375000, 32.349998, 200, 32.400002, 400, -1.270000, -0.415000
1476382191551, 32.375000, 32.349998, 100, 32.400002, 400, -1.270000, -0.415000
1476382193544, 32.375000, 32.349998, 100, 32.400002, 400, -1.270000, -0.415000
1476382195555, 32.375000, 32.349998, 100, 32.400002, 400, -1.270000, -0.415000
1476382197548, 32.375000, 32.349998, 100, 32.400002, 400, -1.270000, -0.415000
1476382199547, 32.375000, 32.349998, 100, 32.400002, 400, -1.270000, -0.415000
1476382201558, 32.375000, 32.349998, 100, 32.400002, 400, -1.270000, -0.415000
1476382203552, 32.375000, 32.360001, 100, 32.400002, 400, -1.270000, -0.415000
1476382205560, 32.375000, 32.360001, 100, 32.400002, 400, -1.270000, -0.415000
1476382207572, 32.375000, 32.360001, 100, 32.400002, 400, -1.270000, -0.415000
1476382209545, 32.375000, 32.360001, 100, 32.400002, 400, -1.270000, -0.415000
1476382211590, 32.375000, 32.360001, 100, 32.400002, 400, -1.270000, -0.415000
1476382213054, 32.375000, 32.360001, 100, 32.400002, 400, -1.270000, -0.415000
1476382215553, 32.375000, 32.360001, 100, 32.400002, 400, -1.270000, -0.415000
1476382217091, 32.375000, 32.360001, 100, 32.400002, 400, -1.270000, -0.415000
1476382219556, 32.375000, 32.360001, 100, 32.400002, 400, -1.270000, -0.415000
1476382221566, 32.375000, 32.360001, 100, 32.400002, 400, -1.270000, -0.415000
1476382223571, 32.375000, 32.360001, 100, 32.400002, 400, -1.270000, -0.415000
1476382225073, 32.375000, 32.360001, 100, 32.400002, 400, -1.270000, -0.415000
1476382227569, 32.375000, 32.360001, 100, 32.400002, 400, -1.270000, -0.415000
1476382229562, 32.375000, 32.360001, 100, 32.400002, 400, -1.270000, -0.415000
1476382231562, 32.375000, 32.360001, 100, 32.400002, 400, -1.270000, -0.415000
1476382233571, 32.375000, 32.360001, 100, 32.400002, 400, -1.270000, -0.415000
1476382235616, 32.375000, 32.360001, 100, 32.400002, 400, -1.270000, -0.415000
1476382237557, 32.375000, 32.360001, 100, 32.400002, 400, -1.270000, -0.415000
1476382239072, 32.375000, 32.360001, 100, 32.400002, 400, -1.270000, -0.415000
1476382241068, 32.375000, 32.360001, 100, 32.400002, 400, -1.270000, -0.415000
1476382243566, 32.375000, 32.360001, 100, 32.400002, 400, -1.270000, -0.415000
1476382245567, 32.375000, 32.360001, 100, 32.400002, 400, -1.270000, -0.415000
1476382247567, 32.375000, 32.360001, 100, 32.400002, 400, -1.270000, -0.415000
1476382249567, 32.375000, 32.360001, 100, 32.400002, 600, -1.270000, -0.415000
1476382251565, 32.375000, 32.360001, 100, 32.400002, 600, -1.270000, -0.415000
1476382253571, 32.375000, 32.360001, 100, 32.400002, 600, -1.270000, -0.415000
1476382255581, 32.375000, 32.360001, 100, 32.400002, 600, -1.270000, -0.415000
1476382257109, 32.375000, 32.360001, 100, 32.400002, 600, -1.270000, -0.415000
1476382259574, 32.375000, 32.360001, 100, 32.400002, 600, -1.270000, -0.415000
1476382261597, 32.349998, 32.330002, 100, 32.369999, 200, -1.340000, -0.440000
1476382263558, 32.349998, 32.330002, 100, 32.369999, 300, -1.340000, -0.440000
1476382265574, 32.349998, 32.330002, 100, 32.369999, 300, -1.340000, -0.440000
1476382267085, 32.310001, 32.310001, 100, 32.360001, 200, -1.460000, -0.480000
1476382269618, 32.310001, 32.310001, 100, 32.360001, 400, -1.460000, -0.480000
1476382271581, 32.310001, 32.310001, 100, 32.360001, 400, -1.460000, -0.480000
1476382273083, 32.310001, 32.310001, 100, 32.360001, 400, -1.460000, -0.480000
1476382275589, 32.310001, 32.310001, 100, 32.360001, 400, -1.460000, -0.480000
1476382277556, 32.310001, 32.310001, 100, 32.360001, 400, -1.460000, -0.480000
1476382279575, 32.310001, 32.310001, 100, 32.360001, 400, -1.460000, -0.480000
1476382281075, 32.310001, 32.310001, 100, 32.360001, 400, -1.460000, -0.480000
1476382283610, 32.310001, 32.310001, 100, 32.360001, 400, -1.460000, -0.480000
1476382285582, 32.310001, 32.310001, 100, 32.360001, 400, -1.460000, -0.480000
1476382287593, 32.310001, 32.310001, 100, 32.360001, 400, -1.460000, -0.480000
1476382289584, 32.310001, 32.310001, 100, 32.360001, 400, -1.460000, -0.480000
1476382291579, 32.310001, 32.310001, 100, 32.360001, 400, -1.460000, -0.480000
1476382293573, 32.310001, 32.310001, 100, 32.360001, 400, -1.460000, -0.480000
1476382295585, 32.310001, 32.310001, 100, 32.360001, 400, -1.460000, -0.480000
1476382297580, 32.310001, 32.310001, 100, 32.360001, 400, -1.460000, -0.480000
1476382298585, 32.310001, 32.310001, 100, 32.360001, 400, -1.460000, -0.480000
1476382300610, 32.310001, 32.310001, 100, 32.360001, 400, -1.460000, -0.480000
1476382303580, 32.310001, 32.310001, 100, 32.360001, 400, -1.460000, -0.480000
1476382305586, 32.310001, 32.310001, 100, 32.360001, 400, -1.460000, -0.480000
1476382307580, 32.310001, 32.310001, 100, 32.360001, 400, -1.460000, -0.480000
1476382309087, 32.310001, 32.310001, 100, 32.360001, 400, -1.460000, -0.480000
1476382311091, 32.310001, 32.310001, 100, 32.360001, 400, -1.460000, -0.480000
1476382313626, 32.310001, 32.310001, 100, 32.360001, 400, -1.460000, -0.480000
1476382315608, 32.310001, 32.320000, 100, 32.360001, 300, -1.460000, -0.480000
1476382317637, 32.310001, 32.320000, 100, 32.360001, 300, -1.460000, -0.480000
1476382319578, 32.310001, 32.320000, 100, 32.360001, 300, -1.460000, -0.480000
1476382321598, 32.310001, 32.320000, 100, 32.360001, 300, -1.460000, -0.480000
1476382323599, 32.310001, 32.320000, 100, 32.360001, 300, -1.460000, -0.480000
1476382325593, 32.310001, 32.310001, 100, 32.360001, 300, -1.460000, -0.480000
1476382327660, 32.310001, 32.310001, 100, 32.360001, 300, -1.460000, -0.480000
1476382329117, 32.310001, 32.310001, 100, 32.360001, 300, -1.460000, -0.480000
1476382331599, 32.310001, 32.310001, 100, 32.360001, 300, -1.460000, -0.480000
1476382333601, 32.310001, 32.310001, 100, 32.360001, 300, -1.460000, -0.480000
1476382335598, 32.310001, 32.310001, 100, 32.360001, 300, -1.460000, -0.480000
1476382337590, 32.310001, 32.310001, 100, 32.360001, 300, -1.460000, -0.480000
1476382339109, 32.310001, 32.310001, 100, 32.360001, 300, -1.460000, -0.480000
1476382341604, 32.310001, 32.310001, 100, 32.360001, 300, -1.460000, -0.480000
1476382343610, 32.310001, 32.310001, 100, 32.360001, 300, -1.460000, -0.480000
1476382345600, 32.310001, 32.310001, 200, 32.360001, 300, -1.460000, -0.480000
1476382347605, 32.310001, 32.310001, 200, 32.360001, 300, -1.460000, -0.480000
1476382349111, 32.310001, 32.310001, 200, 32.360001, 300, -1.460000, -0.480000
1476382351593, 32.310001, 32.290001, 200, 32.330002, 100, -1.460000, -0.480000
1476382353111, 32.310001, 32.290001, 200, 32.330002, 200, -1.460000, -0.480000
1476382355094, 32.310001, 32.290001, 200, 32.330002, 300, -1.460000, -0.480000
1476382357599, 32.310001, 32.290001, 200, 32.330002, 300, -1.460000, -0.480000
1476382359655, 32.310001, 32.290001, 200, 32.330002, 300, -1.460000, -0.480000
1476382361606, 32.320000, 32.310001, 100, 32.330002, 300, -1.430000, -0.470000
1476382363614, 32.320000, 32.310001, 100, 32.330002, 300, -1.430000, -0.470000
1476382365106, 32.320000, 32.310001, 100, 32.330002, 300, -1.430000, -0.470000
1476382367617, 32.325001, 32.310001, 200, 32.330002, 200, -1.420000, -0.465000
1476382369109, 32.325001, 32.310001, 200, 32.330002, 300, -1.420000, -0.465000
1476382371598, 32.325001, 32.310001, 100, 32.330002, 300, -1.420000, -0.465000
1476382373103, 32.325001, 32.310001, 100, 32.330002, 300, -1.420000, -0.465000
1476382375650, 32.310001, 32.310001, 100, 32.330002, 300, -1.460000, -0.480000
1476382376605, 32.310001, 32.310001, 100, 32.330002, 300, -1.460000, -0.480000
1476382379606, 32.310001, 32.310001, 100, 32.330002, 300, -1.460000, -0.480000
1476382381607, 32.310001, 32.310001, 100, 32.330002, 300, -1.460000, -0.480000
1476382383594, 32.310001, 32.310001, 100, 32.330002, 300, -1.460000, -0.480000
1476382384626, 32.310001, 32.310001, 100, 32.330002, 300, -1.460000, -0.480000
1476382387175, 32.310001, 32.310001, 100, 32.330002, 300, -1.460000, -0.480000
1476382390106, 32.310001, 32.310001, 100, 32.330002, 300, -1.460000, -0.480000
1476382391601, 32.310001, 32.310001, 100, 32.330002, 300, -1.460000, -0.480000
1476382393607, 32.310001, 32.310001, 100, 32.330002, 300, -1.460000, -0.480000
1476382396016, 32.310001, 32.310001, 100, 32.330002, 300, -1.460000, -0.480000
1476382398016, 32.310001, 32.310001, 100, 32.330002, 300, -1.460000, -0.480000
1476382399040, 32.310001, 32.310001, 100, 32.330002, 300, -1.460000, -0.480000
1476382401519, 32.310001, 32.310001, 100, 32.330002, 300, -1.460000, -0.480000
1476382403524, 32.310001, 32.310001, 100, 32.330002, 300, -1.460000, -0.480000
1476382406015, 32.310001, 32.310001, 100, 32.330002, 300, -1.460000, -0.480000
1476382407517, 32.310001, 32.310001, 100, 32.330002, 300, -1.460000, -0.480000
1476382409514, 32.310001, 32.310001, 100, 32.330002, 300, -1.460000, -0.480000
1476382412011, 32.310001, 32.310001, 100, 32.330002, 300, -1.460000, -0.480000
1476382413515, 32.310001, 32.310001, 100, 32.330002, 300, -1.460000, -0.480000
1476382416030, 32.310001, 32.310001, 100, 32.330002, 300, -1.460000, -0.480000
1476382418021, 32.310001, 32.310001, 100, 32.330002, 300, -1.460000, -0.480000
1476382420022, 32.310001, 32.310001, 100, 32.330002, 300, -1.460000, -0.480000
1476382422016, 32.310001, 32.310001, 100, 32.330002, 500, -1.460000, -0.480000
1476382424022, 32.310001, 32.310001, 100, 32.330002, 500, -1.460000, -0.480000
1476382425524, 32.310001, 32.310001, 100, 32.330002, 500, -1.460000, -0.480000
1476382428021, 32.310001, 32.310001, 100, 32.330002, 500, -1.460000, -0.480000
1476382429559, 32.310001, 32.310001, 100, 32.330002, 500, -1.460000, -0.480000
1476382432024, 32.310001, 32.310001, 100, 32.330002, 500, -1.460000, -0.480000
1476382434054, 32.310001, 32.310001, 100, 32.330002, 500, -1.460000, -0.480000
1476382436015, 32.310001, 32.310001, 100, 32.330002, 500, -1.460000, -0.480000
1476382437531, 32.310001, 32.310001, 100, 32.330002, 500, -1.460000, -0.480000
1476382440028, 32.310001, 32.310001, 100, 32.330002, 500, -1.460000, -0.480000
1476382442031, 32.310001, 32.299999, 100, 32.320000, 200, -1.460000, -0.480000
1476382444028, 32.310001, 32.299999, 100, 32.320000, 200, -1.460000, -0.480000
1476382445527, 32.310001, 32.299999, 100, 32.320000, 200, -1.460000, -0.480000
1476382447527, 32.310001, 32.299999, 100, 32.320000, 100, -1.460000, -0.480000
1476382450020, 32.310001, 32.299999, 100, 32.320000, 200, -1.460000, -0.480000
1476382452024, 32.310001, 32.299999, 100, 32.320000, 200, -1.460000, -0.480000
1476382454030, 32.310001, 32.299999, 100, 32.320000, 200, -1.460000, -0.480000
1476382456024, 32.310001, 32.299999, 100, 32.320000, 200, -1.460000, -0.480000
1476382458028, 32.310001, 32.299999, 100, 32.320000, 200, -1.460000, -0.480000
1476382460019, 32.310001, 32.299999, 100, 32.320000, 200, -1.460000, -0.480000
1476382462026, 32.310001, 32.299999, 100, 32.320000, 200, -1.460000, -0.480000
1476382464025, 32.310001, 32.299999, 100, 32.320000, 200, -1.460000, -0.480000
1476382466029, 32.310001, 32.299999, 100, 32.320000, 200, -1.460000, -0.480000
1476382468035, 32.310001, 32.299999, 100, 32.320000, 200, -1.460000, -0.480000
1476382470035, 32.310001, 32.299999, 100, 32.320000, 200, -1.460000, -0.480000
1476382471534, 32.310001, 32.299999, 100, 32.320000, 200, -1.460000, -0.480000
1476382473561, 32.310001, 32.299999, 100, 32.320000, 200, -1.460000, -0.480000
1476382476031, 32.310001, 32.299999, 100, 32.320000, 200, -1.460000, -0.480000
1476382477535, 32.310001, 32.299999, 100, 32.320000, 200, -1.460000, -0.480000
1476382480034, 32.310001, 32.299999, 100, 32.320000, 200, -1.460000, -0.480000
1476382481536, 32.310001, 32.299999, 100, 32.320000, 200, -1.460000, -0.480000
1476382484036, 32.310001, 32.299999, 100, 32.320000, 200, -1.460000, -0.480000
1476382485538, 32.310001, 32.299999, 100, 32.320000, 200, -1.460000, -0.480000
1476382488075, 32.310001, 32.299999, 100, 32.320000, 200, -1.460000, -0.480000
1476382489542, 32.310001, 32.299999, 100, 32.320000, 200, -1.460000, -0.480000
1476382492038, 32.310001, 32.299999, 100, 32.320000, 200, -1.460000, -0.480000
1476382494039, 32.310001, 32.299999, 100, 32.320000, 200, -1.460000, -0.480000
1476382496042, 32.310001, 32.299999, 100, 32.320000, 200, -1.460000, -0.480000
1476382498044, 32.310001, 32.299999, 100, 32.320000, 200, -1.460000, -0.480000
1476382499547, 32.310001, 32.299999, 100, 32.320000, 200, -1.460000, -0.480000
1476382502071, 32.310001, 32.299999, 100, 32.320000, 200, -1.460000, -0.480000
1476382504057, 32.310001, 32.299999, 100, 32.320000, 200, -1.460000, -0.480000
1476382505548, 32.310001, 32.299999, 100, 32.320000, 200, -1.460000, -0.480000
1476382508043, 32.310001, 32.299999, 100, 32.320000, 200, -1.460000, -0.480000
1476382510044, 32.320000, 32.320000, 100, 32.340000, 200, -1.430000, -0.470000
1476382512053, 32.330002, 32.320000, 200, 32.340000, 100, -1.400000, -0.460000
1476382514046, 32.330002, 32.320000, 200, 32.340000, 100, -1.400000, -0.460000
1476382516088, 32.330002, 32.330002, 100, 32.340000, 100, -1.400000, -0.460000
1476382517574, 32.330002, 32.330002, 100, 32.340000, 100, -1.400000, -0.460000
1476382520038, 32.330002, 32.320000, 200, 32.340000, 100, -1.400000, -0.460000
1476382522049, 32.330002, 32.320000, 200, 32.340000, 100, -1.400000, -0.460000
1476382523055, 32.330002, 32.320000, 200, 32.340000, 100, -1.400000, -0.460000
1476382526047, 32.330002, 32.320000, 100, 32.340000, 100, -1.400000, -0.460000
1476382528053, 32.330002, 32.320000, 100, 32.340000, 100, -1.400000, -0.460000
1476382530059, 32.330002, 32.320000, 100, 32.340000, 100, -1.400000, -0.460000
1476382532055, 32.330002, 32.320000, 100, 32.340000, 100, -1.400000, -0.460000
1476382534051, 32.330002, 32.320000, 100, 32.340000, 100, -1.400000, -0.460000
1476382535552, 32.330002, 32.320000, 100, 32.340000, 100, -1.400000, -0.460000
1476382538046, 32.330002, 32.320000, 100, 32.340000, 100, -1.400000, -0.460000
1476382539552, 32.330002, 32.320000, 100, 32.340000, 100, -1.400000, -0.460000
1476382541552, 32.330002, 32.320000, 100, 32.340000, 200, -1.400000, -0.460000
1476382544055, 32.330002, 32.320000, 100, 32.340000, 100, -1.400000, -0.460000
1476382546071, 32.330002, 32.320000, 100, 32.340000, 100, -1.400000, -0.460000
1476382548052, 32.330002, 32.320000, 100, 32.340000, 100, -1.400000, -0.460000
1476382549552, 32.330002, 32.320000, 100, 32.340000, 100, -1.400000, -0.460000
1476382552051, 32.325001, 32.310001, 200, 32.330002, 200, -1.420000, -0.465000
1476382554058, 32.325001, 32.310001, 100, 32.330002, 400, -1.420000, -0.465000
1476382555058, 32.325001, 32.310001, 100, 32.330002, 400, -1.420000, -0.465000
1476382558053, 32.325001, 32.310001, 100, 32.330002, 400, -1.420000, -0.465000
1476382560061, 32.310001, 32.310001, 100, 32.330002, 400, -1.460000, -0.480000
1476382562063, 32.310001, 32.310001, 100, 32.330002, 400, -1.460000, -0.480000
1476382563573, 32.310001, 32.310001, 100, 32.330002, 400, -1.460000, -0.480000
1476382566064, 32.310001, 32.310001, 100, 32.330002, 400, -1.460000, -0.480000
1476382567561, 32.310001, 32.310001, 100, 32.330002, 400, -1.460000, -0.480000
1476382570060, 32.310001, 32.310001, 100, 32.330002, 400, -1.460000, -0.480000
1476382572066, 32.310001, 32.310001, 100, 32.330002, 400, -1.460000, -0.480000
1476382573069, 32.310001, 32.310001, 100, 32.330002, 400, -1.460000, -0.480000
1476382576080, 32.310001, 32.310001, 200, 32.330002, 400, -1.460000, -0.480000
1476382577646, 32.310001, 32.310001, 100, 32.330002, 400, -1.460000, -0.480000
1476382580062, 32.310001, 32.310001, 100, 32.330002, 400, -1.460000, -0.480000
1476382580566, 32.310001, 32.310001, 100, 32.330002, 400, -1.460000, -0.480000
1476382583573, 32.340000, 32.349998, 100, 32.360001, 100, -1.370000, -0.450000
1476382586073, 32.355000, 32.349998, 100, 32.360001, 300, -1.330000, -0.435000
1476382587563, 32.355000, 32.349998, 100, 32.360001, 300, -1.330000, -0.435000
1476382590074, 32.355000, 32.349998, 100, 32.360001, 300, -1.330000, -0.435000
1476382592068, 32.355000, 32.349998, 100, 32.360001, 300, -1.330000, -0.435000
1476382593576, 32.355000, 32.349998, 100, 32.360001, 300, -1.330000, -0.435000
1476382596069, 32.369999, 32.369999, 100, 32.380001, 100, -1.280000, -0.420000
1476382598071, 32.389999, 32.380001, 200, 32.410000, 200, -1.220000, -0.400000
1476382600075, 32.389999, 32.380001, 200, 32.410000, 200, -1.220000, -0.400000
1476382602077, 32.389999, 32.380001, 200, 32.410000, 200, -1.220000, -0.400000
1476382604098, 32.389999, 32.380001, 200, 32.410000, 200, -1.220000, -0.400000
1476382605118, 32.389999, 32.380001, 200, 32.410000, 200, -1.220000, -0.400000
1476382608074, 32.389999, 32.389999, 100, 32.410000, 200, -1.220000, -0.400000
1476382609579, 32.389999, 32.389999, 100, 32.410000, 200, -1.220000, -0.400000
1476382612079, 32.389999, 32.389999, 100, 32.410000, 200, -1.220000, -0.400000
1476382614083, 32.389999, 32.389999, 100, 32.410000, 200, -1.220000, -0.400000
1476382616112, 32.389999, 32.389999, 100, 32.410000, 200, -1.220000, -0.400000
1476382617570, 32.389999, 32.389999, 100, 32.410000, 200, -1.220000, -0.400000
1476382617570, 32.389999, 32.389999, 100, 32.410000, 200, -1.220000, -0.400000
1476382622081, 32.389999, 32.389999, 200, 32.410000, 200, -1.220000, -0.400000
1476382624074, 32.389999, 32.389999, 200, 32.410000, 200, -1.220000, -0.400000
1476382626084, 32.389999, 32.389999, 200, 32.410000, 200, -1.220000, -0.400000
1476382628090, 32.389999, 32.389999, 200, 32.410000, 200, -1.220000, -0.400000
1476382630100, 32.389999, 32.389999, 200, 32.410000, 200, -1.220000, -0.400000
1476382632080, 32.389999, 32.389999, 200, 32.410000, 200, -1.220000, -0.400000
1476382634134, 32.389999, 32.389999, 200, 32.410000, 200, -1.220000, -0.400000
1476382636105, 32.389999, 32.389999, 200, 32.410000, 200, -1.220000, -0.400000
1476382638068, 32.389999, 32.389999, 200, 32.410000, 200, -1.220000, -0.400000
1476382639074, 32.389999, 32.389999, 200, 32.410000, 200, -1.220000, -0.400000
1476382642074, 32.389999, 32.389999, 200, 32.410000, 200, -1.220000, -0.400000
1476382643574, 32.389999, 32.389999, 100, 32.410000, 200, -1.220000, -0.400000
1476382646083, 32.389999, 32.389999, 100, 32.410000, 200, -1.220000, -0.400000
1476382648070, 32.389999, 32.389999, 100, 32.410000, 200, -1.220000, -0.400000
1476382649580, 32.389999, 32.389999, 100, 32.410000, 200, -1.220000, -0.400000
1476382652084, 32.389999, 32.389999, 100, 32.410000, 200, -1.220000, -0.400000
1476382654084, 32.389999, 32.389999, 100, 32.410000, 200, -1.220000, -0.400000
1476382656088, 32.389999, 32.389999, 100, 32.410000, 200, -1.220000, -0.400000
1476382658084, 32.389999, 32.389999, 100, 32.410000, 200, -1.220000, -0.400000
1476382660090, 32.389999, 32.389999, 100, 32.410000, 200, -1.220000, -0.400000
1476382662158, 32.389999, 32.389999, 100, 32.410000, 200, -1.220000, -0.400000
1476382664111, 32.389999, 32.389999, 100, 32.410000, 200, -1.220000, -0.400000
1476382666083, 32.400002, 32.389999, 100, 32.410000, 300, -1.190000, -0.390000
1476382668074, 32.400002, 32.389999, 100, 32.410000, 300, -1.190000, -0.390000
1476382670084, 32.400002, 32.389999, 100, 32.410000, 300, -1.190000, -0.390000
1476382672090, 32.400002, 32.389999, 100, 32.410000, 300, -1.190000, -0.390000
1476382674096, 32.400002, 32.389999, 100, 32.410000, 300, -1.190000, -0.390000
1476382675610, 32.400002, 32.389999, 100, 32.410000, 300, -1.190000, -0.390000
1476382677081, 32.400002, 32.389999, 100, 32.410000, 300, -1.190000, -0.390000
1476382680086, 32.400002, 32.389999, 100, 32.410000, 300, -1.190000, -0.390000
1476382681591, 32.400002, 32.389999, 100, 32.410000, 200, -1.190000, -0.390000
1476382684089, 32.400002, 32.389999, 100, 32.410000, 200, -1.190000, -0.390000
1476382686093, 32.400002, 32.389999, 100, 32.410000, 200, -1.190000, -0.390000
1476382688100, 32.400002, 32.389999, 100, 32.410000, 200, -1.190000, -0.390000
1476382690112, 32.400002, 32.389999, 100, 32.410000, 300, -1.190000, -0.390000
1476382691096, 32.400002, 32.389999, 100, 32.410000, 300, -1.190000, -0.390000
1476382694101, 32.400002, 32.389999, 100, 32.410000, 300, -1.190000, -0.390000
1476382696096, 32.400002, 32.389999, 100, 32.410000, 300, -1.190000, -0.390000
1476382697603, 32.400002, 32.389999, 100, 32.410000, 300, -1.190000, -0.390000
1476382700090, 32.400002, 32.389999, 100, 32.410000, 300, -1.190000, -0.390000
1476382702096, 32.400002, 32.389999, 100, 32.410000, 300, -1.190000, -0.390000
1476382704108, 32.400002, 32.389999, 100, 32.410000, 300, -1.190000, -0.390000
1476382705609, 32.400002, 32.389999, 100, 32.410000, 300, -1.190000, -0.390000
1476382708131, 32.400002, 32.389999, 100, 32.410000, 300, -1.190000, -0.390000
1476382710089, 32.400002, 32.389999, 100, 32.410000, 300, -1.190000, -0.390000
1476382712096, 32.400002, 32.380001, 100, 32.400002, 200, -1.190000, -0.390000
1476382713597, 32.400002, 32.380001, 100, 32.400002, 100, -1.190000, -0.390000
1476382716098, 32.400002, 32.380001, 100, 32.400002, 200, -1.190000, -0.390000
1476382718096, 32.400002, 32.380001, 100, 32.400002, 100, -1.190000, -0.390000
1476382720090, 32.400002, 32.380001, 100, 32.400002, 200, -1.190000, -0.390000
1476382722098, 32.400002, 32.380001, 100, 32.400002, 200, -1.190000, -0.390000
1476382724101, 32.400002, 32.380001, 100, 32.400002, 200, -1.190000, -0.390000
1476382726096, 32.389999, 32.380001, 100, 32.400002, 200, -1.220000, -0.400000
1476382728102, 32.389999, 32.380001, 100, 32.400002, 200, -1.220000, -0.400000
1476382730094, 32.380001, 32.380001, 100, 32.400002, 200, -1.250000, -0.410000
1476382732276, 32.380001, 32.380001, 100, 32.400002, 200, -1.250000, -0.410000
1476382734039, 32.380001, 32.380001, 100, 32.400002, 200, -1.250000, -0.410000
1476382735519, 32.380001, 32.380001, 100, 32.400002, 200, -1.250000, -0.410000
1476382738017, 32.380001, 32.380001, 100, 32.400002, 200, -1.250000, -0.410000
1476382740010, 32.380001, 32.380001, 100, 32.400002, 200, -1.250000, -0.410000
1476382742019, 32.380001, 32.380001, 100, 32.400002, 200, -1.250000, -0.410000
1476382744015, 32.380001, 32.380001, 100, 32.400002, 200, -1.250000, -0.410000
1476382746058, 32.380001, 32.380001, 100, 32.400002, 200, -1.250000, -0.410000
1476382748017, 32.380001, 32.380001, 100, 32.400002, 200, -1.250000, -0.410000
1476382747533, 32.380001, 32.380001, 100, 32.400002, 200, -1.250000, -0.410000
1476382752024, 32.380001, 32.380001, 100, 32.400002, 200, -1.250000, -0.410000
1476382754019, 32.380001, 32.380001, 100, 32.400002, 200, -1.250000, -0.410000
1476382755515, 32.380001, 32.380001, 100, 32.400002, 200, -1.250000, -0.410000
1476382758018, 32.380001, 32.380001, 100, 32.400002, 200, -1.250000, -0.410000
1476382760024, 32.380001, 32.380001, 100, 32.400002, 200, -1.250000, -0.410000
1476382761018, 32.380001, 32.380001, 100, 32.400002, 200, -1.250000, -0.410000
1476382764056, 32.380001, 32.380001, 100, 32.400002, 200, -1.250000, -0.410000
1476382764531, 32.380001, 32.380001, 100, 32.400002, 200, -1.250000, -0.410000
1476382768023, 32.380001, 32.380001, 100, 32.400002, 200, -1.250000, -0.410000
1476382769523, 32.380001, 32.380001, 100, 32.400002, 200, -1.250000, -0.410000
1476382772017, 32.380001, 32.380001, 100, 32.400002, 200, -1.250000, -0.410000
1476382773528, 32.380001, 32.380001, 100, 32.400002, 200, -1.250000, -0.410000
1476382776028, 32.380001, 32.380001, 100, 32.400002, 200, -1.250000, -0.410000
1476382777032, 32.380001, 32.380001, 100, 32.400002, 200, -1.250000, -0.410000
1476382780022, 32.380001, 32.380001, 100, 32.400002, 200, -1.250000, -0.410000
1476382782064, 32.380001, 32.380001, 100, 32.400002, 400, -1.250000, -0.410000
1476382783527, 32.380001, 32.380001, 100, 32.400002, 400, -1.250000, -0.410000
1476382786025, 32.380001, 32.380001, 100, 32.400002, 400, -1.250000, -0.410000
1476382788024, 32.380001, 32.380001, 100, 32.400002, 400, -1.250000, -0.410000
1476382790034, 32.380001, 32.380001, 100, 32.400002, 400, -1.250000, -0.410000
1476382792035, 32.380001, 32.380001, 100, 32.400002, 400, -1.250000, -0.410000
1476382792537, 32.380001, 32.380001, 100, 32.400002, 400, -1.250000, -0.410000
1476382795538, 32.380001, 32.380001, 100, 32.400002, 400, -1.250000, -0.410000
1476382797537, 32.380001, 32.380001, 100, 32.400002, 400, -1.250000, -0.410000
1476382800032, 32.380001, 32.380001, 100, 32.400002, 400, -1.250000, -0.410000
1476382802031, 32.380001, 32.380001, 100, 32.400002, 400, -1.250000, -0.410000
1476382804034, 32.380001, 32.380001, 100, 32.400002, 400, -1.250000, -0.410000
1476382806032, 32.380001, 32.380001, 100, 32.400002, 400, -1.250000, -0.410000
1476382808034, 32.400002, 32.380001, 100, 32.400002, 400, -1.190000, -0.390000
1476382809553, 32.400002, 32.389999, 100, 32.400002, 400, -1.190000, -0.390000
1476382812047, 32.400002, 32.389999, 200, 32.400002, 300, -1.190000, -0.390000
1476382814040, 32.400002, 32.389999, 200, 32.400002, 300, -1.190000, -0.390000
1476382815531, 32.400002, 32.389999, 200, 32.400002, 300, -1.190000, -0.390000
1476382818037, 32.410000, 32.400002, 300, 32.419998, 200, -1.160000, -0.380000
1476382820042, 32.410000, 32.400002, 300, 32.419998, 200, -1.160000, -0.380000
1476382822057, 32.410000, 32.400002, 300, 32.419998, 300, -1.160000, -0.380000
1476382824065, 32.410000, 32.400002, 100, 32.419998, 300, -1.160000, -0.380000
1476382825547, 32.410000, 32.400002, 100, 32.419998, 300, -1.160000, -0.380000
1476382827535, 32.410000, 32.400002, 100, 32.419998, 300, -1.160000, -0.380000
1476382829045, 32.410000, 32.400002, 100, 32.419998, 300, -1.160000, -0.380000
1476382832042, 32.410000, 32.400002, 200, 32.419998, 300, -1.160000, -0.380000
1476382834038, 32.410000, 32.400002, 200, 32.419998, 300, -1.160000, -0.380000
1476382835554, 32.410000, 32.410000, 100, 32.419998, 100, -1.160000, -0.380000
1476382838045, 32.410000, 32.410000, 100, 32.419998, 100, -1.160000, -0.380000
1476382840047, 32.410000, 32.410000, 100, 32.439999, 100, -1.160000, -0.380000
1476382841543, 32.410000, 32.410000, 100, 32.439999, 100, -1.160000, -0.380000
1476382844049, 32.410000, 32.410000, 100, 32.439999, 100, -1.160000, -0.380000
1476382845553, 32.410000, 32.410000, 100, 32.439999, 100, -1.160000, -0.380000
1476382848045, 32.410000, 32.410000, 100, 32.459999, 100, -1.160000, -0.380000
1476382850046, 32.410000, 32.410000, 100, 32.459999, 100, -1.160000, -0.380000
1476382851550, 32.410000, 32.410000, 100, 32.439999, 100, -1.160000, -0.380000
1476382854055, 32.410000, 32.410000, 100, 32.439999, 100, -1.160000, -0.380000
1476382856052, 32.410000, 32.410000, 100, 32.439999, 100, -1.160000, -0.380000
1476382858056, 32.410000, 32.410000, 100, 32.439999, 100, -1.160000, -0.380000
1476382860050, 32.410000, 32.410000, 100, 32.439999, 100, -1.160000, -0.380000
1476382862046, 32.410000, 32.410000, 100, 32.439999, 100, -1.160000, -0.380000
1476382864051, 32.410000, 32.410000, 100, 32.439999, 100, -1.160000, -0.380000
1476382865572, 32.410000, 32.410000, 100, 32.439999, 100, -1.160000, -0.380000
1476382868060, 32.410000, 32.410000, 100, 32.459999, 200, -1.160000, -0.380000
1476382870050, 32.410000, 32.410000, 100, 32.459999, 200, -1.160000, -0.380000
1476382872055, 32.410000, 32.410000, 100, 32.459999, 200, -1.160000, -0.380000
1476382873578, 32.410000, 32.410000, 100, 32.459999, 200, -1.160000, -0.380000
1476382876045, 32.410000, 32.410000, 100, 32.459999, 200, -1.160000, -0.380000
1476382878050, 32.410000, 32.410000, 100, 32.459999, 200, -1.160000, -0.380000
1476382880050, 32.410000, 32.410000, 100, 32.470001, 100, -1.160000, -0.380000
1476382881054, 32.410000, 32.410000, 100, 32.470001, 100, -1.160000, -0.380000
1476382883573, 32.410000, 32.410000, 100, 32.470001, 100, -1.160000, -0.380000
1476382884052, 32.410000, 32.410000, 100, 32.470001, 100, -1.160000, -0.380000
1476382888042, 32.410000, 32.410000, 100, 32.470001, 100, -1.160000, -0.380000
1476382890055, 32.410000, 32.410000, 100, 32.470001, 200, -1.160000, -0.380000
1476382891552, 32.410000, 32.410000, 100, 32.470001, 100, -1.160000, -0.380000
1476382894156, 32.410000, 32.410000, 100, 32.470001, 100, -1.160000, -0.380000
1476382896046, 32.410000, 32.410000, 100, 32.470001, 100, -1.160000, -0.380000
1476382898064, 32.410000, 32.410000, 100, 32.470001, 100, -1.160000, -0.380000
1476382898556, 32.410000, 32.410000, 100, 32.470001, 100, -1.160000, -0.380000
1476382901558, 32.410000, 32.410000, 100, 32.470001, 100, -1.160000, -0.380000
1476382903551, 32.410000, 32.410000, 100, 32.470001, 100, -1.160000, -0.380000
1476382906066, 32.410000, 32.410000, 100, 32.470001, 100, -1.160000, -0.380000
1476382906561, 32.410000, 32.410000, 100, 32.470001, 100, -1.160000, -0.380000
1476382909086, 32.410000, 32.410000, 100, 32.470001, 100, -1.160000, -0.380000
1476382912053, 32.410000, 32.410000, 100, 32.470001, 200, -1.160000, -0.380000
1476382914060, 32.410000, 32.410000, 100, 32.470001, 500, -1.160000, -0.380000
1476382916061, 32.410000, 32.410000, 100, 32.470001, 500, -1.160000, -0.380000
1476382917562, 32.410000, 32.410000, 100, 32.470001, 300, -1.160000, -0.380000
1476382919597, 32.410000, 32.410000, 100, 32.470001, 300, -1.160000, -0.380000
1476382921548, 32.410000, 32.410000, 100, 32.470001, 100, -1.160000, -0.380000
1476382923585, 32.410000, 32.410000, 100, 32.470001, 100, -1.160000, -0.380000
1476382925568, 32.410000, 32.410000, 100, 32.470001, 100, -1.160000, -0.380000
1476382928061, 32.410000, 32.410000, 100, 32.470001, 100, -1.160000, -0.380000
1476382930067, 32.410000, 32.419998, 100, 32.470001, 100, -1.160000, -0.380000
1476382932058, 32.410000, 32.419998, 100, 32.470001, 100, -1.160000, -0.380000
1476382934066, 32.410000, 32.419998, 100, 32.470001, 100, -1.160000, -0.380000
1476382935111, 32.410000, 32.419998, 100, 32.470001, 100, -1.160000, -0.380000
1476382938070, 32.410000, 32.419998, 100, 32.470001, 200, -1.160000, -0.380000
1476382940105, 32.410000, 32.419998, 100, 32.470001, 200, -1.160000, -0.380000
1476382942071, 32.410000, 32.419998, 100, 32.470001, 200, -1.160000, -0.380000
1476382943568, 32.410000, 32.419998, 100, 32.470001, 200, -1.160000, -0.380000
1476382946055, 32.410000, 32.419998, 100, 32.470001, 200, -1.160000, -0.380000
1476382947069, 32.410000, 32.419998, 100, 32.470001, 200, -1.160000, -0.380000
1476382950068, 32.410000, 32.419998, 100, 32.470001, 200, -1.160000, -0.380000
1476382951067, 32.410000, 32.419998, 100, 32.470001, 200, -1.160000, -0.380000
1476382954118, 32.410000, 32.419998, 100, 32.470001, 200, -1.160000, -0.380000
1476382956077, 32.410000, 32.419998, 100, 32.470001, 300, -1.160000, -0.380000
1476382957611, 32.410000, 32.419998, 100, 32.470001, 200, -1.160000, -0.380000
1476382960072, 32.410000, 32.419998, 100, 32.470001, 200, -1.160000, -0.380000
1476382962067, 32.410000, 32.419998, 100, 32.470001, 200, -1.160000, -0.380000
1476382964071, 32.410000, 32.419998, 100, 32.470001, 200, -1.160000, -0.380000
1476382966072, 32.410000, 32.419998, 200, 32.459999, 200, -1.160000, -0.380000
1476382968085, 32.410000, 32.419998, 200, 32.459999, 100, -1.160000, -0.380000
1476382969585, 32.410000, 32.419998, 200, 32.459999, 100, -1.160000, -0.380000
1476382972087, 32.410000, 32.419998, 200, 32.459999, 100, -1.160000, -0.380000
1476382974078, 32.410000, 32.419998, 200, 32.459999, 100, -1.160000, -0.380000
1476382976083, 32.410000, 32.419998, 200, 32.459999, 100, -1.160000, -0.380000
1476382977574, 32.410000, 32.419998, 200, 32.459999, 100, -1.160000, -0.380000
1476382979581, 32.410000, 32.419998, 200, 32.459999, 100, -1.160000, -0.380000
1476382982112, 32.410000, 32.419998, 200, 32.459999, 100, -1.160000, -0.380000
1476382984105, 32.410000, 32.419998, 200, 32.459999, 100, -1.160000, -0.380000
1476382986118, 32.410000, 32.419998, 200, 32.459999, 100, -1.160000, -0.380000
1476382988129, 32.410000, 32.419998, 200, 32.459999, 100, -1.160000, -0.380000
1476382990091, 32.410000, 32.419998, 200, 32.459999, 100, -1.160000, -0.380000
1476382992091, 32.410000, 32.419998, 200, 32.459999, 100, -1.160000, -0.380000
1476382994088, 32.410000, 32.419998, 200, 32.459999, 100, -1.160000, -0.380000
1476382996089, 32.389999, 32.389999, 100, 32.410000, 300, -1.220000, -0.400000
1476382998095, 32.389999, 32.389999, 100, 32.410000, 300, -1.220000, -0.400000
1476382999617, 32.389999, 32.389999, 100, 32.410000, 300, -1.220000, -0.400000
1476383002080, 32.389999, 32.389999, 100, 32.410000, 300, -1.220000, -0.400000
1476383004091, 32.389999, 32.389999, 100, 32.410000, 300, -1.220000, -0.400000
1476383005589, 32.389999, 32.389999, 100, 32.410000, 300, -1.220000, -0.400000
1476383008099, 32.400002, 32.389999, 100, 32.400002, 300, -1.190000, -0.390000
1476383010086, 32.400002, 32.389999, 100, 32.400002, 300, -1.190000, -0.390000
1476383012132, 32.400002, 32.389999, 100, 32.400002, 300, -1.190000, -0.390000
1476383014141, 32.400002, 32.389999, 100, 32.400002, 300, -1.190000, -0.390000
1476383015593, 32.400002, 32.389999, 100, 32.400002, 300, -1.190000, -0.390000
1476383018096, 32.400002, 32.389999, 200, 32.400002, 300, -1.190000, -0.390000
1476383020088, 32.400002, 32.389999, 200, 32.400002, 300, -1.190000, -0.390000
1476383021098, 32.400002, 32.389999, 300, 32.400002, 300, -1.190000, -0.390000
1476383023602, 32.400002, 32.389999, 300, 32.400002, 300, -1.190000, -0.390000
1476383025606, 32.400002, 32.389999, 200, 32.400002, 300, -1.190000, -0.390000
1476383028091, 32.400002, 32.389999, 200, 32.400002, 300, -1.190000, -0.390000
1476383030106, 32.400002, 32.389999, 200, 32.400002, 300, -1.190000, -0.390000
1476383032099, 32.400002, 32.389999, 200, 32.400002, 300, -1.190000, -0.390000
1476383034094, 32.400002, 32.389999, 200, 32.400002, 300, -1.190000, -0.390000
1476383036096, 32.400002, 32.389999, 200, 32.400002, 300, -1.190000, -0.390000
1476383038096, 32.400002, 32.389999, 200, 32.400002, 300, -1.190000, -0.390000
1476383040108, 32.400002, 32.389999, 200, 32.400002, 300, -1.190000, -0.390000
1476383042107, 32.400002, 32.389999, 200, 32.400002, 300, -1.190000, -0.390000
1476383044099, 32.404999, 32.400002, 100, 32.410000, 400, -1.170000, -0.385000
1476383046135, 32.404999, 32.389999, 200, 32.400002, 300, -1.170000, -0.385000
1476383048086, 32.400002, 32.400002, 100, 32.410000, 300, -1.190000, -0.390000
1476383050116, 32.400002, 32.400002, 100, 32.410000, 300, -1.190000, -0.390000
1476383052102, 32.400002, 32.389999, 200, 32.400002, 100, -1.190000, -0.390000
1476383054111, 32.400002, 32.389999, 200, 32.400002, 100, -1.190000, -0.390000
1476383056111, 32.400002, 32.389999, 200, 32.400002, 100, -1.190000, -0.390000
1476383058150, 32.400002, 32.389999, 200, 32.400002, 100, -1.190000, -0.390000
1476383060143, 32.389999, 32.389999, 100, 32.389999, 200, -1.220000, -0.400000
1476383062136, 32.389999, 32.380001, 100, 32.400002, 400, -1.220000, -0.400000
1476383064117, 32.389999, 32.380001, 100, 32.400002, 400, -1.220000, -0.400000
1476383065600, 32.389999, 32.380001, 100, 32.400002, 400, -1.220000, -0.400000
1476383068518, 32.389999, 32.380001, 100, 32.400002, 400, -1.220000, -0.400000
1476383070515, 32.380001, 32.380001, 100, 32.400002, 400, -1.250000, -0.410000
1476383072017, 32.380001, 32.380001, 100, 32.400002, 400, -1.250000, -0.410000
1476383073024, 32.380001, 32.380001, 100, 32.400002, 400, -1.250000, -0.410000
1476383076518, 32.380001, 32.380001, 100, 32.400002, 400, -1.250000, -0.410000
1476383078518, 32.380001, 32.380001, 100, 32.389999, 100, -1.250000, -0.410000
1476383080551, 32.380001, 32.380001, 100, 32.389999, 100, -1.250000, -0.410000
1476383082522, 32.380001, 32.380001, 100, 32.400002, 300, -1.250000, -0.410000
1476383084058, 32.380001, 32.380001, 100, 32.400002, 300, -1.250000, -0.410000
1476383086020, 32.380001, 32.380001, 100, 32.400002, 300, -1.250000, -0.410000
1476383088537, 32.380001, 32.380001, 100, 32.400002, 300, -1.250000, -0.410000
1476383090526, 32.380001, 32.380001, 200, 32.400002, 300, -1.250000, -0.410000
1476383092520, 32.380001, 32.380001, 200, 32.400002, 300, -1.250000, -0.410000
1476383094017, 32.380001, 32.380001, 200, 32.400002, 300, -1.250000, -0.410000
1476383096524, 32.380001, 32.380001, 200, 32.400002, 300, -1.250000, -0.410000
1476383098521, 32.380001, 32.380001, 200, 32.400002, 300, -1.250000, -0.410000
1476383100520, 32.380001, 32.380001, 200, 32.400002, 300, -1.250000, -0.410000
1476383102075, 32.380001, 32.380001, 200, 32.400002, 300, -1.250000, -0.410000
1476383103528, 32.380001, 32.380001, 200, 32.400002, 300, -1.250000, -0.410000
1476383106532, 32.380001, 32.380001, 200, 32.400002, 300, -1.250000, -0.410000
1476383108524, 32.380001, 32.380001, 200, 32.400002, 300, -1.250000, -0.410000
1476383110025, 32.380001, 32.380001, 100, 32.400002, 300, -1.250000, -0.410000
1476383112521, 32.380001, 32.380001, 100, 32.400002, 300, -1.250000, -0.410000
1476383114029, 32.380001, 32.380001, 100, 32.400002, 300, -1.250000, -0.410000
1476383116533, 32.380001, 32.380001, 100, 32.400002, 300, -1.250000, -0.410000
1476383118531, 32.380001, 32.389999, 100, 32.400002, 300, -1.250000, -0.410000
1476383120530, 32.389999, 32.389999, 100, 32.400002, 300, -1.220000, -0.400000
1476383122534, 32.389999, 32.389999, 100, 32.400002, 300, -1.220000, -0.400000
1476383124530, 32.389999, 32.389999, 100, 32.400002, 300, -1.220000, -0.400000
1476383126036, 32.400002, 32.380001, 300, 32.400002, 300, -1.190000, -0.390000
1476383128032, 32.400002, 32.380001, 200, 32.400002, 300, -1.190000, -0.390000
1476383130577, 32.400002, 32.380001, 100, 32.400002, 300, -1.190000, -0.390000
1476383132030, 32.400002, 32.380001, 100, 32.400002, 300, -1.190000, -0.390000
1476383133541, 32.400002, 32.380001, 100, 32.400002, 300, -1.190000, -0.390000
1476383136531, 32.400002, 32.380001, 100, 32.400002, 300, -1.190000, -0.390000
1476383138574, 32.400002, 32.380001, 100, 32.400002, 300, -1.190000, -0.390000
1476383139532, 32.400002, 32.380001, 100, 32.400002, 300, -1.190000, -0.390000
1476383142078, 32.400002, 32.380001, 100, 32.400002, 400, -1.190000, -0.390000
1476383144533, 32.400002, 32.380001, 100, 32.400002, 400, -1.190000, -0.390000
1476383146545, 32.400002, 32.380001, 100, 32.400002, 400, -1.190000, -0.390000
1476383148544, 32.400002, 32.380001, 100, 32.400002, 400, -1.190000, -0.390000
1476383150540, 32.400002, 32.380001, 100, 32.400002, 400, -1.190000, -0.390000
1476383152045, 32.400002, 32.380001, 100, 32.400002, 400, -1.190000, -0.390000
1476383154527, 32.400002, 32.380001, 100, 32.400002, 400, -1.190000, -0.390000
1476383156544, 32.400002, 32.380001, 100, 32.400002, 400, -1.190000, -0.390000
1476383158554, 32.400002, 32.380001, 100, 32.400002, 400, -1.190000, -0.390000
1476383160596, 32.400002, 32.380001, 100, 32.400002, 400, -1.190000, -0.390000
1476383162051, 32.400002, 32.380001, 100, 32.400002, 400, -1.190000, -0.390000
1476383164538, 32.400002, 32.380001, 100, 32.400002, 500, -1.190000, -0.390000
1476383166554, 32.400002, 32.380001, 100, 32.400002, 400, -1.190000, -0.390000
1476383168548, 32.400002, 32.380001, 100, 32.400002, 400, -1.190000, -0.390000
1476383170551, 32.400002, 32.380001, 100, 32.400002, 400, -1.190000, -0.390000
1476383172569, 32.400002, 32.380001, 100, 32.400002, 400, -1.190000, -0.390000
1476383174549, 32.400002, 32.380001, 100, 32.400002, 400, -1.190000, -0.390000
1476383176548, 32.400002, 32.380001, 100, 32.400002, 400, -1.190000, -0.390000
1476383178550, 32.400002, 32.380001, 100, 32.400002, 400, -1.190000, -0.390000
1476383180584, 32.400002, 32.380001, 100, 32.400002, 400, -1.190000, -0.390000
1476383182541, 32.400002, 32.380001, 100, 32.400002, 400, -1.190000, -0.390000
1476383184545, 32.400002, 32.380001, 100, 32.400002, 400, -1.190000, -0.390000
1476383186548, 32.400002, 32.380001, 100, 32.400002, 400, -1.190000, -0.390000
1476383188556, 32.400002, 32.380001, 100, 32.400002, 400, -1.190000, -0.390000
1476383190049, 32.400002, 32.380001, 100, 32.400002, 300, -1.190000, -0.390000
1476383192548, 32.400002, 32.380001, 100, 32.400002, 300, -1.190000, -0.390000
1476383194547, 32.400002, 32.389999, 100, 32.400002, 400, -1.190000, -0.390000
1476383196548, 32.400002, 32.389999, 200, 32.400002, 400, -1.190000, -0.390000
1476383198558, 32.400002, 32.389999, 200, 32.400002, 400, -1.190000, -0.390000
1476383200591, 32.400002, 32.389999, 200, 32.400002, 400, -1.190000, -0.390000
1476383202046, 32.398998, 32.389999, 200, 32.400002, 400, -1.190000, -0.391000
1476383204048, 32.398998, 32.389999, 200, 32.400002, 400, -1.190000, -0.391000
1476383206559, 32.398998, 32.389999, 200, 32.400002, 400, -1.190000, -0.391000
1476383208559, 32.398998, 32.389999, 200, 32.400002, 400, -1.190000, -0.391000
1476383210099, 32.398998, 32.389999, 200, 32.400002, 400, -1.190000, -0.391000
1476383212561, 32.398998, 32.389999, 200, 32.400002, 400, -1.190000, -0.391000
1476383213588, 32.398998, 32.389999, 200, 32.400002, 400, -1.190000, -0.391000
1476383216050, 32.398998, 32.389999, 200, 32.400002, 400, -1.190000, -0.391000
1476383218588, 32.398998, 32.389999, 200, 32.400002, 400, -1.190000, -0.391000
1476383220061, 32.398998, 32.389999, 200, 32.400002, 400, -1.190000, -0.391000
1476383222570, 32.398998, 32.389999, 300, 32.400002, 400, -1.190000, -0.391000
1476383224064, 32.398998, 32.389999, 300, 32.400002, 400, -1.190000, -0.391000
1476383226557, 32.398998, 32.389999, 300, 32.400002, 400, -1.190000, -0.391000
1476383228573, 32.398998, 32.389999, 300, 32.400002, 400, -1.190000, -0.391000
1476383230058, 32.398998, 32.389999, 400, 32.400002, 400, -1.190000, -0.391000
1476383232058, 32.400002, 32.389999, 400, 32.410000, 300, -1.190000, -0.390000
1476383233579, 32.389999, 32.389999, 300, 32.410000, 300, -1.220000, -0.400000
1476383236560, 32.389999, 32.389999, 300, 32.410000, 300, -1.220000, -0.400000
1476383238599, 32.400002, 32.389999, 200, 32.410000, 300, -1.190000, -0.390000
1476383240065, 32.400002, 32.389999, 200, 32.410000, 300, -1.190000, -0.390000
1476383242095, 32.400002, 32.389999, 200, 32.410000, 300, -1.190000, -0.390000
1476383244067, 32.400002, 32.389999, 200, 32.410000, 300, -1.190000, -0.390000
1476383246569, 32.400002, 32.389999, 200, 32.410000, 300, -1.190000, -0.390000
1476383248568, 32.400002, 32.389999, 200, 32.410000, 300, -1.190000, -0.390000
1476383250567, 32.400002, 32.389999, 200, 32.410000, 300, -1.190000, -0.390000
1476383252076, 32.400002, 32.389999, 200, 32.410000, 300, -1.190000, -0.390000
1476383254565, 32.400002, 32.389999, 200, 32.410000, 300, -1.190000, -0.390000
1476383256563, 32.400002, 32.389999, 200, 32.410000, 300, -1.190000, -0.390000
1476383258571, 32.400002, 32.389999, 200, 32.410000, 300, -1.190000, -0.390000
1476383260573, 32.400002, 32.389999, 200, 32.410000, 400, -1.190000, -0.390000
1476383262562, 32.400002, 32.389999, 200, 32.410000, 400, -1.190000, -0.390000
1476383264575, 32.400002, 32.389999, 200, 32.410000, 400, -1.190000, -0.390000
1476383266575, 32.400002, 32.389999, 200, 32.410000, 400, -1.190000, -0.390000
1476383268561, 32.400002, 32.389999, 200, 32.410000, 400, -1.190000, -0.390000
1476383270564, 32.400002, 32.389999, 200, 32.410000, 400, -1.190000, -0.390000
1476383272581, 32.400002, 32.389999, 200, 32.410000, 400, -1.190000, -0.390000
1476383274560, 32.400002, 32.389999, 200, 32.410000, 400, -1.190000, -0.390000
1476383275572, 32.400002, 32.389999, 200, 32.410000, 400, -1.190000, -0.390000
1476383278601, 32.400002, 32.389999, 200, 32.410000, 400, -1.190000, -0.390000
1476383279590, 32.400002, 32.389999, 200, 32.410000, 400, -1.190000, -0.390000
1476383282576, 32.400002, 32.389999, 200, 32.410000, 400, -1.190000, -0.390000
1476383284590, 32.400002, 32.389999, 200, 32.410000, 400, -1.190000, -0.390000
1476383286585, 32.400002, 32.389999, 200, 32.410000, 400, -1.190000, -0.390000
1476383288586, 32.400002, 32.389999, 200, 32.410000, 400, -1.190000, -0.390000
1476383290583, 32.400002, 32.389999, 200, 32.410000, 400, -1.190000, -0.390000
1476383292113, 32.400002, 32.389999, 200, 32.410000, 400, -1.190000, -0.390000
1476383294584, 32.400002, 32.389999, 200, 32.410000, 400, -1.190000, -0.390000
1476383296128, 32.400002, 32.389999, 200, 32.410000, 400, -1.190000, -0.390000
1476383298582, 32.400002, 32.389999, 200, 32.410000, 400, -1.190000, -0.390000
1476383300588, 32.400002, 32.389999, 200, 32.410000, 400, -1.190000, -0.390000
1476383302586, 32.400002, 32.389999, 200, 32.410000, 400, -1.190000, -0.390000
1476383304085, 32.400002, 32.389999, 200, 32.410000, 400, -1.190000, -0.390000
1476383304085, 32.400002, 32.389999, 200, 32.410000, 400, -1.190000, -0.390000
1476383308587, 32.400002, 32.389999, 200, 32.410000, 400, -1.190000, -0.390000
1476383310082, 32.384998, 32.380001, 100, 32.389999, 200, -1.240000, -0.405000
1476383312589, 32.384998, 32.380001, 100, 32.389999, 300, -1.240000, -0.405000
1476383314600, 32.384998, 32.380001, 200, 32.389999, 300, -1.240000, -0.405000
1476383316093, 32.384998, 32.380001, 200, 32.389999, 300, -1.240000, -0.405000
1476383318601, 32.384998, 32.380001, 200, 32.389999, 300, -1.240000, -0.405000
1476383320609, 32.384998, 32.380001, 200, 32.389999, 300, -1.240000, -0.405000
1476383322600, 32.384998, 32.380001, 200, 32.389999, 300, -1.240000, -0.405000
1476383324592, 32.384998, 32.380001, 200, 32.389999, 300, -1.240000, -0.405000
1476383326584, 32.384998, 32.380001, 200, 32.389999, 300, -1.240000, -0.405000
1476383328598, 32.384998, 32.380001, 200, 32.389999, 300, -1.240000, -0.405000
1476383330609, 32.384998, 32.380001, 200, 32.389999, 400, -1.240000, -0.405000
1476383332616, 32.384998, 32.380001, 200, 32.389999, 400, -1.240000, -0.405000
1476383333585, 32.384998, 32.380001, 300, 32.389999, 400, -1.240000, -0.405000
1476383336601, 32.384998, 32.380001, 300, 32.389999, 400, -1.240000, -0.405000
1476383338601, 32.384998, 32.380001, 300, 32.389999, 400, -1.240000, -0.405000
1476383340612, 32.384998, 32.380001, 300, 32.389999, 400, -1.240000, -0.405000
1476383342599, 32.384998, 32.380001, 300, 32.389999, 400, -1.240000, -0.405000
1476383344092, 32.384998, 32.380001, 300, 32.389999, 400, -1.240000, -0.405000
1476383346595, 32.380001, 32.369999, 200, 32.380001, 2200, -1.250000, -0.410000
1476383348106, 32.380798, 32.369999, 200, 32.380001, 2200, -1.250000, -0.409200
1476383350596, 32.370098, 32.360001, 100, 32.369999, 1500, -1.280000, -0.419900
1476383352587, 32.370098, 32.360001, 100, 32.369999, 1500, -1.280000, -0.419900
1476383354642, 32.360001, 32.349998, 100, 32.360001, 700, -1.310000, -0.430000
1476383356593, 32.360001, 32.349998, 100, 32.360001, 700, -1.310000, -0.430000
1476383358600, 32.360001, 32.360001, 100, 32.380001, 100, -1.310000, -0.430000
1476383360603, 32.360001, 32.349998, 200, 32.380001, 100, -1.310000, -0.430000
1476383362605, 32.360001, 32.360001, 200, 32.380001, 100, -1.310000, -0.430000
1476383363598, 32.360001, 32.360001, 100, 32.380001, 100, -1.310000, -0.430000
1476383366104, 32.360001, 32.360001, 100, 32.380001, 100, -1.310000, -0.430000
1476383368615, 32.360001, 32.360001, 100, 32.380001, 100, -1.310000, -0.430000
1476383370611, 32.360001, 32.360001, 100, 32.380001, 100, -1.310000, -0.430000
1476383372592, 32.360001, 32.360001, 100, 32.380001, 100, -1.310000, -0.430000
1476383374115, 32.360001, 32.360001, 100, 32.380001, 100, -1.310000, -0.430000
1476383376665, 32.360001, 32.360001, 100, 32.380001, 100, -1.310000, -0.430000
1476383378134, 32.360001, 32.360001, 100, 32.380001, 100, -1.310000, -0.430000
1476383380113, 32.360001, 32.360001, 100, 32.380001, 100, -1.310000, -0.430000
1476383382615, 32.360001, 32.360001, 100, 32.380001, 100, -1.310000, -0.430000
1476383383613, 32.360001, 32.360001, 100, 32.380001, 100, -1.310000, -0.430000
1476383385607, 32.360001, 32.360001, 100, 32.380001, 100, -1.310000, -0.430000
1476383388606, 32.360001, 32.360001, 100, 32.380001, 100, -1.310000, -0.430000
1476383390630, 32.360001, 32.360001, 100, 32.380001, 100, -1.310000, -0.430000
1476383391611, 32.360001, 32.349998, 200, 32.380001, 100, -1.310000, -0.430000
1476383394515, 32.360001, 32.349998, 200, 32.380001, 100, -1.310000, -0.430000
1476383396516, 32.360001, 32.349998, 200, 32.380001, 100, -1.310000, -0.430000
1476383398011, 32.360001, 32.349998, 200, 32.380001, 100, -1.310000, -0.430000
1476383400516, 32.360001, 32.349998, 200, 32.380001, 100, -1.310000, -0.430000
1476383402515, 32.360001, 32.349998, 200, 32.380001, 100, -1.310000, -0.430000
1476383404516, 32.360001, 32.349998, 200, 32.380001, 200, -1.310000, -0.430000
1476383406529, 32.360001, 32.349998, 200, 32.380001, 200, -1.310000, -0.430000
1476383408521, 32.360001, 32.349998, 200, 32.380001, 200, -1.310000, -0.430000
1476383410532, 32.360001, 32.349998, 200, 32.380001, 200, -1.310000, -0.430000
1476383412517, 32.349998, 32.349998, 200, 32.369999, 100, -1.340000, -0.440000
1476383414519, 32.349998, 32.349998, 200, 32.369999, 100, -1.340000, -0.440000
1476383416527, 32.349998, 32.349998, 200, 32.369999, 100, -1.340000, -0.440000
1476383418525, 32.349998, 32.349998, 200, 32.369999, 100, -1.340000, -0.440000
1476383420537, 32.349998, 32.349998, 200, 32.369999, 100, -1.340000, -0.440000
1476383422514, 32.349998, 32.349998, 200, 32.369999, 100, -1.340000, -0.440000
1476383424535, 32.349998, 32.349998, 200, 32.369999, 100, -1.340000, -0.440000
1476383426522, 32.349998, 32.349998, 200, 32.369999, 100, -1.340000, -0.440000
1476383428524, 32.349998, 32.349998, 200, 32.369999, 100, -1.340000, -0.440000
1476383430531, 32.349998, 32.349998, 200, 32.369999, 100, -1.340000, -0.440000
1476383432036, 32.349998, 32.349998, 200, 32.369999, 100, -1.340000, -0.440000
1476383434532, 32.349998, 32.360001, 200, 32.369999, 100, -1.340000, -0.440000
1476383436526, 32.369999, 32.380001, 200, 32.410000, 100, -1.280000, -0.420000
1476383438526, 32.369999, 32.380001, 100, 32.410000, 100, -1.280000, -0.420000
1476383439533, 32.369999, 32.380001, 100, 32.410000, 100, -1.280000, -0.420000
1476383442523, 32.369999, 32.380001, 100, 32.410000, 100, -1.280000, -0.420000
1476383444538, 32.369999, 32.380001, 100, 32.419998, 100, -1.280000, -0.420000
1476383446032, 32.369999, 32.380001, 100, 32.419998, 100, -1.280000, -0.420000
1476383448542, 32.369999, 32.380001, 100, 32.419998, 100, -1.280000, -0.420000
1476383449058, 32.369999, 32.380001, 100, 32.419998, 100, -1.280000, -0.420000
1476383452543, 32.369999, 32.380001, 100, 32.419998, 100, -1.280000, -0.420000
1476383453035, 32.369999, 32.380001, 100, 32.419998, 100, -1.280000, -0.420000
1476383456540, 32.369999, 32.380001, 100, 32.419998, 100, -1.280000, -0.420000
1476383458039, 32.369999, 32.380001, 100, 32.419998, 100, -1.280000, -0.420000
1476383460539, 32.410000, 32.400002, 100, 32.430000, 100, -1.160000, -0.380000
1476383462547, 32.410000, 32.400002, 100, 32.430000, 200, -1.160000, -0.380000
1476383463047, 32.410000, 32.400002, 100, 32.430000, 200, -1.160000, -0.380000
1476383466536, 32.410000, 32.400002, 100, 32.430000, 200, -1.160000, -0.380000
1476383468575, 32.410000, 32.400002, 100, 32.430000, 100, -1.160000, -0.380000
1476383469536, 32.410000, 32.400002, 100, 32.430000, 100, -1.160000, -0.380000
1476383472589, 32.410000, 32.400002, 100, 32.430000, 100, -1.160000, -0.380000
1476383474544, 32.410000, 32.400002, 100, 32.430000, 100, -1.160000, -0.380000
1476383476543, 32.410000, 32.419998, 200, 32.430000, 100, -1.160000, -0.380000
1476383478542, 32.410000, 32.430000, 100, 32.439999, 200, -1.160000, -0.380000
1476383480545, 32.410000, 32.430000, 100, 32.439999, 100, -1.160000, -0.380000
1476383482546, 32.410000, 32.430000, 100, 32.439999, 100, -1.160000, -0.380000
1476383484541, 32.410000, 32.430000, 100, 32.439999, 100, -1.160000, -0.380000
1476383486542, 32.470001, 32.480000, 100, 32.500000, 100, -0.980000, -0.320000
1476383488540, 32.470001, 32.490002, 300, 32.529999, 100, -0.980000, -0.320000
1476383490553, 32.509998, 32.500000, 100, 32.529999, 200, -0.850000, -0.280000
1476383491538, 32.509998, 32.500000, 100, 32.529999, 200, -0.850000, -0.280000
1476383494553, 32.439999, 32.459999, 100, 32.529999, 300, -1.070000, -0.350000
1476383496041, 32.439999, 32.459999, 100, 32.529999, 300, -1.070000, -0.350000
1476383498542, 32.439999, 32.450001, 100, 32.509998, 200, -1.070000, -0.350000
1476383500555, 32.439999, 32.450001, 100, 32.509998, 200, -1.070000, -0.350000
1476383502549, 32.439999, 32.430000, 200, 32.490002, 100, -1.070000, -0.350000
1476383503548, 32.439999, 32.430000, 200, 32.490002, 100, -1.070000, -0.350000
1476383506549, 32.439999, 32.430000, 300, 32.490002, 300, -1.070000, -0.350000
1476383508574, 32.439999, 32.430000, 200, 32.490002, 300, -1.070000, -0.350000
1476383509559, 32.439999, 32.430000, 200, 32.490002, 300, -1.070000, -0.350000
1476383512553, 32.439999, 32.430000, 200, 32.490002, 300, -1.070000, -0.350000
1476383514552, 32.439999, 32.430000, 200, 32.490002, 300, -1.070000, -0.350000
1476383516555, 32.439999, 32.430000, 200, 32.490002, 300, -1.070000, -0.350000
1476383518553, 32.439999, 32.430000, 200, 32.480000, 200, -1.070000, -0.350000
1476383520554, 32.439999, 32.419998, 100, 32.470001, 100, -1.070000, -0.350000
1476383522560, 32.439999, 32.419998, 100, 32.470001, 200, -1.070000, -0.350000
1476383522560, 32.439999, 32.419998, 100, 32.470001, 200, -1.070000, -0.350000
1476383526559, 32.439999, 32.419998, 100, 32.470001, 200, -1.070000, -0.350000
1476383528049, 32.439999, 32.419998, 100, 32.470001, 200, -1.070000, -0.350000
1476383530547, 32.439999, 32.419998, 100, 32.470001, 200, -1.070000, -0.350000
1476383532548, 32.439999, 32.419998, 100, 32.470001, 200, -1.070000, -0.350000
1476383534552, 32.439999, 32.419998, 100, 32.470001, 200, -1.070000, -0.350000
1476383536550, 32.439999, 32.419998, 100, 32.470001, 200, -1.070000, -0.350000
1476383538611, 32.439999, 32.419998, 100, 32.470001, 200, -1.070000, -0.350000
1476383540074, 32.439999, 32.419998, 100, 32.470001, 200, -1.070000, -0.350000
1476383542055, 32.439999, 32.419998, 100, 32.470001, 100, -1.070000, -0.350000
1476383544063, 32.439999, 32.419998, 100, 32.470001, 100, -1.070000, -0.350000
1476383546598, 32.439999, 32.439999, 100, 32.470001, 100, -1.070000, -0.350000
1476383548557, 32.439999, 32.439999, 100, 32.470001, 100, -1.070000, -0.350000
1476383550597, 32.439999, 32.439999, 100, 32.470001, 100, -1.070000, -0.350000
1476383552546, 32.439999, 32.439999, 100, 32.470001, 100, -1.070000, -0.350000
1476383554571, 32.439999, 32.439999, 100, 32.470001, 100, -1.070000, -0.350000
1476383556573, 32.439999, 32.439999, 100, 32.470001, 100, -1.070000, -0.350000
1476383558561, 32.439999, 32.439999, 100, 32.470001, 100, -1.070000, -0.350000
1476383560563, 32.439999, 32.439999, 100, 32.470001, 100, -1.070000, -0.350000
1476383562562, 32.439999, 32.439999, 100, 32.470001, 100, -1.070000, -0.350000
1476383564556, 32.439999, 32.439999, 100, 32.470001, 100, -1.070000, -0.350000
1476383566574, 32.439999, 32.439999, 100, 32.470001, 100, -1.070000, -0.350000
1476383568563, 32.439999, 32.439999, 200, 32.470001, 100, -1.070000, -0.350000
1476383570564, 32.439999, 32.439999, 200, 32.470001, 100, -1.070000, -0.350000
1476383572062, 32.439999, 32.439999, 200, 32.470001, 100, -1.070000, -0.350000
1476383574563, 32.439999, 32.439999, 200, 32.470001, 100, -1.070000, -0.350000
1476383576058, 32.439999, 32.439999, 200, 32.470001, 100, -1.070000, -0.350000
1476383578561, 32.439999, 32.439999, 200, 32.470001, 100, -1.070000, -0.350000
1476383580055, 32.439999, 32.439999, 200, 32.470001, 100, -1.070000, -0.350000
1476383582589, 32.439999, 32.439999, 200, 32.470001, 100, -1.070000, -0.350000
1476383584602, 32.439999, 32.439999, 200, 32.470001, 100, -1.070000, -0.350000
1476383585564, 32.439999, 32.439999, 200, 32.470001, 100, -1.070000, -0.350000
1476383588581, 32.439999, 32.439999, 200, 32.470001, 100, -1.070000, -0.350000
1476383589569, 32.439999, 32.439999, 200, 32.470001, 100, -1.070000, -0.350000
1476383592561, 32.439999, 32.439999, 200, 32.470001, 100, -1.070000, -0.350000
1476383594078, 32.439999, 32.439999, 200, 32.470001, 100, -1.070000, -0.350000
1476383596581, 32.439999, 32.439999, 200, 32.470001, 100, -1.070000, -0.350000
1476383598568, 32.439999, 32.439999, 200, 32.470001, 100, -1.070000, -0.350000
1476383600576, 32.439999, 32.439999, 200, 32.470001, 100, -1.070000, -0.350000
1476383602572, 32.439999, 32.439999, 200, 32.470001, 100, -1.070000, -0.350000
1476383604572, 32.439999, 32.439999, 200, 32.470001, 100, -1.070000, -0.350000
1476383606569, 32.439999, 32.439999, 200, 32.470001, 100, -1.070000, -0.350000
1476383608087, 32.439999, 32.439999, 200, 32.470001, 100, -1.070000, -0.350000
1476383609114, 32.439999, 32.439999, 200, 32.470001, 100, -1.070000, -0.350000
1476383612580, 32.439999, 32.439999, 200, 32.470001, 100, -1.070000, -0.350000
1476383614567, 32.439999, 32.439999, 200, 32.470001, 100, -1.070000, -0.350000
1476383616561, 32.439999, 32.439999, 200, 32.470001, 100, -1.070000, -0.350000
1476383618579, 32.439999, 32.439999, 200, 32.470001, 100, -1.070000, -0.350000
1476383619573, 32.439999, 32.439999, 200, 32.470001, 100, -1.070000, -0.350000
1476383622582, 32.439999, 32.439999, 200, 32.470001, 100, -1.070000, -0.350000
1476383624557, 32.439999, 32.439999, 200, 32.470001, 100, -1.070000, -0.350000
1476383626579, 32.439999, 32.439999, 200, 32.470001, 100, -1.070000, -0.350000
1476383628633, 32.439999, 32.439999, 200, 32.470001, 100, -1.070000, -0.350000
1476383630581, 32.439999, 32.439999, 200, 32.470001, 100, -1.070000, -0.350000
1476383632629, 32.439999, 32.439999, 200, 32.470001, 100, -1.070000, -0.350000
1476383634582, 32.439999, 32.439999, 200, 32.470001, 200, -1.070000, -0.350000
1476383636620, 32.439999, 32.439999, 200, 32.470001, 200, -1.070000, -0.350000
1476383638582, 32.439999, 32.439999, 300, 32.470001, 200, -1.070000, -0.350000
1476383640072, 32.439999, 32.439999, 300, 32.470001, 200, -1.070000, -0.350000
1476383642589, 32.439999, 32.439999, 300, 32.470001, 200, -1.070000, -0.350000
1476383644576, 32.439999, 32.439999, 300, 32.470001, 200, -1.070000, -0.350000
1476383646584, 32.439999, 32.439999, 300, 32.470001, 200, -1.070000, -0.350000
1476383648575, 32.439999, 32.439999, 300, 32.470001, 200, -1.070000, -0.350000
1476383650578, 32.439999, 32.439999, 300, 32.470001, 200, -1.070000, -0.350000
1476383652594, 32.439999, 32.439999, 300, 32.470001, 200, -1.070000, -0.350000
1476383654081, 32.439999, 32.439999, 300, 32.470001, 200, -1.070000, -0.350000
1476383656590, 32.439999, 32.439999, 300, 32.470001, 200, -1.070000, -0.350000
1476383658637, 32.439999, 32.439999, 300, 32.470001, 200, -1.070000, -0.350000
1476383660579, 32.439999, 32.439999, 300, 32.470001, 200, -1.070000, -0.350000
1476383662073, 32.439999, 32.439999, 300, 32.470001, 200, -1.070000, -0.350000
1476383664580, 32.439999, 32.439999, 300, 32.470001, 200, -1.070000, -0.350000
1476383666075, 32.439999, 32.439999, 300, 32.470001, 200, -1.070000, -0.350000
1476383668595, 32.439999, 32.439999, 300, 32.470001, 400, -1.070000, -0.350000
1476383670606, 32.439999, 32.439999, 300, 32.470001, 400, -1.070000, -0.350000
1476383672143, 32.439999, 32.439999, 300, 32.470001, 400, -1.070000, -0.350000
1476383674591, 32.439999, 32.439999, 300, 32.470001, 300, -1.070000, -0.350000
1476383676582, 32.439999, 32.439999, 300, 32.470001, 300, -1.070000, -0.350000
1476383678585, 32.439999, 32.439999, 300, 32.470001, 300, -1.070000, -0.350000
1476383680574, 32.439999, 32.439999, 300, 32.470001, 300, -1.070000, -0.350000
1476383682581, 32.439999, 32.439999, 300, 32.470001, 300, -1.070000, -0.350000
1476383684565, 32.439999, 32.439999, 300, 32.470001, 300, -1.070000, -0.350000
1476383686059, 32.439999, 32.439999, 300, 32.470001, 300, -1.070000, -0.350000
1476383688579, 32.439999, 32.439999, 300, 32.470001, 300, -1.070000, -0.350000
1476383690587, 32.439999, 32.439999, 300, 32.470001, 300, -1.070000, -0.350000
1476383692580, 32.439999, 32.439999, 300, 32.470001, 300, -1.070000, -0.350000
1476383694579, 32.439999, 32.439999, 300, 32.470001, 300, -1.070000, -0.350000
1476383696587, 32.439999, 32.439999, 300, 32.470001, 300, -1.070000, -0.350000
1476383698594, 32.439999, 32.439999, 300, 32.470001, 300, -1.070000, -0.350000
1476383700580, 32.439999, 32.439999, 300, 32.470001, 200, -1.070000, -0.350000
1476383702100, 32.439999, 32.439999, 300, 32.470001, 200, -1.070000, -0.350000
1476383704586, 32.439999, 32.439999, 300, 32.470001, 200, -1.070000, -0.350000
1476383706597, 32.439999, 32.439999, 300, 32.470001, 200, -1.070000, -0.350000
1476383708097, 32.439999, 32.439999, 300, 32.470001, 200, -1.070000, -0.350000
1476383709588, 32.439999, 32.439999, 300, 32.470001, 200, -1.070000, -0.350000
1476383712621, 32.439999, 32.439999, 300, 32.470001, 200, -1.070000, -0.350000
1476383714578, 32.439999, 32.439999, 300, 32.470001, 200, -1.070000, -0.350000
1476383716084, 32.439999, 32.439999, 300, 32.470001, 200, -1.070000, -0.350000
1476383718589, 32.439999, 32.439999, 300, 32.470001, 200, -1.070000, -0.350000
1476383720636, 32.439999, 32.439999, 300, 32.470001, 200, -1.070000, -0.350000
1476383722094, 32.439999, 32.439999, 300, 32.470001, 200, -1.070000, -0.350000
1476383724633, 32.439999, 32.439999, 300, 32.470001, 200, -1.070000, -0.350000
1476383726599, 32.439999, 32.439999, 300, 32.470001, 200, -1.070000, -0.350000
1476383727094, 32.439999, 32.439999, 300, 32.470001, 200, -1.070000, -0.350000
1476383730596, 32.439999, 32.439999, 300, 32.459999, 100, -1.070000, -0.350000
1476383732651, 32.439999, 32.439999, 300, 32.459999, 100, -1.070000, -0.350000
1476383734611, 32.439999, 32.439999, 300, 32.459999, 100, -1.070000, -0.350000
1476383736608, 32.439999, 32.439999, 300, 32.459999, 100, -1.070000, -0.350000
1476383738600, 32.439999, 32.439999, 300, 32.459999, 100, -1.070000, -0.350000
1476383740613, 32.439999, 32.450001, 100, 32.459999, 100, -1.070000, -0.350000
1476383743016, 32.439999, 32.450001, 100, 32.459999, 100, -1.070000, -0.350000
1476383745021, 32.439999, 32.450001, 100, 32.459999, 100, -1.070000, -0.350000
1476383747032, 32.439999, 32.450001, 100, 32.459999, 100, -1.070000, -0.350000
1476383749016, 32.439999, 32.450001, 100, 32.459999, 100, -1.070000, -0.350000
1476383751011, 32.439999, 32.450001, 100, 32.459999, 100, -1.070000, -0.350000
1476383753021, 32.439999, 32.450001, 100, 32.459999, 100, -1.070000, -0.350000
1476383755021, 32.439999, 32.450001, 200, 32.459999, 200, -1.070000, -0.350000
1476383757022, 32.450001, 32.439999, 200, 32.459999, 200, -1.040000, -0.340000
1476383759053, 32.450001, 32.439999, 200, 32.459999, 200, -1.040000, -0.340000
1476383760530, 32.450001, 32.439999, 200, 32.459999, 200, -1.040000, -0.340000
1476383763017, 32.450001, 32.439999, 100, 32.459999, 200, -1.040000, -0.340000
1476383765023, 32.450001, 32.439999, 100, 32.459999, 200, -1.040000, -0.340000
1476383767017, 32.450001, 32.439999, 100, 32.459999, 200, -1.040000, -0.340000
1476383769057, 32.450001, 32.439999, 100, 32.459999, 200, -1.040000, -0.340000
1476383771022, 32.450001, 32.439999, 100, 32.459999, 200, -1.040000, -0.340000
1476383772524, 32.450001, 32.439999, 100, 32.459999, 200, -1.040000, -0.340000
1476383775027, 32.450001, 32.439999, 100, 32.459999, 200, -1.040000, -0.340000
1476383777054, 32.450001, 32.439999, 100, 32.459999, 200, -1.040000, -0.340000
1476383779020, 32.450001, 32.439999, 100, 32.459999, 200, -1.040000, -0.340000
1476383781049, 32.450001, 32.439999, 100, 32.459999, 200, -1.040000, -0.340000
1476383782523, 32.450001, 32.439999, 100, 32.459999, 200, -1.040000, -0.340000
1476383785069, 32.450001, 32.439999, 100, 32.459999, 200, -1.040000, -0.340000
1476383786523, 32.450001, 32.439999, 100, 32.459999, 200, -1.040000, -0.340000
1476383789066, 32.450001, 32.439999, 100, 32.459999, 200, -1.040000, -0.340000
1476383791024, 32.450001, 32.439999, 100, 32.459999, 200, -1.040000, -0.340000
1476383793063, 32.450001, 32.439999, 100, 32.459999, 200, -1.040000, -0.340000
1476383795024, 32.450001, 32.439999, 100, 32.459999, 200, -1.040000, -0.340000
1476383796532, 32.450001, 32.439999, 100, 32.459999, 200, -1.040000, -0.340000
1476383799022, 32.450001, 32.439999, 100, 32.459999, 200, -1.040000, -0.340000
1476383801025, 32.450001, 32.439999, 100, 32.459999, 200, -1.040000, -0.340000
1476383802529, 32.450001, 32.439999, 100, 32.459999, 200, -1.040000, -0.340000
1476383804542, 32.450001, 32.439999, 100, 32.459999, 200, -1.040000, -0.340000
1476383807033, 32.450001, 32.439999, 100, 32.459999, 100, -1.040000, -0.340000
1476383809039, 32.450001, 32.439999, 100, 32.459999, 100, -1.040000, -0.340000
1476383811028, 32.450001, 32.439999, 100, 32.459999, 100, -1.040000, -0.340000
1476383813036, 32.453201, 32.439999, 100, 32.459999, 100, -1.030000, -0.336800
1476383814533, 32.453201, 32.439999, 100, 32.459999, 100, -1.030000, -0.336800
1476383817057, 32.453201, 32.439999, 100, 32.459999, 100, -1.030000, -0.336800
1476383819053, 32.453201, 32.439999, 100, 32.459999, 100, -1.030000, -0.336800
1476383821038, 32.453201, 32.439999, 100, 32.459999, 100, -1.030000, -0.336800
1476383821567, 32.453201, 32.439999, 100, 32.459999, 100, -1.030000, -0.336800
1476383825032, 32.453201, 32.439999, 100, 32.459999, 100, -1.030000, -0.336800
1476383826035, 32.453201, 32.439999, 100, 32.459999, 100, -1.030000, -0.336800
1476383829036, 32.439999, 32.419998, 100, 32.450001, 300, -1.070000, -0.350000
1476383831037, 32.439999, 32.419998, 100, 32.450001, 300, -1.070000, -0.350000
1476383832547, 32.439999, 32.419998, 100, 32.450001, 300, -1.070000, -0.350000
1476383834038, 32.439999, 32.430000, 100, 32.450001, 300, -1.070000, -0.350000
1476383837040, 32.439999, 32.430000, 100, 32.450001, 300, -1.070000, -0.350000
1476383839044, 32.439999, 32.430000, 100, 32.450001, 300, -1.070000, -0.350000
1476383840545, 32.439999, 32.430000, 100, 32.450001, 300, -1.070000, -0.350000
1476383843038, 32.439999, 32.430000, 100, 32.450001, 300, -1.070000, -0.350000
1476383845042, 32.439999, 32.430000, 100, 32.450001, 300, -1.070000, -0.350000
1476383847061, 32.439999, 32.430000, 100, 32.450001, 300, -1.070000, -0.350000
1476383849066, 32.439999, 32.430000, 100, 32.450001, 300, -1.070000, -0.350000
1476383851044, 32.439999, 32.430000, 100, 32.450001, 300, -1.070000, -0.350000
1476383853043, 32.439999, 32.430000, 100, 32.450001, 300, -1.070000, -0.350000
1476383854540, 32.439999, 32.430000, 100, 32.450001, 300, -1.070000, -0.350000
1476383857053, 32.439999, 32.430000, 100, 32.450001, 300, -1.070000, -0.350000
1476383859053, 32.439999, 32.430000, 100, 32.450001, 300, -1.070000, -0.350000
1476383861052, 32.439999, 32.430000, 100, 32.450001, 300, -1.070000, -0.350000
1476383863039, 32.439999, 32.430000, 100, 32.450001, 300, -1.070000, -0.350000
1476383865051, 32.439999, 32.430000, 100, 32.450001, 300, -1.070000, -0.350000
1476383867044, 32.439999, 32.430000, 100, 32.450001, 300, -1.070000, -0.350000
1476383869046, 32.439999, 32.430000, 100, 32.450001, 300, -1.070000, -0.350000
1476383871048, 32.439999, 32.430000, 100, 32.450001, 300, -1.070000, -0.350000
1476383873061, 32.439999, 32.430000, 100, 32.450001, 300, -1.070000, -0.350000
1476383875042, 32.439999, 32.430000, 100, 32.450001, 300, -1.070000, -0.350000
1476383876085, 32.439999, 32.430000, 100, 32.450001, 300, -1.070000, -0.350000
1476383878549, 32.439999, 32.430000, 100, 32.450001, 300, -1.070000, -0.350000
1476383881053, 32.439999, 32.430000, 100, 32.450001, 300, -1.070000, -0.350000
1476383883050, 32.439999, 32.430000, 100, 32.450001, 300, -1.070000, -0.350000
1476383885050, 32.439999, 32.430000, 100, 32.450001, 300, -1.070000, -0.350000
1476383887050, 32.439999, 32.430000, 100, 32.450001, 400, -1.070000, -0.350000
1476383889049, 32.439999, 32.430000, 100, 32.450001, 400, -1.070000, -0.350000
1476383890075, 32.439999, 32.430000, 100, 32.450001, 400, -1.070000, -0.350000
1476383893050, 32.439999, 32.430000, 100, 32.450001, 400, -1.070000, -0.350000
1476383895051, 32.439999, 32.430000, 100, 32.450001, 400, -1.070000, -0.350000
1476383897094, 32.439999, 32.430000, 100, 32.450001, 400, -1.070000, -0.350000
1476383899060, 32.439999, 32.430000, 100, 32.450001, 400, -1.070000, -0.350000
1476383901044, 32.439999, 32.430000, 100, 32.450001, 400, -1.070000, -0.350000
1476383902564, 32.439999, 32.430000, 100, 32.450001, 400, -1.070000, -0.350000
1476383904598, 32.439999, 32.430000, 100, 32.450001, 400, -1.070000, -0.350000
1476383906046, 32.439999, 32.430000, 100, 32.450001, 400, -1.070000, -0.350000
1476383907543, 32.439999, 32.430000, 100, 32.450001, 400, -1.070000, -0.350000
1476383911051, 32.439999, 32.430000, 100, 32.450001, 400, -1.070000, -0.350000
1476383913060, 32.439999, 32.430000, 100, 32.450001, 400, -1.070000, -0.350000
1476383915062, 32.439999, 32.430000, 100, 32.450001, 300, -1.070000, -0.350000
1476383917044, 32.439999, 32.430000, 100, 32.450001, 300, -1.070000, -0.350000
1476383919063, 32.439999, 32.430000, 100, 32.450001, 300, -1.070000, -0.350000
1476383920561, 32.439999, 32.430000, 100, 32.450001, 300, -1.070000, -0.350000
1476383922047, 32.439999, 32.430000, 100, 32.450001, 300, -1.070000, -0.350000
1476383924561, 32.439999, 32.430000, 100, 32.450001, 300, -1.070000, -0.350000
1476383926550, 32.439999, 32.430000, 100, 32.450001, 300, -1.070000, -0.350000
1476383929053, 32.439999, 32.430000, 100, 32.450001, 300, -1.070000, -0.350000
1476383931067, 32.439999, 32.430000, 100, 32.450001, 300, -1.070000, -0.350000
1476383932608, 32.439999, 32.430000, 100, 32.450001, 200, -1.070000, -0.350000
1476383934564, 32.439999, 32.430000, 200, 32.450001, 200, -1.070000, -0.350000
1476383936545, 32.439999, 32.430000, 200, 32.450001, 200, -1.070000, -0.350000
1476383939056, 32.439999, 32.430000, 200, 32.450001, 200, -1.070000, -0.350000
1476383941056, 32.439999, 32.430000, 200, 32.450001, 200, -1.070000, -0.350000
1476383943058, 32.439999, 32.430000, 200, 32.450001, 200, -1.070000, -0.350000
1476383945105, 32.470001, 32.459999, 100, 32.480000, 100, -0.980000, -0.320000
1476383947052, 32.480000, 32.470001, 100, 32.500000, 100, -0.950000, -0.310000
1476383949054, 32.480000, 32.470001, 100, 32.500000, 100, -0.950000, -0.310000
1476383951068, 32.480000, 32.470001, 100, 32.500000, 100, -0.950000, -0.310000
1476383953060, 32.480000, 32.470001, 100, 32.500000, 100, -0.950000, -0.310000
1476383955056, 32.480000, 32.470001, 100, 32.500000, 100, -0.950000, -0.310000
1476383957069, 32.480000, 32.470001, 100, 32.500000, 100, -0.950000, -0.310000
1476383959067, 32.480000, 32.470001, 100, 32.500000, 100, -0.950000, -0.310000
1476383961072, 32.480000, 32.470001, 100, 32.500000, 100, -0.950000, -0.310000
1476383962576, 32.480000, 32.470001, 100, 32.500000, 100, -0.950000, -0.310000
1476383964559, 32.480000, 32.470001, 100, 32.500000, 100, -0.950000, -0.310000
1476383967069, 32.480000, 32.470001, 100, 32.500000, 100, -0.950000, -0.310000
1476383969066, 32.480000, 32.470001, 100, 32.500000, 100, -0.950000, -0.310000
1476383971060, 32.480000, 32.470001, 100, 32.500000, 100, -0.950000, -0.310000
1476383973067, 32.480000, 32.470001, 100, 32.500000, 100, -0.950000, -0.310000
1476383975048, 32.480000, 32.470001, 100, 32.500000, 100, -0.950000, -0.310000
1476383976571, 32.480000, 32.470001, 100, 32.500000, 100, -0.950000, -0.310000
1476383979071, 32.480000, 32.470001, 100, 32.500000, 100, -0.950000, -0.310000
1476383981079, 32.480000, 32.470001, 100, 32.500000, 100, -0.950000, -0.310000
1476383983078, 32.480000, 32.470001, 100, 32.500000, 100, -0.950000, -0.310000
1476383985070, 32.480000, 32.470001, 100, 32.500000, 100, -0.950000, -0.310000
1476383987111, 32.480000, 32.470001, 100, 32.500000, 100, -0.950000, -0.310000
1476383989102, 32.480000, 32.470001, 100, 32.500000, 100, -0.950000, -0.310000
1476383990557, 32.480000, 32.470001, 100, 32.500000, 100, -0.950000, -0.310000
1476383993074, 32.480000, 32.470001, 100, 32.500000, 100, -0.950000, -0.310000
1476383995069, 32.480000, 32.470001, 100, 32.500000, 100, -0.950000, -0.310000
1476383997073, 32.480000, 32.470001, 100, 32.500000, 100, -0.950000, -0.310000
1476383999079, 32.480000, 32.470001, 100, 32.500000, 100, -0.950000, -0.310000
1476384001084, 32.480000, 32.470001, 100, 32.500000, 100, -0.950000, -0.310000
1476384002577, 32.480000, 32.470001, 100, 32.500000, 100, -0.950000, -0.310000
1476384005090, 32.480000, 32.470001, 100, 32.500000, 100, -0.950000, -0.310000
1476384006603, 32.480000, 32.470001, 100, 32.500000, 100, -0.950000, -0.310000
1476384008086, 32.480000, 32.470001, 100, 32.500000, 100, -0.950000, -0.310000
1476384011072, 32.480000, 32.470001, 100, 32.500000, 100, -0.950000, -0.310000
1476384013078, 32.480000, 32.470001, 100, 32.500000, 100, -0.950000, -0.310000
1476384015085, 32.480000, 32.470001, 100, 32.500000, 100, -0.950000, -0.310000
1476384016079, 32.480000, 32.470001, 100, 32.500000, 100, -0.950000, -0.310000
1476384018086, 32.480000, 32.470001, 100, 32.500000, 100, -0.950000, -0.310000
1476384019585, 32.480000, 32.470001, 100, 32.500000, 100, -0.950000, -0.310000
1476384023085, 32.480000, 32.470001, 100, 32.500000, 100, -0.950000, -0.310000
1476384025085, 32.480000, 32.470001, 100, 32.500000, 100, -0.950000, -0.310000
1476384027090, 32.480000, 32.470001, 100, 32.500000, 100, -0.950000, -0.310000
1476384029096, 32.480000, 32.470001, 100, 32.500000, 100, -0.950000, -0.310000
1476384031092, 32.480000, 32.470001, 200, 32.500000, 100, -0.950000, -0.310000
1476384033106, 32.480000, 32.470001, 200, 32.500000, 100, -0.950000, -0.310000
1476384035098, 32.480000, 32.470001, 200, 32.500000, 100, -0.950000, -0.310000
1476384037135, 32.480000, 32.470001, 200, 32.500000, 100, -0.950000, -0.310000
1476384038094, 32.480000, 32.470001, 200, 32.500000, 100, -0.950000, -0.310000
1476384040099, 32.480000, 32.470001, 200, 32.500000, 100, -0.950000, -0.310000
1476384043078, 32.480000, 32.470001, 200, 32.500000, 100, -0.950000, -0.310000
1476384045084, 32.480000, 32.470001, 200, 32.500000, 100, -0.950000, -0.310000
1476384046589, 32.480000, 32.470001, 300, 32.500000, 100, -0.950000, -0.310000
1476384049083, 32.480000, 32.470001, 300, 32.500000, 200, -0.950000, -0.310000
1476384051091, 32.470001, 32.450001, 100, 32.490002, 100, -0.980000, -0.320000
1476384052636, 32.470001, 32.450001, 100, 32.490002, 100, -0.980000, -0.320000
1476384055101, 32.470001, 32.439999, 100, 32.490002, 100, -0.980000, -0.320000
1476384057099, 32.470001, 32.439999, 100, 32.490002, 100, -0.980000, -0.320000
1476384058600, 32.470001, 32.439999, 100, 32.490002, 100, -0.980000, -0.320000
1476384060583, 32.470001, 32.439999, 100, 32.490002, 100, -0.980000, -0.320000
1476384063078, 32.470001, 32.439999, 100, 32.490002, 200, -0.980000, -0.320000
1476384065115, 32.470001, 32.439999, 100, 32.490002, 200, -0.980000, -0.320000
1476384067154, 32.470001, 32.439999, 100, 32.490002, 200, -0.980000, -0.320000
1476384069096, 32.470001, 32.439999, 100, 32.490002, 200, -0.980000, -0.320000
1476384071093, 32.470001, 32.439999, 100, 32.490002, 200, -0.980000, -0.320000
1476384073113, 32.470001, 32.439999, 100, 32.490002, 200, -0.980000, -0.320000
1476384075106, 32.470001, 32.439999, 100, 32.490002, 200, -0.980000, -0.320000
1476384077098, 32.470001, 32.439999, 100, 32.490002, 200, -0.980000, -0.320000
1476384079100, 32.470001, 32.439999, 100, 32.490002, 200, -0.980000, -0.320000
1476384080619, 32.470001, 32.439999, 100, 32.490002, 200, -0.980000, -0.320000
1476384083145, 32.470001, 32.439999, 100, 32.490002, 200, -0.980000, -0.320000
1476384085108, 32.470001, 32.439999, 200, 32.490002, 200, -0.980000, -0.320000
1476384086108, 32.470001, 32.439999, 200, 32.490002, 200, -0.980000, -0.320000
1476384089108, 32.470001, 32.439999, 200, 32.490002, 200, -0.980000, -0.320000
1476384091024, 32.470001, 32.439999, 200, 32.490002, 200, -0.980000, -0.320000
1476384093017, 32.470001, 32.439999, 100, 32.490002, 400, -0.980000, -0.320000
1476384095012, 32.470001, 32.439999, 100, 32.490002, 400, -0.980000, -0.320000
1476384097014, 32.439999, 32.419998, 200, 32.459999, 200, -1.070000, -0.350000
1476384099020, 32.439999, 32.419998, 200, 32.459999, 200, -1.070000, -0.350000
1476384100517, 32.419998, 32.419998, 100, 32.450001, 100, -1.130000, -0.370000
1476384103018, 32.410000, 32.400002, 100, 32.439999, 400, -1.160000, -0.380000
1476384105012, 32.410000, 32.400002, 100, 32.439999, 400, -1.160000, -0.380000
1476384106523, 32.410000, 32.400002, 100, 32.439999, 400, -1.160000, -0.380000
1476384108541, 32.410000, 32.400002, 100, 32.439999, 400, -1.160000, -0.380000
1476384111025, 32.410000, 32.400002, 100, 32.439999, 400, -1.160000, -0.380000
1476384113021, 32.410000, 32.400002, 100, 32.439999, 400, -1.160000, -0.380000
1476384114522, 32.410000, 32.400002, 100, 32.439999, 400, -1.160000, -0.380000
1476384117021, 32.410000, 32.400002, 100, 32.439999, 400, -1.160000, -0.380000
1476384119019, 32.410000, 32.400002, 100, 32.439999, 400, -1.160000, -0.380000
1476384121023, 32.410000, 32.400002, 100, 32.439999, 400, -1.160000, -0.380000
1476384123034, 32.410000, 32.400002, 100, 32.439999, 400, -1.160000, -0.380000
1476384125029, 32.410000, 32.400002, 100, 32.439999, 400, -1.160000, -0.380000
1476384127023, 32.410000, 32.400002, 100, 32.439999, 400, -1.160000, -0.380000
1476384129027, 32.410000, 32.389999, 100, 32.439999, 400, -1.160000, -0.380000
1476384131030, 32.410000, 32.389999, 100, 32.439999, 400, -1.160000, -0.380000
1476384133033, 32.410000, 32.389999, 100, 32.419998, 100, -1.160000, -0.380000
1476384134530, 32.410000, 32.389999, 100, 32.419998, 100, -1.160000, -0.380000
1476384136569, 32.410000, 32.389999, 100, 32.419998, 100, -1.160000, -0.380000
1476384139037, 32.410000, 32.389999, 100, 32.419998, 100, -1.160000, -0.380000
1476384140535, 32.410000, 32.389999, 100, 32.419998, 100, -1.160000, -0.380000
1476384143035, 32.410000, 32.389999, 100, 32.419998, 100, -1.160000, -0.380000
1476384145028, 32.410000, 32.389999, 100, 32.419998, 100, -1.160000, -0.380000
1476384146532, 32.410000, 32.389999, 100, 32.419998, 100, -1.160000, -0.380000
1476384148538, 32.410000, 32.389999, 100, 32.419998, 100, -1.160000, -0.380000
1476384151054, 32.410000, 32.389999, 100, 32.419998, 100, -1.160000, -0.380000
1476384153028, 32.410000, 32.389999, 100, 32.419998, 100, -1.160000, -0.380000
1476384155040, 32.410000, 32.389999, 100, 32.419998, 100, -1.160000, -0.380000
1476384157032, 32.410000, 32.389999, 100, 32.419998, 100, -1.160000, -0.380000
1476384159037, 32.389999, 32.380001, 100, 32.419998, 100, -1.220000, -0.400000
1476384161043, 32.389999, 32.380001, 100, 32.419998, 100, -1.220000, -0.400000
1476384162575, 32.389999, 32.380001, 100, 32.419998, 100, -1.220000, -0.400000
1476384164584, 32.389999, 32.380001, 100, 32.419998, 100, -1.220000, -0.400000
1476384167045, 32.389999, 32.360001, 100, 32.419998, 100, -1.220000, -0.400000
1476384169065, 32.389999, 32.380001, 100, 32.419998, 100, -1.220000, -0.400000
1476384171032, 32.369999, 32.360001, 100, 32.410000, 200, -1.280000, -0.420000
1476384173046, 32.369999, 32.360001, 100, 32.410000, 200, -1.280000, -0.420000
1476384174544, 32.369999, 32.360001, 100, 32.410000, 300, -1.280000, -0.420000
1476384176542, 32.369999, 32.360001, 100, 32.410000, 300, -1.280000, -0.420000
1476384179053, 32.369999, 32.360001, 100, 32.410000, 300, -1.280000, -0.420000
1476384181058, 32.369999, 32.360001, 100, 32.410000, 300, -1.280000, -0.420000
1476384183043, 32.369999, 32.349998, 100, 32.410000, 300, -1.280000, -0.420000
1476384184055, 32.369999, 32.349998, 100, 32.410000, 300, -1.280000, -0.420000
1476384186547, 32.369999, 32.349998, 100, 32.410000, 300, -1.280000, -0.420000
1476384189045, 32.360001, 32.360001, 100, 32.400002, 300, -1.310000, -0.430000
1476384191047, 32.360001, 32.349998, 100, 32.380001, 100, -1.310000, -0.430000
1476384193051, 32.360001, 32.349998, 100, 32.380001, 100, -1.310000, -0.430000
1476384195101, 32.349998, 32.349998, 100, 32.380001, 100, -1.340000, -0.440000
1476384197063, 32.349998, 32.349998, 200, 32.360001, 100, -1.340000, -0.440000
1476384199047, 32.349998, 32.349998, 200, 32.360001, 100, -1.340000, -0.440000
1476384201055, 32.360001, 32.349998, 200, 32.369999, 100, -1.310000, -0.430000
1476384203053, 32.360001, 32.349998, 200, 32.380001, 300, -1.310000, -0.430000
1476384205054, 32.360001, 32.349998, 200, 32.380001, 300, -1.310000, -0.430000
1476384207055, 32.360001, 32.349998, 200, 32.380001, 300, -1.310000, -0.430000
1476384208556, 32.360001, 32.349998, 100, 32.380001, 300, -1.310000, -0.430000
1476384211063, 32.360001, 32.349998, 100, 32.380001, 300, -1.310000, -0.430000
1476384212038, 32.360001, 32.349998, 100, 32.380001, 300, -1.310000, -0.430000
1476384215085, 32.360001, 32.349998, 100, 32.380001, 300, -1.310000, -0.430000
1476384217062, 32.360001, 32.349998, 100, 32.380001, 300, -1.310000, -0.430000
1476384218559, 32.360001, 32.349998, 100, 32.380001, 300, -1.310000, -0.430000
1476384221057, 32.360001, 32.349998, 100, 32.380001, 300, -1.310000, -0.430000
1476384222593, 32.360001, 32.349998, 100, 32.380001, 300, -1.310000, -0.430000
1476384225072, 32.360001, 32.349998, 100, 32.380001, 300, -1.310000, -0.430000
1476384227050, 32.360001, 32.349998, 100, 32.380001, 300, -1.310000, -0.430000
1476384228572, 32.360001, 32.349998, 100, 32.380001, 300, -1.310000, -0.430000
1476384230558, 32.360001, 32.360001, 100, 32.380001, 300, -1.310000, -0.430000
1476384232562, 32.360001, 32.360001, 100, 32.380001, 300, -1.310000, -0.430000
1476384235056, 32.360001, 32.360001, 100, 32.380001, 300, -1.310000, -0.430000
1476384237059, 32.360001, 32.360001, 100, 32.380001, 300, -1.310000, -0.430000
1476384239072, 32.360001, 32.360001, 100, 32.380001, 300, -1.310000, -0.430000
1476384241071, 32.360001, 32.360001, 100, 32.380001, 300, -1.310000, -0.430000
1476384243052, 32.360001, 32.360001, 100, 32.380001, 300, -1.310000, -0.430000
1476384245062, 32.360001, 32.360001, 100, 32.380001, 300, -1.310000, -0.430000
1476384246562, 32.360001, 32.360001, 100, 32.380001, 300, -1.310000, -0.430000
1476384249096, 32.360001, 32.360001, 100, 32.380001, 300, -1.310000, -0.430000
1476384250580, 32.360001, 32.360001, 100, 32.380001, 300, -1.310000, -0.430000
1476384253065, 32.360001, 32.360001, 100, 32.380001, 300, -1.310000, -0.430000
1476384255075, 32.360001, 32.360001, 100, 32.380001, 300, -1.310000, -0.430000
1476384257069, 32.360001, 32.360001, 100, 32.380001, 300, -1.310000, -0.430000
1476384259058, 32.360001, 32.360001, 100, 32.380001, 300, -1.310000, -0.430000
1476384261067, 32.360001, 32.360001, 100, 32.380001, 300, -1.310000, -0.430000
1476384263060, 32.360001, 32.360001, 100, 32.380001, 300, -1.310000, -0.430000
1476384265058, 32.360001, 32.360001, 100, 32.380001, 300, -1.310000, -0.430000
1476384267059, 32.360001, 32.360001, 100, 32.380001, 300, -1.310000, -0.430000
1476384269068, 32.360001, 32.360001, 100, 32.380001, 300, -1.310000, -0.430000
1476384270558, 32.360001, 32.360001, 100, 32.380001, 300, -1.310000, -0.430000
1476384273063, 32.360001, 32.360001, 100, 32.380001, 300, -1.310000, -0.430000
1476384275061, 32.360001, 32.360001, 100, 32.380001, 300, -1.310000, -0.430000
1476384277057, 32.360001, 32.360001, 100, 32.380001, 300, -1.310000, -0.430000
1476384279065, 32.360001, 32.360001, 100, 32.380001, 300, -1.310000, -0.430000
1476384281058, 32.360001, 32.360001, 100, 32.380001, 300, -1.310000, -0.430000
1476384283069, 32.360001, 32.360001, 100, 32.380001, 300, -1.310000, -0.430000
1476384285086, 32.360001, 32.360001, 100, 32.380001, 300, -1.310000, -0.430000
1476384287072, 32.360001, 32.360001, 100, 32.380001, 300, -1.310000, -0.430000
1476384289072, 32.360001, 32.360001, 100, 32.380001, 300, -1.310000, -0.430000
1476384291110, 32.360001, 32.360001, 100, 32.380001, 300, -1.310000, -0.430000
1476384293066, 32.360001, 32.360001, 100, 32.380001, 300, -1.310000, -0.430000
1476384294574, 32.360001, 32.360001, 100, 32.380001, 300, -1.310000, -0.430000
1476384296604, 32.360001, 32.360001, 100, 32.380001, 300, -1.310000, -0.430000
1476384299076, 32.360001, 32.360001, 100, 32.380001, 300, -1.310000, -0.430000
1476384301061, 32.360001, 32.360001, 100, 32.380001, 300, -1.310000, -0.430000
1476384303081, 32.360001, 32.360001, 100, 32.380001, 300, -1.310000, -0.430000
1476384304573, 32.380001, 32.360001, 100, 32.380001, 300, -1.250000, -0.410000
1476384306579, 32.380001, 32.360001, 100, 32.380001, 300, -1.250000, -0.410000
1476384309080, 32.380001, 32.360001, 100, 32.380001, 300, -1.250000, -0.410000
1476384311071, 32.380001, 32.360001, 100, 32.380001, 300, -1.250000, -0.410000
1476384313089, 32.380001, 32.360001, 100, 32.380001, 300, -1.250000, -0.410000
1476384315086, 32.380001, 32.360001, 100, 32.380001, 300, -1.250000, -0.410000
1476384317098, 32.380001, 32.360001, 100, 32.380001, 300, -1.250000, -0.410000
1476384319088, 32.380001, 32.360001, 100, 32.380001, 300, -1.250000, -0.410000
1476384321085, 32.380001, 32.360001, 100, 32.380001, 300, -1.250000, -0.410000
1476384323082, 32.380001, 32.360001, 100, 32.380001, 300, -1.250000, -0.410000
1476384324593, 32.380001, 32.360001, 100, 32.380001, 300, -1.250000, -0.410000
1476384327108, 32.380001, 32.360001, 100, 32.380001, 300, -1.250000, -0.410000
1476384329117, 32.380001, 32.360001, 100, 32.380001, 300, -1.250000, -0.410000
1476384330577, 32.380001, 32.360001, 100, 32.380001, 300, -1.250000, -0.410000
1476384332586, 32.380001, 32.360001, 100, 32.380001, 300, -1.250000, -0.410000
1476384335081, 32.380001, 32.360001, 100, 32.380001, 300, -1.250000, -0.410000
1476384337090, 32.380001, 32.360001, 100, 32.380001, 300, -1.250000, -0.410000
1476384338585, 32.380001, 32.360001, 100, 32.380001, 300, -1.250000, -0.410000
1476384341156, 32.349998, 32.360001, 200, 32.380001, 300, -1.340000, -0.440000
1476384343075, 32.380001, 32.380001, 200, 32.389999, 100, -1.250000, -0.410000
1476384345084, 32.380001, 32.380001, 100, 32.389999, 300, -1.250000, -0.410000
1476384347093, 32.380001, 32.380001, 100, 32.389999, 300, -1.250000, -0.410000
1476384349084, 32.380001, 32.380001, 100, 32.389999, 300, -1.250000, -0.410000
1476384351100, 32.380001, 32.380001, 100, 32.389999, 300, -1.250000, -0.410000
1476384353085, 32.380001, 32.380001, 100, 32.389999, 300, -1.250000, -0.410000
1476384355100, 32.380001, 32.380001, 200, 32.389999, 300, -1.250000, -0.410000
1476384357108, 32.380001, 32.380001, 200, 32.389999, 300, -1.250000, -0.410000
1476384359096, 32.380001, 32.380001, 200, 32.389999, 300, -1.250000, -0.410000
1476384361102, 32.380001, 32.380001, 200, 32.389999, 300, -1.250000, -0.410000
1476384363108, 32.380001, 32.380001, 200, 32.389999, 300, -1.250000, -0.410000
1476384365099, 32.380001, 32.380001, 200, 32.389999, 300, -1.250000, -0.410000
1476384367091, 32.380001, 32.380001, 200, 32.389999, 300, -1.250000, -0.410000
1476384369121, 32.384998, 32.380001, 200, 32.389999, 300, -1.240000, -0.405000
1476384370652, 32.384998, 32.380001, 300, 32.389999, 300, -1.240000, -0.405000
1476384373095, 32.384998, 32.380001, 300, 32.389999, 300, -1.240000, -0.405000
1476384374608, 32.384998, 32.380001, 300, 32.389999, 300, -1.240000, -0.405000
1476384377094, 32.389999, 32.389999, 100, 32.400002, 300, -1.220000, -0.400000
1476384379091, 32.389999, 32.389999, 100, 32.400002, 300, -1.220000, -0.400000
1476384381154, 32.389999, 32.389999, 300, 32.400002, 300, -1.220000, -0.400000
1476384383102, 32.389999, 32.389999, 300, 32.400002, 300, -1.220000, -0.400000
1476384385115, 32.389999, 32.389999, 300, 32.400002, 300, -1.220000, -0.400000
1476384387107, 32.389999, 32.389999, 300, 32.400002, 300, -1.220000, -0.400000
1476384388103, 32.389999, 32.389999, 300, 32.400002, 300, -1.220000, -0.400000
1476384391093, 32.389999, 32.389999, 300, 32.400002, 300, -1.220000, -0.400000
1476384392598, 32.389999, 32.389999, 300, 32.400002, 300, -1.220000, -0.400000
1476384395110, 32.389999, 32.389999, 300, 32.400002, 300, -1.220000, -0.400000
1476384397114, 32.389999, 32.389999, 300, 32.400002, 300, -1.220000, -0.400000
1476384399134, 32.389999, 32.389999, 300, 32.400002, 300, -1.220000, -0.400000
1476384401114, 32.389999, 32.389999, 300, 32.400002, 300, -1.220000, -0.400000
1476384403096, 32.389999, 32.389999, 300, 32.400002, 300, -1.220000, -0.400000
1476384405105, 32.389999, 32.389999, 300, 32.400002, 300, -1.220000, -0.400000
1476384406607, 32.389999, 32.389999, 300, 32.400002, 300, -1.220000, -0.400000
1476384409104, 32.389999, 32.389999, 100, 32.400002, 300, -1.220000, -0.400000
1476384410625, 32.389999, 32.389999, 100, 32.400002, 300, -1.220000, -0.400000
1476384413131, 32.389999, 32.389999, 100, 32.400002, 300, -1.220000, -0.400000
1476384415139, 32.389999, 32.389999, 100, 32.400002, 300, -1.220000, -0.400000
1476384417094, 32.389999, 32.389999, 100, 32.400002, 300, -1.220000, -0.400000
1476384418618, 32.389999, 32.389999, 100, 32.400002, 300, -1.220000, -0.400000
1476384420101, 32.389999, 32.389999, 100, 32.400002, 300, -1.220000, -0.400000
1476384422612, 32.389999, 32.389999, 100, 32.400002, 300, -1.220000, -0.400000
1476384425115, 32.400002, 32.389999, 100, 32.400002, 300, -1.190000, -0.390000
1476384427017, 32.400002, 32.389999, 100, 32.400002, 300, -1.190000, -0.390000
1476384429517, 32.400002, 32.389999, 100, 32.400002, 300, -1.190000, -0.390000
1476384431520, 32.400002, 32.389999, 100, 32.400002, 300, -1.190000, -0.390000
1476384433522, 32.400002, 32.389999, 100, 32.400002, 300, -1.190000, -0.390000
1476384435522, 32.400002, 32.389999, 100, 32.400002, 300, -1.190000, -0.390000
1476384437523, 32.400002, 32.389999, 200, 32.400002, 300, -1.190000, -0.390000
1476384439523, 32.400002, 32.389999, 200, 32.400002, 300, -1.190000, -0.390000
1476384441032, 32.400002, 32.389999, 200, 32.400002, 300, -1.190000, -0.390000
1476384443061, 32.400002, 32.389999, 200, 32.400002, 300, -1.190000, -0.390000
1476384445520, 32.400002, 32.389999, 200, 32.400002, 300, -1.190000, -0.390000
1476384446528, 32.400002, 32.389999, 200, 32.400002, 300, -1.190000, -0.390000
1476384449527, 32.400002, 32.389999, 200, 32.400002, 300, -1.190000, -0.390000
1476384451028, 32.400002, 32.389999, 200, 32.400002, 300, -1.190000, -0.390000
1476384453528, 32.400002, 32.410000, 200, 32.419998, 300, -1.190000, -0.390000
1476384454527, 32.419998, 32.419998, 100, 32.439999, 200, -1.130000, -0.370000
1476384457040, 32.419998, 32.419998, 100, 32.439999, 200, -1.130000, -0.370000
1476384458042, 32.419998, 32.419998, 100, 32.439999, 200, -1.130000, -0.370000
1476384461522, 32.419998, 32.419998, 100, 32.439999, 200, -1.130000, -0.370000
1476384463029, 32.419998, 32.419998, 100, 32.439999, 200, -1.130000, -0.370000
1476384465023, 32.419998, 32.419998, 100, 32.439999, 100, -1.130000, -0.370000
1476384467526, 32.419998, 32.419998, 100, 32.439999, 100, -1.130000, -0.370000
1476384469526, 32.419998, 32.419998, 100, 32.439999, 100, -1.130000, -0.370000
1476384471051, 32.419998, 32.419998, 100, 32.439999, 100, -1.130000, -0.370000
1476384473524, 32.419998, 32.419998, 100, 32.439999, 100, -1.130000, -0.370000
1476384475524, 32.419998, 32.419998, 100, 32.439999, 100, -1.130000, -0.370000
1476384477530, 32.419998, 32.419998, 100, 32.439999, 100, -1.130000, -0.370000
1476384479528, 32.419998, 32.419998, 100, 32.439999, 100, -1.130000, -0.370000
1476384481534, 32.419998, 32.419998, 100, 32.439999, 100, -1.130000, -0.370000
1476384483026, 32.419998, 32.419998, 200, 32.439999, 100, -1.130000, -0.370000
1476384485051, 32.419998, 32.419998, 200, 32.439999, 100, -1.130000, -0.370000
1476384485544, 32.419998, 32.419998, 200, 32.439999, 100, -1.130000, -0.370000
1476384489042, 32.419998, 32.419998, 200, 32.439999, 100, -1.130000, -0.370000
1476384490037, 32.419998, 32.419998, 200, 32.439999, 100, -1.130000, -0.370000
1476384493567, 32.419998, 32.419998, 200, 32.439999, 100, -1.130000, -0.370000
1476384495537, 32.419998, 32.419998, 200, 32.439999, 100, -1.130000, -0.370000
1476384497038, 32.419998, 32.419998, 200, 32.439999, 100, -1.130000, -0.370000
1476384499043, 32.419998, 32.419998, 200, 32.439999, 100, -1.130000, -0.370000
1476384501070, 32.419998, 32.419998, 200, 32.439999, 100, -1.130000, -0.370000
1476384503543, 32.419998, 32.419998, 200, 32.439999, 100, -1.130000, -0.370000
1476384505541, 32.419998, 32.419998, 200, 32.439999, 100, -1.130000, -0.370000
1476384507542, 32.419998, 32.419998, 200, 32.439999, 100, -1.130000, -0.370000
1476384509539, 32.419998, 32.419998, 200, 32.439999, 100, -1.130000, -0.370000
1476384511549, 32.419998, 32.419998, 200, 32.439999, 100, -1.130000, -0.370000
1476384513052, 32.419998, 32.419998, 200, 32.439999, 100, -1.130000, -0.370000
1476384515543, 32.419998, 32.419998, 200, 32.439999, 100, -1.130000, -0.370000
1476384516539, 32.419998, 32.419998, 200, 32.439999, 100, -1.130000, -0.370000
1476384518037, 32.419998, 32.419998, 200, 32.439999, 100, -1.130000, -0.370000
1476384520548, 32.439999, 32.439999, 100, 32.450001, 100, -1.070000, -0.350000
1476384523049, 32.439999, 32.450001, 200, 32.490002, 100, -1.070000, -0.350000
1476384525046, 32.439999, 32.450001, 100, 32.490002, 200, -1.070000, -0.350000
1476384527550, 32.439999, 32.450001, 100, 32.490002, 200, -1.070000, -0.350000
1476384529556, 32.439999, 32.450001, 100, 32.490002, 200, -1.070000, -0.350000
1476384531043, 32.439999, 32.450001, 100, 32.490002, 200, -1.070000, -0.350000
1476384533055, 32.439999, 32.450001, 100, 32.490002, 200, -1.070000, -0.350000
1476384535534, 32.439999, 32.450001, 100, 32.490002, 200, -1.070000, -0.350000
1476384537548, 32.439999, 32.450001, 200, 32.490002, 200, -1.070000, -0.350000
1476384539544, 32.439999, 32.450001, 200, 32.490002, 200, -1.070000, -0.350000
1476384541550, 32.439999, 32.450001, 200, 32.490002, 200, -1.070000, -0.350000
1476384543589, 32.439999, 32.450001, 200, 32.490002, 200, -1.070000, -0.350000
1476384545559, 32.439999, 32.450001, 200, 32.490002, 300, -1.070000, -0.350000
1476384547099, 32.439999, 32.450001, 200, 32.490002, 300, -1.070000, -0.350000
1476384549551, 32.439999, 32.450001, 200, 32.490002, 200, -1.070000, -0.350000
1476384551555, 32.439999, 32.450001, 200, 32.490002, 200, -1.070000, -0.350000
1476384553554, 32.439999, 32.450001, 200, 32.490002, 200, -1.070000, -0.350000
1476384555550, 32.439999, 32.450001, 200, 32.490002, 200, -1.070000, -0.350000
1476384557058, 32.439999, 32.450001, 200, 32.490002, 200, -1.070000, -0.350000
1476384559051, 32.439999, 32.450001, 200, 32.490002, 200, -1.070000, -0.350000
1476384561561, 32.439999, 32.450001, 200, 32.490002, 200, -1.070000, -0.350000
1476384563550, 32.439999, 32.450001, 200, 32.490002, 200, -1.070000, -0.350000
1476384565552, 32.439999, 32.450001, 200, 32.490002, 200, -1.070000, -0.350000
1476384567559, 32.439999, 32.450001, 200, 32.490002, 200, -1.070000, -0.350000
1476384569565, 32.439999, 32.450001, 200, 32.490002, 200, -1.070000, -0.350000
1476384571559, 32.439999, 32.450001, 300, 32.490002, 200, -1.070000, -0.350000
1476384573546, 32.439999, 32.450001, 300, 32.490002, 200, -1.070000, -0.350000
1476384575053, 32.439999, 32.459999, 200, 32.490002, 200, -1.070000, -0.350000
1476384577564, 32.470001, 32.450001, 400, 32.480000, 200, -0.980000, -0.320000
1476384579569, 32.450001, 32.430000, 100, 32.450001, 100, -1.040000, -0.340000
1476384581556, 32.450001, 32.419998, 100, 32.450001, 100, -1.040000, -0.340000
1476384583062, 32.410000, 32.410000, 200, 32.439999, 200, -1.160000, -0.380000
1476384585565, 32.410000, 32.410000, 200, 32.439999, 100, -1.160000, -0.380000
1476384587564, 32.410000, 32.410000, 200, 32.439999, 100, -1.160000, -0.380000
1476384589601, 32.410000, 32.410000, 200, 32.439999, 100, -1.160000, -0.380000
1476384591558, 32.410000, 32.410000, 200, 32.439999, 100, -1.160000, -0.380000
1476384593564, 32.410000, 32.410000, 200, 32.450001, 200, -1.160000, -0.380000
1476384595073, 32.410000, 32.410000, 200, 32.450001, 200, -1.160000, -0.380000
1476384597570, 32.410000, 32.410000, 200, 32.450001, 200, -1.160000, -0.380000
1476384599065, 32.410000, 32.410000, 200, 32.450001, 200, -1.160000, -0.380000
1476384601579, 32.410000, 32.410000, 200, 32.450001, 200, -1.160000, -0.380000
1476384603605, 32.410000, 32.410000, 200, 32.450001, 200, -1.160000, -0.380000
1476384605566, 32.410000, 32.410000, 200, 32.450001, 200, -1.160000, -0.380000
1476384607560, 32.410000, 32.410000, 200, 32.450001, 200, -1.160000, -0.380000
1476384609570, 32.410000, 32.410000, 200, 32.450001, 200, -1.160000, -0.380000
1476384611570, 32.410000, 32.410000, 200, 32.450001, 200, -1.160000, -0.380000
1476384613573, 32.410000, 32.410000, 200, 32.450001, 200, -1.160000, -0.380000
1476384615167, 32.410000, 32.410000, 200, 32.450001, 200, -1.160000, -0.380000
1476384617083, 32.410000, 32.410000, 200, 32.450001, 200, -1.160000, -0.380000
1476384619569, 32.410000, 32.410000, 200, 32.450001, 200, -1.160000, -0.380000
1476384621571, 32.410000, 32.410000, 200, 32.450001, 200, -1.160000, -0.380000
1476384623558, 32.410000, 32.419998, 100, 32.450001, 200, -1.160000, -0.380000
1476384625571, 32.410000, 32.419998, 100, 32.450001, 200, -1.160000, -0.380000
1476384627570, 32.410000, 32.419998, 100, 32.450001, 200, -1.160000, -0.380000
1476384629603, 32.410000, 32.419998, 100, 32.450001, 200, -1.160000, -0.380000
1476384631570, 32.410000, 32.419998, 100, 32.450001, 200, -1.160000, -0.380000
1476384633610, 32.410000, 32.419998, 100, 32.450001, 200, -1.160000, -0.380000
1476384635569, 32.410000, 32.419998, 100, 32.450001, 200, -1.160000, -0.380000
1476384637568, 32.410000, 32.419998, 100, 32.450001, 200, -1.160000, -0.380000
1476384639070, 32.410000, 32.419998, 100, 32.450001, 200, -1.160000, -0.380000
1476384641574, 32.410000, 32.419998, 100, 32.450001, 200, -1.160000, -0.380000
1476384643574, 32.410000, 32.419998, 100, 32.450001, 200, -1.160000, -0.380000
1476384645058, 32.410000, 32.419998, 100, 32.450001, 200, -1.160000, -0.380000
1476384647577, 32.410000, 32.419998, 100, 32.450001, 200, -1.160000, -0.380000
1476384649566, 32.410000, 32.419998, 100, 32.450001, 200, -1.160000, -0.380000
1476384651571, 32.410000, 32.410000, 200, 32.450001, 200, -1.160000, -0.380000
1476384653621, 32.410000, 32.410000, 200, 32.450001, 200, -1.160000, -0.380000
1476384655572, 32.410000, 32.410000, 200, 32.450001, 200, -1.160000, -0.380000
1476384657597, 32.410000, 32.410000, 200, 32.450001, 200, -1.160000, -0.380000
1476384659106, 32.410000, 32.410000, 200, 32.450001, 200, -1.160000, -0.380000
1476384661584, 32.410000, 32.410000, 200, 32.450001, 200, -1.160000, -0.380000
1476384663578, 32.410000, 32.410000, 200, 32.450001, 200, -1.160000, -0.380000
1476384665080, 32.410000, 32.410000, 200, 32.450001, 200, -1.160000, -0.380000
1476384667582, 32.410000, 32.410000, 200, 32.450001, 200, -1.160000, -0.380000
1476384669585, 32.410000, 32.410000, 200, 32.439999, 200, -1.160000, -0.380000
1476384671074, 32.410000, 32.410000, 200, 32.439999, 200, -1.160000, -0.380000
1476384673091, 32.410000, 32.410000, 200, 32.439999, 200, -1.160000, -0.380000
1476384675105, 32.410000, 32.410000, 200, 32.439999, 200, -1.160000, -0.380000
1476384677586, 32.410000, 32.410000, 200, 32.439999, 200, -1.160000, -0.380000
1476384679593, 32.410000, 32.410000, 200, 32.439999, 200, -1.160000, -0.380000
1476384681586, 32.410000, 32.410000, 200, 32.439999, 200, -1.160000, -0.380000
1476384683083, 32.410000, 32.410000, 200, 32.439999, 200, -1.160000, -0.380000
1476384685585, 32.410000, 32.410000, 200, 32.439999, 200, -1.160000, -0.380000
1476384687088, 32.410000, 32.410000, 200, 32.439999, 200, -1.160000, -0.380000
1476384689128, 32.410000, 32.410000, 400, 32.439999, 200, -1.160000, -0.380000
1476384691591, 32.410000, 32.410000, 400, 32.439999, 200, -1.160000, -0.380000
1476384693597, 32.410000, 32.410000, 400, 32.439999, 200, -1.160000, -0.380000
1476384695090, 32.410000, 32.410000, 300, 32.439999, 200, -1.160000, -0.380000
1476384697093, 32.410000, 32.410000, 300, 32.439999, 200, -1.160000, -0.380000
1476384699588, 32.410000, 32.410000, 300, 32.439999, 200, -1.160000, -0.380000
1476384701632, 32.410000, 32.410000, 300, 32.439999, 200, -1.160000, -0.380000
1476384703595, 32.410000, 32.410000, 300, 32.439999, 200, -1.160000, -0.380000
1476384705088, 32.410000, 32.410000, 300, 32.439999, 200, -1.160000, -0.380000
1476384707587, 32.410000, 32.410000, 300, 32.439999, 200, -1.160000, -0.380000
1476384709583, 32.410000, 32.410000, 300, 32.439999, 200, -1.160000, -0.380000
1476384711592, 32.410000, 32.410000, 300, 32.439999, 200, -1.160000, -0.380000
1476384713598, 32.410000, 32.410000, 300, 32.439999, 200, -1.160000, -0.380000
1476384715604, 32.410000, 32.410000, 300, 32.439999, 200, -1.160000, -0.380000
1476384717603, 32.410000, 32.410000, 300, 32.439999, 100, -1.160000, -0.380000
1476384718103, 32.410000, 32.410000, 300, 32.439999, 100, -1.160000, -0.380000
1476384721608, 32.410000, 32.410000, 300, 32.439999, 100, -1.160000, -0.380000
1476384722595, 32.410000, 32.410000, 300, 32.439999, 100, -1.160000, -0.380000
1476384725101, 32.410000, 32.410000, 300, 32.439999, 100, -1.160000, -0.380000
1476384727590, 32.410000, 32.410000, 300, 32.439999, 100, -1.160000, -0.380000
1476384729609, 32.410000, 32.410000, 300, 32.439999, 100, -1.160000, -0.380000
1476384731600, 32.410000, 32.410000, 300, 32.439999, 100, -1.160000, -0.380000
1476384733124, 32.410000, 32.410000, 300, 32.439999, 100, -1.160000, -0.380000
1476384735594, 32.410000, 32.410000, 300, 32.439999, 100, -1.160000, -0.380000
1476384737604, 32.410000, 32.410000, 300, 32.439999, 100, -1.160000, -0.380000
1476384738594, 32.410000, 32.410000, 300, 32.439999, 100, -1.160000, -0.380000
1476384741603, 32.410000, 32.410000, 300, 32.439999, 100, -1.160000, -0.380000
1476384743601, 32.410000, 32.410000, 300, 32.439999, 100, -1.160000, -0.380000
1476384745600, 32.410000, 32.410000, 300, 32.439999, 100, -1.160000, -0.380000
1476384747146, 32.410000, 32.410000, 300, 32.439999, 100, -1.160000, -0.380000
1476384749604, 32.410000, 32.410000, 300, 32.439999, 100, -1.160000, -0.380000
1476384751603, 32.410000, 32.410000, 300, 32.439999, 100, -1.160000, -0.380000
1476384752611, 32.410000, 32.410000, 300, 32.439999, 100, -1.160000, -0.380000
1476384754606, 32.410000, 32.410000, 300, 32.439999, 100, -1.160000, -0.380000
1476384757113, 32.410000, 32.410000, 300, 32.439999, 100, -1.160000, -0.380000
1476384759617, 32.410000, 32.410000, 300, 32.439999, 100, -1.160000, -0.380000
1476384761633, 32.410000, 32.410000, 300, 32.439999, 100, -1.160000, -0.380000
1476384763603, 32.410000, 32.410000, 300, 32.439999, 100, -1.160000, -0.380000
1476384764115, 32.410000, 32.410000, 300, 32.439999, 100, -1.160000, -0.380000
1476384767559, 32.410000, 32.410000, 300, 32.439999, 100, -1.160000, -0.380000
1476384769040, 32.410000, 32.410000, 300, 32.439999, 100, -1.160000, -0.380000
1476384771522, 32.410000, 32.389999, 100, 32.410000, 300, -1.160000, -0.380000
1476384773525, 32.410000, 32.389999, 100, 32.410000, 300, -1.160000, -0.380000
1476384774534, 32.410000, 32.389999, 100, 32.410000, 300, -1.160000, -0.380000
1476384777520, 32.410000, 32.389999, 100, 32.410000, 300, -1.160000, -0.380000
1476384779529, 32.410000, 32.400002, 100, 32.410000, 300, -1.160000, -0.380000
1476384781524, 32.410000, 32.400002, 100, 32.410000, 200, -1.160000, -0.380000
1476384783526, 32.410000, 32.400002, 100, 32.410000, 200, -1.160000, -0.380000
1476384784521, 32.410000, 32.400002, 100, 32.410000, 200, -1.160000, -0.380000
1476384787522, 32.410000, 32.400002, 200, 32.410000, 200, -1.160000, -0.380000
1476384788019, 32.410000, 32.400002, 200, 32.410000, 200, -1.160000, -0.380000
1476384791521, 32.410000, 32.400002, 200, 32.410000, 200, -1.160000, -0.380000
1476384793522, 32.410000, 32.400002, 200, 32.410000, 200, -1.160000, -0.380000
1476384794529, 32.410000, 32.400002, 200, 32.410000, 200, -1.160000, -0.380000
1476384796027, 32.410000, 32.400002, 200, 32.410000, 200, -1.160000, -0.380000
1476384799522, 32.410000, 32.400002, 200, 32.410000, 200, -1.160000, -0.380000
1476384801531, 32.410000, 32.400002, 200, 32.410000, 200, -1.160000, -0.380000
1476384803529, 32.410000, 32.400002, 200, 32.410000, 200, -1.160000, -0.380000
1476384805032, 32.419998, 32.400002, 200, 32.430000, 100, -1.130000, -0.370000
1476384807531, 32.419998, 32.400002, 200, 32.430000, 100, -1.130000, -0.370000
1476384809525, 32.419998, 32.400002, 200, 32.430000, 100, -1.130000, -0.370000
1476384811534, 32.419998, 32.400002, 200, 32.439999, 200, -1.130000, -0.370000
1476384813531, 32.419998, 32.400002, 100, 32.439999, 200, -1.130000, -0.370000
1476384815529, 32.419998, 32.400002, 100, 32.439999, 200, -1.130000, -0.370000
1476384817550, 32.419998, 32.400002, 100, 32.439999, 200, -1.130000, -0.370000
1476384819534, 32.419998, 32.400002, 100, 32.439999, 100, -1.130000, -0.370000
1476384821043, 32.419998, 32.400002, 100, 32.439999, 100, -1.130000, -0.370000
1476384823537, 32.419998, 32.400002, 100, 32.439999, 100, -1.130000, -0.370000
1476384825032, 32.419998, 32.400002, 100, 32.439999, 100, -1.130000, -0.370000
1476384827034, 32.419998, 32.400002, 100, 32.439999, 100, -1.130000, -0.370000
1476384829543, 32.419998, 32.400002, 100, 32.439999, 100, -1.130000, -0.370000
1476384831550, 32.419998, 32.400002, 100, 32.439999, 100, -1.130000, -0.370000
1476384833547, 32.419998, 32.400002, 100, 32.439999, 100, -1.130000, -0.370000
1476384835039, 32.419998, 32.400002, 100, 32.439999, 100, -1.130000, -0.370000
1476384837536, 32.419998, 32.400002, 100, 32.439999, 100, -1.130000, -0.370000
1476384839538, 32.419998, 32.400002, 100, 32.439999, 100, -1.130000, -0.370000
1476384841539, 32.419998, 32.400002, 200, 32.439999, 100, -1.130000, -0.370000
1476384843542, 32.419998, 32.400002, 200, 32.439999, 100, -1.130000, -0.370000
1476384844541, 32.419998, 32.400002, 200, 32.439999, 100, -1.130000, -0.370000
1476384847549, 32.419998, 32.400002, 200, 32.439999, 100, -1.130000, -0.370000
1476384848561, 32.419998, 32.400002, 200, 32.439999, 100, -1.130000, -0.370000
1476384851539, 32.419998, 32.400002, 200, 32.439999, 100, -1.130000, -0.370000
1476384853540, 32.419998, 32.400002, 200, 32.439999, 100, -1.130000, -0.370000
1476384855545, 32.419998, 32.400002, 200, 32.439999, 100, -1.130000, -0.370000
1476384857045, 32.419998, 32.400002, 200, 32.439999, 100, -1.130000, -0.370000
1476384858546, 32.419998, 32.400002, 300, 32.439999, 100, -1.130000, -0.370000
1476384861560, 32.419998, 32.400002, 300, 32.439999, 100, -1.130000, -0.370000
1476384863042, 32.419998, 32.419998, 100, 32.439999, 100, -1.130000, -0.370000
1476384865078, 32.419998, 32.419998, 100, 32.439999, 100, -1.130000, -0.370000
1476384867544, 32.419998, 32.419998, 200, 32.439999, 100, -1.130000, -0.370000
1476384869545, 32.419998, 32.419998, 200, 32.439999, 100, -1.130000, -0.370000
1476384871544, 32.419998, 32.419998, 200, 32.439999, 100, -1.130000, -0.370000
1476384872045, 32.419998, 32.419998, 200, 32.439999, 100, -1.130000, -0.370000
1476384875579, 32.419998, 32.419998, 200, 32.439999, 200, -1.130000, -0.370000
1476384877543, 32.419998, 32.419998, 200, 32.439999, 200, -1.130000, -0.370000
1476384879541, 32.419998, 32.419998, 200, 32.439999, 200, -1.130000, -0.370000
1476384881554, 32.419998, 32.419998, 200, 32.439999, 200, -1.130000, -0.370000
1476384883056, 32.419998, 32.419998, 200, 32.439999, 200, -1.130000, -0.370000
1476384885549, 32.419998, 32.419998, 200, 32.439999, 200, -1.130000, -0.370000
1476384887553, 32.419998, 32.419998, 200, 32.439999, 200, -1.130000, -0.370000
1476384889051, 32.419998, 32.419998, 200, 32.439999, 200, -1.130000, -0.370000
1476384890045, 32.419998, 32.419998, 200, 32.439999, 200, -1.130000, -0.370000
1476384892560, 32.419998, 32.419998, 200, 32.439999, 200, -1.130000, -0.370000
1476384895553, 32.419998, 32.419998, 200, 32.439999, 200, -1.130000, -0.370000
1476384897045, 32.419998, 32.419998, 200, 32.439999, 200, -1.130000, -0.370000
1476384899549, 32.419998, 32.419998, 200, 32.439999, 200, -1.130000, -0.370000
1476384901554, 32.419998, 32.419998, 200, 32.439999, 200, -1.130000, -0.370000
1476384903582, 32.419998, 32.419998, 200, 32.439999, 200, -1.130000, -0.370000
1476384905626, 32.439999, 32.419998, 200, 32.439999, 200, -1.070000, -0.350000
1476384907567, 32.439999, 32.419998, 200, 32.439999, 200, -1.070000, -0.350000
1476384909057, 32.439999, 32.419998, 200, 32.439999, 200, -1.070000, -0.350000
1476384911539, 32.439999, 32.419998, 200, 32.439999, 200, -1.070000, -0.350000
1476384913572, 32.439999, 32.419998, 200, 32.439999, 200, -1.070000, -0.350000
1476384915553, 32.439999, 32.419998, 200, 32.439999, 200, -1.070000, -0.350000
1476384917567, 32.439999, 32.439999, 100, 32.450001, 200, -1.070000, -0.350000
1476384918551, 32.450001, 32.439999, 100, 32.450001, 100, -1.040000, -0.340000
1476384921585, 32.450001, 32.439999, 100, 32.450001, 200, -1.040000, -0.340000
1476384923565, 32.450001, 32.439999, 400, 32.450001, 200, -1.040000, -0.340000
1476384925566, 32.450001, 32.439999, 400, 32.450001, 200, -1.040000, -0.340000
1476384927561, 32.450001, 32.439999, 400, 32.450001, 200, -1.040000, -0.340000
1476384929557, 32.450001, 32.439999, 400, 32.450001, 200, -1.040000, -0.340000
1476384931562, 32.450001, 32.439999, 400, 32.450001, 200, -1.040000, -0.340000
1476384933568, 32.450001, 32.439999, 400, 32.450001, 200, -1.040000, -0.340000
1476384935565, 32.450001, 32.439999, 400, 32.450001, 100, -1.040000, -0.340000
1476384937565, 32.450001, 32.450001, 100, 32.480000, 300, -1.040000, -0.340000
1476384939560, 32.450001, 32.450001, 100, 32.480000, 300, -1.040000, -0.340000
1476384941052, 32.450001, 32.450001, 100, 32.480000, 300, -1.040000, -0.340000
1476384943055, 32.450001, 32.450001, 100, 32.480000, 200, -1.040000, -0.340000
1476384945564, 32.450001, 32.450001, 100, 32.480000, 300, -1.040000, -0.340000
1476384947056, 32.450001, 32.450001, 100, 32.480000, 300, -1.040000, -0.340000
1476384948560, 32.450001, 32.450001, 100, 32.480000, 300, -1.040000, -0.340000
1476384951108, 32.450001, 32.450001, 100, 32.480000, 300, -1.040000, -0.340000
1476384953614, 32.450001, 32.450001, 100, 32.480000, 300, -1.040000, -0.340000
1476384955569, 32.450001, 32.450001, 100, 32.480000, 300, -1.040000, -0.340000
1476384957077, 32.450001, 32.450001, 100, 32.480000, 100, -1.040000, -0.340000
1476384959571, 32.450001, 32.450001, 100, 32.480000, 100, -1.040000, -0.340000
1476384961570, 32.450001, 32.450001, 100, 32.480000, 100, -1.040000, -0.340000
1476384963056, 32.450001, 32.450001, 100, 32.480000, 100, -1.040000, -0.340000
1476384965578, 32.450001, 32.450001, 100, 32.480000, 100, -1.040000, -0.340000
1476384967564, 32.459999, 32.470001, 100, 32.490002, 100, -1.010000, -0.330000
1476384969568, 32.459999, 32.470001, 100, 32.490002, 100, -1.010000, -0.330000
1476384971577, 32.459999, 32.470001, 100, 32.490002, 100, -1.010000, -0.330000
1476384973588, 32.459999, 32.430000, 300, 32.470001, 200, -1.010000, -0.330000
1476384975072, 32.410000, 32.410000, 200, 32.450001, 200, -1.160000, -0.380000
1476384977607, 32.410000, 32.389999, 100, 32.450001, 200, -1.160000, -0.380000
1476384979566, 32.410000, 32.389999, 100, 32.450001, 200, -1.160000, -0.380000
1476384981572, 32.410000, 32.400002, 100, 32.450001, 200, -1.160000, -0.380000
1476384983571, 32.400002, 32.400002, 100, 32.450001, 200, -1.190000, -0.390000
1476384985078, 32.424999, 32.400002, 100, 32.450001, 200, -1.110000, -0.365000
1476384987574, 32.424999, 32.400002, 100, 32.450001, 200, -1.110000, -0.365000
1476384989577, 32.424999, 32.400002, 100, 32.450001, 200, -1.110000, -0.365000
1476384991061, 32.424999, 32.400002, 100, 32.450001, 200, -1.110000, -0.365000
1476384993628, 32.424999, 32.400002, 100, 32.450001, 200, -1.110000, -0.365000
1476384995582, 32.424999, 32.400002, 100, 32.450001, 100, -1.110000, -0.365000
1476384997082, 32.424999, 32.400002, 100, 32.450001, 100, -1.110000, -0.365000
1476384999591, 32.424999, 32.389999, 100, 32.450001, 100, -1.110000, -0.365000
1476385001572, 32.424999, 32.389999, 100, 32.450001, 100, -1.110000, -0.365000
1476385003588, 32.424999, 32.389999, 100, 32.450001, 100, -1.110000, -0.365000
1476385005583, 32.424999, 32.389999, 100, 32.450001, 200, -1.110000, -0.365000
1476385007619, 32.424999, 32.389999, 100, 32.450001, 200, -1.110000, -0.365000
1476385009589, 32.424999, 32.389999, 100, 32.450001, 200, -1.110000, -0.365000
1476385011589, 32.424999, 32.389999, 100, 32.450001, 200, -1.110000, -0.365000
1476385013590, 32.419998, 32.389999, 100, 32.450001, 200, -1.130000, -0.370000
1476385015586, 32.419998, 32.389999, 100, 32.450001, 200, -1.130000, -0.370000
1476385016592, 32.419998, 32.389999, 100, 32.450001, 200, -1.130000, -0.370000
1476385019616, 32.419998, 32.389999, 100, 32.450001, 200, -1.130000, -0.370000
1476385021667, 32.419998, 32.389999, 100, 32.450001, 200, -1.130000, -0.370000
1476385023593, 32.419998, 32.389999, 100, 32.450001, 200, -1.130000, -0.370000
1476385025587, 32.419998, 32.389999, 100, 32.450001, 200, -1.130000, -0.370000
1476385027588, 32.419998, 32.389999, 100, 32.450001, 200, -1.130000, -0.370000
1476385029078, 32.419998, 32.389999, 100, 32.450001, 200, -1.130000, -0.370000
1476385031600, 32.419998, 32.389999, 100, 32.450001, 200, -1.130000, -0.370000
1476385033603, 32.419998, 32.389999, 100, 32.450001, 200, -1.130000, -0.370000
1476385035594, 32.419998, 32.389999, 100, 32.450001, 200, -1.130000, -0.370000
1476385037113, 32.419998, 32.389999, 100, 32.450001, 200, -1.130000, -0.370000
1476385039596, 32.419998, 32.389999, 100, 32.450001, 200, -1.130000, -0.370000
1476385041574, 32.419998, 32.389999, 100, 32.450001, 200, -1.130000, -0.370000
1476385043590, 32.419998, 32.389999, 100, 32.450001, 200, -1.130000, -0.370000
1476385045603, 32.419998, 32.389999, 100, 32.450001, 200, -1.130000, -0.370000
1476385047596, 32.419998, 32.389999, 100, 32.450001, 200, -1.130000, -0.370000
1476385048588, 32.419998, 32.389999, 100, 32.450001, 200, -1.130000, -0.370000
1476385051157, 32.419998, 32.389999, 100, 32.450001, 200, -1.130000, -0.370000
1476385053088, 32.419998, 32.389999, 100, 32.450001, 200, -1.130000, -0.370000
1476385055596, 32.419998, 32.389999, 100, 32.419998, 100, -1.130000, -0.370000
1476385057594, 32.419998, 32.380001, 100, 32.419998, 200, -1.130000, -0.370000
1476385059593, 32.419998, 32.380001, 100, 32.419998, 100, -1.130000, -0.370000
1476385061604, 32.419998, 32.380001, 100, 32.419998, 100, -1.130000, -0.370000
1476385063620, 32.419998, 32.380001, 100, 32.419998, 100, -1.130000, -0.370000
1476385065623, 32.419998, 32.380001, 100, 32.419998, 100, -1.130000, -0.370000
1476385067602, 32.419998, 32.380001, 100, 32.419998, 100, -1.130000, -0.370000
1476385069105, 32.419998, 32.380001, 100, 32.419998, 100, -1.130000, -0.370000
1476385071659, 32.419998, 32.369999, 100, 32.419998, 200, -1.130000, -0.370000
1476385073607, 32.419998, 32.369999, 100, 32.419998, 200, -1.130000, -0.370000
1476385075642, 32.419998, 32.369999, 100, 32.419998, 100, -1.130000, -0.370000
1476385077620, 32.419998, 32.369999, 200, 32.419998, 100, -1.130000, -0.370000
1476385079674, 32.419998, 32.369999, 200, 32.419998, 100, -1.130000, -0.370000
1476385081599, 32.419998, 32.369999, 300, 32.419998, 100, -1.130000, -0.370000
1476385083646, 32.419998, 32.369999, 300, 32.419998, 200, -1.130000, -0.370000
1476385085597, 32.419998, 32.369999, 300, 32.419998, 200, -1.130000, -0.370000
1476385087110, 32.419998, 32.369999, 300, 32.419998, 200, -1.130000, -0.370000
1476385089584, 32.419998, 32.369999, 300, 32.419998, 200, -1.130000, -0.370000
1476385091675, 32.419998, 32.369999, 300, 32.419998, 200, -1.130000, -0.370000
1476385093625, 32.419998, 32.369999, 300, 32.419998, 200, -1.130000, -0.370000
1476385095099, 32.419998, 32.369999, 300, 32.419998, 200, -1.130000, -0.370000
1476385097609, 32.419998, 32.369999, 100, 32.419998, 200, -1.130000, -0.370000
1476385099641, 32.419998, 32.369999, 100, 32.419998, 200, -1.130000, -0.370000
1476385101603, 32.419998, 32.369999, 100, 32.419998, 200, -1.130000, -0.370000
1476385103594, 32.419998, 32.369999, 100, 32.419998, 200, -1.130000, -0.370000
1476385105613, 32.419998, 32.369999, 100, 32.419998, 200, -1.130000, -0.370000
1476385106116, 32.419998, 32.369999, 100, 32.419998, 200, -1.130000, -0.370000
1476385109527, 32.419998, 32.380001, 100, 32.419998, 200, -1.130000, -0.370000
1476385111009, 32.419998, 32.369999, 100, 32.419998, 200, -1.130000, -0.370000
1476385113519, 32.419998, 32.380001, 100, 32.419998, 200, -1.130000, -0.370000
1476385115013, 32.419998, 32.380001, 100, 32.419998, 200, -1.130000, -0.370000
1476385117509, 32.419998, 32.380001, 100, 32.419998, 200, -1.130000, -0.370000
1476385119516, 32.419998, 32.380001, 100, 32.419998, 200, -1.130000, -0.370000
1476385121022, 32.419998, 32.380001, 100, 32.419998, 200, -1.130000, -0.370000
1476385123022, 32.419998, 32.380001, 100, 32.419998, 200, -1.130000, -0.370000
1476385125517, 32.419998, 32.410000, 100, 32.419998, 200, -1.130000, -0.370000
1476385127517, 32.419998, 32.410000, 100, 32.419998, 200, -1.130000, -0.370000
1476385129525, 32.419998, 32.410000, 100, 32.419998, 200, -1.130000, -0.370000
1476385130519, 32.419998, 32.410000, 100, 32.419998, 200, -1.130000, -0.370000
1476385133520, 32.410000, 32.410000, 100, 32.419998, 200, -1.160000, -0.380000
1476385135531, 32.410000, 32.410000, 100, 32.419998, 200, -1.160000, -0.380000
1476385137524, 32.410000, 32.410000, 100, 32.419998, 200, -1.160000, -0.380000
1476385139526, 32.410000, 32.410000, 100, 32.419998, 200, -1.160000, -0.380000
1476385141523, 32.410000, 32.410000, 100, 32.419998, 200, -1.160000, -0.380000
1476385143522, 32.410000, 32.410000, 100, 32.419998, 200, -1.160000, -0.380000
1476385145564, 32.410000, 32.410000, 100, 32.419998, 200, -1.160000, -0.380000
1476385147023, 32.410000, 32.410000, 200, 32.419998, 200, -1.160000, -0.380000
1476385149526, 32.410000, 32.410000, 200, 32.419998, 200, -1.160000, -0.380000
1476385151572, 32.410000, 32.410000, 200, 32.419998, 200, -1.160000, -0.380000
1476385153095, 32.410000, 32.410000, 200, 32.419998, 200, -1.160000, -0.380000
1476385153095, 32.410000, 32.410000, 200, 32.419998, 200, -1.160000, -0.380000
1476385157538, 32.410000, 32.410000, 200, 32.419998, 200, -1.160000, -0.380000
1476385158536, 32.410000, 32.410000, 200, 32.419998, 200, -1.160000, -0.380000
1476385160564, 32.410000, 32.410000, 200, 32.419998, 200, -1.160000, -0.380000
1476385163534, 32.410000, 32.410000, 200, 32.419998, 200, -1.160000, -0.380000
1476385165067, 32.410000, 32.410000, 200, 32.419998, 100, -1.160000, -0.380000
1476385167530, 32.410000, 32.410000, 200, 32.419998, 200, -1.160000, -0.380000
1476385169537, 32.410000, 32.410000, 200, 32.419998, 200, -1.160000, -0.380000
1476385171532, 32.410000, 32.410000, 200, 32.419998, 200, -1.160000, -0.380000
1476385173531, 32.410000, 32.410000, 200, 32.419998, 200, -1.160000, -0.380000
1476385175570, 32.410000, 32.410000, 200, 32.419998, 200, -1.160000, -0.380000
1476385177030, 32.410000, 32.410000, 200, 32.419998, 200, -1.160000, -0.380000
1476385178539, 32.410000, 32.410000, 200, 32.419998, 200, -1.160000, -0.380000
1476385181555, 32.410000, 32.410000, 200, 32.419998, 200, -1.160000, -0.380000
1476385182042, 32.410000, 32.410000, 200, 32.419998, 200, -1.160000, -0.380000
1476385185032, 32.419998, 32.419998, 100, 32.430000, 100, -1.130000, -0.370000
1476385187543, 32.419998, 32.419998, 200, 32.430000, 100, -1.130000, -0.370000
1476385187543, 32.419998, 32.419998, 200, 32.430000, 100, -1.130000, -0.370000
1476385190547, 32.430000, 32.430000, 100, 32.450001, 100, -1.100000, -0.360000
1476385193036, 32.430000, 32.430000, 100, 32.450001, 100, -1.100000, -0.360000
1476385195548, 32.430000, 32.430000, 100, 32.450001, 100, -1.100000, -0.360000
1476385197545, 32.430000, 32.430000, 100, 32.450001, 100, -1.100000, -0.360000
1476385199554, 32.430000, 32.430000, 100, 32.450001, 100, -1.100000, -0.360000
1476385202040, 32.430000, 32.430000, 100, 32.450001, 100, -1.100000, -0.360000
1476385203536, 32.439999, 32.430000, 100, 32.450001, 100, -1.070000, -0.350000
1476385205535, 32.439999, 32.430000, 100, 32.450001, 100, -1.070000, -0.350000
1476385207541, 32.439999, 32.430000, 100, 32.450001, 100, -1.070000, -0.350000
1476385209548, 32.439999, 32.430000, 100, 32.439999, 100, -1.070000, -0.350000
1476385211548, 32.430000, 32.430000, 100, 32.439999, 100, -1.100000, -0.360000
1476385213561, 32.430000, 32.419998, 200, 32.430000, 100, -1.100000, -0.360000
1476385215587, 32.430000, 32.419998, 300, 32.430000, 100, -1.100000, -0.360000
1476385217554, 32.430000, 32.419998, 200, 32.439999, 100, -1.100000, -0.360000
1476385219047, 32.430000, 32.419998, 200, 32.439999, 100, -1.100000, -0.360000
1476385221545, 32.430000, 32.419998, 100, 32.439999, 100, -1.100000, -0.360000
1476385223550, 32.430000, 32.419998, 100, 32.439999, 100, -1.100000, -0.360000
1476385225049, 32.419998, 32.389999, 100, 32.419998, 200, -1.130000, -0.370000
1476385227560, 32.419998, 32.389999, 100, 32.419998, 200, -1.130000, -0.370000
1476385229541, 32.419998, 32.389999, 100, 32.419998, 200, -1.130000, -0.370000
1476385231550, 32.419998, 32.389999, 100, 32.419998, 200, -1.130000, -0.370000
1476385233562, 32.389999, 32.389999, 100, 32.419998, 200, -1.220000, -0.400000
1476385235050, 32.389999, 32.389999, 100, 32.419998, 200, -1.220000, -0.400000
1476385237557, 32.389999, 32.389999, 100, 32.419998, 200, -1.220000, -0.400000
1476385239053, 32.389999, 32.389999, 100, 32.419998, 200, -1.220000, -0.400000
1476385241560, 32.389999, 32.389999, 100, 32.419998, 200, -1.220000, -0.400000
1476385243559, 32.389999, 32.389999, 100, 32.419998, 200, -1.220000, -0.400000
1476385245046, 32.389999, 32.389999, 100, 32.419998, 200, -1.220000, -0.400000
1476385247563, 32.389999, 32.389999, 100, 32.419998, 200, -1.220000, -0.400000
1476385249559, 32.389999, 32.389999, 100, 32.419998, 200, -1.220000, -0.400000
1476385251598, 32.410000, 32.389999, 100, 32.410000, 200, -1.160000, -0.380000
1476385253562, 32.360001, 32.360001, 100, 32.410000, 200, -1.310000, -0.430000
1476385255587, 32.360001, 32.360001, 100, 32.410000, 200, -1.310000, -0.430000
1476385257547, 32.360001, 32.360001, 100, 32.410000, 200, -1.310000, -0.430000
1476385258601, 32.360001, 32.360001, 100, 32.410000, 400, -1.310000, -0.430000
1476385261544, 32.380402, 32.360001, 200, 32.410000, 400, -1.250000, -0.409600
1476385264054, 32.380402, 32.360001, 200, 32.410000, 400, -1.250000, -0.409600
1476385265563, 32.380402, 32.360001, 200, 32.410000, 400, -1.250000, -0.409600
1476385267564, 32.380402, 32.360001, 200, 32.410000, 400, -1.250000, -0.409600
1476385269563, 32.380402, 32.360001, 200, 32.410000, 400, -1.250000, -0.409600
1476385271598, 32.380402, 32.360001, 200, 32.410000, 400, -1.250000, -0.409600
1476385271598, 32.380402, 32.360001, 200, 32.410000, 400, -1.250000, -0.409600
1476385276056, 32.380402, 32.360001, 200, 32.410000, 400, -1.250000, -0.409600
1476385277566, 32.380402, 32.360001, 200, 32.410000, 400, -1.250000, -0.409600
1476385279562, 32.380402, 32.360001, 200, 32.410000, 400, -1.250000, -0.409600
1476385281591, 32.380402, 32.360001, 200, 32.410000, 400, -1.250000, -0.409600
1476385283605, 32.380402, 32.360001, 200, 32.410000, 400, -1.250000, -0.409600
1476385285565, 32.380402, 32.360001, 200, 32.410000, 400, -1.250000, -0.409600
1476385288064, 32.380402, 32.360001, 200, 32.410000, 400, -1.250000, -0.409600
1476385289585, 32.380402, 32.360001, 200, 32.410000, 500, -1.250000, -0.409600
1476385291569, 32.380402, 32.360001, 200, 32.410000, 500, -1.250000, -0.409600
1476385293630, 32.380402, 32.360001, 200, 32.410000, 200, -1.250000, -0.409600
1476385295067, 32.380402, 32.360001, 200, 32.410000, 200, -1.250000, -0.409600
1476385297577, 32.380402, 32.360001, 200, 32.410000, 200, -1.250000, -0.409600
1476385299576, 32.380402, 32.360001, 200, 32.410000, 200, -1.250000, -0.409600
1476385301570, 32.380402, 32.360001, 200, 32.410000, 200, -1.250000, -0.409600
1476385303572, 32.380402, 32.360001, 200, 32.410000, 200, -1.250000, -0.409600
1476385305578, 32.380402, 32.360001, 200, 32.410000, 200, -1.250000, -0.409600
1476385307576, 32.380402, 32.360001, 200, 32.410000, 200, -1.250000, -0.409600
1476385309569, 32.380402, 32.360001, 200, 32.410000, 200, -1.250000, -0.409600
1476385311573, 32.380402, 32.360001, 200, 32.410000, 200, -1.250000, -0.409600
1476385313574, 32.380402, 32.360001, 200, 32.410000, 200, -1.250000, -0.409600
1476385315584, 32.380402, 32.360001, 200, 32.410000, 200, -1.250000, -0.409600
1476385317569, 32.380402, 32.360001, 200, 32.410000, 200, -1.250000, -0.409600
1476385319576, 32.380402, 32.360001, 200, 32.410000, 200, -1.250000, -0.409600
1476385320615, 32.380402, 32.360001, 200, 32.410000, 200, -1.250000, -0.409600
1476385323588, 32.380402, 32.360001, 200, 32.410000, 200, -1.250000, -0.409600
1476385326090, 32.380402, 32.360001, 200, 32.410000, 200, -1.250000, -0.409600
1476385327160, 32.380402, 32.360001, 200, 32.410000, 200, -1.250000, -0.409600
1476385330078, 32.380402, 32.360001, 200, 32.410000, 200, -1.250000, -0.409600
1476385332087, 32.380402, 32.360001, 200, 32.410000, 200, -1.250000, -0.409600
1476385334087, 32.380402, 32.369999, 100, 32.410000, 200, -1.250000, -0.409600
1476385336087, 32.380402, 32.369999, 100, 32.410000, 200, -1.250000, -0.409600
1476385338088, 32.380402, 32.369999, 100, 32.410000, 200, -1.250000, -0.409600
1476385340082, 32.380402, 32.369999, 100, 32.410000, 200, -1.250000, -0.409600
1476385341585, 32.380402, 32.369999, 100, 32.410000, 200, -1.250000, -0.409600
1476385344082, 32.380402, 32.369999, 100, 32.410000, 300, -1.250000, -0.409600
1476385345589, 32.380402, 32.369999, 100, 32.410000, 300, -1.250000, -0.409600
1476385348084, 32.380402, 32.369999, 100, 32.410000, 300, -1.250000, -0.409600
1476385350084, 32.380402, 32.369999, 100, 32.410000, 400, -1.250000, -0.409600
1476385351583, 32.380402, 32.369999, 100, 32.410000, 400, -1.250000, -0.409600
1476385354079, 32.380402, 32.369999, 100, 32.410000, 400, -1.250000, -0.409600
1476385356095, 32.369999, 32.360001, 300, 32.400002, 200, -1.280000, -0.420000
1476385358090, 32.360001, 32.349998, 100, 32.360001, 200, -1.310000, -0.430000
1476385359592, 32.360001, 32.360001, 100, 32.369999, 100, -1.310000, -0.430000
1476385362087, 32.369999, 32.360001, 100, 32.369999, 100, -1.280000, -0.420000
1476385364094, 32.369999, 32.360001, 100, 32.369999, 100, -1.280000, -0.420000
1476385366097, 32.369999, 32.360001, 100, 32.369999, 100, -1.280000, -0.420000
1476385368084, 32.369999, 32.360001, 100, 32.369999, 100, -1.280000, -0.420000
1476385370091, 32.369999, 32.360001, 100, 32.369999, 100, -1.280000, -0.420000
1476385372092, 32.369999, 32.360001, 100, 32.369999, 100, -1.280000, -0.420000
1476385373092, 32.369999, 32.360001, 100, 32.369999, 100, -1.280000, -0.420000
1476385376077, 32.369999, 32.360001, 100, 32.369999, 100, -1.280000, -0.420000
1476385377104, 32.369999, 32.360001, 100, 32.369999, 100, -1.280000, -0.420000
1476385380089, 32.369999, 32.360001, 100, 32.369999, 100, -1.280000, -0.420000
1476385382098, 32.369999, 32.360001, 100, 32.369999, 100, -1.280000, -0.420000
1476385384083, 32.369999, 32.360001, 100, 32.369999, 100, -1.280000, -0.420000
1476385385588, 32.369999, 32.360001, 100, 32.369999, 100, -1.280000, -0.420000
1476385388098, 32.369999, 32.360001, 100, 32.369999, 100, -1.280000, -0.420000
1476385389637, 32.360001, 32.360001, 100, 32.369999, 100, -1.310000, -0.430000
1476385391625, 32.360001, 32.360001, 100, 32.369999, 100, -1.310000, -0.430000
1476385393603, 32.360001, 32.360001, 100, 32.369999, 100, -1.310000, -0.430000
1476385396087, 32.360001, 32.360001, 100, 32.369999, 100, -1.310000, -0.430000
1476385398092, 32.360001, 32.360001, 100, 32.369999, 100, -1.310000, -0.430000
1476385399593, 32.360001, 32.360001, 100, 32.369999, 100, -1.310000, -0.430000
1476385402089, 32.360001, 32.349998, 200, 32.360001, 200, -1.310000, -0.430000
1476385404098, 32.360001, 32.349998, 200, 32.360001, 200, -1.310000, -0.430000
1476385406098, 32.360001, 32.349998, 200, 32.360001, 200, -1.310000, -0.430000
1476385408114, 32.360001, 32.349998, 200, 32.360001, 200, -1.310000, -0.430000
1476385409617, 32.360001, 32.349998, 100, 32.360001, 200, -1.310000, -0.430000
1476385411598, 32.360001, 32.349998, 100, 32.360001, 200, -1.310000, -0.430000
1476385414095, 32.360001, 32.349998, 100, 32.360001, 200, -1.310000, -0.430000
1476385415599, 32.360001, 32.349998, 100, 32.360001, 200, -1.310000, -0.430000
1476385417595, 32.360001, 32.349998, 100, 32.360001, 200, -1.310000, -0.430000
1476385420099, 32.360001, 32.349998, 100, 32.360001, 200, -1.310000, -0.430000
1476385421668, 32.360001, 32.349998, 100, 32.360001, 200, -1.310000, -0.430000
1476385423600, 32.360001, 32.349998, 100, 32.360001, 200, -1.310000, -0.430000
1476385425600, 32.360001, 32.349998, 100, 32.360001, 200, -1.310000, -0.430000
1476385428099, 32.360001, 32.349998, 100, 32.360001, 200, -1.310000, -0.430000
1476385430108, 32.360001, 32.349998, 100, 32.360001, 200, -1.310000, -0.430000
1476385431601, 32.360001, 32.349998, 100, 32.360001, 200, -1.310000, -0.430000
1476385434112, 32.360001, 32.349998, 100, 32.360001, 200, -1.310000, -0.430000
1476385436108, 32.360001, 32.349998, 100, 32.360001, 200, -1.310000, -0.430000
1476385438024, 32.360001, 32.349998, 100, 32.360001, 200, -1.310000, -0.430000
1476385440018, 32.360001, 32.349998, 100, 32.360001, 200, -1.310000, -0.430000
1476385442013, 32.360001, 32.349998, 100, 32.360001, 200, -1.310000, -0.430000
1476385444021, 32.360001, 32.349998, 100, 32.360001, 200, -1.310000, -0.430000
1476385446017, 32.360001, 32.349998, 100, 32.360001, 200, -1.310000, -0.430000
1476385448054, 32.360001, 32.349998, 100, 32.360001, 200, -1.310000, -0.430000
1476385449017, 32.360001, 32.349998, 100, 32.360001, 200, -1.310000, -0.430000
1476385452016, 32.360001, 32.349998, 100, 32.360001, 200, -1.310000, -0.430000
1476385453522, 32.360001, 32.349998, 100, 32.360001, 200, -1.310000, -0.430000
1476385456019, 32.360001, 32.349998, 100, 32.360001, 200, -1.310000, -0.430000
1476385458015, 32.360001, 32.349998, 100, 32.369999, 100, -1.310000, -0.430000
1476385460018, 32.360001, 32.349998, 100, 32.369999, 100, -1.310000, -0.430000
1476385462019, 32.360001, 32.349998, 100, 32.369999, 100, -1.310000, -0.430000
1476385464026, 32.360001, 32.349998, 100, 32.380001, 200, -1.310000, -0.430000
1476385466036, 32.360001, 32.349998, 100, 32.380001, 200, -1.310000, -0.430000
1476385468025, 32.360001, 32.349998, 100, 32.380001, 200, -1.310000, -0.430000
1476385470020, 32.360001, 32.349998, 100, 32.380001, 200, -1.310000, -0.430000
1476385472027, 32.360001, 32.349998, 100, 32.380001, 200, -1.310000, -0.430000
1476385473526, 32.360001, 32.349998, 100, 32.380001, 200, -1.310000, -0.430000
1476385475026, 32.360001, 32.349998, 100, 32.380001, 200, -1.310000, -0.430000
1476385478060, 32.360001, 32.349998, 100, 32.380001, 200, -1.310000, -0.430000
1476385480048, 32.360001, 32.349998, 100, 32.369999, 300, -1.310000, -0.430000
1476385481537, 32.360001, 32.349998, 100, 32.369999, 300, -1.310000, -0.430000
1476385484036, 32.360001, 32.349998, 100, 32.369999, 300, -1.310000, -0.430000
1476385485525, 32.360001, 32.349998, 100, 32.369999, 300, -1.310000, -0.430000
1476385488031, 32.360001, 32.349998, 100, 32.369999, 300, -1.310000, -0.430000
1476385490033, 32.360001, 32.349998, 100, 32.369999, 300, -1.310000, -0.430000
1476385492029, 32.360001, 32.349998, 100, 32.369999, 300, -1.310000, -0.430000
1476385494036, 32.360001, 32.349998, 100, 32.369999, 400, -1.310000, -0.430000
1476385496031, 32.360001, 32.349998, 100, 32.369999, 400, -1.310000, -0.430000
1476385498034, 32.360001, 32.349998, 100, 32.369999, 400, -1.310000, -0.430000
1476385500040, 32.360001, 32.349998, 100, 32.369999, 400, -1.310000, -0.430000
1476385502031, 32.360001, 32.349998, 100, 32.369999, 500, -1.310000, -0.430000
1476385502031, 32.360001, 32.349998, 100, 32.369999, 500, -1.310000, -0.430000
1476385505537, 32.369999, 32.349998, 100, 32.369999, 500, -1.280000, -0.420000
1476385508053, 32.369999, 32.349998, 100, 32.369999, 500, -1.280000, -0.420000
1476385510034, 32.369999, 32.349998, 100, 32.369999, 500, -1.280000, -0.420000
1476385512051, 32.369999, 32.349998, 100, 32.369999, 500, -1.280000, -0.420000
1476385514031, 32.369999, 32.340000, 200, 32.369999, 500, -1.280000, -0.420000
1476385516048, 32.369999, 32.340000, 200, 32.369999, 500, -1.280000, -0.420000
1476385518047, 32.369999, 32.340000, 200, 32.369999, 500, -1.280000, -0.420000
1476385520038, 32.369999, 32.340000, 100, 32.369999, 500, -1.280000, -0.420000
1476385522039, 32.369999, 32.340000, 100, 32.369999, 500, -1.280000, -0.420000
1476385524040, 32.369999, 32.340000, 100, 32.369999, 500, -1.280000, -0.420000
1476385526050, 32.369999, 32.340000, 100, 32.369999, 500, -1.280000, -0.420000
1476385528043, 32.369999, 32.340000, 100, 32.369999, 500, -1.280000, -0.420000
1476385530074, 32.369999, 32.340000, 100, 32.369999, 500, -1.280000, -0.420000
1476385531555, 32.369999, 32.340000, 100, 32.369999, 500, -1.280000, -0.420000
1476385533599, 32.369999, 32.340000, 100, 32.369999, 500, -1.280000, -0.420000
1476385536041, 32.369999, 32.340000, 100, 32.369999, 400, -1.280000, -0.420000
1476385538037, 32.369999, 32.340000, 100, 32.369999, 400, -1.280000, -0.420000
1476385540046, 32.369999, 32.340000, 100, 32.369999, 400, -1.280000, -0.420000
1476385542051, 32.369999, 32.340000, 100, 32.369999, 400, -1.280000, -0.420000
1476385544051, 32.369999, 32.340000, 100, 32.369999, 400, -1.280000, -0.420000
1476385545052, 32.369999, 32.340000, 100, 32.369999, 400, -1.280000, -0.420000
1476385548045, 32.369999, 32.340000, 100, 32.369999, 400, -1.280000, -0.420000
1476385550057, 32.369999, 32.340000, 100, 32.369999, 400, -1.280000, -0.420000
1476385552087, 32.369999, 32.340000, 100, 32.369999, 400, -1.280000, -0.420000
1476385554079, 32.369999, 32.340000, 100, 32.369999, 400, -1.280000, -0.420000
1476385556060, 32.369999, 32.340000, 100, 32.369999, 400, -1.280000, -0.420000
1476385558053, 32.369999, 32.340000, 100, 32.369999, 400, -1.280000, -0.420000
1476385559551, 32.369999, 32.340000, 100, 32.369999, 400, -1.280000, -0.420000
1476385562059, 32.369999, 32.340000, 100, 32.369999, 400, -1.280000, -0.420000
1476385564049, 32.369999, 32.340000, 100, 32.369999, 400, -1.280000, -0.420000
1476385566060, 32.369999, 32.340000, 100, 32.369999, 400, -1.280000, -0.420000
1476385568046, 32.369999, 32.340000, 100, 32.369999, 400, -1.280000, -0.420000
1476385570083, 32.369999, 32.340000, 100, 32.369999, 400, -1.280000, -0.420000
1476385570555, 32.369999, 32.340000, 100, 32.369999, 400, -1.280000, -0.420000
1476385574087, 32.369999, 32.340000, 100, 32.369999, 400, -1.280000, -0.420000
1476385576067, 32.369999, 32.340000, 100, 32.369999, 400, -1.280000, -0.420000
1476385577594, 32.369999, 32.340000, 100, 32.369999, 400, -1.280000, -0.420000
1476385580063, 32.369999, 32.340000, 100, 32.369999, 400, -1.280000, -0.420000
1476385582070, 32.369999, 32.340000, 100, 32.369999, 400, -1.280000, -0.420000
1476385584114, 32.369999, 32.340000, 100, 32.369999, 400, -1.280000, -0.420000
1476385586090, 32.369999, 32.340000, 100, 32.369999, 400, -1.280000, -0.420000
1476385587101, 32.369999, 32.340000, 100, 32.369999, 400, -1.280000, -0.420000
1476385590064, 32.369999, 32.340000, 100, 32.369999, 500, -1.280000, -0.420000
1476385592066, 32.369999, 32.340000, 100, 32.369999, 500, -1.280000, -0.420000
1476385594051, 32.369999, 32.340000, 100, 32.369999, 500, -1.280000, -0.420000
1476385596071, 32.369999, 32.340000, 100, 32.369999, 500, -1.280000, -0.420000
1476385598067, 32.369999, 32.340000, 100, 32.369999, 500, -1.280000, -0.420000
1476385600077, 32.340000, 32.330002, 100, 32.349998, 100, -1.370000, -0.450000
1476385601597, 32.340000, 32.330002, 100, 32.349998, 100, -1.370000, -0.450000
1476385603570, 32.340000, 32.330002, 100, 32.349998, 200, -1.370000, -0.450000
1476385605582, 32.340000, 32.330002, 100, 32.349998, 200, -1.370000, -0.450000
1476385608106, 32.340000, 32.330002, 100, 32.349998, 200, -1.370000, -0.450000
1476385610069, 32.340000, 32.330002, 100, 32.349998, 200, -1.370000, -0.450000
1476385612076, 32.340000, 32.330002, 100, 32.349998, 200, -1.370000, -0.450000
1476385614092, 32.340000, 32.330002, 100, 32.349998, 200, -1.370000, -0.450000
1476385616065, 32.340000, 32.330002, 100, 32.349998, 200, -1.370000, -0.450000
1476385618070, 32.340000, 32.330002, 100, 32.349998, 200, -1.370000, -0.450000
1476385620076, 32.349998, 32.340000, 200, 32.349998, 100, -1.340000, -0.440000
1476385622076, 32.349998, 32.349998, 200, 32.360001, 300, -1.340000, -0.440000
1476385624074, 32.340000, 32.349998, 200, 32.360001, 300, -1.370000, -0.450000
1476385626117, 32.340000, 32.349998, 200, 32.360001, 300, -1.370000, -0.450000
1476385628126, 32.340000, 32.349998, 100, 32.360001, 300, -1.370000, -0.450000
1476385630117, 32.340000, 32.349998, 100, 32.360001, 300, -1.370000, -0.450000
1476385632071, 32.340000, 32.349998, 100, 32.360001, 300, -1.370000, -0.450000
1476385633582, 32.340000, 32.349998, 100, 32.360001, 300, -1.370000, -0.450000
1476385636081, 32.340000, 32.349998, 100, 32.360001, 300, -1.370000, -0.450000
1476385638073, 32.340000, 32.349998, 100, 32.360001, 300, -1.370000, -0.450000
1476385640079, 32.340000, 32.349998, 100, 32.360001, 300, -1.370000, -0.450000
1476385642102, 32.340000, 32.349998, 100, 32.360001, 300, -1.370000, -0.450000
1476385644083, 32.340000, 32.349998, 100, 32.360001, 300, -1.370000, -0.450000
1476385646087, 32.340000, 32.349998, 100, 32.360001, 300, -1.370000, -0.450000
1476385648078, 32.340000, 32.349998, 100, 32.360001, 300, -1.370000, -0.450000
1476385650085, 32.340000, 32.349998, 100, 32.360001, 300, -1.370000, -0.450000
1476385652087, 32.340000, 32.349998, 100, 32.360001, 300, -1.370000, -0.450000
1476385654080, 32.340000, 32.349998, 200, 32.360001, 300, -1.370000, -0.450000
1476385655622, 32.360001, 32.360001, 100, 32.369999, 400, -1.310000, -0.430000
1476385658120, 32.360001, 32.360001, 100, 32.369999, 300, -1.310000, -0.430000
1476385659084, 32.360001, 32.360001, 100, 32.369999, 300, -1.310000, -0.430000
1476385662089, 32.360001, 32.349998, 400, 32.360001, 300, -1.310000, -0.430000
1476385664090, 32.360001, 32.349998, 400, 32.360001, 300, -1.310000, -0.430000
1476385666085, 32.360001, 32.349998, 400, 32.360001, 300, -1.310000, -0.430000
1476385667593, 32.360001, 32.349998, 400, 32.360001, 300, -1.310000, -0.430000
1476385670078, 32.360001, 32.349998, 300, 32.360001, 300, -1.310000, -0.430000
1476385671591, 32.360001, 32.349998, 300, 32.360001, 300, -1.310000, -0.430000
1476385674085, 32.360001, 32.349998, 300, 32.360001, 300, -1.310000, -0.430000
1476385676080, 32.360001, 32.349998, 300, 32.360001, 300, -1.310000, -0.430000
1476385678087, 32.360001, 32.349998, 300, 32.360001, 300, -1.310000, -0.430000
1476385680089, 32.360001, 32.349998, 300, 32.360001, 300, -1.310000, -0.430000
1476385682086, 32.360001, 32.349998, 300, 32.360001, 300, -1.310000, -0.430000
1476385684092, 32.360001, 32.349998, 300, 32.360001, 300, -1.310000, -0.430000
1476385686074, 32.360001, 32.349998, 300, 32.360001, 300, -1.310000, -0.430000
1476385688086, 32.360001, 32.349998, 300, 32.360001, 300, -1.310000, -0.430000
1476385690103, 32.360001, 32.349998, 300, 32.360001, 300, -1.310000, -0.430000
1476385692087, 32.360001, 32.349998, 300, 32.360001, 300, -1.310000, -0.430000
1476385694097, 32.360001, 32.349998, 300, 32.360001, 300, -1.310000, -0.430000
1476385696088, 32.360001, 32.349998, 300, 32.360001, 300, -1.310000, -0.430000
1476385698089, 32.360001, 32.349998, 300, 32.360001, 300, -1.310000, -0.430000
1476385700102, 32.360001, 32.349998, 300, 32.360001, 300, -1.310000, -0.430000
1476385702163, 32.360001, 32.349998, 300, 32.360001, 300, -1.310000, -0.430000
1476385703105, 32.360001, 32.349998, 300, 32.360001, 300, -1.310000, -0.430000
1476385706098, 32.360001, 32.349998, 300, 32.360001, 300, -1.310000, -0.430000
1476385708081, 32.360001, 32.349998, 300, 32.360001, 300, -1.310000, -0.430000
1476385710097, 32.360001, 32.349998, 300, 32.360001, 300, -1.310000, -0.430000
1476385712091, 32.360001, 32.349998, 300, 32.360001, 300, -1.310000, -0.430000
1476385714099, 32.360001, 32.349998, 300, 32.360001, 300, -1.310000, -0.430000
1476385716093, 32.360001, 32.349998, 300, 32.360001, 300, -1.310000, -0.430000
1476385717582, 32.360001, 32.349998, 300, 32.360001, 300, -1.310000, -0.430000
1476385720106, 32.360001, 32.349998, 300, 32.360001, 300, -1.310000, -0.430000
1476385722131, 32.360001, 32.349998, 300, 32.360001, 300, -1.310000, -0.430000
1476385723602, 32.360001, 32.349998, 300, 32.360001, 300, -1.310000, -0.430000
1476385726105, 32.360001, 32.349998, 300, 32.360001, 300, -1.310000, -0.430000
1476385728106, 32.360001, 32.349998, 300, 32.360001, 300, -1.310000, -0.430000
1476385730095, 32.360001, 32.349998, 300, 32.360001, 300, -1.310000, -0.430000
1476385732100, 32.349998, 32.340000, 100, 32.360001, 300, -1.340000, -0.440000
1476385734104, 32.340000, 32.340000, 100, 32.360001, 300, -1.370000, -0.450000
1476385736158, 32.340000, 32.340000, 100, 32.360001, 300, -1.370000, -0.450000
1476385738094, 32.340000, 32.340000, 100, 32.360001, 300, -1.370000, -0.450000
1476385740134, 32.340000, 32.340000, 100, 32.360001, 300, -1.370000, -0.450000
1476385742103, 32.340000, 32.340000, 100, 32.349998, 200, -1.370000, -0.450000
1476385744108, 32.340000, 32.330002, 100, 32.349998, 200, -1.370000, -0.450000
1476385746093, 32.349998, 32.330002, 100, 32.360001, 300, -1.340000, -0.440000
1476385747107, 32.330002, 32.330002, 100, 32.360001, 300, -1.400000, -0.460000
1476385750096, 32.330002, 32.330002, 100, 32.360001, 300, -1.400000, -0.460000
1476385751659, 32.310001, 32.310001, 100, 32.340000, 400, -1.460000, -0.480000
1476385754107, 32.310001, 32.299999, 200, 32.340000, 400, -1.460000, -0.480000
1476385756090, 32.310001, 32.299999, 200, 32.340000, 400, -1.460000, -0.480000
1476385758107, 32.310001, 32.299999, 200, 32.340000, 400, -1.460000, -0.480000
1476385759601, 32.299999, 32.299999, 200, 32.340000, 400, -1.490000, -0.490000
1476385762096, 32.299999, 32.299999, 200, 32.340000, 400, -1.490000, -0.490000
1476385764090, 32.299999, 32.299999, 200, 32.340000, 400, -1.490000, -0.490000
1476385766091, 32.299999, 32.299999, 200, 32.340000, 500, -1.490000, -0.490000
1476385768097, 32.290001, 32.279999, 100, 32.340000, 400, -1.520000, -0.500000
1476385770096, 32.290001, 32.310001, 200, 32.340000, 400, -1.520000, -0.500000
1476385772014, 32.290001, 32.290001, 100, 32.340000, 400, -1.520000, -0.500000
1476385774028, 32.290001, 32.259998, 200, 32.340000, 400, -1.520000, -0.500000
1476385775514, 32.290001, 32.259998, 200, 32.340000, 400, -1.520000, -0.500000
1476385778020, 32.290001, 32.290001, 100, 32.340000, 400, -1.520000, -0.500000
1476385780009, 32.290001, 32.290001, 100, 32.340000, 400, -1.520000, -0.500000
1476385781537, 32.290001, 32.279999, 100, 32.340000, 400, -1.520000, -0.500000
1476385784020, 32.290001, 32.279999, 100, 32.340000, 400, -1.520000, -0.500000
1476385785019, 32.290001, 32.279999, 100, 32.340000, 400, -1.520000, -0.500000
1476385788014, 32.290001, 32.279999, 100, 32.340000, 400, -1.520000, -0.500000
1476385790061, 32.290001, 32.279999, 100, 32.340000, 400, -1.520000, -0.500000
1476385791522, 32.290001, 32.279999, 100, 32.340000, 400, -1.520000, -0.500000
1476385794075, 32.290001, 32.310001, 100, 32.340000, 400, -1.520000, -0.500000
1476385795536, 32.290001, 32.310001, 100, 32.340000, 300, -1.520000, -0.500000
1476385798061, 32.290001, 32.310001, 100, 32.340000, 300, -1.520000, -0.500000
1476385799019, 32.290001, 32.310001, 100, 32.340000, 300, -1.520000, -0.500000
1476385802016, 32.290001, 32.310001, 100, 32.340000, 300, -1.520000, -0.500000
1476385803514, 32.290001, 32.310001, 100, 32.340000, 300, -1.520000, -0.500000
1476385805518, 32.290001, 32.310001, 100, 32.340000, 300, -1.520000, -0.500000
1476385808029, 32.290001, 32.310001, 100, 32.340000, 300, -1.520000, -0.500000
1476385810030, 32.290001, 32.310001, 100, 32.340000, 300, -1.520000, -0.500000
1476385812017, 32.290001, 32.310001, 100, 32.340000, 300, -1.520000, -0.500000
1476385814019, 32.290001, 32.310001, 100, 32.340000, 300, -1.520000, -0.500000
1476385815524, 32.290001, 32.310001, 100, 32.340000, 300, -1.520000, -0.500000
1476385817528, 32.290001, 32.310001, 100, 32.340000, 300, -1.520000, -0.500000
1476385819528, 32.290001, 32.310001, 100, 32.340000, 300, -1.520000, -0.500000
1476385822020, 32.290001, 32.310001, 100, 32.340000, 300, -1.520000, -0.500000
1476385824023, 32.290001, 32.310001, 100, 32.340000, 300, -1.520000, -0.500000
1476385826033, 32.290001, 32.310001, 100, 32.340000, 300, -1.520000, -0.500000
1476385827534, 32.290001, 32.310001, 100, 32.340000, 300, -1.520000, -0.500000
1476385830019, 32.290001, 32.310001, 100, 32.340000, 300, -1.520000, -0.500000
1476385832026, 32.290001, 32.310001, 100, 32.340000, 300, -1.520000, -0.500000
1476385834027, 32.290001, 32.310001, 100, 32.340000, 300, -1.520000, -0.500000
1476385836060, 32.290001, 32.310001, 100, 32.340000, 300, -1.520000, -0.500000
1476385837020, 32.290001, 32.310001, 100, 32.340000, 300, -1.520000, -0.500000
1476385840032, 32.290001, 32.310001, 100, 32.340000, 400, -1.520000, -0.500000
1476385840536, 32.290001, 32.310001, 100, 32.340000, 400, -1.520000, -0.500000
1476385843030, 32.290001, 32.310001, 100, 32.340000, 400, -1.520000, -0.500000
1476385846027, 32.290001, 32.310001, 100, 32.340000, 400, -1.520000, -0.500000
1476385848029, 32.290001, 32.310001, 100, 32.340000, 400, -1.520000, -0.500000
1476385849562, 32.290001, 32.310001, 100, 32.340000, 400, -1.520000, -0.500000
1476385852046, 32.290001, 32.310001, 100, 32.340000, 400, -1.520000, -0.500000
1476385854020, 32.290001, 32.310001, 100, 32.340000, 400, -1.520000, -0.500000
1476385856032, 32.290001, 32.310001, 100, 32.340000, 400, -1.520000, -0.500000
1476385858031, 32.290001, 32.310001, 100, 32.340000, 400, -1.520000, -0.500000
1476385860039, 32.290001, 32.310001, 100, 32.340000, 400, -1.520000, -0.500000
1476385862035, 32.290001, 32.310001, 100, 32.340000, 400, -1.520000, -0.500000
1476385864033, 32.290001, 32.310001, 100, 32.340000, 400, -1.520000, -0.500000
1476385866036, 32.290001, 32.310001, 100, 32.340000, 400, -1.520000, -0.500000
1476385868050, 32.290001, 32.310001, 100, 32.340000, 400, -1.520000, -0.500000
1476385870036, 32.290001, 32.310001, 100, 32.340000, 400, -1.520000, -0.500000
1476385872042, 32.290001, 32.310001, 100, 32.340000, 400, -1.520000, -0.500000
1476385874040, 32.290001, 32.310001, 200, 32.340000, 400, -1.520000, -0.500000
1476385876036, 32.290001, 32.310001, 200, 32.340000, 400, -1.520000, -0.500000
1476385878034, 32.290001, 32.310001, 200, 32.340000, 400, -1.520000, -0.500000
1476385880050, 32.290001, 32.310001, 200, 32.340000, 400, -1.520000, -0.500000
1476385882046, 32.290001, 32.310001, 200, 32.340000, 400, -1.520000, -0.500000
1476385883083, 32.290001, 32.310001, 200, 32.340000, 400, -1.520000, -0.500000
1476385886043, 32.290001, 32.310001, 200, 32.340000, 400, -1.520000, -0.500000
1476385888036, 32.290001, 32.310001, 200, 32.340000, 400, -1.520000, -0.500000
1476385890035, 32.290001, 32.310001, 200, 32.340000, 400, -1.520000, -0.500000
1476385891542, 32.290001, 32.310001, 200, 32.340000, 400, -1.520000, -0.500000
1476385894072, 32.290001, 32.310001, 200, 32.340000, 400, -1.520000, -0.500000
1476385896058, 32.290001, 32.310001, 200, 32.340000, 400, -1.520000, -0.500000
1476385897545, 32.290001, 32.310001, 200, 32.340000, 400, -1.520000, -0.500000
1476385899547, 32.290001, 32.310001, 200, 32.340000, 400, -1.520000, -0.500000
1476385901546, 32.290001, 32.310001, 200, 32.340000, 400, -1.520000, -0.500000
1476385904057, 32.290001, 32.310001, 200, 32.340000, 500, -1.520000, -0.500000
1476385906058, 32.290001, 32.310001, 200, 32.340000, 500, -1.520000, -0.500000
1476385908053, 32.290001, 32.310001, 200, 32.340000, 500, -1.520000, -0.500000
1476385910051, 32.290001, 32.310001, 200, 32.340000, 500, -1.520000, -0.500000
1476385912059, 32.290001, 32.310001, 200, 32.340000, 500, -1.520000, -0.500000
1476385913556, 32.290001, 32.310001, 200, 32.340000, 500, -1.520000, -0.500000
1476385916053, 32.290001, 32.310001, 200, 32.340000, 500, -1.520000, -0.500000
1476385918092, 32.290001, 32.310001, 200, 32.340000, 400, -1.520000, -0.500000
1476385919549, 32.290001, 32.310001, 200, 32.340000, 400, -1.520000, -0.500000
1476385922049, 32.290001, 32.310001, 200, 32.340000, 400, -1.520000, -0.500000
1476385924041, 32.290001, 32.310001, 200, 32.340000, 400, -1.520000, -0.500000
1476385924567, 32.290001, 32.310001, 200, 32.340000, 400, -1.520000, -0.500000
1476385928059, 32.290001, 32.310001, 200, 32.340000, 400, -1.520000, -0.500000
1476385930051, 32.290001, 32.310001, 200, 32.340000, 400, -1.520000, -0.500000
1476385932050, 32.290001, 32.310001, 200, 32.340000, 400, -1.520000, -0.500000
1476385933058, 32.290001, 32.310001, 200, 32.340000, 400, -1.520000, -0.500000
1476385936053, 32.290001, 32.310001, 200, 32.340000, 400, -1.520000, -0.500000
1476385938067, 32.290001, 32.310001, 200, 32.340000, 400, -1.520000, -0.500000
1476385940079, 32.290001, 32.310001, 200, 32.340000, 400, -1.520000, -0.500000
1476385942057, 32.290001, 32.310001, 200, 32.340000, 400, -1.520000, -0.500000
1476385944099, 32.290001, 32.310001, 200, 32.340000, 400, -1.520000, -0.500000
1476385946059, 32.290001, 32.310001, 200, 32.340000, 400, -1.520000, -0.500000
1476385948057, 32.290001, 32.310001, 200, 32.340000, 400, -1.520000, -0.500000
1476385950062, 32.290001, 32.310001, 200, 32.340000, 500, -1.520000, -0.500000
1476385952068, 32.290001, 32.310001, 200, 32.340000, 500, -1.520000, -0.500000
1476385954052, 32.290001, 32.310001, 200, 32.340000, 500, -1.520000, -0.500000
1476385956072, 32.290001, 32.310001, 200, 32.340000, 500, -1.520000, -0.500000
1476385958061, 32.310001, 32.310001, 100, 32.340000, 500, -1.460000, -0.480000
1476385959562, 32.310001, 32.310001, 100, 32.340000, 500, -1.460000, -0.480000
1476385962065, 32.310001, 32.310001, 100, 32.340000, 500, -1.460000, -0.480000
1476385963573, 32.310001, 32.320000, 100, 32.340000, 500, -1.460000, -0.480000
1476385966064, 32.310001, 32.320000, 100, 32.340000, 500, -1.460000, -0.480000
1476385968061, 32.310001, 32.320000, 100, 32.340000, 500, -1.460000, -0.480000
1476385970063, 32.310001, 32.320000, 100, 32.340000, 500, -1.460000, -0.480000
1476385972067, 32.310001, 32.320000, 100, 32.340000, 500, -1.460000, -0.480000
1476385974056, 32.310001, 32.320000, 100, 32.340000, 500, -1.460000, -0.480000
1476385976073, 32.310001, 32.320000, 100, 32.340000, 400, -1.460000, -0.480000
1476385978069, 32.310001, 32.320000, 100, 32.340000, 400, -1.460000, -0.480000
1476385980067, 32.310001, 32.320000, 100, 32.340000, 400, -1.460000, -0.480000
1476385982086, 32.310001, 32.320000, 100, 32.340000, 400, -1.460000, -0.480000
1476385983077, 32.310001, 32.320000, 100, 32.340000, 400, -1.460000, -0.480000
1476385986070, 32.310001, 32.320000, 100, 32.340000, 400, -1.460000, -0.480000
1476385988066, 32.310001, 32.320000, 100, 32.340000, 400, -1.460000, -0.480000
1476385990065, 32.310001, 32.320000, 100, 32.340000, 400, -1.460000, -0.480000
1476385992074, 32.310001, 32.320000, 100, 32.340000, 400, -1.460000, -0.480000
1476385994576, 32.310001, 32.320000, 100, 32.340000, 400, -1.460000, -0.480000
1476385996076, 32.310001, 32.320000, 100, 32.340000, 400, -1.460000, -0.480000
1476385998081, 32.310001, 32.320000, 100, 32.340000, 400, -1.460000, -0.480000
1476386000574, 32.310001, 32.320000, 100, 32.340000, 400, -1.460000, -0.480000
1476386002578, 32.310001, 32.320000, 100, 32.340000, 400, -1.460000, -0.480000
1476386004117, 32.310001, 32.320000, 100, 32.340000, 400, -1.460000, -0.480000
1476386005079, 32.310001, 32.320000, 100, 32.340000, 400, -1.460000, -0.480000
1476386008565, 32.310001, 32.320000, 100, 32.340000, 400, -1.460000, -0.480000
1476386010080, 32.310001, 32.320000, 100, 32.340000, 400, -1.460000, -0.480000
1476386012079, 32.310001, 32.320000, 100, 32.340000, 400, -1.460000, -0.480000
1476386014097, 32.310001, 32.320000, 100, 32.340000, 400, -1.460000, -0.480000
1476386016572, 32.310001, 32.320000, 100, 32.340000, 400, -1.460000, -0.480000
1476386018584, 32.310001, 32.320000, 100, 32.340000, 400, -1.460000, -0.480000
1476386020080, 32.310001, 32.320000, 100, 32.340000, 400, -1.460000, -0.480000
1476386022072, 32.310001, 32.320000, 100, 32.340000, 400, -1.460000, -0.480000
1476386024095, 32.310001, 32.320000, 100, 32.340000, 500, -1.460000, -0.480000
1476386026092, 32.310001, 32.320000, 100, 32.340000, 500, -1.460000, -0.480000
1476386028576, 32.331799, 32.320000, 100, 32.340000, 500, -1.400000, -0.458200
1476386030085, 32.331799, 32.320000, 100, 32.340000, 500, -1.400000, -0.458200
1476386032575, 32.331799, 32.320000, 100, 32.340000, 500, -1.400000, -0.458200
1476386034077, 32.331799, 32.320000, 100, 32.340000, 500, -1.400000, -0.458200
1476386036578, 32.331799, 32.320000, 100, 32.340000, 400, -1.400000, -0.458200
1476386038073, 32.331799, 32.320000, 100, 32.340000, 400, -1.400000, -0.458200
1476386040580, 32.331799, 32.320000, 100, 32.340000, 400, -1.400000, -0.458200
1476386042106, 32.331799, 32.320000, 100, 32.340000, 400, -1.400000, -0.458200
1476386044074, 32.331799, 32.320000, 100, 32.340000, 400, -1.400000, -0.458200
1476386045086, 32.331799, 32.320000, 100, 32.340000, 400, -1.400000, -0.458200
1476386048578, 32.331799, 32.320000, 100, 32.340000, 400, -1.400000, -0.458200
1476386050590, 32.331799, 32.320000, 100, 32.340000, 400, -1.400000, -0.458200
1476386051579, 32.331799, 32.320000, 100, 32.340000, 400, -1.400000, -0.458200
1476386054590, 32.331799, 32.320000, 100, 32.340000, 400, -1.400000, -0.458200
1476386056085, 32.331799, 32.320000, 100, 32.340000, 400, -1.400000, -0.458200
1476386057599, 32.331799, 32.320000, 100, 32.340000, 400, -1.400000, -0.458200
1476386059638, 32.331799, 32.320000, 100, 32.340000, 400, -1.400000, -0.458200
1476386062584, 32.320000, 32.310001, 100, 32.340000, 400, -1.430000, -0.470000
1476386064593, 32.320000, 32.310001, 100, 32.340000, 500, -1.430000, -0.470000
1476386066588, 32.320000, 32.310001, 100, 32.340000, 500, -1.430000, -0.470000
1476386068081, 32.320000, 32.310001, 100, 32.340000, 500, -1.430000, -0.470000
1476386070592, 32.320000, 32.310001, 100, 32.340000, 500, -1.430000, -0.470000
1476386072595, 32.320000, 32.310001, 100, 32.340000, 500, -1.430000, -0.470000
1476386074599, 32.320000, 32.310001, 100, 32.340000, 500, -1.430000, -0.470000
1476386076596, 32.320000, 32.310001, 100, 32.340000, 500, -1.430000, -0.470000
1476386078595, 32.320000, 32.310001, 100, 32.340000, 500, -1.430000, -0.470000
1476386080589, 32.320000, 32.310001, 100, 32.340000, 500, -1.430000, -0.470000
1476386082589, 32.320000, 32.310001, 100, 32.340000, 500, -1.430000, -0.470000
1476386084592, 32.320000, 32.310001, 100, 32.340000, 500, -1.430000, -0.470000
1476386086108, 32.320000, 32.310001, 100, 32.340000, 500, -1.430000, -0.470000
1476386088596, 32.320000, 32.310001, 100, 32.340000, 500, -1.430000, -0.470000
1476386090089, 32.320000, 32.310001, 100, 32.340000, 500, -1.430000, -0.470000
1476386092599, 32.310001, 32.310001, 100, 32.340000, 600, -1.460000, -0.480000
1476386094594, 32.310001, 32.310001, 100, 32.340000, 600, -1.460000, -0.480000
1476386096095, 32.310001, 32.310001, 100, 32.340000, 600, -1.460000, -0.480000
1476386098591, 32.310001, 32.310001, 100, 32.340000, 600, -1.460000, -0.480000
1476386100103, 32.310001, 32.310001, 100, 32.340000, 600, -1.460000, -0.480000
1476386102611, 32.310001, 32.299999, 100, 32.330002, 200, -1.460000, -0.480000
1476386104599, 32.310001, 32.299999, 100, 32.330002, 200, -1.460000, -0.480000
1476386106608, 32.310001, 32.299999, 100, 32.330002, 200, -1.460000, -0.480000
1476386107610, 32.310001, 32.299999, 100, 32.330002, 200, -1.460000, -0.480000
1476386110110, 32.310001, 32.299999, 100, 32.330002, 200, -1.460000, -0.480000
1476386112106, 32.310001, 32.299999, 200, 32.330002, 200, -1.460000, -0.480000
1476386114104, 32.310001, 32.299999, 200, 32.330002, 200, -1.460000, -0.480000
1476386115614, 32.299999, 32.290001, 100, 32.310001, 200, -1.490000, -0.490000
1476386118518, 32.299999, 32.290001, 100, 32.310001, 200, -1.490000, -0.490000
1476386120515, 32.299999, 32.290001, 100, 32.310001, 400, -1.490000, -0.490000
1476386122512, 32.299999, 32.290001, 100, 32.310001, 400, -1.490000, -0.490000
1476386124513, 32.299999, 32.290001, 100, 32.310001, 400, -1.490000, -0.490000
1476386125515, 32.299999, 32.290001, 100, 32.310001, 400, -1.490000, -0.490000
1476386128518, 32.299999, 32.290001, 100, 32.310001, 400, -1.490000, -0.490000
1476386130515, 32.299999, 32.290001, 100, 32.310001, 400, -1.490000, -0.490000
1476386132571, 32.299999, 32.290001, 100, 32.310001, 600, -1.490000, -0.490000
1476386134512, 32.299999, 32.290001, 100, 32.310001, 600, -1.490000, -0.490000
1476386136521, 32.299999, 32.290001, 100, 32.310001, 600, -1.490000, -0.490000
1476386138524, 32.299999, 32.290001, 100, 32.310001, 600, -1.490000, -0.490000
1476386140013, 32.299999, 32.290001, 100, 32.310001, 600, -1.490000, -0.490000
1476386142519, 32.299999, 32.290001, 100, 32.310001, 600, -1.490000, -0.490000
1476386144523, 32.299999, 32.290001, 100, 32.310001, 600, -1.490000, -0.490000
1476386146550, 32.299999, 32.290001, 100, 32.310001, 600, -1.490000, -0.490000
1476386148520, 32.299999, 32.290001, 100, 32.310001, 600, -1.490000, -0.490000
1476386150515, 32.299999, 32.290001, 100, 32.310001, 600, -1.490000, -0.490000
1476386151519, 32.299999, 32.290001, 100, 32.310001, 600, -1.490000, -0.490000
1476386153519, 32.299999, 32.290001, 100, 32.310001, 600, -1.490000, -0.490000
1476386156519, 32.299999, 32.290001, 100, 32.310001, 600, -1.490000, -0.490000
1476386158523, 32.299999, 32.290001, 100, 32.310001, 600, -1.490000, -0.490000
1476386160522, 32.299999, 32.290001, 100, 32.310001, 600, -1.490000, -0.490000
1476386161028, 32.299999, 32.290001, 100, 32.310001, 600, -1.490000, -0.490000
1476386164520, 32.299999, 32.290001, 100, 32.310001, 600, -1.490000, -0.490000
1476386166522, 32.299999, 32.290001, 100, 32.310001, 500, -1.490000, -0.490000
1476386168524, 32.299999, 32.290001, 100, 32.310001, 500, -1.490000, -0.490000
1476386170030, 32.302399, 32.290001, 100, 32.310001, 500, -1.490000, -0.487600
1476386172523, 32.290001, 32.290001, 100, 32.310001, 400, -1.520000, -0.500000
1476386174531, 32.290001, 32.290001, 100, 32.310001, 400, -1.520000, -0.500000
1476386176530, 32.290001, 32.290001, 100, 32.310001, 400, -1.520000, -0.500000
1476386178026, 32.290001, 32.279999, 100, 32.310001, 400, -1.520000, -0.500000
1476386180525, 32.279999, 32.279999, 100, 32.310001, 400, -1.560000, -0.510000
1476386182028, 32.279999, 32.279999, 100, 32.310001, 400, -1.560000, -0.510000
1476386183022, 32.279999, 32.279999, 100, 32.310001, 400, -1.560000, -0.510000
1476386186527, 32.279999, 32.279999, 100, 32.310001, 400, -1.560000, -0.510000
1476386188532, 32.279999, 32.279999, 100, 32.310001, 400, -1.560000, -0.510000
1476386190555, 32.279999, 32.279999, 100, 32.310001, 400, -1.560000, -0.510000
1476386192530, 32.279999, 32.279999, 100, 32.310001, 400, -1.560000, -0.510000
1476386194532, 32.279999, 32.279999, 100, 32.310001, 400, -1.560000, -0.510000
1476386196531, 32.279999, 32.279999, 100, 32.310001, 500, -1.560000, -0.510000
1476386198527, 32.279999, 32.279999, 100, 32.310001, 500, -1.560000, -0.510000
1476386199526, 32.279999, 32.279999, 100, 32.310001, 500, -1.560000, -0.510000
1476386202031, 32.279999, 32.279999, 100, 32.310001, 500, -1.560000, -0.510000
1476386204039, 32.279999, 32.279999, 100, 32.310001, 500, -1.560000, -0.510000
1476386205541, 32.279999, 32.259998, 100, 32.290001, 100, -1.560000, -0.510000
1476386208554, 32.279999, 32.259998, 100, 32.290001, 500, -1.560000, -0.510000
1476386210523, 32.279999, 32.259998, 100, 32.290001, 500, -1.560000, -0.510000
1476386212534, 32.279999, 32.259998, 100, 32.290001, 500, -1.560000, -0.510000
1476386213539, 32.279999, 32.259998, 100, 32.290001, 500, -1.560000, -0.510000
1476386216542, 32.259998, 32.259998, 100, 32.290001, 500, -1.620000, -0.530000
1476386218538, 32.259998, 32.259998, 100, 32.290001, 500, -1.620000, -0.530000
1476386220094, 32.259998, 32.259998, 100, 32.290001, 500, -1.620000, -0.530000
1476386219557, 32.259998, 32.259998, 100, 32.290001, 500, -1.620000, -0.530000
1476386224546, 32.259998, 32.259998, 100, 32.290001, 500, -1.620000, -0.530000
1476386226553, 32.259998, 32.259998, 100, 32.290001, 500, -1.620000, -0.530000
1476386228046, 32.259998, 32.259998, 100, 32.290001, 500, -1.620000, -0.530000
1476386230047, 32.259998, 32.259998, 100, 32.290001, 500, -1.620000, -0.530000
1476386230047, 32.259998, 32.259998, 100, 32.290001, 500, -1.620000, -0.530000
1476386234533, 32.259998, 32.259998, 100, 32.290001, 500, -1.620000, -0.530000
1476386236580, 32.259998, 32.259998, 100, 32.290001, 600, -1.620000, -0.530000
1476386238058, 32.259998, 32.259998, 100, 32.290001, 600, -1.620000, -0.530000
1476386240046, 32.259998, 32.259998, 100, 32.290001, 600, -1.620000, -0.530000
1476386242540, 32.259998, 32.259998, 100, 32.290001, 600, -1.620000, -0.530000
1476386244548, 32.259998, 32.259998, 100, 32.290001, 600, -1.620000, -0.530000
1476386246541, 32.259998, 32.259998, 100, 32.290001, 600, -1.620000, -0.530000
1476386248049, 32.259998, 32.259998, 100, 32.290001, 600, -1.620000, -0.530000
1476386250541, 32.259998, 32.259998, 100, 32.290001, 600, -1.620000, -0.530000
1476386252542, 32.259998, 32.240002, 100, 32.279999, 200, -1.620000, -0.530000
1476386254053, 32.259998, 32.240002, 100, 32.279999, 200, -1.620000, -0.530000
1476386256556, 32.259998, 32.240002, 100, 32.279999, 200, -1.620000, -0.530000
1476386258039, 32.259998, 32.240002, 100, 32.279999, 200, -1.620000, -0.530000
1476386259059, 32.259998, 32.240002, 100, 32.279999, 200, -1.620000, -0.530000
1476386262545, 32.254601, 32.240002, 100, 32.279999, 200, -1.630000, -0.535400
1476386264049, 32.254601, 32.240002, 100, 32.279999, 200, -1.630000, -0.535400
1476386266576, 32.254601, 32.240002, 100, 32.279999, 300, -1.630000, -0.535400
1476386268579, 32.254601, 32.240002, 100, 32.279999, 300, -1.630000, -0.535400
1476386270056, 32.254601, 32.240002, 100, 32.279999, 300, -1.630000, -0.535400
1476386272558, 32.259998, 32.240002, 100, 32.279999, 500, -1.620000, -0.530000
1476386274558, 32.259998, 32.240002, 100, 32.279999, 500, -1.620000, -0.530000
1476386276546, 32.259998, 32.240002, 100, 32.279999, 500, -1.620000, -0.530000
1476386278582, 32.259998, 32.250000, 100, 32.279999, 500, -1.620000, -0.530000
1476386280581, 32.220001, 32.220001, 300, 32.259998, 700, -1.740000, -0.570000
1476386282552, 32.220001, 32.220001, 200, 32.259998, 700, -1.740000, -0.570000
1476386284562, 32.220001, 32.220001, 200, 32.259998, 700, -1.740000, -0.570000
1476386286557, 32.220001, 32.209999, 100, 32.250000, 500, -1.740000, -0.570000
1476386288560, 32.220001, 32.209999, 100, 32.250000, 500, -1.740000, -0.570000
1476386290561, 32.220001, 32.209999, 100, 32.250000, 500, -1.740000, -0.570000
1476386292576, 32.220001, 32.209999, 100, 32.250000, 500, -1.740000, -0.570000
1476386294564, 32.220001, 32.209999, 100, 32.250000, 500, -1.740000, -0.570000
1476386296569, 32.220001, 32.209999, 100, 32.250000, 500, -1.740000, -0.570000
1476386298572, 32.220001, 32.209999, 100, 32.250000, 500, -1.740000, -0.570000
1476386300058, 32.220001, 32.209999, 100, 32.250000, 500, -1.740000, -0.570000
1476386302541, 32.220001, 32.209999, 100, 32.250000, 500, -1.740000, -0.570000
1476386304069, 32.220001, 32.209999, 100, 32.250000, 500, -1.740000, -0.570000
1476386306572, 32.220001, 32.209999, 100, 32.250000, 500, -1.740000, -0.570000
1476386308089, 32.220001, 32.209999, 100, 32.250000, 500, -1.740000, -0.570000
1476386310063, 32.220001, 32.209999, 100, 32.250000, 500, -1.740000, -0.570000
1476386312570, 32.220001, 32.209999, 100, 32.250000, 500, -1.740000, -0.570000
1476386314561, 32.220001, 32.209999, 100, 32.250000, 500, -1.740000, -0.570000
1476386316570, 32.220001, 32.209999, 100, 32.250000, 500, -1.740000, -0.570000
1476386318569, 32.220001, 32.209999, 100, 32.250000, 500, -1.740000, -0.570000
1476386320574, 32.220001, 32.209999, 100, 32.250000, 500, -1.740000, -0.570000
1476386322077, 32.220001, 32.209999, 100, 32.250000, 500, -1.740000, -0.570000
1476386324594, 32.220001, 32.209999, 200, 32.240002, 100, -1.740000, -0.570000
1476386326577, 32.220001, 32.209999, 200, 32.240002, 200, -1.740000, -0.570000
1476386328572, 32.220001, 32.209999, 200, 32.240002, 200, -1.740000, -0.570000
1476386330063, 32.220001, 32.209999, 200, 32.240002, 200, -1.740000, -0.570000
1476386332559, 32.209999, 32.200001, 2500, 32.230000, 400, -1.770000, -0.580000
1476386334573, 32.209999, 32.200001, 2500, 32.230000, 400, -1.770000, -0.580000
1476386336569, 32.209999, 32.200001, 2500, 32.230000, 400, -1.770000, -0.580000
1476386338068, 32.209999, 32.200001, 2500, 32.230000, 300, -1.770000, -0.580000
1476386340082, 32.209999, 32.200001, 2500, 32.230000, 400, -1.770000, -0.580000
1476386342595, 32.209999, 32.200001, 2500, 32.230000, 400, -1.770000, -0.580000
1476386343579, 32.209999, 32.200001, 2500, 32.230000, 400, -1.770000, -0.580000
1476386346563, 32.209999, 32.200001, 2500, 32.230000, 400, -1.770000, -0.580000
1476386348577, 32.209999, 32.200001, 2500, 32.230000, 400, -1.770000, -0.580000
1476386350574, 32.209999, 32.200001, 2500, 32.230000, 400, -1.770000, -0.580000
1476386352568, 32.209999, 32.200001, 2500, 32.230000, 400, -1.770000, -0.580000
1476386354590, 32.209999, 32.200001, 2500, 32.230000, 400, -1.770000, -0.580000
1476386356572, 32.209999, 32.200001, 2500, 32.230000, 400, -1.770000, -0.580000
1476386358568, 32.209999, 32.200001, 2500, 32.230000, 400, -1.770000, -0.580000
1476386360578, 32.209999, 32.200001, 2500, 32.230000, 400, -1.770000, -0.580000
1476386362080, 32.209999, 32.200001, 2500, 32.230000, 400, -1.770000, -0.580000
1476386364580, 32.209999, 32.200001, 2500, 32.230000, 400, -1.770000, -0.580000
1476386366581, 32.209999, 32.200001, 2500, 32.230000, 400, -1.770000, -0.580000
1476386368077, 32.209999, 32.200001, 2500, 32.230000, 400, -1.770000, -0.580000
1476386370078, 32.209999, 32.200001, 2500, 32.230000, 400, -1.770000, -0.580000
1476386372631, 32.209999, 32.200001, 2500, 32.230000, 400, -1.770000, -0.580000
1476386374581, 32.209999, 32.200001, 2500, 32.230000, 400, -1.770000, -0.580000
1476386376077, 32.209999, 32.200001, 2500, 32.230000, 400, -1.770000, -0.580000
1476386377578, 32.209999, 32.200001, 2500, 32.230000, 400, -1.770000, -0.580000
1476386380579, 32.209999, 32.200001, 2500, 32.230000, 500, -1.770000, -0.580000
1476386381601, 32.209999, 32.200001, 2500, 32.230000, 500, -1.770000, -0.580000
1476386383583, 32.209999, 32.200001, 2500, 32.230000, 500, -1.770000, -0.580000
1476386386580, 32.209999, 32.200001, 2500, 32.230000, 500, -1.770000, -0.580000
1476386388093, 32.209999, 32.200001, 2500, 32.230000, 500, -1.770000, -0.580000
1476386390583, 32.209999, 32.200001, 2500, 32.230000, 500, -1.770000, -0.580000
1476386392582, 32.209999, 32.200001, 2500, 32.230000, 500, -1.770000, -0.580000
1476386394580, 32.209999, 32.200001, 2500, 32.230000, 400, -1.770000, -0.580000
1476386396594, 32.209999, 32.200001, 2500, 32.230000, 400, -1.770000, -0.580000
1476386398070, 32.209999, 32.200001, 2500, 32.230000, 400, -1.770000, -0.580000
1476386400580, 32.209999, 32.200001, 2500, 32.230000, 400, -1.770000, -0.580000
1476386402598, 32.209999, 32.200001, 2500, 32.230000, 400, -1.770000, -0.580000
1476386404088, 32.230000, 32.209999, 100, 32.230000, 300, -1.710000, -0.560000
1476386406101, 32.230000, 32.209999, 100, 32.230000, 300, -1.710000, -0.560000
1476386408594, 32.230000, 32.209999, 100, 32.230000, 300, -1.710000, -0.560000
1476386410597, 32.230000, 32.209999, 100, 32.230000, 300, -1.710000, -0.560000
1476386412584, 32.230000, 32.209999, 100, 32.230000, 300, -1.710000, -0.560000
1476386414582, 32.230000, 32.209999, 100, 32.230000, 300, -1.710000, -0.560000
1476386416089, 32.230000, 32.209999, 100, 32.230000, 300, -1.710000, -0.560000
1476386418589, 32.230000, 32.209999, 100, 32.230000, 300, -1.710000, -0.560000
1476386420620, 32.230000, 32.209999, 100, 32.230000, 300, -1.710000, -0.560000
1476386422616, 32.230000, 32.209999, 100, 32.230000, 300, -1.710000, -0.560000
1476386424598, 32.230000, 32.209999, 100, 32.230000, 300, -1.710000, -0.560000
1476386426595, 32.230000, 32.209999, 100, 32.230000, 300, -1.710000, -0.560000
1476386428597, 32.230000, 32.209999, 100, 32.230000, 300, -1.710000, -0.560000
1476386430605, 32.230000, 32.209999, 100, 32.230000, 300, -1.710000, -0.560000
1476386432609, 32.230000, 32.209999, 100, 32.230000, 300, -1.710000, -0.560000
1476386434634, 32.230000, 32.200001, 2500, 32.230000, 300, -1.710000, -0.560000
1476386436097, 32.200001, 32.200001, 2200, 32.230000, 300, -1.800000, -0.590000
1476386438596, 32.180000, 32.180000, 300, 32.200001, 200, -1.860000, -0.610000
1476386440591, 32.200001, 32.180000, 300, 32.200001, 200, -1.800000, -0.590000
1476386442611, 32.200001, 32.180000, 300, 32.200001, 300, -1.800000, -0.590000
1476386444599, 32.200001, 32.180000, 300, 32.200001, 300, -1.800000, -0.590000
1476386446600, 32.200001, 32.180000, 200, 32.200001, 300, -1.800000, -0.590000
1476386448103, 32.200001, 32.180000, 200, 32.200001, 300, -1.800000, -0.590000
1476386450593, 32.200001, 32.180000, 200, 32.200001, 300, -1.800000, -0.590000
1476386452597, 32.200001, 32.180000, 200, 32.200001, 300, -1.800000, -0.590000
1476386454609, 32.200001, 32.180000, 200, 32.200001, 300, -1.800000, -0.590000
1476386456600, 32.200001, 32.180000, 200, 32.200001, 300, -1.800000, -0.590000
1476386458602, 32.200001, 32.180000, 200, 32.200001, 300, -1.800000, -0.590000
1476386460112, 32.180199, 32.180000, 200, 32.200001, 300, -1.860000, -0.609800
1476386462514, 32.180199, 32.180000, 200, 32.200001, 400, -1.860000, -0.609800
1476386464548, 32.180199, 32.180000, 200, 32.200001, 300, -1.860000, -0.609800
1476386466533, 32.200001, 32.180000, 200, 32.200001, 300, -1.800000, -0.590000
1476386468523, 32.200001, 32.180000, 200, 32.200001, 300, -1.800000, -0.590000
1476386470524, 32.200001, 32.180000, 200, 32.200001, 300, -1.800000, -0.590000
1476386472524, 32.200001, 32.180000, 200, 32.200001, 300, -1.800000, -0.590000
1476386471559, 32.200001, 32.180000, 200, 32.200001, 300, -1.800000, -0.590000
1476386476528, 32.200001, 32.180000, 200, 32.200001, 300, -1.800000, -0.590000
1476386478527, 32.200001, 32.180000, 200, 32.200001, 300, -1.800000, -0.590000
1476386480538, 32.200001, 32.180000, 200, 32.200001, 300, -1.800000, -0.590000
1476386482560, 32.200001, 32.180000, 200, 32.200001, 300, -1.800000, -0.590000
1476386484525, 32.200001, 32.180000, 200, 32.200001, 300, -1.800000, -0.590000
1476386486524, 32.200001, 32.180000, 200, 32.200001, 300, -1.800000, -0.590000
1476386488020, 32.200001, 32.180000, 200, 32.200001, 300, -1.800000, -0.590000
1476386490030, 32.200001, 32.180000, 200, 32.200001, 300, -1.800000, -0.590000
1476386492530, 32.200001, 32.180000, 200, 32.200001, 300, -1.800000, -0.590000
1476386493604, 32.200001, 32.180000, 200, 32.200001, 300, -1.800000, -0.590000
1476386496088, 32.200001, 32.180000, 200, 32.200001, 300, -1.800000, -0.590000
1476386498526, 32.200001, 32.180000, 200, 32.200001, 200, -1.800000, -0.590000
1476386499565, 32.200001, 32.180000, 200, 32.200001, 300, -1.800000, -0.590000
1476386502525, 32.200001, 32.180000, 200, 32.200001, 400, -1.800000, -0.590000
1476386504525, 32.200001, 32.180000, 200, 32.200001, 400, -1.800000, -0.590000
1476386506531, 32.200001, 32.180000, 200, 32.200001, 400, -1.800000, -0.590000
1476386507555, 32.180000, 32.180000, 100, 32.200001, 400, -1.860000, -0.610000
1476386510028, 32.180000, 32.180000, 100, 32.200001, 400, -1.860000, -0.610000
1476386512039, 32.180000, 32.180000, 100, 32.200001, 400, -1.860000, -0.610000
1476386514537, 32.180000, 32.180000, 100, 32.200001, 400, -1.860000, -0.610000
1476386516529, 32.169998, 32.160000, 100, 32.169998, 200, -1.890000, -0.620000
1476386518531, 32.169998, 32.160000, 100, 32.169998, 200, -1.890000, -0.620000
1476386520543, 32.169998, 32.160000, 100, 32.169998, 200, -1.890000, -0.620000
1476386522542, 32.169998, 32.160000, 100, 32.169998, 200, -1.890000, -0.620000
1476386524548, 32.169998, 32.160000, 100, 32.169998, 200, -1.890000, -0.620000
1476386526543, 32.169998, 32.160000, 100, 32.169998, 200, -1.890000, -0.620000
1476386526543, 32.169998, 32.160000, 100, 32.169998, 200, -1.890000, -0.620000
1476386530533, 32.150002, 32.150002, 100, 32.160000, 400, -1.950000, -0.640000
1476386532544, 32.150002, 32.150002, 100, 32.160000, 400, -1.950000, -0.640000
1476386534545, 32.150002, 32.150002, 100, 32.160000, 400, -1.950000, -0.640000
1476386536549, 32.150002, 32.150002, 100, 32.160000, 400, -1.950000, -0.640000
1476386538582, 32.150002, 32.150002, 100, 32.160000, 500, -1.950000, -0.640000
1476386540542, 32.150002, 32.150002, 100, 32.160000, 500, -1.950000, -0.640000
1476386542540, 32.150002, 32.150002, 100, 32.160000, 500, -1.950000, -0.640000
1476386544038, 32.150002, 32.150002, 100, 32.160000, 500, -1.950000, -0.640000
1476386546561, 32.150002, 32.150002, 100, 32.160000, 500, -1.950000, -0.640000
1476386548571, 32.150002, 32.150002, 100, 32.160000, 500, -1.950000, -0.640000
1476386550544, 32.150002, 32.150002, 100, 32.160000, 500, -1.950000, -0.640000
1476386552549, 32.150002, 32.150002, 100, 32.160000, 500, -1.950000, -0.640000
1476386554537, 32.150002, 32.150002, 100, 32.160000, 500, -1.950000, -0.640000
1476386556543, 32.150002, 32.150002, 100, 32.160000, 500, -1.950000, -0.640000
1476386558544, 32.150002, 32.150002, 100, 32.160000, 500, -1.950000, -0.640000
1476386560545, 32.150002, 32.150002, 100, 32.160000, 500, -1.950000, -0.640000
1476386562587, 32.150002, 32.150002, 100, 32.160000, 500, -1.950000, -0.640000
1476386564578, 32.150002, 32.150002, 100, 32.160000, 500, -1.950000, -0.640000
1476386566558, 32.150002, 32.150002, 100, 32.160000, 500, -1.950000, -0.640000
1476386568551, 32.150002, 32.150002, 100, 32.160000, 500, -1.950000, -0.640000
1476386570559, 32.150002, 32.150002, 100, 32.160000, 500, -1.950000, -0.640000
1476386572051, 32.150002, 32.150002, 100, 32.160000, 500, -1.950000, -0.640000
1476386574546, 32.150002, 32.150002, 100, 32.160000, 500, -1.950000, -0.640000
1476386576552, 32.150002, 32.150002, 100, 32.160000, 500, -1.950000, -0.640000
1476386577550, 32.150002, 32.150002, 100, 32.160000, 500, -1.950000, -0.640000
1476386580044, 32.150002, 32.150002, 100, 32.160000, 500, -1.950000, -0.640000
1476386582562, 32.150002, 32.150002, 100, 32.160000, 500, -1.950000, -0.640000
1476386584549, 32.150002, 32.150002, 100, 32.160000, 500, -1.950000, -0.640000
1476386586553, 32.150002, 32.150002, 100, 32.160000, 500, -1.950000, -0.640000
1476386587559, 32.150002, 32.150002, 100, 32.160000, 500, -1.950000, -0.640000
1476386590550, 32.150002, 32.139999, 100, 32.150002, 100, -1.950000, -0.640000
1476386592548, 32.150002, 32.139999, 100, 32.150002, 200, -1.950000, -0.640000
1476386594555, 32.139999, 32.130001, 100, 32.139999, 400, -1.980000, -0.650000
1476386596059, 32.139999, 32.130001, 100, 32.139999, 400, -1.980000, -0.650000
1476386598551, 32.110001, 32.110001, 200, 32.139999, 300, -2.070000, -0.680000
1476386600550, 32.110001, 32.110001, 100, 32.139999, 400, -2.070000, -0.680000
1476386602055, 32.110001, 32.110001, 100, 32.139999, 400, -2.070000, -0.680000
1476386604047, 32.110001, 32.110001, 100, 32.139999, 500, -2.070000, -0.680000
1476386606543, 32.110001, 32.110001, 100, 32.139999, 500, -2.070000, -0.680000
1476386608543, 32.110001, 32.099998, 100, 32.119999, 100, -2.070000, -0.680000
1476386610565, 32.110001, 32.099998, 100, 32.119999, 100, -2.070000, -0.680000
1476386612071, 32.110001, 32.099998, 100, 32.119999, 100, -2.070000, -0.680000
1476386614552, 32.099998, 32.110001, 100, 32.130001, 200, -2.100000, -0.690000
1476386616558, 32.099998, 32.110001, 100, 32.130001, 200, -2.100000, -0.690000
1476386618560, 32.099998, 32.099998, 100, 32.110001, 100, -2.100000, -0.690000
1476386620559, 32.099998, 32.099998, 1100, 32.119999, 200, -2.100000, -0.690000
1476386622562, 32.099998, 32.099998, 900, 32.119999, 200, -2.100000, -0.690000
1476386623568, 32.099998, 32.099998, 900, 32.119999, 200, -2.100000, -0.690000
1476386626568, 32.099998, 32.099998, 800, 32.119999, 200, -2.100000, -0.690000
1476386628560, 32.099998, 32.099998, 800, 32.119999, 200, -2.100000, -0.690000
1476386630566, 32.099998, 32.099998, 800, 32.119999, 200, -2.100000, -0.690000
1476386631066, 32.099998, 32.099998, 800, 32.119999, 200, -2.100000, -0.690000
1476386634563, 32.099998, 32.110001, 100, 32.119999, 200, -2.100000, -0.690000
1476386636561, 32.099998, 32.110001, 100, 32.119999, 200, -2.100000, -0.690000
1476386638587, 32.099998, 32.110001, 100, 32.119999, 200, -2.100000, -0.690000
1476386640572, 32.150002, 32.130001, 300, 32.169998, 300, -1.950000, -0.640000
1476386642560, 32.150002, 32.130001, 200, 32.169998, 100, -1.950000, -0.640000
1476386644570, 32.130001, 32.130001, 200, 32.169998, 100, -2.010000, -0.660000
1476386646571, 32.130001, 32.130001, 200, 32.169998, 100, -2.010000, -0.660000
1476386648569, 32.130001, 32.150002, 100, 32.169998, 100, -2.010000, -0.660000
1476386651064, 32.169998, 32.169998, 100, 32.180000, 100, -1.890000, -0.620000
1476386652075, 32.169998, 32.139999, 200, 32.180000, 100, -1.890000, -0.620000
1476386654566, 32.169998, 32.160000, 100, 32.180000, 100, -1.890000, -0.620000
1476386656572, 32.169998, 32.139999, 100, 32.180000, 100, -1.890000, -0.620000
1476386658564, 32.169998, 32.139999, 100, 32.180000, 100, -1.890000, -0.620000
1476386660571, 32.169998, 32.139999, 100, 32.180000, 100, -1.890000, -0.620000
1476386663065, 32.169998, 32.139999, 100, 32.180000, 100, -1.890000, -0.620000
1476386664071, 32.169998, 32.139999, 100, 32.180000, 100, -1.890000, -0.620000
1476386666066, 32.169998, 32.150002, 100, 32.180000, 100, -1.890000, -0.620000
1476386668565, 32.169998, 32.150002, 100, 32.180000, 100, -1.890000, -0.620000
1476386670590, 32.169998, 32.150002, 100, 32.180000, 100, -1.890000, -0.620000
1476386672562, 32.169998, 32.150002, 100, 32.180000, 100, -1.890000, -0.620000
1476386674579, 32.169998, 32.150002, 100, 32.180000, 100, -1.890000, -0.620000
1476386676580, 32.169998, 32.150002, 100, 32.180000, 100, -1.890000, -0.620000
1476386678575, 32.189999, 32.189999, 100, 32.209999, 100, -1.830000, -0.600000
1476386680576, 32.189999, 32.189999, 100, 32.209999, 100, -1.830000, -0.600000
1476386682569, 32.189999, 32.189999, 100, 32.220001, 100, -1.830000, -0.600000
1476386684589, 32.189999, 32.200001, 100, 32.220001, 100, -1.830000, -0.600000
1476386686575, 32.189999, 32.200001, 100, 32.220001, 100, -1.830000, -0.600000
1476386688580, 32.189999, 32.200001, 100, 32.220001, 100, -1.830000, -0.600000
1476386690623, 32.189999, 32.200001, 100, 32.220001, 100, -1.830000, -0.600000
1476386692572, 32.189999, 32.200001, 100, 32.220001, 100, -1.830000, -0.600000
1476386692572, 32.189999, 32.200001, 100, 32.220001, 100, -1.830000, -0.600000
1476386696576, 32.189999, 32.200001, 100, 32.220001, 100, -1.830000, -0.600000
1476386698084, 32.189999, 32.200001, 100, 32.220001, 100, -1.830000, -0.600000
1476386701076, 32.189999, 32.200001, 100, 32.220001, 100, -1.830000, -0.600000
1476386703074, 32.189999, 32.209999, 100, 32.220001, 100, -1.830000, -0.600000
1476386704596, 32.220001, 32.209999, 100, 32.220001, 200, -1.740000, -0.570000
1476386706578, 32.220001, 32.209999, 100, 32.220001, 200, -1.740000, -0.570000
1476386708600, 32.220001, 32.209999, 100, 32.220001, 200, -1.740000, -0.570000
1476386710604, 32.220001, 32.209999, 100, 32.220001, 200, -1.740000, -0.570000
1476386712090, 32.220001, 32.209999, 100, 32.220001, 200, -1.740000, -0.570000
1476386714084, 32.220001, 32.209999, 100, 32.220001, 100, -1.740000, -0.570000
1476386716581, 32.220001, 32.209999, 200, 32.220001, 100, -1.740000, -0.570000
1476386718599, 32.220001, 32.220001, 100, 32.230000, 200, -1.740000, -0.570000
1476386720595, 32.220001, 32.220001, 100, 32.230000, 200, -1.740000, -0.570000
1476386723085, 32.220001, 32.220001, 100, 32.230000, 200, -1.740000, -0.570000
1476386724644, 32.220001, 32.220001, 100, 32.230000, 200, -1.740000, -0.570000
1476386726592, 32.220001, 32.220001, 100, 32.230000, 200, -1.740000, -0.570000
1476386728107, 32.220001, 32.220001, 100, 32.230000, 200, -1.740000, -0.570000
1476386730100, 32.220001, 32.220001, 100, 32.230000, 200, -1.740000, -0.570000
1476386732608, 32.220001, 32.220001, 100, 32.250000, 100, -1.740000, -0.570000
1476386734594, 32.220001, 32.220001, 200, 32.250000, 100, -1.740000, -0.570000
1476386736593, 32.220001, 32.220001, 200, 32.250000, 100, -1.740000, -0.570000
1476386738604, 32.220001, 32.220001, 200, 32.250000, 100, -1.740000, -0.570000
1476386740592, 32.220001, 32.220001, 200, 32.250000, 100, -1.740000, -0.570000
1476386742595, 32.220001, 32.220001, 200, 32.250000, 100, -1.740000, -0.570000
1476386744100, 32.220001, 32.220001, 200, 32.250000, 100, -1.740000, -0.570000
1476386747095, 32.220001, 32.220001, 200, 32.250000, 100, -1.740000, -0.570000
1476386749092, 32.250000, 32.240002, 400, 32.259998, 100, -1.650000, -0.540000
1476386751087, 32.250000, 32.250000, 100, 32.290001, 400, -1.650000, -0.540000
1476386752601, 32.250000, 32.250000, 100, 32.290001, 200, -1.650000, -0.540000
1476386754594, 32.250000, 32.250000, 100, 32.290001, 200, -1.650000, -0.540000
1476386756104, 32.250000, 32.250000, 100, 32.290001, 200, -1.650000, -0.540000
1476386758607, 32.279202, 32.270000, 100, 32.290001, 200, -1.560000, -0.510800
1476386761102, 32.250000, 32.240002, 100, 32.270000, 200, -1.650000, -0.540000
1476386763108, 32.250000, 32.240002, 100, 32.270000, 100, -1.650000, -0.540000
1476386764598, 32.250000, 32.240002, 100, 32.270000, 100, -1.650000, -0.540000
1476386767092, 32.250000, 32.240002, 100, 32.270000, 100, -1.650000, -0.540000
1476386769098, 32.250000, 32.240002, 100, 32.270000, 100, -1.650000, -0.540000
1476386770104, 32.250000, 32.240002, 100, 32.270000, 100, -1.650000, -0.540000
1476386773129, 32.250000, 32.250000, 100, 32.270000, 100, -1.650000, -0.540000
1476386775012, 32.250000, 32.250000, 100, 32.270000, 100, -1.650000, -0.540000
1476386777017, 32.250000, 32.250000, 100, 32.270000, 100, -1.650000, -0.540000
1476386777017, 32.250000, 32.250000, 100, 32.270000, 100, -1.650000, -0.540000
1476386781009, 32.250000, 32.250000, 100, 32.270000, 100, -1.650000, -0.540000
1476386782518, 32.250000, 32.230000, 200, 32.259998, 100, -1.650000, -0.540000
1476386784014, 32.250000, 32.230000, 200, 32.270000, 100, -1.650000, -0.540000
1476386786514, 32.270000, 32.250000, 100, 32.299999, 300, -1.590000, -0.520000
1476386789030, 32.270000, 32.259998, 100, 32.299999, 200, -1.590000, -0.520000
1476386791012, 32.270000, 32.259998, 100, 32.299999, 200, -1.590000, -0.520000
1476386793017, 32.270000, 32.230000, 200, 32.299999, 200, -1.590000, -0.520000
1476386795013, 32.270000, 32.230000, 200, 32.299999, 200, -1.590000, -0.520000
1476386797012, 32.270000, 32.250000, 100, 32.299999, 200, -1.590000, -0.520000
1476386799018, 32.270000, 32.250000, 100, 32.299999, 200, -1.590000, -0.520000
1476386801023, 32.270000, 32.250000, 100, 32.299999, 200, -1.590000, -0.520000
1476386803024, 32.270000, 32.250000, 100, 32.299999, 200, -1.590000, -0.520000
1476386805049, 32.270000, 32.250000, 100, 32.299999, 400, -1.590000, -0.520000
1476386807023, 32.270000, 32.250000, 100, 32.279999, 100, -1.590000, -0.520000
1476386809028, 32.270000, 32.230000, 200, 32.279999, 200, -1.590000, -0.520000
1476386811023, 32.270000, 32.230000, 100, 32.279999, 200, -1.590000, -0.520000
1476386813024, 32.270000, 32.240002, 100, 32.279999, 200, -1.590000, -0.520000
1476386815032, 32.270000, 32.240002, 100, 32.279999, 200, -1.590000, -0.520000
1476386817033, 32.270000, 32.240002, 100, 32.279999, 200, -1.590000, -0.520000
1476386819027, 32.270000, 32.240002, 100, 32.279999, 200, -1.590000, -0.520000
1476386820028, 32.270000, 32.240002, 100, 32.279999, 200, -1.590000, -0.520000
1476386823022, 32.270000, 32.230000, 100, 32.270000, 200, -1.590000, -0.520000
1476386824534, 32.270000, 32.230000, 100, 32.270000, 200, -1.590000, -0.520000
1476386827022, 32.270000, 32.230000, 100, 32.270000, 200, -1.590000, -0.520000
1476386829034, 32.270000, 32.230000, 100, 32.270000, 200, -1.590000, -0.520000
1476386830530, 32.270000, 32.230000, 100, 32.270000, 200, -1.590000, -0.520000
1476386833033, 32.270000, 32.230000, 100, 32.270000, 200, -1.590000, -0.520000
1476386835028, 32.270000, 32.230000, 100, 32.270000, 200, -1.590000, -0.520000
1476386837070, 32.270000, 32.230000, 100, 32.270000, 200, -1.590000, -0.520000
1476386839031, 32.270000, 32.230000, 100, 32.270000, 200, -1.590000, -0.520000
1476386840540, 32.270000, 32.230000, 100, 32.270000, 200, -1.590000, -0.520000
1476386842034, 32.270000, 32.230000, 100, 32.270000, 200, -1.590000, -0.520000
1476386844530, 32.270000, 32.250000, 100, 32.270000, 200, -1.590000, -0.520000
1476386846576, 32.270000, 32.250000, 100, 32.270000, 200, -1.590000, -0.520000
1476386849034, 32.250000, 32.240002, 100, 32.270000, 200, -1.650000, -0.540000
1476386851047, 32.250000, 32.240002, 100, 32.270000, 200, -1.650000, -0.540000
1476386853068, 32.250000, 32.230000, 100, 32.259998, 100, -1.650000, -0.540000
1476386855040, 32.250000, 32.230000, 100, 32.259998, 100, -1.650000, -0.540000
1476386856043, 32.250000, 32.230000, 100, 32.259998, 100, -1.650000, -0.540000
1476386859040, 32.250000, 32.230000, 100, 32.270000, 200, -1.650000, -0.540000
1476386861039, 32.250000, 32.230000, 100, 32.270000, 200, -1.650000, -0.540000
1476386863041, 32.250000, 32.230000, 100, 32.270000, 200, -1.650000, -0.540000
1476386865062, 32.250000, 32.230000, 100, 32.270000, 200, -1.650000, -0.540000
1476386867040, 32.250000, 32.230000, 100, 32.270000, 200, -1.650000, -0.540000
1476386868537, 32.230000, 32.209999, 100, 32.240002, 100, -1.710000, -0.560000
1476386870551, 32.230000, 32.209999, 100, 32.240002, 100, -1.710000, -0.560000
1476386873049, 32.230000, 32.220001, 100, 32.240002, 100, -1.710000, -0.560000
1476386874047, 32.230000, 32.220001, 100, 32.240002, 100, -1.710000, -0.560000
1476386877061, 32.230000, 32.220001, 100, 32.240002, 100, -1.710000, -0.560000
1476386879070, 32.220001, 32.220001, 100, 32.240002, 100, -1.740000, -0.570000
1476386881047, 32.220001, 32.220001, 100, 32.240002, 100, -1.740000, -0.570000
1476386881546, 32.220001, 32.220001, 100, 32.240002, 100, -1.740000, -0.570000
1476386885058, 32.220001, 32.209999, 200, 32.240002, 100, -1.740000, -0.570000
1476386887063, 32.220001, 32.209999, 200, 32.240002, 100, -1.740000, -0.570000
1476386888052, 32.220001, 32.209999, 200, 32.240002, 100, -1.740000, -0.570000
1476386891086, 32.220001, 32.209999, 100, 32.240002, 100, -1.740000, -0.570000
1476386893060, 32.220001, 32.209999, 100, 32.240002, 100, -1.740000, -0.570000
1476386895060, 32.220001, 32.209999, 100, 32.240002, 100, -1.740000, -0.570000
1476386897054, 32.220001, 32.209999, 100, 32.240002, 100, -1.740000, -0.570000
1476386899062, 32.220001, 32.209999, 100, 32.240002, 100, -1.740000, -0.570000
1476386901062, 32.220001, 32.209999, 100, 32.240002, 100, -1.740000, -0.570000
1476386902562, 32.220001, 32.209999, 100, 32.240002, 100, -1.740000, -0.570000
1476386905052, 32.220001, 32.209999, 100, 32.240002, 100, -1.740000, -0.570000
1476386906060, 32.220001, 32.209999, 100, 32.240002, 100, -1.740000, -0.570000
1476386909055, 32.220001, 32.209999, 100, 32.240002, 100, -1.740000, -0.570000
1476386910102, 32.220001, 32.209999, 100, 32.240002, 100, -1.740000, -0.570000
1476386913068, 32.220001, 32.209999, 100, 32.240002, 100, -1.740000, -0.570000
1476386915057, 32.220001, 32.209999, 100, 32.240002, 100, -1.740000, -0.570000
1476386917058, 32.220001, 32.209999, 100, 32.240002, 100, -1.740000, -0.570000
1476386919070, 32.220001, 32.220001, 100, 32.240002, 100, -1.740000, -0.570000
1476386921072, 32.220001, 32.220001, 100, 32.240002, 100, -1.740000, -0.570000
1476386923063, 32.220001, 32.220001, 100, 32.240002, 100, -1.740000, -0.570000
1476386925059, 32.220001, 32.220001, 100, 32.240002, 100, -1.740000, -0.570000
1476386927073, 32.220001, 32.220001, 100, 32.240002, 100, -1.740000, -0.570000
1476386929070, 32.220001, 32.220001, 100, 32.240002, 100, -1.740000, -0.570000
1476386930562, 32.220001, 32.220001, 100, 32.240002, 100, -1.740000, -0.570000
1476386932577, 32.220001, 32.220001, 100, 32.240002, 100, -1.740000, -0.570000
1476386935056, 32.220001, 32.220001, 100, 32.240002, 100, -1.740000, -0.570000
1476386936069, 32.220001, 32.220001, 100, 32.240002, 100, -1.740000, -0.570000
1476386939061, 32.220001, 32.220001, 100, 32.240002, 100, -1.740000, -0.570000
1476386941054, 32.220001, 32.220001, 100, 32.240002, 100, -1.740000, -0.570000
1476386943072, 32.220001, 32.220001, 100, 32.240002, 200, -1.740000, -0.570000
1476386945082, 32.220001, 32.220001, 100, 32.240002, 200, -1.740000, -0.570000
1476386947066, 32.220001, 32.220001, 100, 32.240002, 200, -1.740000, -0.570000
1476386949078, 32.220001, 32.220001, 100, 32.240002, 200, -1.740000, -0.570000
1476386951080, 32.220001, 32.220001, 100, 32.240002, 200, -1.740000, -0.570000
1476386953080, 32.220001, 32.220001, 100, 32.240002, 200, -1.740000, -0.570000
1476386955065, 32.220001, 32.220001, 100, 32.240002, 200, -1.740000, -0.570000
1476386956079, 32.220001, 32.220001, 100, 32.240002, 200, -1.740000, -0.570000
1476386959085, 32.220001, 32.220001, 100, 32.240002, 200, -1.740000, -0.570000
1476386961066, 32.220001, 32.220001, 100, 32.240002, 200, -1.740000, -0.570000
1476386963077, 32.220001, 32.220001, 100, 32.240002, 200, -1.740000, -0.570000
1476386965075, 32.220001, 32.220001, 100, 32.240002, 200, -1.740000, -0.570000
1476386967077, 32.220001, 32.220001, 100, 32.240002, 200, -1.740000, -0.570000
1476386969144, 32.220001, 32.220001, 100, 32.240002, 200, -1.740000, -0.570000
1476386970060, 32.220001, 32.220001, 100, 32.240002, 200, -1.740000, -0.570000
1476386972579, 32.220001, 32.220001, 100, 32.240002, 200, -1.740000, -0.570000
1476386975073, 32.220001, 32.220001, 100, 32.240002, 100, -1.740000, -0.570000
1476386977082, 32.220001, 32.220001, 100, 32.240002, 100, -1.740000, -0.570000
1476386978086, 32.220001, 32.220001, 100, 32.240002, 100, -1.740000, -0.570000
1476386981078, 32.220001, 32.220001, 100, 32.240002, 100, -1.740000, -0.570000
1476386982085, 32.220001, 32.220001, 100, 32.240002, 100, -1.740000, -0.570000
1476386985086, 32.220001, 32.220001, 100, 32.240002, 100, -1.740000, -0.570000
1476386987073, 32.220001, 32.220001, 100, 32.240002, 100, -1.740000, -0.570000
1476386989114, 32.220001, 32.220001, 100, 32.240002, 100, -1.740000, -0.570000
1476386991087, 32.220001, 32.220001, 100, 32.240002, 100, -1.740000, -0.570000
1476386993086, 32.220001, 32.220001, 100, 32.240002, 100, -1.740000, -0.570000
1476386994601, 32.220001, 32.220001, 100, 32.240002, 200, -1.740000, -0.570000
1476386997090, 32.220001, 32.220001, 100, 32.240002, 200, -1.740000, -0.570000
1476386999073, 32.220001, 32.220001, 100, 32.240002, 200, -1.740000, -0.570000
1476387001091, 32.220001, 32.220001, 100, 32.240002, 200, -1.740000, -0.570000
1476387003099, 32.240002, 32.220001, 100, 32.240002, 200, -1.680000, -0.550000
1476387005089, 32.240002, 32.220001, 100, 32.240002, 200, -1.680000, -0.550000
1476387006093, 32.240002, 32.220001, 100, 32.240002, 200, -1.680000, -0.550000
1476387009129, 32.240002, 32.220001, 100, 32.240002, 200, -1.680000, -0.550000
1476387010093, 32.240002, 32.220001, 100, 32.240002, 200, -1.680000, -0.550000
1476387013129, 32.240002, 32.220001, 100, 32.240002, 200, -1.680000, -0.550000
1476387015088, 32.240002, 32.220001, 100, 32.240002, 200, -1.680000, -0.550000
1476387017099, 32.240002, 32.220001, 100, 32.240002, 200, -1.680000, -0.550000
1476387018086, 32.240002, 32.220001, 100, 32.240002, 200, -1.680000, -0.550000
1476387021091, 32.240002, 32.220001, 100, 32.240002, 200, -1.680000, -0.550000
1476387023087, 32.240002, 32.220001, 100, 32.240002, 200, -1.680000, -0.550000
1476387025085, 32.240002, 32.220001, 100, 32.240002, 200, -1.680000, -0.550000
1476387027106, 32.240002, 32.220001, 100, 32.240002, 200, -1.680000, -0.550000
1476387029084, 32.240002, 32.209999, 100, 32.240002, 200, -1.680000, -0.550000
1476387029084, 32.240002, 32.209999, 100, 32.240002, 200, -1.680000, -0.550000
1476387033096, 32.240002, 32.209999, 100, 32.240002, 200, -1.680000, -0.550000
1476387035100, 32.240002, 32.209999, 100, 32.240002, 200, -1.680000, -0.550000
1476387037094, 32.240002, 32.209999, 100, 32.240002, 200, -1.680000, -0.550000
1476387038600, 32.240002, 32.209999, 100, 32.240002, 200, -1.680000, -0.550000
1476387039622, 32.240002, 32.209999, 100, 32.240002, 200, -1.680000, -0.550000
1476387043107, 32.230000, 32.230000, 100, 32.250000, 100, -1.710000, -0.560000
1476387045094, 32.230000, 32.230000, 100, 32.250000, 100, -1.710000, -0.560000
1476387047099, 32.230000, 32.230000, 100, 32.250000, 100, -1.710000, -0.560000
1476387048094, 32.230000, 32.230000, 100, 32.250000, 100, -1.710000, -0.560000
1476387050090, 32.230000, 32.230000, 100, 32.250000, 100, -1.710000, -0.560000
1476387053094, 32.250000, 32.230000, 100, 32.250000, 200, -1.650000, -0.540000
1476387054631, 32.250000, 32.230000, 100, 32.250000, 200, -1.650000, -0.540000
1476387057087, 32.250000, 32.230000, 100, 32.250000, 200, -1.650000, -0.540000
1476387059121, 32.250000, 32.230000, 100, 32.250000, 200, -1.650000, -0.540000
1476387061101, 32.250000, 32.230000, 100, 32.250000, 200, -1.650000, -0.540000
1476387063109, 32.250000, 32.230000, 100, 32.250000, 300, -1.650000, -0.540000
1476387065110, 32.250000, 32.230000, 100, 32.250000, 300, -1.650000, -0.540000
1476387067110, 32.250000, 32.230000, 100, 32.250000, 300, -1.650000, -0.540000
1476387069125, 32.250000, 32.230000, 100, 32.250000, 300, -1.650000, -0.540000
1476387071144, 32.250000, 32.230000, 100, 32.250000, 300, -1.650000, -0.540000
1476387072601, 32.250000, 32.230000, 100, 32.250000, 300, -1.650000, -0.540000
1476387074906, 32.250000, 32.230000, 100, 32.250000, 300, -1.650000, -0.540000
1476387077016, 32.250000, 32.230000, 100, 32.250000, 300, -1.650000, -0.540000
1476387078515, 32.250000, 32.230000, 100, 32.250000, 300, -1.650000, -0.540000
1476387081019, 32.250000, 32.230000, 100, 32.250000, 300, -1.650000, -0.540000
1476387083015, 32.250000, 32.230000, 100, 32.250000, 300, -1.650000, -0.540000
1476387085017, 32.230000, 32.220001, 200, 32.240002, 300, -1.710000, -0.560000
1476387087016, 32.230000, 32.220001, 200, 32.230000, 100, -1.710000, -0.560000
1476387089017, 32.230000, 32.220001, 200, 32.230000, 100, -1.710000, -0.560000
1476387091025, 32.230000, 32.220001, 200, 32.230000, 100, -1.710000, -0.560000
1476387093022, 32.220001, 32.220001, 200, 32.230000, 100, -1.740000, -0.570000
1476387095026, 32.220001, 32.220001, 200, 32.230000, 100, -1.740000, -0.570000
1476387097014, 32.209999, 32.200001, 100, 32.220001, 300, -1.770000, -0.580000
1476387099035, 32.209999, 32.200001, 100, 32.220001, 400, -1.770000, -0.580000
1476387099035, 32.209999, 32.200001, 100, 32.220001, 400, -1.770000, -0.580000
1476387103018, 32.209999, 32.200001, 100, 32.220001, 400, -1.770000, -0.580000
1476387104527, 32.209999, 32.200001, 100, 32.220001, 400, -1.770000, -0.580000
1476387107025, 32.200001, 32.189999, 100, 32.209999, 200, -1.800000, -0.590000
1476387108523, 32.200001, 32.189999, 100, 32.209999, 200, -1.800000, -0.590000
1476387111021, 32.189999, 32.169998, 100, 32.189999, 100, -1.830000, -0.600000
1476387111524, 32.169998, 32.130001, 100, 32.160000, 100, -1.890000, -0.620000
1476387115041, 32.090000, 32.090000, 100, 32.139999, 200, -2.130000, -0.700000
1476387117023, 32.090000, 32.090000, 100, 32.139999, 200, -2.130000, -0.700000
1476387119025, 32.090000, 32.090000, 100, 32.139999, 200, -2.130000, -0.700000
1476387121032, 32.090000, 32.090000, 100, 32.139999, 200, -2.130000, -0.700000
1476387123034, 32.090000, 32.090000, 100, 32.139999, 200, -2.130000, -0.700000
1476387124530, 32.090000, 32.090000, 100, 32.139999, 200, -2.130000, -0.700000
1476387126531, 32.090000, 32.090000, 100, 32.139999, 200, -2.130000, -0.700000
1476387129041, 32.090000, 32.099998, 100, 32.139999, 200, -2.130000, -0.700000
1476387130035, 32.090000, 32.099998, 100, 32.139999, 200, -2.130000, -0.700000
1476387133033, 32.090000, 32.099998, 100, 32.139999, 200, -2.130000, -0.700000
1476387135027, 32.090000, 32.099998, 100, 32.139999, 200, -2.130000, -0.700000
1476387137030, 32.090000, 32.099998, 100, 32.139999, 200, -2.130000, -0.700000
1476387139029, 32.090000, 32.099998, 100, 32.139999, 200, -2.130000, -0.700000
1476387140550, 32.090000, 32.099998, 100, 32.139999, 200, -2.130000, -0.700000
1476387143055, 32.090000, 32.099998, 100, 32.139999, 200, -2.130000, -0.700000
1476387145034, 32.090000, 32.099998, 100, 32.139999, 200, -2.130000, -0.700000
1476387145534, 32.090000, 32.099998, 100, 32.139999, 200, -2.130000, -0.700000
1476387145534, 32.090000, 32.099998, 100, 32.139999, 200, -2.130000, -0.700000
1476387151046, 32.090000, 32.099998, 100, 32.139999, 200, -2.130000, -0.700000
1476387153039, 32.090000, 32.099998, 100, 32.139999, 200, -2.130000, -0.700000
1476387155047, 32.090000, 32.099998, 100, 32.139999, 200, -2.130000, -0.700000
1476387157064, 32.090000, 32.099998, 100, 32.139999, 200, -2.130000, -0.700000
1476387159035, 32.090000, 32.099998, 100, 32.139999, 200, -2.130000, -0.700000
1476387161043, 32.090000, 32.099998, 100, 32.139999, 200, -2.130000, -0.700000
1476387162549, 32.090000, 32.099998, 100, 32.139999, 200, -2.130000, -0.700000
1476387165040, 32.090000, 32.099998, 100, 32.139999, 200, -2.130000, -0.700000
1476387167055, 32.090000, 32.099998, 100, 32.139999, 200, -2.130000, -0.700000
1476387169044, 32.090000, 32.099998, 100, 32.139999, 300, -2.130000, -0.700000
1476387170054, 32.090000, 32.099998, 100, 32.139999, 300, -2.130000, -0.700000
1476387172553, 32.090000, 32.099998, 100, 32.139999, 300, -2.130000, -0.700000
1476387175047, 32.090000, 32.099998, 100, 32.139999, 300, -2.130000, -0.700000
1476387177050, 32.090000, 32.099998, 100, 32.139999, 300, -2.130000, -0.700000
1476387179048, 32.090000, 32.099998, 100, 32.139999, 300, -2.130000, -0.700000
1476387181047, 32.090000, 32.099998, 100, 32.139999, 300, -2.130000, -0.700000
1476387182576, 32.090000, 32.099998, 100, 32.139999, 300, -2.130000, -0.700000
1476387185061, 32.090000, 32.099998, 100, 32.139999, 300, -2.130000, -0.700000
1476387187095, 32.090000, 32.099998, 100, 32.139999, 300, -2.130000, -0.700000
1476387188554, 32.099998, 32.130001, 100, 32.180000, 200, -2.100000, -0.690000
1476387191060, 32.130001, 32.150002, 300, 32.180000, 100, -2.010000, -0.660000
1476387193063, 32.130001, 32.169998, 100, 32.220001, 200, -2.010000, -0.660000
1476387195059, 32.130001, 32.169998, 100, 32.220001, 100, -2.010000, -0.660000
1476387196557, 32.130001, 32.169998, 100, 32.220001, 100, -2.010000, -0.660000
1476387199059, 32.130001, 32.169998, 100, 32.220001, 100, -2.010000, -0.660000
1476387201052, 32.130001, 32.169998, 100, 32.209999, 100, -2.010000, -0.660000
1476387203060, 32.130001, 32.169998, 100, 32.209999, 100, -2.010000, -0.660000
1476387204556, 32.130001, 32.169998, 100, 32.209999, 100, -2.010000, -0.660000
1476387206555, 32.130001, 32.169998, 100, 32.209999, 100, -2.010000, -0.660000
1476387208558, 32.209999, 32.189999, 100, 32.209999, 100, -1.770000, -0.580000
1476387211061, 32.189999, 32.169998, 100, 32.200001, 100, -1.830000, -0.600000
1476387213068, 32.189999, 32.169998, 100, 32.200001, 100, -1.830000, -0.600000
1476387215066, 32.189999, 32.169998, 100, 32.200001, 100, -1.830000, -0.600000
1476387217066, 32.189999, 32.169998, 100, 32.200001, 100, -1.830000, -0.600000
1476387219065, 32.189999, 32.169998, 100, 32.200001, 100, -1.830000, -0.600000
1476387221061, 32.189999, 32.169998, 100, 32.200001, 100, -1.830000, -0.600000
1476387223065, 32.189999, 32.169998, 100, 32.200001, 100, -1.830000, -0.600000
1476387225234, 32.189999, 32.169998, 100, 32.200001, 100, -1.830000, -0.600000
1476387227071, 32.189999, 32.169998, 100, 32.200001, 100, -1.830000, -0.600000
1476387229074, 32.189999, 32.169998, 100, 32.200001, 100, -1.830000, -0.600000
1476387231071, 32.189999, 32.180000, 100, 32.200001, 100, -1.830000, -0.600000
1476387233104, 32.189999, 32.160000, 100, 32.189999, 100, -1.830000, -0.600000
1476387235060, 32.160000, 32.169998, 100, 32.189999, 100, -1.920000, -0.630000
1476387237066, 32.160000, 32.169998, 100, 32.189999, 100, -1.920000, -0.630000
1476387239074, 32.160000, 32.169998, 200, 32.200001, 200, -1.920000, -0.630000
1476387240569, 32.160000, 32.169998, 200, 32.200001, 200, -1.920000, -0.630000
1476387243066, 32.160000, 32.169998, 200, 32.200001, 200, -1.920000, -0.630000
1476387245070, 32.160000, 32.169998, 200, 32.200001, 200, -1.920000, -0.630000
1476387247072, 32.160000, 32.169998, 200, 32.200001, 200, -1.920000, -0.630000
1476387249074, 32.160000, 32.169998, 200, 32.200001, 200, -1.920000, -0.630000
1476387251070, 32.160000, 32.169998, 200, 32.200001, 200, -1.920000, -0.630000
1476387253065, 32.160000, 32.169998, 200, 32.200001, 200, -1.920000, -0.630000
1476387255067, 32.160000, 32.169998, 200, 32.200001, 200, -1.920000, -0.630000
1476387256571, 32.160000, 32.169998, 200, 32.200001, 200, -1.920000, -0.630000
1476387259084, 32.160000, 32.169998, 200, 32.200001, 200, -1.920000, -0.630000
1476387261073, 32.160000, 32.169998, 200, 32.200001, 200, -1.920000, -0.630000
1476387262570, 32.160000, 32.169998, 200, 32.200001, 200, -1.920000, -0.630000
1476387265072, 32.160000, 32.169998, 200, 32.200001, 200, -1.920000, -0.630000
1476387267083, 32.160000, 32.169998, 200, 32.200001, 200, -1.920000, -0.630000
1476387269078, 32.160000, 32.169998, 200, 32.200001, 200, -1.920000, -0.630000
1476387271075, 32.160000, 32.169998, 200, 32.200001, 200, -1.920000, -0.630000
1476387273084, 32.160000, 32.169998, 200, 32.200001, 200, -1.920000, -0.630000
1476387275075, 32.160000, 32.169998, 200, 32.200001, 200, -1.920000, -0.630000
1476387277569, 32.160000, 32.169998, 200, 32.200001, 200, -1.920000, -0.630000
1476387279075, 32.160000, 32.169998, 200, 32.200001, 200, -1.920000, -0.630000
1476387281074, 32.160000, 32.169998, 200, 32.200001, 200, -1.920000, -0.630000
1476387282080, 32.160000, 32.169998, 200, 32.200001, 200, -1.920000, -0.630000
1476387285109, 32.160000, 32.169998, 200, 32.200001, 200, -1.920000, -0.630000
1476387286079, 32.160000, 32.169998, 200, 32.200001, 200, -1.920000, -0.630000
1476387288092, 32.160000, 32.169998, 200, 32.200001, 200, -1.920000, -0.630000
1476387290585, 32.160000, 32.169998, 200, 32.200001, 400, -1.920000, -0.630000
1476387293081, 32.160000, 32.169998, 200, 32.200001, 400, -1.920000, -0.630000
1476387294591, 32.160000, 32.169998, 200, 32.200001, 400, -1.920000, -0.630000
1476388733564, 32.150002, 32.150002, 100, 32.160000, 1100, -1.950000, -0.640000
1476388735552, 32.150002, 32.150002, 100, 32.160000, 1100, -1.950000, -0.640000
1476388737551, 32.150002, 32.150002, 100, 32.160000, 1200, -1.950000, -0.640000
1476388739048, 32.150002, 32.150002, 100, 32.160000, 1200, -1.950000, -0.640000
1476388741054, 32.150002, 32.150002, 100, 32.160000, 1200, -1.950000, -0.640000
1476388743567, 32.150002, 32.150002, 200, 32.160000, 1200, -1.950000, -0.640000
1476388744570, 32.150002, 32.150002, 200, 32.160000, 1200, -1.950000, -0.640000
1476388747562, 32.150002, 32.150002, 500, 32.160000, 1000, -1.950000, -0.640000
1476388749556, 32.150002, 32.150002, 300, 32.160000, 1100, -1.950000, -0.640000
1476388751559, 32.150002, 32.150002, 200, 32.160000, 1100, -1.950000, -0.640000
1476388753072, 32.160000, 32.150002, 400, 32.160000, 1000, -1.920000, -0.630000
1476388755066, 32.150002, 32.150002, 400, 32.160000, 700, -1.950000, -0.640000
1476388757567, 32.150002, 32.150002, 400, 32.160000, 800, -1.950000, -0.640000
1476388759064, 32.150002, 32.150002, 400, 32.160000, 800, -1.950000, -0.640000
1476388761570, 32.150002, 32.150002, 300, 32.160000, 900, -1.950000, -0.640000
1476388763597, 32.150002, 32.150002, 400, 32.160000, 800, -1.950000, -0.640000
1476388765580, 32.150002, 32.150002, 400, 32.160000, 800, -1.950000, -0.640000
1476388767581, 32.154999, 32.150002, 400, 32.160000, 800, -1.940000, -0.635000
1476388769570, 32.150002, 32.150002, 300, 32.160000, 800, -1.950000, -0.640000
1476388771565, 32.150002, 32.150002, 400, 32.160000, 700, -1.950000, -0.640000
1476388773567, 32.150002, 32.150002, 600, 32.160000, 800, -1.950000, -0.640000
1476388775081, 32.150002, 32.150002, 600, 32.160000, 800, -1.950000, -0.640000
1476388777086, 32.160000, 32.160000, 300, 32.180000, 200, -1.920000, -0.630000
1476388779568, 32.160000, 32.160000, 200, 32.169998, 100, -1.920000, -0.630000
1476388781579, 32.169998, 32.160000, 200, 32.180000, 200, -1.890000, -0.620000
1476388783126, 32.169998, 32.160000, 300, 32.169998, 100, -1.890000, -0.620000
1476388785572, 32.169998, 32.160000, 300, 32.169998, 100, -1.890000, -0.620000
1476388787567, 32.160301, 32.169998, 200, 32.180000, 100, -1.920000, -0.629700
1476388787567, 32.160301, 32.169998, 200, 32.180000, 100, -1.920000, -0.629700
1476388791583, 32.180000, 32.169998, 200, 32.180000, 100, -1.860000, -0.610000
1476388793584, 32.169998, 32.169998, 300, 32.189999, 200, -1.890000, -0.620000
1476388795572, 32.169998, 32.180000, 400, 32.189999, 200, -1.890000, -0.620000
1476388796572, 32.169998, 32.180000, 200, 32.189999, 200, -1.890000, -0.620000
1476388799082, 32.189999, 32.180000, 400, 32.200001, 100, -1.830000, -0.600000
1476388801092, 32.180000, 32.180000, 100, 32.209999, 100, -1.860000, -0.610000
1476388803591, 32.180000, 32.189999, 600, 32.220001, 400, -1.860000, -0.610000
1476388805607, 32.180000, 32.189999, 600, 32.220001, 400, -1.860000, -0.610000
1476388807634, 32.180000, 32.189999, 600, 32.290001, 100, -1.860000, -0.610000
1476388809091, 32.180000, 32.189999, 600, 32.290001, 100, -1.860000, -0.610000
1476388813576, 32.180000, 32.189999, 600, 32.290001, 100, -1.860000, -0.610000
