1477407251116,13.590000,13.580000,2400,13.590000,8000,2.720000,0.360000
1477407253620,13.585000,13.580000,700,13.590000,14300,2.680000,0.355000
1477407255118,13.580000,13.570000,7400,13.580000,2600,2.650000,0.350000
1477407257619,13.570100,13.570000,7400,13.580000,2400,2.570000,0.340100
1477407260622,13.579000,13.570000,13200,13.580000,600,2.640000,0.349000
1477407263126,13.585400,13.580000,6700,13.590000,5800,2.690000,0.355400
1477407266127,13.590000,13.580000,4300,13.590000,5600,2.720000,0.360000
1477407268124,13.590000,13.580000,4300,13.590000,5600,2.720000,0.360000
1477407271130,13.581000,13.580000,5500,13.590000,5600,2.650000,0.351000
1477407274629,13.585200,13.580000,6300,13.590000,6200,2.680000,0.355200
1477407277154,13.590000,13.580000,6100,13.590000,9800,2.720000,0.360000
1477407279638,13.590000,13.580000,6900,13.590000,9600,2.720000,0.360000
1477407282138,13.590000,13.580000,13900,13.590000,9500,2.720000,0.360000
1477407284153,13.600000,13.600000,1200,13.610000,18300,2.800000,0.370000
1477407286637,13.600000,13.590000,9100,13.600000,2400,2.800000,0.370000
1477407288674,13.580300,13.580000,4200,13.590000,8400,2.650000,0.350300
1477407291139,13.570000,13.570000,10600,13.580000,2400,2.570000,0.340000
1477407293649,13.570000,13.570000,9900,13.580000,2400,2.570000,0.340000
1477407296643,13.579900,13.570000,8000,13.580000,5100,2.640000,0.349900
1477407299141,13.579900,13.570000,6700,13.580000,7800,2.640000,0.349900
1477407300638,13.570000,13.570000,4800,13.580000,9500,2.570000,0.340000
1477407304194,13.580000,13.570000,10100,13.580000,400,2.650000,0.350000
1477407306672,13.580000,13.570000,2000,13.580000,8500,2.650000,0.350000
1477407309154,13.580000,13.570000,3200,13.580000,9000,2.650000,0.350000
1477407311144,13.570000,13.570000,3900,13.580000,5900,2.570000,0.340000
1477407313643,13.570100,13.570000,900,13.580000,9800,2.570000,0.340100
1477407316143,13.570000,13.570000,1700,13.580000,9300,2.570000,0.340000
1477407319142,13.580000,13.570000,12200,13.580000,1200,2.650000,0.350000
1477407321168,13.580000,13.580000,6300,13.590000,4600,2.650000,0.350000
1477407323675,13.580000,13.580000,1700,13.590000,8300,2.650000,0.350000
1477407327658,13.586200,13.580000,1900,13.590000,9400,2.690000,0.356200
1477407330659,13.590000,13.590000,12700,13.600000,1700,2.720000,0.360000
1477407333177,13.595000,13.590000,12300,13.600000,1900,2.760000,0.365000
1477407336149,13.600000,13.590000,13200,13.600000,1500,2.800000,0.370000
1477407339663,13.595000,13.590000,2300,13.600000,6100,2.760000,0.365000
1477407342163,13.593800,13.590000,5700,13.600000,3000,2.750000,0.363800
1477407344149,13.598600,13.590000,5300,13.600000,2900,2.790000,0.368600
1477407346164,13.598600,13.590000,4900,13.600000,2900,2.790000,0.368600
1477407349177,13.595000,13.590000,12000,13.600000,1600,2.760000,0.365000
1477407352160,13.590000,13.590000,3500,13.600000,6400,2.720000,0.360000
1477407354664,13.600000,13.600000,3000,13.610000,12900,2.800000,0.370000
1477407357163,13.600000,13.600000,1500,13.610000,13900,2.800000,0.370000
1477407360110,13.600000,13.600000,1400,13.610000,14800,2.800000,0.370000
1477407362621,13.604400,13.600000,2500,13.610000,14100,2.830000,0.374400
1477407365612,13.600000,13.600000,2400,13.610000,12900,2.800000,0.370000
1477407368111,13.600000,13.600000,1500,13.610000,14100,2.800000,0.370000
1477407370615,13.603800,13.600000,10800,13.610000,16200,2.830000,0.373800
1477407372615,13.603800,13.600000,12100,13.610000,8100,2.830000,0.373800
1477407375128,13.605000,13.600000,15600,13.610000,7600,2.830000,0.375000
1477407377117,13.609200,13.610000,3200,13.620000,12300,2.870000,0.379200
1477407380115,13.610000,13.610000,1100,13.620000,13200,2.870000,0.380000
1477407382618,13.610000,13.600000,13800,13.610000,2600,2.870000,0.380000
1477407385119,13.610000,13.600000,13800,13.610000,2600,2.870000,0.380000
1477407387116,13.610000,13.600000,13800,13.610000,2600,2.870000,0.380000
1477407389614,13.610000,13.600000,14300,13.610000,2400,2.870000,0.380000
1477407391622,13.609900,13.600000,14600,13.610000,1700,2.870000,0.379900
1477407394127,13.610000,13.610000,2800,13.620000,13000,2.870000,0.380000
1477407396626,13.619300,13.610000,5000,13.620000,12700,2.940000,0.389300
1477407399126,13.611900,13.610000,11700,13.620000,2700,2.890000,0.381900
1477407402125,13.615000,13.610000,11300,13.620000,2700,2.910000,0.385000
1477407404629,13.620000,13.610000,11300,13.620000,2700,2.950000,0.390000
1477407407128,13.617500,13.610000,12800,13.620000,2400,2.930000,0.387500
1477407410138,13.620000,13.610000,13000,13.620000,2500,2.950000,0.390000
1477407412669,13.620000,13.610000,15000,13.620000,1100,2.950000,0.390000
1477407415133,13.618000,13.610000,14100,13.620000,900,2.930000,0.388000
1477407417142,13.630000,13.620000,20800,13.630000,1800,3.020000,0.400000
1477407419640,13.640000,13.630000,6600,13.640000,4400,3.100000,0.410000
1477407422631,13.645000,13.640000,5700,13.650000,22500,3.140000,0.415000
1477407424672,13.645000,13.640000,9900,13.650000,23200,3.140000,0.415000
1477407427148,13.650000,13.640000,1900,13.650000,31900,3.170000,0.420000
1477407429643,13.649000,13.640000,1900,13.650000,31700,3.170000,0.419000
1477407431641,13.635000,13.630000,7100,13.640000,7500,3.060000,0.405000
1477407434149,13.630000,13.630000,7600,13.640000,5900,3.020000,0.400000
1477407437143,13.640000,13.640000,3100,13.650000,26500,3.100000,0.410000
1477407439647,13.650000,13.650000,4100,13.660000,10900,3.170000,0.420000
1477407441647,13.655000,13.650000,800,13.660000,12900,3.210000,0.425000
1477407444154,13.655000,13.650000,800,13.660000,12900,3.210000,0.425000
1477407446658,13.630000,13.630000,4400,13.640000,8400,3.020000,0.400000
1477407448665,13.640000,13.630000,7100,13.640000,3200,3.100000,0.410000
1477407451194,13.630000,13.630000,5000,13.640000,3600,3.020000,0.400000
1477407453654,13.640000,13.640000,3600,13.650000,15300,3.100000,0.410000
1477407455651,13.640000,13.630000,8100,13.640000,1200,3.100000,0.410000
1477407459151,13.624000,13.620000,11200,13.630000,3100,2.980000,0.394000
1477407462160,13.630000,13.620000,6300,13.630000,3000,3.020000,0.400000
1477407464156,13.630000,13.620000,6700,13.630000,2600,3.020000,0.400000
1477407466655,13.620000,13.620000,7100,13.630000,2700,2.950000,0.390000
1477407468659,13.620800,13.620000,11500,13.630000,1600,2.950000,0.390800
1477407470164,13.630000,13.620000,11300,13.630000,700,3.020000,0.400000
1477407473657,13.630000,13.620000,6700,13.630000,2600,3.020000,0.400000
1477407475695,13.629900,13.620000,6200,13.630000,3900,3.020000,0.399900
1477407478198,13.630000,13.620000,1700,13.630000,8400,3.020000,0.400000
1477407480155,13.620000,13.610000,4200,13.620000,7100,2.950000,0.390000
1477407483171,13.615000,13.610000,8400,13.620000,2000,2.910000,0.385000
1477407485664,13.600000,13.590000,2300,13.600000,8800,2.800000,0.370000
1477407487609,13.610000,13.610000,1500,13.620000,6300,2.870000,0.380000
1477407490107,13.610000,13.600000,6600,13.610000,1400,2.870000,0.380000
1477407493613,13.610000,13.610000,3800,13.620000,7600,2.870000,0.380000
1477407497616,13.610000,13.610000,2000,13.620000,7300,2.870000,0.380000
1477407500109,13.620000,13.610000,2900,13.620000,7300,2.950000,0.390000
1477407502611,13.620000,13.610000,2400,13.620000,7300,2.950000,0.390000
1477407505117,13.610000,13.610000,2000,13.620000,7600,2.870000,0.380000
1477407507133,13.620000,13.610000,2200,13.620000,7300,2.950000,0.390000
1477407510115,13.610000,13.610000,2000,13.620000,7300,2.870000,0.380000
1477407512621,13.610000,13.610000,1900,13.620000,7300,2.870000,0.380000
1477407515619,13.613000,13.610000,2700,13.620000,7100,2.890000,0.383000
1477407520688,13.620000,13.610000,12500,13.620000,5400,2.950000,0.390000
1477407523650,13.615000,13.610000,9300,13.620000,7900,2.910000,0.385000
1477407526124,13.620000,13.610000,6500,13.620000,6100,2.950000,0.390000
1477407528621,13.610000,13.610000,1800,13.620000,9500,2.870000,0.380000
1477407531123,13.612800,13.610000,10400,13.620000,7800,2.890000,0.382800
1477407533126,13.615000,13.610000,9900,13.620000,7800,2.910000,0.385000
1477407536150,13.610000,13.610000,5800,13.620000,7800,2.870000,0.380000
1477407538141,13.614200,13.610000,4200,13.620000,7900,2.900000,0.384200
1477407541637,13.610800,13.610000,4300,13.620000,7900,2.880000,0.380800
1477407544137,13.610000,13.610000,2200,13.620000,8300,2.870000,0.380000
1477407546636,13.610000,13.610000,1000,13.620000,8400,2.870000,0.380000
1477407549169,13.610000,13.600000,2200,13.610000,7000,2.870000,0.380000
1477407551632,13.603000,13.600000,3200,13.610000,7300,2.820000,0.373000
1477407554141,13.600000,13.590000,14500,13.600000,1300,2.800000,0.370000
1477407556645,13.594000,13.590000,10000,13.600000,1600,2.750000,0.364000
1477407559141,13.590000,13.590000,2400,13.600000,7700,2.720000,0.360000
1477407583651,13.580000,13.570000,4600,13.580000,2600,2.650000,0.350000
1477407586163,13.570000,13.570000,500,13.580000,9800,2.570000,0.340000
1477407588159,13.572500,13.570000,1000,13.580000,7000,2.590000,0.342500
1477407590658,13.572500,13.570000,800,13.580000,7200,2.590000,0.342500
1477407593233,13.570000,13.570000,600,13.580000,8000,2.570000,0.340000
1477407595654,13.570000,13.560000,15100,13.570000,600,2.570000,0.340000
1477407598161,13.567100,13.560000,6900,13.570000,2300,2.550000,0.337100
1477407600170,13.570000,13.560000,15100,13.570000,1000,2.570000,0.340000
1477407602665,13.580000,13.580000,3500,13.590000,5000,2.650000,0.350000
1477407605193,13.600000,13.590000,24100,13.600000,300,2.800000,0.370000
1477407608676,13.604800,13.600000,8600,13.610000,4900,2.830000,0.374800
1477407611218,13.610000,13.600000,7000,13.610000,4900,2.870000,0.380000
1477407613669,13.610000,13.610000,700,13.620000,9800,2.870000,0.380000
1477407616169,13.614200,13.610000,1400,13.620000,9800,2.900000,0.384200
1477407618606,13.614200,13.610000,2600,13.620000,9500,2.900000,0.384200
1477407621107,13.613800,13.610000,7100,13.620000,9300,2.900000,0.383800
1477407623609,13.610000,13.610000,5400,13.620000,9300,2.870000,0.380000
1477407626108,13.611000,13.610000,5400,13.620000,9300,2.880000,0.381000
1477407627612,13.611000,13.610000,3200,13.620000,9400,2.880000,0.381000
1477407631111,13.620000,13.610000,5200,13.620000,3900,2.950000,0.390000
1477407633112,13.620000,13.610000,4700,13.620000,3900,2.950000,0.390000
1477407635612,13.610000,13.600000,8700,13.610000,2600,2.870000,0.380000
1477407637617,13.610000,13.600000,5800,13.610000,4200,2.870000,0.380000
1477407640624,13.602400,13.600000,9800,13.610000,900,2.810000,0.372400
1477407643153,13.605000,13.600000,5800,13.610000,4700,2.830000,0.375000
1477407645119,13.605000,13.600000,7300,13.610000,2600,2.830000,0.375000
1477407648126,13.600000,13.600000,2200,13.610000,7800,2.800000,0.370000
1477407650130,13.600000,13.590000,5200,13.600000,2600,2.800000,0.370000
1477407652626,13.590000,13.580000,14100,13.590000,2500,2.720000,0.360000
1477407654638,13.586000,13.580000,14100,13.590000,2500,2.690000,0.356000
1477407658136,13.600000,13.600000,1400,13.610000,8400,2.800000,0.370000
1477407660632,13.600000,13.600000,6600,13.610000,1000,2.800000,0.370000
1477407663129,13.610000,13.600000,4700,13.610000,3400,2.870000,0.380000
1477407665634,13.610000,13.600000,5500,13.610000,3600,2.870000,0.380000
1477407668173,13.610000,13.610000,2800,13.620000,8000,2.870000,0.380000
1477407670649,13.610000,13.610000,4700,13.620000,4400,2.870000,0.380000
1477407673138,13.613300,13.610000,2700,13.620000,6000,2.900000,0.383300
1477407674673,13.613300,13.610000,1000,13.620000,13500,2.900000,0.383300
1477407677661,13.620000,13.600000,2200,13.610000,8000,2.950000,0.390000
1477407680129,13.610000,13.600000,1800,13.610000,8200,2.870000,0.380000
1477407682680,13.600000,13.600000,1500,13.610000,10300,2.800000,0.370000
1477407684648,13.597500,13.590000,8100,13.600000,2500,2.780000,0.367500
1477407688149,13.598900,13.590000,2200,13.600000,8300,2.790000,0.368900
1477407690151,13.600000,13.590000,10800,13.600000,1500,2.800000,0.370000
1477407692647,13.600000,13.600000,1100,13.610000,11900,2.800000,0.370000
1477407719665,13.550000,13.540000,10000,13.550000,2600,2.420000,0.320000
1477407721659,13.540000,13.540000,11300,13.550000,1600,2.340000,0.310000
1477407724162,13.540000,13.540000,5100,13.550000,3500,2.340000,0.310000
1477407725757,13.543900,13.540000,5300,13.550000,3200,2.370000,0.313900
1477407729212,13.542500,13.540000,2300,13.550000,2900,2.360000,0.312500
1477407731678,13.540000,13.530000,6900,13.540000,2600,2.340000,0.310000
1477407734191,13.534800,13.530000,4100,13.540000,3200,2.300000,0.304800
1477407736669,13.520000,13.520000,9900,13.530000,2500,2.190000,0.290000
1477407739171,13.530000,13.530000,4200,13.540000,5700,2.270000,0.300000
1477407741197,13.530000,13.530000,4600,13.540000,5800,2.270000,0.300000
1477407743637,13.530000,13.530000,4800,13.540000,5800,2.270000,0.300000
1477407745107,13.535000,13.530000,2400,13.540000,9000,2.310000,0.305000
1477407751108,13.525000,13.520000,5800,13.530000,3400,2.230000,0.295000
1477407753608,13.525100,13.520000,5400,13.530000,3400,2.230000,0.295100
1477407755608,13.520000,13.520000,4500,13.530000,3400,2.190000,0.290000
1477407758635,13.520000,13.520000,4600,13.530000,5500,2.190000,0.290000
1477407761115,13.530000,13.520000,1400,13.530000,9600,2.270000,0.300000
1477407763112,13.500000,13.490000,4700,13.500000,1200,2.040000,0.270000
1477407765655,13.503500,13.500000,600,13.510000,7200,2.070000,0.273500
1477407767617,13.520000,13.510000,12000,13.520000,1500,2.190000,0.290000
1477407770609,13.523100,13.520000,1200,13.530000,8900,2.220000,0.293100
1477407772113,13.510000,13.510000,9600,13.520000,5400,2.120000,0.280000
1477407775629,13.511000,13.510000,8800,13.520000,5400,2.120000,0.281000
1477407778130,13.520000,13.510000,8600,13.520000,5600,2.190000,0.290000
1477407782126,13.510000,13.520000,2100,13.530000,8800,2.120000,0.280000
1477407784130,13.530000,13.520000,10700,13.530000,4500,2.270000,0.300000
1477407787137,13.522500,13.520000,4300,13.530000,6000,2.210000,0.292500
1477407790132,13.522500,13.520000,4100,13.530000,5900,2.210000,0.292500
1477407794631,13.512000,13.510000,9000,13.520000,2400,2.130000,0.282000
1477407797138,13.520000,13.520000,3100,13.530000,10800,2.190000,0.290000
1477407798644,13.520000,13.520000,1400,13.530000,15000,2.190000,0.290000
1477407802130,13.500000,13.490000,5900,13.500000,3100,2.040000,0.270000
1477407803160,13.500000,13.490000,7900,13.500000,2600,2.040000,0.270000
1477407807132,13.495000,13.490000,4000,13.500000,7500,2.000000,0.265000
1477407809144,13.495000,13.490000,5300,13.500000,7400,2.000000,0.265000
1477407811661,13.495000,13.490000,4600,13.500000,7500,2.000000,0.265000
1477407815145,13.492500,13.490000,2600,13.500000,8600,1.980000,0.262500
1477407817646,13.489500,13.480000,3100,13.490000,2600,1.960000,0.259500
1477407820141,13.481000,13.480000,2500,13.490000,2600,1.900000,0.251000
1477407823146,13.480000,13.480000,5300,13.490000,2600,1.890000,0.250000
1477407825665,13.480000,13.480000,3300,13.490000,2500,1.890000,0.250000
1477407828193,13.490100,13.490000,2800,13.500000,8600,1.970000,0.260100
1477407830149,13.494300,13.490000,8100,13.500000,7200,2.000000,0.264300
1477407834653,13.500000,13.490000,7600,13.500000,7200,2.040000,0.270000
1477407837152,13.492500,13.490000,900,13.500000,10400,1.980000,0.262500
1477407839661,13.490000,13.490000,700,13.500000,10300,1.970000,0.260000
1477407842668,13.470000,13.470000,5500,13.480000,2500,1.810000,0.240000
1477407845166,13.470000,13.470000,8300,13.480000,800,1.810000,0.240000
1477407847670,13.486000,13.480000,400,13.490000,8900,1.930000,0.256000
1477407849667,13.480000,13.470000,6000,13.480000,1300,1.890000,0.250000
1477407852701,13.477900,13.470000,2500,13.480000,3100,1.870000,0.247900
1477407855152,13.480000,13.470000,2500,13.480000,3400,1.890000,0.250000
1477407857661,13.460000,13.460000,8400,13.470000,2600,1.740000,0.230000
1477407859662,13.470000,13.470000,1000,13.480000,5200,1.810000,0.240000
1477407862178,13.480000,13.470000,800,13.480000,4500,1.890000,0.250000
1477407864671,13.480000,13.470000,1300,13.480000,3500,1.890000,0.250000
1477407866657,13.480000,13.470000,2300,13.480000,3200,1.890000,0.250000
1477407869177,13.480000,13.470000,2200,13.480000,3300,1.890000,0.250000
1477407870240,13.480000,13.470000,5200,13.480000,1100,1.890000,0.250000
1477407873604,13.470100,13.470000,1300,13.480000,4800,1.810000,0.240100
1477407876605,13.474200,13.470000,2600,13.480000,3600,1.850000,0.244200
1477407879607,13.480000,13.470000,800,13.480000,10500,1.890000,0.250000
1477407896619,13.465000,13.460000,3100,13.470000,5000,1.780000,0.235000
1477407898625,13.470000,13.460000,9200,13.470000,2400,1.810000,0.240000
1477407901140,13.470000,13.470000,2400,13.480000,3700,1.810000,0.240000
1477407904146,13.460000,13.460000,10900,13.470000,1100,1.740000,0.230000
1477407906619,13.468000,13.460000,10900,13.470000,1800,1.800000,0.238000
1477407908621,13.468000,13.460000,10000,13.470000,1800,1.800000,0.238000
1477407911622,13.468000,13.460000,7200,13.470000,2500,1.800000,0.238000
1477407913621,13.467700,13.460000,8100,13.470000,2500,1.800000,0.237700
1477407916627,13.462500,13.460000,10600,13.470000,2500,1.760000,0.232500
1477407919159,13.470000,13.460000,9800,13.470000,1400,1.810000,0.240000
1477407921126,13.460000,13.470000,3300,13.480000,3900,1.740000,0.230000
1477407923636,13.470000,13.470000,2100,13.480000,3400,1.810000,0.240000
1477407926160,13.480000,13.470000,1700,13.480000,3500,1.890000,0.250000
1477407928636,13.480000,13.480000,200,13.490000,8500,1.890000,0.250000
1477407931163,13.479600,13.470000,4500,13.480000,3200,1.890000,0.249600
1477407933148,13.480000,13.470000,10500,13.480000,700,1.890000,0.250000
1477407936634,13.490000,13.480000,6200,13.490000,1200,1.970000,0.260000
1477407939148,13.490000,13.480000,1400,13.490000,3500,1.970000,0.260000
1477407941629,13.490000,13.480000,900,13.490000,6100,1.970000,0.260000
1477407944643,13.480000,13.480000,1400,13.490000,4800,1.890000,0.250000
1477407946631,13.480000,13.470000,7500,13.480000,2000,1.890000,0.250000
1477407948636,13.474800,13.470000,8100,13.480000,7700,1.850000,0.244800
1477407951144,13.476000,13.470000,10100,13.480000,6500,1.860000,0.246000
1477407953672,13.490000,13.480000,2500,13.490000,3800,1.970000,0.260000
1477407956147,13.480000,13.480000,1700,13.490000,4300,1.890000,0.250000
1477407959649,13.480000,13.480000,1700,13.490000,2500,1.890000,0.250000
1477407964150,13.471000,13.470000,11100,13.480000,400,1.820000,0.241000
1477407966688,13.471000,13.470000,7000,13.480000,700,1.820000,0.241000
1477407969182,13.479900,13.470000,7000,13.480000,700,1.890000,0.249900
1477407974655,13.480000,13.470000,7300,13.480000,2700,1.890000,0.250000
1477407977155,13.479900,13.470000,6700,13.480000,3500,1.890000,0.249900
1477407979658,13.480000,13.470000,10500,13.480000,2700,1.890000,0.250000
1477407981656,13.476400,13.470000,10500,13.480000,2600,1.860000,0.246400
1477407984198,13.480000,13.470000,10400,13.480000,900,1.890000,0.250000
1477407986673,13.473800,13.470000,3100,13.480000,2700,1.840000,0.243800
1477407988660,13.473800,13.470000,3100,13.480000,3600,1.840000,0.243800
1477407991153,13.470000,13.460000,6700,13.470000,2500,1.810000,0.240000
1477407994160,13.470000,13.460000,6500,13.470000,2600,1.810000,0.240000
1477407996164,13.468000,13.460000,6500,13.470000,2600,1.800000,0.238000
1477407999156,13.469900,13.460000,6500,13.470000,2600,1.810000,0.239900
1477408001198,13.460000,13.460000,7800,13.470000,2600,1.740000,0.230000
1477408003111,13.460000,13.460000,6500,13.470000,2500,1.740000,0.230000
1477408006604,13.460000,13.460000,6600,13.470000,5400,1.740000,0.230000
1477408009107,13.470000,13.470000,4000,13.480000,4700,1.810000,0.240000
1477408011637,13.470000,13.470000,4600,13.480000,3000,1.810000,0.240000
1477408014644,13.471100,13.470000,4600,13.480000,3000,1.820000,0.241100
1477408016610,13.480000,13.470000,5000,13.480000,2600,1.890000,0.250000
1477408019612,13.480000,13.470000,7300,13.480000,1900,1.890000,0.250000
1477408022612,13.480000,13.470000,2200,13.480000,6100,1.890000,0.250000
1477408025121,13.474400,13.470000,2200,13.480000,5200,1.850000,0.244400
1477408027627,13.470000,13.470000,1900,13.480000,5500,1.810000,0.240000
1477408029632,13.470000,13.470000,2200,13.480000,5500,1.810000,0.240000
1477408032150,13.477200,13.470000,5000,13.480000,2400,1.870000,0.247200
1477408035160,13.479900,13.470000,4700,13.480000,2300,1.890000,0.249900
1477408039117,13.470000,13.470000,1300,13.480000,7300,1.810000,0.240000
1477408041135,13.470000,13.460000,10400,13.470000,1000,1.810000,0.240000
1477408042118,13.470000,13.460000,12200,13.470000,1000,1.810000,0.240000
1477408046129,13.469900,13.460000,3800,13.470000,2700,1.810000,0.239900
1477408048126,13.469900,13.460000,3800,13.470000,3200,1.810000,0.239900
1477408051115,13.450000,13.450000,14300,13.460000,2600,1.660000,0.220000
1477408053627,13.450000,13.450000,14300,13.460000,2600,1.660000,0.220000
1477408056149,13.460000,13.450000,15500,13.460000,2500,1.740000,0.230000
1477408057627,13.460000,13.450000,15700,13.460000,1600,1.740000,0.230000
1477408060627,13.459900,13.450000,16900,13.460000,1000,1.740000,0.229900
1477408063632,13.466000,13.460000,7100,13.470000,2800,1.780000,0.236000
1477408066136,13.466000,13.460000,5000,13.470000,2800,1.780000,0.236000
1477408067677,13.466000,13.460000,3500,13.470000,4100,1.780000,0.236000
1477408071172,13.465000,13.460000,6100,13.470000,3800,1.780000,0.235000
1477408074643,13.460000,13.460000,8300,13.470000,1900,1.740000,0.230000
1477408077136,13.465000,13.460000,9400,13.470000,1900,1.780000,0.235000
1477408079682,13.465000,13.460000,8800,13.470000,1900,1.780000,0.235000
1477408082146,13.470000,13.460000,9100,13.470000,1900,1.810000,0.240000
1477408085159,13.460000,13.460000,1800,13.470000,9000,1.740000,0.230000
1477408087150,13.461600,13.460000,1800,13.470000,7100,1.750000,0.231600
1477408090139,13.465000,13.460000,3800,13.470000,3600,1.780000,0.235000
1477408092645,13.465000,13.460000,3900,13.470000,3800,1.780000,0.235000
1477408095155,13.470000,13.460000,5800,13.470000,3800,1.810000,0.240000
1477408097151,13.470000,13.460000,4800,13.470000,3400,1.810000,0.240000
1477408099143,13.470000,13.460000,2300,13.470000,10000,1.810000,0.240000
1477408102651,13.460000,13.460000,8500,13.470000,2000,1.740000,0.230000
1477408105147,13.460000,13.460000,8500,13.470000,2000,1.740000,0.230000
1477408107648,13.460000,13.460000,8600,13.470000,1900,1.740000,0.230000
1477408110152,13.460000,13.460000,8900,13.470000,1900,1.740000,0.230000
1477408112739,13.460000,13.460000,5400,13.470000,2500,1.740000,0.230000
1477408115153,13.460000,13.460000,6600,13.470000,2500,1.740000,0.230000
1477408117651,13.468900,13.460000,4700,13.470000,2600,1.810000,0.238900
1477408120161,13.468900,13.460000,4700,13.470000,2600,1.810000,0.238900
1477408122662,13.469900,13.460000,8300,13.470000,1000,1.810000,0.239900
1477408124695,13.469900,13.460000,8300,13.470000,1100,1.810000,0.239900
1477408127699,13.470000,13.470000,1800,13.480000,2600,1.810000,0.240000
1477408129159,13.470000,13.470000,1800,13.480000,5000,1.810000,0.240000
1477408132161,13.475800,13.470000,4200,13.480000,6100,1.860000,0.245800
1477408135608,13.476700,13.470000,4500,13.480000,6100,1.860000,0.246700
1477408138605,13.480000,13.470000,4800,13.480000,5000,1.890000,0.250000
1477408140603,13.480000,13.470000,4600,13.480000,5300,1.890000,0.250000
1477408143623,13.480000,13.470000,4600,13.480000,5300,1.890000,0.250000
1477408146109,13.480000,13.470000,4900,13.480000,2900,1.890000,0.250000
1477408148609,13.470000,13.470000,7100,13.480000,2400,1.810000,0.240000
1477408151111,13.480000,13.470000,9500,13.480000,900,1.890000,0.250000
1477408153119,13.480000,13.470000,8200,13.480000,1200,1.890000,0.250000
1477408156126,13.480000,13.470000,8200,13.480000,900,1.890000,0.250000
1477408158623,13.479900,13.470000,8100,13.480000,2500,1.890000,0.249900
1477408161615,13.479900,13.470000,3400,13.480000,3600,1.890000,0.249900
1477408163615,13.478900,13.470000,3100,13.480000,4600,1.880000,0.248900
1477408166127,13.480000,13.470000,2800,13.480000,4400,1.890000,0.250000
1477408170129,13.480000,13.470000,2800,13.480000,4400,1.890000,0.250000
1477408171139,13.470900,13.470000,2800,13.480000,4400,1.820000,0.240900
1477408174663,13.473900,13.470000,10000,13.480000,900,1.840000,0.243900
1477408177125,13.473900,13.470000,4900,13.480000,5100,1.840000,0.243900
1477408182622,13.480000,13.470000,6900,13.480000,4400,1.890000,0.250000
1477408185126,13.480000,13.470000,5300,13.480000,4400,1.890000,0.250000
1477408187654,13.480000,13.470000,6100,13.480000,4400,1.890000,0.250000
1477408190140,13.480000,13.470000,6100,13.480000,4300,1.890000,0.250000
1477408192665,13.479900,13.470000,7000,13.480000,4300,1.890000,0.249900
1477408194636,13.479900,13.470000,2800,13.480000,7100,1.890000,0.249900
1477408197127,13.451000,13.450000,13300,13.460000,4300,1.670000,0.221000
1477408202133,13.460000,13.460000,8100,13.470000,2600,1.740000,0.230000
1477408204669,13.460000,13.460000,2000,13.470000,6900,1.740000,0.230000
1477408207133,13.460000,13.460000,4400,13.470000,6700,1.740000,0.230000
1477408209642,13.460000,13.460000,2000,13.470000,6700,1.740000,0.230000
1477408212140,13.460000,13.460000,1700,13.470000,9500,1.740000,0.230000
1477408214642,13.460000,13.460000,1200,13.470000,11000,1.740000,0.230000
1477408216157,13.460000,13.460000,1300,13.470000,10700,1.740000,0.230000
1477408561105,13.475800,13.470000,1100,13.480000,7900,1.860000,0.245800
1477408564100,13.470000,13.470000,4900,13.480000,5900,1.810000,0.240000
1477408566603,13.475000,13.470000,13000,13.480000,2100,1.850000,0.245000
1477408568605,13.475000,13.470000,5700,13.480000,4600,1.850000,0.245000
1477408571605,13.480000,13.480000,2400,13.490000,6400,1.890000,0.250000
1477408574102,13.480000,13.470000,8700,13.480000,4500,1.890000,0.250000
1477408577110,13.475000,13.470000,6500,13.480000,9100,1.850000,0.245000
1477408579606,13.475000,13.470000,6700,13.480000,9100,1.850000,0.245000
1477408579606,13.475000,13.470000,6700,13.480000,9100,1.850000,0.245000
1477408579606,13.475000,13.470000,6700,13.480000,9100,1.850000,0.245000
1477409239150,13.500000,13.490000,8400,13.500000,3400,2.040000,0.270000
1477409242155,13.480000,13.480000,6200,13.490000,7300,1.890000,0.250000
1477409244147,13.480000,13.480000,4700,13.490000,11300,1.890000,0.250000
1477409246642,13.470000,13.470000,11700,13.480000,4500,1.810000,0.240000
1477409248151,13.480000,13.480000,5400,13.490000,2600,1.890000,0.250000
1477409251156,13.490000,13.480000,5700,13.490000,2400,1.970000,0.260000
1477409254160,13.490000,13.480000,6000,13.490000,2400,1.970000,0.260000
1477409255666,13.500000,13.490000,5500,13.500000,2500,2.040000,0.270000
1477409259652,13.500000,13.500000,1600,13.510000,9300,2.040000,0.270000
1477409262661,13.500000,13.500000,1400,13.510000,9200,2.040000,0.270000
1477409265164,13.500000,13.500000,1100,13.510000,9200,2.040000,0.270000
1477409267665,13.500000,13.490000,4700,13.500000,5800,2.040000,0.270000
1477409269733,13.500000,13.490000,5100,13.500000,3000,2.040000,0.270000
1477409272155,13.500000,13.490000,10500,13.500000,2400,2.040000,0.270000
1477409274661,13.500000,13.490000,11200,13.500000,2400,2.040000,0.270000
1477409277158,13.493000,13.490000,8600,13.500000,3000,1.990000,0.263000
1477409279197,13.490000,13.490000,3900,13.500000,6000,1.970000,0.260000
1477409282102,13.495000,13.490000,500,13.500000,9300,2.000000,0.265000
1477409284609,13.495000,13.490000,1100,13.500000,9000,2.000000,0.265000
1477409287104,13.480000,13.470000,6900,13.480000,6600,1.890000,0.250000
1477409290108,13.480000,13.470000,8300,13.480000,5500,1.890000,0.250000
1477409292105,13.480000,13.470000,8400,13.480000,6000,1.890000,0.250000
1477409294606,13.470000,13.470000,1600,13.480000,8500,1.810000,0.240000
1477409296609,13.470000,13.470000,1600,13.480000,8500,1.810000,0.240000
1477409299126,13.473400,13.470000,12900,13.480000,2200,1.840000,0.243400
1477409301109,13.473400,13.470000,9600,13.480000,2200,1.840000,0.243400
1477409304119,13.470000,13.470000,8000,13.480000,4000,1.810000,0.240000
1477409306114,13.476200,13.470000,9200,13.480000,2400,1.860000,0.246200
1477409308615,13.475800,13.470000,8200,13.480000,2400,1.860000,0.245800
1477409311127,13.470000,13.470000,6400,13.480000,2800,1.810000,0.240000
1477409313624,13.481000,13.470000,4700,13.480000,2600,1.900000,0.251000
1477409315113,13.481000,13.470000,4200,13.480000,4400,1.900000,0.251000
1477409318118,13.480000,13.470000,2800,13.480000,4600,1.890000,0.250000
1477409320123,13.470000,13.460000,14400,13.470000,2500,1.810000,0.240000
1477409323621,13.470000,13.460000,16900,13.470000,3100,1.810000,0.240000
1477409327118,13.470000,13.470000,2700,13.480000,4100,1.810000,0.240000
1477409330622,13.480000,13.470000,3600,13.480000,4600,1.890000,0.250000
1477409332625,13.470000,13.470000,2400,13.480000,4900,1.810000,0.240000
1477409335130,13.472500,13.460000,7200,13.470000,2400,1.830000,0.242500
1477409337126,13.460000,13.460000,5700,13.470000,2400,1.740000,0.230000
1477409340132,13.470000,13.460000,6100,13.470000,2400,1.810000,0.240000
1477409343124,13.470000,13.460000,6200,13.470000,2400,1.810000,0.240000
1477409345126,13.470000,13.460000,5400,13.470000,2500,1.810000,0.240000
1477409348127,13.470000,13.460000,4400,13.470000,7300,1.810000,0.240000
1477409350131,13.470000,13.460000,4400,13.470000,7300,1.810000,0.240000
1477409352647,13.460000,13.460000,5900,13.470000,3000,1.740000,0.230000
1477409355140,13.460000,13.460000,12300,13.470000,1800,1.740000,0.230000
1477409358154,13.470000,13.460000,5000,13.470000,2700,1.810000,0.240000
1477409360143,13.480000,13.470000,1600,13.480000,6300,1.890000,0.250000
1477409362663,13.470000,13.470000,1100,13.480000,8600,1.810000,0.240000
1477409365135,13.480000,13.470000,3800,13.480000,4400,1.890000,0.250000
1477409366640,13.480000,13.470000,5500,13.480000,2600,1.890000,0.250000
1477409369137,13.480000,13.470000,3900,13.480000,4400,1.890000,0.250000
1477409372198,13.480000,13.470000,5000,13.480000,2600,1.890000,0.250000
1477409374639,13.470000,13.470000,1700,13.480000,5100,1.810000,0.240000
1477409377139,13.470000,13.470000,3600,13.480000,3800,1.810000,0.240000
1477409379640,13.470900,13.470000,1600,13.480000,7100,1.820000,0.240900
1477409381149,13.470000,13.460000,10200,13.470000,2600,1.810000,0.240000
1477409384146,13.470000,13.460000,12300,13.470000,2600,1.810000,0.240000
1477409386674,13.470000,13.470000,1900,13.480000,6100,1.810000,0.240000
1477409390152,13.480000,13.470000,10400,13.480000,1200,1.890000,0.250000
1477409392647,13.480000,13.470000,6200,13.480000,2400,1.890000,0.250000
1477409395149,13.480000,13.470000,3700,13.480000,2800,1.890000,0.250000
1477409397648,13.480000,13.470000,1600,13.480000,7000,1.890000,0.250000
1477409399636,13.470000,13.460000,13300,13.470000,2400,1.810000,0.240000
1477409402149,13.470000,13.470000,5400,13.480000,3600,1.810000,0.240000
1477409404643,13.479900,13.470000,5100,13.480000,2500,1.890000,0.249900
1477409406654,13.475200,13.470000,5700,13.480000,2500,1.850000,0.245200
1477409409156,13.475200,13.470000,5000,13.480000,3300,1.850000,0.245200
1477409412164,13.485000,13.480000,6800,13.490000,3400,1.930000,0.255000
1477409416166,13.480000,13.480000,4900,13.490000,2600,1.890000,0.250000
1477409418657,13.485000,13.480000,1600,13.490000,7600,1.930000,0.255000
1477409420167,13.480000,13.480000,1500,13.490000,8300,1.890000,0.250000
1477409424158,13.480000,13.480000,6300,13.490000,2500,1.890000,0.250000
1477409426602,13.480000,13.480000,8200,13.490000,2500,1.890000,0.250000
1477409429105,13.480000,13.480000,800,13.490000,11000,1.890000,0.250000
1477409431606,13.480000,13.480000,4000,13.490000,3700,1.890000,0.250000
1477409434106,13.480000,13.480000,3800,13.490000,4200,1.890000,0.250000
1477409436106,13.490000,13.480000,4500,13.490000,3200,1.970000,0.260000
1477409438609,13.490000,13.480000,3600,13.490000,4000,1.970000,0.260000
1477409441111,13.490000,13.480000,4000,13.490000,4100,1.970000,0.260000
1477409443123,13.480000,13.480000,1600,13.490000,10600,1.890000,0.250000
1477409444125,13.480000,13.480000,900,13.490000,11100,1.890000,0.250000
1477409448112,13.480000,13.470000,8400,13.480000,2600,1.890000,0.250000
1477409450612,13.480000,13.470000,9100,13.480000,1200,1.890000,0.250000
1477409452618,13.490000,13.480000,9400,13.490000,14600,1.970000,0.260000
1477409455115,13.480000,13.480000,1600,13.490000,16000,1.890000,0.250000
1477409457119,13.480000,13.480000,1800,13.490000,15800,1.890000,0.250000
1477409460145,13.490000,13.480000,9100,13.490000,14600,1.970000,0.260000
1477409462619,13.490000,13.480000,9100,13.490000,14300,1.970000,0.260000
1477409464619,13.480000,13.480000,9100,13.490000,14300,1.890000,0.250000
1477409467159,13.490000,13.490000,1400,13.500000,12900,1.970000,0.260000
1477409469134,13.490000,13.490000,1500,13.500000,11800,1.970000,0.260000
1477409472166,13.490000,13.490000,1900,13.500000,10400,1.970000,0.260000
1477409474626,13.490000,13.490000,1900,13.500000,10000,1.970000,0.260000
1477409477128,13.490000,13.480000,10200,13.490000,2600,1.970000,0.260000
1477409478625,13.480000,13.480000,4300,13.490000,5400,1.890000,0.250000
1477409482130,13.489900,13.480000,4400,13.490000,4600,1.960000,0.259900
1477409484635,13.480000,13.480000,600,13.490000,7900,1.890000,0.250000
1477409487151,13.480000,13.480000,1100,13.490000,7800,1.890000,0.250000
1477409489630,13.480000,13.470000,5300,13.480000,4800,1.890000,0.250000
1477409492135,13.470000,13.470000,5000,13.480000,2600,1.810000,0.240000
1477409494130,13.478600,13.470000,5500,13.480000,2400,1.880000,0.248600
1477409496632,13.478600,13.470000,4800,13.480000,3000,1.880000,0.248600
1477409499138,13.470000,13.470000,2300,13.480000,7300,1.810000,0.240000
1477409502160,13.470000,13.470000,2000,13.480000,7300,1.810000,0.240000
1477409505140,13.473000,13.470000,5500,13.480000,2600,1.840000,0.243000
1477409507636,13.473000,13.470000,1800,13.480000,9800,1.840000,0.243000
1477409510140,13.470000,13.470000,1800,13.480000,9700,1.810000,0.240000
1477409513143,13.470000,13.460000,8400,13.470000,2600,1.810000,0.240000
1477409515633,13.470000,13.460000,10800,13.470000,2600,1.810000,0.240000
1477409518144,13.460000,13.460000,500,13.470000,12600,1.740000,0.230000
1477409520642,13.450000,13.440000,10100,13.450000,1100,1.660000,0.220000
1477409522648,13.450000,13.440000,9000,13.450000,1100,1.660000,0.220000
1477409525152,13.460000,13.460000,100,13.460000,1100,1.740000,0.230000
1477409528167,13.460000,13.450000,8400,13.460000,2400,1.740000,0.230000
1477409531648,13.460000,13.450000,10200,13.460000,2400,1.740000,0.230000
1477409533156,13.460000,13.450000,10400,13.460000,2400,1.740000,0.230000
1477409536651,13.460000,13.460000,4600,13.470000,4000,1.740000,0.230000
1477409539151,13.460000,13.460000,800,13.470000,9100,1.740000,0.230000
1477409541644,13.460000,13.460000,1300,13.470000,9100,1.740000,0.230000
1477409544160,13.460000,13.460000,1800,13.470000,9100,1.740000,0.230000
1477409546173,13.463600,13.450000,10800,13.460000,2600,1.770000,0.233600
1477409548149,13.463600,13.450000,10800,13.460000,2600,1.770000,0.233600
1477409549660,13.450000,13.450000,9900,13.460000,2600,1.660000,0.220000
1477409553161,13.455100,13.450000,10100,13.460000,2600,1.700000,0.225100
1477409555150,13.460000,13.450000,10800,13.460000,1700,1.740000,0.230000
1477409557660,13.470000,13.460000,4900,13.470000,5400,1.810000,0.240000
1477409561195,13.470000,13.460000,15100,13.470000,300,1.810000,0.240000
1477409563662,13.470000,13.470000,3200,13.480000,6000,1.810000,0.240000
1477409566153,13.478900,13.470000,2300,13.480000,7600,1.880000,0.248900
1477409568660,13.470000,13.470000,800,13.480000,9700,1.810000,0.240000
1477409571099,13.470000,13.470000,1400,13.480000,11400,1.810000,0.240000
1477409572618,13.470000,13.460000,2900,13.470000,8100,1.810000,0.240000
1477409575115,13.460000,13.460000,500,13.470000,13100,1.740000,0.230000
1477409578104,13.460000,13.450000,11700,13.460000,1100,1.740000,0.230000
1477409580606,13.450000,13.450000,8100,13.460000,2500,1.660000,0.220000
1477409584610,13.455000,13.450000,7800,13.460000,2500,1.700000,0.225000
1477409587125,13.450000,13.450000,4700,13.460000,5600,1.660000,0.220000
1477409589112,13.450000,13.450000,3200,13.460000,8000,1.660000,0.220000
1477409592142,13.460000,13.450000,9100,13.460000,4300,1.740000,0.230000
1477409594611,13.455000,13.450000,2600,13.460000,9700,1.700000,0.225000
1477409597114,13.450000,13.450000,2500,13.460000,9800,1.660000,0.220000
1477409599615,13.450000,13.450000,3200,13.460000,6000,1.660000,0.220000
1477409601624,13.450000,13.450000,1400,13.460000,9300,1.660000,0.220000
1477409604121,13.456000,13.450000,2200,13.460000,9500,1.710000,0.226000
1477409606116,13.456000,13.450000,2200,13.460000,8800,1.710000,0.226000
1477409608647,13.456600,13.450000,4900,13.460000,5100,1.710000,0.226600
1477409611123,13.456600,13.450000,3200,13.460000,6300,1.710000,0.226600
1477409614627,13.450000,13.440000,4500,13.450000,2700,1.660000,0.220000
1477409616620,13.450000,13.440000,7500,13.450000,2600,1.660000,0.220000
1477409620119,13.441000,13.440000,4900,13.450000,4900,1.590000,0.211000
1477409622630,13.445000,13.440000,4900,13.450000,2800,1.630000,0.215000
1477409625629,13.440100,13.440000,2100,13.450000,8800,1.590000,0.210100
1477409627625,13.440000,13.440000,300,13.450000,8800,1.590000,0.210000
1477409630124,13.443000,13.440000,8000,13.450000,2500,1.610000,0.213000
1477409632127,13.445800,13.440000,8500,13.450000,2500,1.630000,0.215800
1477409634632,13.460000,13.460000,1300,13.460000,100,1.740000,0.230000
1477409637129,13.460000,13.460000,9600,13.470000,5500,1.740000,0.230000
1477409638649,13.460000,13.460000,1600,13.470000,10200,1.740000,0.230000
1477409641664,13.450000,13.450000,1400,13.460000,8600,1.660000,0.220000
1477409644138,13.459900,13.450000,1600,13.460000,8300,1.740000,0.229900
1477409649665,13.456200,13.450000,1500,13.460000,7100,1.710000,0.226200
1477409653134,13.460000,13.450000,8000,13.460000,2400,1.740000,0.230000
1477409655636,13.460000,13.450000,10600,13.460000,1100,1.740000,0.230000
1477409658174,13.460000,13.450000,9100,13.460000,1300,1.740000,0.230000
1477409660144,13.450000,13.450000,12400,13.460000,1100,1.660000,0.220000
1477409662645,13.460000,13.450000,12400,13.460000,1100,1.740000,0.230000
1477409665138,13.455600,13.450000,12200,13.460000,1100,1.710000,0.225600
1477409667646,13.450000,13.450000,12600,13.460000,1100,1.660000,0.220000
1477409669640,13.460000,13.450000,13100,13.460000,1100,1.740000,0.230000
1477409672155,13.460000,13.450000,13100,13.460000,1100,1.740000,0.230000
1477409674642,13.453200,13.450000,11600,13.460000,3400,1.690000,0.223200
1477409678145,13.460000,13.450000,11500,13.460000,9100,1.740000,0.230000
1477409681151,13.460000,13.450000,12400,13.460000,9100,1.740000,0.230000
1477409683143,13.450000,13.450000,11800,13.460000,9100,1.660000,0.220000
1477409685645,13.450000,13.450000,11800,13.460000,9100,1.660000,0.220000
1477409688163,13.460000,13.450000,9900,13.460000,8200,1.740000,0.230000
1477409690676,13.460000,13.450000,9800,13.460000,8200,1.740000,0.230000
1477409692655,13.460000,13.450000,10800,13.460000,8200,1.740000,0.230000
1477409695661,13.460000,13.450000,10800,13.460000,8200,1.740000,0.230000
1477409697659,13.450000,13.440000,11200,13.450000,5000,1.660000,0.220000
1477409700148,13.450000,13.440000,18900,13.450000,2600,1.660000,0.220000
1477409702154,13.450000,13.450000,2200,13.460000,10200,1.660000,0.220000
1477409704680,13.450000,13.450000,1900,13.460000,11000,1.660000,0.220000
1477409707651,13.450000,13.450000,1600,13.460000,11100,1.660000,0.220000
1477409710143,13.450000,13.450000,9500,13.460000,9000,1.660000,0.220000
1477409713665,13.453800,13.450000,4600,13.460000,8300,1.690000,0.223800
1477409717159,13.450000,13.450000,1100,13.460000,10100,1.660000,0.220000
1477409719175,13.441000,13.440000,11700,13.450000,2600,1.590000,0.211000
1477409722601,13.441000,13.440000,12500,13.450000,2600,1.590000,0.211000
1477409725106,13.441000,13.440000,11700,13.450000,2600,1.590000,0.211000
1477409728112,13.441000,13.440000,12500,13.450000,2400,1.590000,0.211000
1477409730105,13.450000,13.440000,14100,13.450000,500,1.660000,0.220000
1477409733122,13.440000,13.440000,11100,13.450000,2400,1.590000,0.210000
1477409734611,13.440000,13.440000,10400,13.450000,2400,1.590000,0.210000
1477409738110,13.441100,13.440000,9500,13.450000,2500,1.600000,0.211100
1477409740110,13.441100,13.440000,9500,13.450000,2400,1.600000,0.211100
1477409741617,13.441100,13.440000,9500,13.450000,2400,1.600000,0.211100
1477409744614,13.441100,13.440000,9500,13.450000,2400,1.600000,0.211100
1477409746620,13.440000,13.440000,9500,13.450000,2400,1.590000,0.210000
1477409749650,13.440000,13.440000,10300,13.450000,2400,1.590000,0.210000
1477409751621,13.440000,13.440000,800,13.450000,9900,1.590000,0.210000
1477409754612,13.450000,13.440000,800,13.450000,9800,1.660000,0.220000
1477409757116,13.440000,13.440000,5500,13.450000,5500,1.590000,0.210000
1477409759118,13.450000,13.440000,13900,13.450000,2400,1.660000,0.220000
1477409761619,13.450000,13.440000,14300,13.450000,2400,1.660000,0.220000
1477409764132,13.450000,13.440000,14300,13.450000,2400,1.660000,0.220000
1477409767123,13.450000,13.450000,1300,13.450000,200,1.660000,0.220000
1477409768620,13.450000,13.450000,1000,13.450000,200,1.660000,0.220000
1477409771623,13.450000,13.450000,1300,13.450000,200,1.660000,0.220000
1477409776131,13.449900,13.440000,9600,13.450000,2700,1.660000,0.219900
1477409778647,13.449000,13.440000,9600,13.450000,2600,1.660000,0.219000
1477409781127,13.449000,13.440000,9600,13.450000,2600,1.660000,0.219000
1477409783627,13.449000,13.440000,10200,13.450000,2700,1.660000,0.219000
1477409786127,13.445000,13.440000,200,13.450000,12500,1.630000,0.215000
1477409788627,13.430000,13.430000,2800,13.440000,5300,1.510000,0.200000
1477409791130,13.430000,13.420000,1800,13.430000,10100,1.510000,0.200000
1477409792646,13.430000,13.420000,1800,13.430000,9200,1.510000,0.200000
1477409795132,13.430000,13.420000,22700,13.430000,300,1.510000,0.200000
1477409798131,13.430000,13.430000,2100,13.440000,5000,1.510000,0.200000
1477409801133,13.430000,13.420000,2600,13.430000,8500,1.510000,0.200000
1477409804133,13.440000,13.440000,2200,13.450000,3700,1.590000,0.210000
1477409807137,13.450000,13.450000,5700,13.460000,4400,1.660000,0.220000
1477409809635,13.451300,13.450000,5200,13.460000,4100,1.670000,0.221300
1477409812133,13.451300,13.450000,11000,13.460000,1900,1.670000,0.221300
1477409818642,13.453200,13.450000,9100,13.460000,2500,1.690000,0.223200
1477409821649,13.450000,13.450000,3800,13.460000,5300,1.660000,0.220000
1477409823157,13.460000,13.450000,11800,13.460000,2500,1.740000,0.230000
1477409826641,13.460000,13.450000,11400,13.460000,2500,1.740000,0.230000
1477409829144,13.450000,13.450000,9000,13.460000,2500,1.660000,0.220000
1477409831649,13.450000,13.450000,3400,13.460000,6300,1.660000,0.220000
1477409834148,13.450000,13.450000,9900,13.460000,2500,1.660000,0.220000
1477409836652,13.470000,13.460000,1500,13.470000,12500,1.810000,0.240000
1477409839643,13.450000,13.450000,7500,13.460000,3100,1.660000,0.220000
1477409842149,13.460000,13.450000,7400,13.460000,2600,1.740000,0.230000
1477409844642,13.460000,13.450000,7500,13.460000,2600,1.740000,0.230000
1477409847154,13.450000,13.450000,1500,13.460000,10100,1.660000,0.220000
1477409849148,13.450000,13.450000,1500,13.460000,9300,1.660000,0.220000
1477409851658,13.450000,13.450000,1500,13.460000,7400,1.660000,0.220000
1477409853146,13.460000,13.450000,5600,13.460000,2600,1.740000,0.230000
1477409856658,13.460000,13.450000,5600,13.460000,2600,1.740000,0.230000
1477409859149,13.460000,13.450000,7600,13.460000,2600,1.740000,0.230000
1477409862658,13.470000,13.460000,8400,13.470000,2500,1.810000,0.240000
1477409864181,13.460000,13.460000,1000,13.470000,6100,1.740000,0.230000
1477409867662,13.460000,13.460000,1000,13.470000,10700,1.740000,0.230000
1477409869611,13.460000,13.460000,1000,13.470000,10200,1.740000,0.230000
1477409874602,13.460000,13.450000,6000,13.460000,2600,1.740000,0.230000
1477409877606,13.460000,13.450000,6800,13.460000,2600,1.740000,0.230000
1477409880105,13.460000,13.450000,10800,13.460000,2600,1.740000,0.230000
1477409882606,13.460000,13.450000,11600,13.460000,2600,1.740000,0.230000
1477409884608,13.455400,13.450000,8800,13.460000,2600,1.700000,0.225400
1477409887608,13.455400,13.450000,8600,13.460000,3100,1.700000,0.225400
1477409890631,13.460000,13.460000,800,13.470000,12300,1.740000,0.230000
1477409895116,13.459500,13.450000,11800,13.460000,2600,1.730000,0.229500
1477409897111,13.460000,13.450000,11800,13.460000,2600,1.740000,0.230000
1477409900113,13.460000,13.450000,8500,13.460000,2600,1.740000,0.230000
1477409901615,13.460000,13.450000,7900,13.460000,2600,1.740000,0.230000
1477409905114,13.460000,13.450000,6800,13.460000,2600,1.740000,0.230000
1477409907135,13.460000,13.450000,7400,13.460000,2600,1.740000,0.230000
1477409909628,13.460000,13.450000,10900,13.460000,2600,1.740000,0.230000
1477409912647,13.457900,13.450000,9400,13.460000,2600,1.720000,0.227900
1477409914619,13.457900,13.450000,9200,13.460000,2600,1.720000,0.227900
1477409917117,13.457900,13.450000,9200,13.460000,2600,1.720000,0.227900
1477409919617,13.450000,13.450000,2900,13.460000,7000,1.660000,0.220000
1477409923624,13.455000,13.450000,4200,13.460000,4600,1.700000,0.225000
1477409926123,13.455000,13.450000,4900,13.460000,5700,1.700000,0.225000
1477409928622,13.455000,13.450000,4400,13.460000,5800,1.700000,0.225000
1477409931126,13.455000,13.450000,4400,13.460000,5700,1.700000,0.225000
1477409933625,13.455000,13.450000,1100,13.460000,14700,1.700000,0.225000
1477409935658,13.455000,13.450000,1800,13.460000,9500,1.700000,0.225000
1477409938634,13.455000,13.450000,1800,13.460000,9300,1.700000,0.225000
1477409940636,13.450100,13.440000,8900,13.450000,4800,1.660000,0.220100
1477409943621,13.444700,13.440000,6400,13.450000,2500,1.620000,0.214700
1477409946132,13.450000,13.440000,7400,13.450000,1800,1.660000,0.220000
1477409948122,13.450000,13.440000,9500,13.450000,700,1.660000,0.220000
1477409950166,13.450000,13.440000,9500,13.450000,700,1.660000,0.220000
1477409953128,13.450000,13.450000,6700,13.460000,2600,1.660000,0.220000
1477409955138,13.450000,13.450000,6700,13.460000,2600,1.660000,0.220000
1477409970134,13.460000,13.450000,13900,13.460000,2400,1.740000,0.230000
1477410000641,13.450000,13.440000,7300,13.450000,3600,1.660000,0.220000
1477410003649,13.450000,13.440000,7300,13.450000,2800,1.660000,0.220000
1477410009201,13.450000,13.440000,4300,13.450000,2600,1.660000,0.220000
1477410011643,13.450000,13.440000,8500,13.450000,2400,1.660000,0.220000
1477410015151,13.450000,13.440000,10000,13.450000,2400,1.660000,0.220000
1477410017694,13.450000,13.440000,10000,13.450000,2400,1.660000,0.220000
1477410020112,13.450000,13.440000,17100,13.450000,1100,1.660000,0.220000
1477410023606,13.460000,13.450000,1400,13.460000,7000,1.740000,0.230000
1477410026101,13.450000,13.450000,1500,13.460000,9300,1.660000,0.220000
1477410029105,13.450000,13.450000,1500,13.460000,9400,1.660000,0.220000
1477410031602,13.450000,13.450000,1400,13.460000,10700,1.660000,0.220000
1477410034103,13.450000,13.440000,11500,13.450000,2600,1.660000,0.220000
1477410037108,13.450000,13.440000,11700,13.450000,2600,1.660000,0.220000
1477410039606,13.450000,13.450000,8500,13.460000,2500,1.660000,0.220000
1477410042109,13.460000,13.460000,900,13.460000,400,1.740000,0.230000
1477410045108,13.460000,13.460000,9900,13.470000,8400,1.740000,0.230000
1477410047110,13.460000,13.460000,9700,13.470000,8400,1.740000,0.230000
1477410049626,13.460000,13.460000,9800,13.470000,8400,1.740000,0.230000
1477410052130,13.460000,13.460000,9800,13.470000,8400,1.740000,0.230000
1477410055114,13.460000,13.460000,7300,13.470000,9300,1.740000,0.230000
1477410057615,13.460000,13.460000,7300,13.470000,8700,1.740000,0.230000
1477410060107,13.470000,13.470000,500,13.480000,10000,1.810000,0.240000
1477410062609,13.470000,13.460000,9100,13.470000,8800,1.810000,0.240000
1477410065628,13.470000,13.460000,9100,13.470000,8800,1.810000,0.240000
1477410068117,13.460000,13.460000,4600,13.470000,11000,1.740000,0.230000
1477410070621,13.450000,13.450000,6200,13.460000,2600,1.660000,0.220000
1477410072619,13.450000,13.450000,6200,13.460000,2600,1.660000,0.220000
1477410075122,13.459900,13.450000,6200,13.460000,2600,1.740000,0.229900
1477410077124,13.459900,13.450000,6100,13.460000,2600,1.740000,0.229900
1477410080160,13.460000,13.450000,11700,13.460000,2600,1.740000,0.230000
1477410082122,13.460000,13.450000,11700,13.460000,2600,1.740000,0.230000
1477410084624,13.460000,13.450000,10400,13.460000,2600,1.740000,0.230000
1477410087119,13.460000,13.450000,9900,13.460000,2600,1.740000,0.230000
1477410090129,13.460000,13.450000,9900,13.460000,2600,1.740000,0.230000
1477410092633,13.460000,13.450000,9900,13.460000,2600,1.740000,0.230000
1477410095127,13.460000,13.450000,13800,13.460000,2600,1.740000,0.230000
1477410573622,13.480000,13.470000,14900,13.480000,400,1.890000,0.250000
1477410576137,13.480000,13.480000,7500,13.490000,4600,1.890000,0.250000
1477410578637,13.489000,13.480000,7400,13.490000,4500,1.960000,0.259000
1477410583157,13.483100,13.480000,3700,13.490000,4700,1.910000,0.253100
1477410586669,13.483100,13.480000,4700,13.490000,4000,1.910000,0.253100
1477410589146,13.483100,13.480000,3900,13.490000,4000,1.910000,0.253100
1477411549649,13.562500,13.560000,3600,13.570000,14700,2.510000,0.332500
1477411552150,13.562500,13.560000,2700,13.570000,15300,2.510000,0.332500
1477411554143,13.570000,13.560000,3600,13.570000,3900,2.570000,0.340000
1477411556654,13.565000,13.560000,2600,13.570000,13600,2.530000,0.335000
1477411559172,13.565000,13.550000,6100,13.560000,1400,2.530000,0.335000
1477411561195,13.560000,13.560000,2600,13.570000,8300,2.490000,0.330000
1477411564100,13.560000,13.560000,2600,13.570000,6300,2.490000,0.330000
1477411566602,13.560000,13.560000,2600,13.570000,6500,2.490000,0.330000
1477411569103,13.560000,13.560000,2600,13.570000,6000,2.490000,0.330000
1477411570603,13.560000,13.560000,2600,13.570000,5800,2.490000,0.330000
1477411573606,13.560000,13.560000,2600,13.570000,5900,2.490000,0.330000
1477411575606,13.560000,13.560000,2600,13.570000,5900,2.490000,0.330000
1477411578639,13.563000,13.560000,3000,13.570000,5900,2.520000,0.333000
1477411581109,13.570000,13.560000,8200,13.570000,1900,2.570000,0.340000
1477411583609,13.560000,13.560000,1000,13.570000,17100,2.490000,0.330000
1477411586115,13.570000,13.560000,1000,13.570000,16600,2.570000,0.340000
1477411588111,13.565700,13.560000,2400,13.570000,17000,2.540000,0.335700
1477411590130,13.570000,13.560000,9800,13.570000,1100,2.570000,0.340000
1477411593115,13.560000,13.560000,2700,13.570000,17600,2.490000,0.330000
1477411595107,13.560000,13.550000,12500,13.560000,1400,2.490000,0.330000
1477411597615,13.560000,13.550000,17500,13.560000,500,2.490000,0.330000
1477411600625,13.560000,13.560000,8600,13.570000,3300,2.490000,0.330000
1477411603118,13.570000,13.570000,4500,13.580000,4800,2.570000,0.340000
1477411604628,13.570000,13.570000,4500,13.580000,4100,2.570000,0.340000
1477411607620,13.570000,13.570000,4100,13.580000,5900,2.570000,0.340000
1477411610621,13.570000,13.570000,3800,13.580000,4900,2.570000,0.340000
1477411613127,13.570000,13.570000,3800,13.580000,13100,2.570000,0.340000
1477411615178,13.570000,13.570000,500,13.580000,15900,2.570000,0.340000
1477411623623,13.613800,13.610000,2500,13.620000,5900,2.900000,0.383800
1477411625631,13.615000,13.610000,900,13.620000,7200,2.910000,0.385000
1477411628669,13.610000,13.610000,900,13.620000,7300,2.870000,0.380000
1477411631125,13.615000,13.610000,3200,13.620000,3300,2.910000,0.385000
1477411633147,13.620000,13.620000,900,13.630000,12700,2.950000,0.390000
1477411636133,13.610000,13.610000,2500,13.620000,6500,2.870000,0.380000
1477411638634,13.611000,13.610000,1800,13.620000,4800,2.880000,0.381000
1477411641639,13.615800,13.610000,5500,13.620000,4800,2.920000,0.385800
1477411643168,13.615800,13.610000,2800,13.620000,5700,2.920000,0.385800
1477411645683,13.615800,13.610000,2800,13.620000,5700,2.920000,0.385800
1477411648625,13.620000,13.610000,13700,13.620000,1000,2.950000,0.390000
1477411651132,13.630000,13.620000,6300,13.630000,4300,3.020000,0.400000
1477411653137,13.630000,13.630000,7500,13.640000,7100,3.020000,0.400000
1477411655640,13.680000,13.670000,21300,13.680000,2800,3.400000,0.450000
1477411658161,13.700000,13.690000,5100,13.700000,5000,3.550000,0.470000
1477411660630,13.720000,13.710000,6800,13.720000,2000,3.700000,0.490000
1477411662630,13.720000,13.710000,6100,13.720000,3200,3.700000,0.490000
1477411665127,13.730000,13.720000,8300,13.730000,3300,3.780000,0.500000
1477411667643,13.750000,13.740000,12400,13.750000,3200,3.930000,0.520000
1477411669640,13.745900,13.740000,6900,13.750000,2800,3.900000,0.515900
1477411672183,13.740000,13.730000,9800,13.740000,1300,3.850000,0.510000
1477411676152,13.750000,13.740000,8500,13.750000,2200,3.930000,0.520000
1477411678148,13.750000,13.740000,9300,13.750000,600,3.930000,0.520000
1477411680652,13.740000,13.740000,5200,13.750000,4700,3.850000,0.510000
1477411682647,13.750000,13.740000,8700,13.750000,900,3.930000,0.520000
1477411685151,13.760000,13.750000,5200,13.760000,3400,4.010000,0.530000
1477411687641,13.750000,13.740000,2100,13.750000,4300,3.930000,0.520000
1477411690656,13.740000,13.740000,3700,13.750000,1600,3.850000,0.510000
1477411693151,13.730000,13.730000,2600,13.740000,6900,3.780000,0.500000
1477411696148,13.721600,13.720000,1100,13.730000,12300,3.720000,0.491600
1477411699143,13.720000,13.710000,8600,13.720000,1200,3.700000,0.490000
1477411701684,13.735200,13.730000,800,13.740000,15200,3.820000,0.505200
1477411704148,13.718900,13.710000,2600,13.720000,9900,3.700000,0.488900
1477411707151,13.702200,13.700000,7800,13.710000,3300,3.570000,0.472200
1477411709153,13.720000,13.700000,6000,13.710000,3500,3.700000,0.490000
1477411711639,13.710000,13.700000,6300,13.710000,3900,3.630000,0.480000
1477411713604,13.710000,13.700000,7200,13.710000,2700,3.630000,0.480000
1477411715632,13.710000,13.700000,9200,13.710000,1100,3.630000,0.480000
1477411718103,13.700000,13.710000,8600,13.720000,1200,3.550000,0.470000
1477411721603,13.710000,13.710000,1200,13.720000,5100,3.630000,0.480000
1477411727617,13.719300,13.700000,9600,13.710000,2700,3.700000,0.489300
1477411729638,13.705000,13.700000,9300,13.710000,1500,3.590000,0.475000
1477411732606,13.705000,13.700000,4800,13.710000,3900,3.590000,0.475000
1477411734609,13.700000,13.700000,1700,13.710000,9100,3.550000,0.470000
1477411737109,13.700000,13.700000,1000,13.700000,600,3.550000,0.470000
1477411739609,13.700000,13.700000,1000,13.700000,500,3.550000,0.470000
1477411741111,13.700000,13.700000,8300,13.710000,1600,3.550000,0.470000
1477411743611,13.715400,13.710000,1900,13.720000,8300,3.670000,0.485400
1477411746611,13.720000,13.710000,9900,13.720000,100,3.700000,0.490000
1477411748620,13.720000,13.710000,8300,13.720000,1300,3.700000,0.490000
1477411751120,13.720000,13.710000,9200,13.720000,1300,3.700000,0.490000
1477411752612,13.720000,13.710000,9200,13.720000,1600,3.700000,0.490000
1477411756103,13.720000,13.710000,9200,13.720000,1600,3.700000,0.490000
1477411758117,13.720000,13.710000,9200,13.720000,2700,3.700000,0.490000
1477411760146,13.720000,13.710000,7700,13.720000,3000,3.700000,0.490000
1477411763123,13.711100,13.710000,3800,13.720000,4800,3.640000,0.481100
1477411765624,13.710000,13.710000,400,13.720000,9000,3.630000,0.480000
1477411768619,13.710000,13.700000,4800,13.710000,5200,3.630000,0.480000
1477411771142,13.700000,13.700000,1000,13.710000,9000,3.550000,0.470000
1477411773652,13.710000,13.700000,2300,13.710000,8000,3.630000,0.480000
1477411776117,13.700000,13.700000,1900,13.710000,8600,3.550000,0.470000
1477411778619,13.700100,13.700000,2800,13.710000,5500,3.550000,0.470100
1477411780621,13.700100,13.700000,2800,13.710000,5500,3.550000,0.470100
1477411782624,13.705400,13.700000,2700,13.710000,6800,3.590000,0.475400
1477411785629,13.704900,13.700000,2700,13.710000,8700,3.590000,0.474900
1477411788185,13.704900,13.700000,1800,13.710000,8700,3.590000,0.474900
1477411790628,13.700000,13.700000,1300,13.710000,9700,3.550000,0.470000
1477411793128,13.700000,13.700000,1300,13.710000,9500,3.550000,0.470000
1477411796630,13.704400,13.700000,2200,13.710000,10000,3.590000,0.474400
1477411799144,13.704400,13.700000,2500,13.710000,5400,3.590000,0.474400
1477411799651,13.704400,13.700000,2500,13.710000,5400,3.590000,0.474400
1477411804131,13.720000,13.720000,1700,13.730000,5500,3.700000,0.490000
1477411806632,13.730000,13.720000,1100,13.730000,9100,3.780000,0.500000
1477411808642,13.720000,13.710000,6400,13.720000,1500,3.700000,0.490000
1477411811634,13.720000,13.710000,5300,13.720000,1000,3.700000,0.490000
1477411814138,13.720000,13.710000,5200,13.720000,3000,3.700000,0.490000
1477411816138,13.719900,13.710000,5900,13.720000,3000,3.700000,0.489900
1477411819143,13.719900,13.710000,4600,13.720000,3500,3.700000,0.489900
1477411821141,13.719900,13.710000,6200,13.720000,3100,3.700000,0.489900
1477411823637,13.720000,13.720000,1200,13.730000,9100,3.700000,0.490000
1477411825636,13.714100,13.710000,800,13.720000,5200,3.660000,0.484100
1477411828643,13.714100,13.710000,1400,13.720000,5800,3.660000,0.484100
1477411829668,13.710100,13.710000,1200,13.720000,6000,3.630000,0.480100
1477411833673,13.710100,13.710000,5800,13.720000,2900,3.630000,0.480100
1477411836141,13.710100,13.710000,5900,13.720000,1700,3.630000,0.480100
1477411838137,13.710100,13.710000,7500,13.720000,1600,3.630000,0.480100
1477411841146,13.710100,13.710000,4300,13.720000,4700,3.630000,0.480100
1477411844154,13.700000,13.700000,4700,13.710000,5100,3.550000,0.470000
1477411846665,13.703900,13.700000,7000,13.710000,5100,3.580000,0.473900
1477411849138,13.709900,13.700000,4300,13.710000,4700,3.630000,0.479900
1477411851651,13.709000,13.700000,8000,13.710000,2200,3.620000,0.479000
1477411854150,13.710000,13.700000,14800,13.710000,400,3.630000,0.480000
1477411856655,13.710000,13.710000,1800,13.720000,4700,3.630000,0.480000
1477411858680,13.720000,13.710000,800,13.720000,7400,3.700000,0.490000
1477411861233,13.720000,13.710000,10400,13.720000,1500,3.700000,0.490000
1477411863642,13.729000,13.720000,900,13.730000,9900,3.770000,0.499000
1477411867155,13.725600,13.720000,2100,13.730000,6000,3.750000,0.495600
1477411869656,13.730000,13.720000,4100,13.730000,5600,3.780000,0.500000
1477411872100,13.730000,13.720000,2900,13.730000,5800,3.780000,0.500000
1477411873608,13.720000,13.720000,600,13.730000,10500,3.700000,0.490000
1477411876625,13.724600,13.720000,500,13.730000,10600,3.740000,0.494600
1477411879602,13.710000,13.710000,5800,13.720000,2800,3.630000,0.480000
1477411881603,13.710000,13.710000,1400,13.720000,6000,3.630000,0.480000
1477411884104,13.710000,13.710000,2400,13.720000,5500,3.630000,0.480000
1477411886605,13.710000,13.710000,4000,13.720000,4200,3.630000,0.480000
1477411888624,13.711000,13.710000,3500,13.720000,3200,3.640000,0.481000
1477411891105,13.711000,13.710000,4400,13.720000,3400,3.640000,0.481000
1477411893107,13.711000,13.710000,4600,13.720000,3400,3.640000,0.481000
1477411893609,13.711000,13.710000,4600,13.720000,3400,3.640000,0.481000
1477411897606,13.711000,13.710000,3700,13.720000,3800,3.640000,0.481000
1477411900141,13.711000,13.710000,3700,13.720000,4100,3.640000,0.481000
1477411903147,13.711000,13.710000,3700,13.720000,4100,3.640000,0.481000
1477411905618,13.711000,13.710000,8400,13.720000,2100,3.640000,0.481000
1477411908111,13.711000,13.710000,4200,13.720000,3400,3.640000,0.481000
1477411910146,13.711000,13.710000,4200,13.720000,3400,3.640000,0.481000
1477411912613,13.711000,13.710000,7200,13.720000,2100,3.640000,0.481000
1477411915138,13.711000,13.710000,7200,13.720000,1400,3.640000,0.481000
1477411917617,13.711000,13.710000,7000,13.720000,1700,3.640000,0.481000
1477411920153,13.711000,13.710000,7000,13.720000,1700,3.640000,0.481000
1477411921619,13.711000,13.710000,12800,13.720000,1200,3.640000,0.481000
1477411924621,13.710000,13.710000,12100,13.720000,1400,3.630000,0.480000
1477411926119,13.710000,13.710000,12000,13.720000,1400,3.630000,0.480000
1477411929679,13.710000,13.710000,300,13.720000,8800,3.630000,0.480000
1477411932126,13.710000,13.710000,1300,13.720000,6700,3.630000,0.480000
1477411934622,13.710000,13.710000,11700,13.720000,800,3.630000,0.480000
1477411936633,13.720000,13.720000,5100,13.730000,4000,3.700000,0.490000
1477411938634,13.720000,13.720000,4400,13.730000,5000,3.700000,0.490000
1477411941130,13.720000,13.720000,4400,13.730000,5000,3.700000,0.490000
1477411943124,13.720000,13.710000,8400,13.720000,1400,3.700000,0.490000
1477411946138,13.716500,13.710000,8700,13.720000,1400,3.680000,0.486500
1477411948132,13.720000,13.720000,1800,13.730000,5300,3.700000,0.490000
1477411950632,13.710000,13.710000,7800,13.720000,1000,3.630000,0.480000
1477411953172,13.710000,13.710000,2100,13.720000,6000,3.630000,0.480000
1477411955630,13.710000,13.710000,1200,13.720000,6700,3.630000,0.480000
1477411958136,13.719200,13.710000,3700,13.720000,5800,3.700000,0.489200
1477411964138,13.710000,13.710000,1200,13.720000,6400,3.630000,0.480000
1477411967634,13.717700,13.710000,2700,13.720000,5700,3.690000,0.487700
1477411969644,13.710000,13.710000,200,13.720000,8900,3.630000,0.480000
1477411972154,13.710000,13.710000,3600,13.720000,5300,3.630000,0.480000
1477411975183,13.710000,13.710000,6800,13.720000,3200,3.630000,0.480000
1477411977637,13.710000,13.710000,6800,13.720000,3000,3.630000,0.480000
1477411980139,13.710100,13.710000,3300,13.720000,6100,3.630000,0.480100
1477411982638,13.710100,13.710000,3200,13.720000,5300,3.630000,0.480100
1477411985144,13.710000,13.700000,5300,13.710000,4900,3.630000,0.480000
1477411987147,13.710000,13.700000,10100,13.710000,900,3.630000,0.480000
1477411989647,13.680000,13.680000,8400,13.690000,7800,3.400000,0.450000
1477411992647,13.650000,13.640000,5000,13.650000,700,3.170000,0.420000
1477411995643,13.660000,13.650000,4800,13.660000,1400,3.250000,0.430000
1477411998161,13.660000,13.660000,2600,13.670000,4800,3.250000,0.430000
1477412000664,13.660000,13.650000,5000,13.660000,8700,3.250000,0.430000
1477412002166,13.670000,13.660000,8600,13.670000,1500,3.330000,0.440000
1477412005148,13.675000,13.670000,6800,13.680000,1000,3.360000,0.445000
1477412007660,13.671100,13.670000,5100,13.680000,2800,3.330000,0.441100
1477412009651,13.660000,13.660000,600,13.670000,13000,3.250000,0.430000
1477412012160,13.660000,13.650000,6000,13.660000,2000,3.250000,0.430000
1477412014658,13.651100,13.650000,6600,13.660000,2900,3.180000,0.421100
1477412017147,13.650000,13.640000,4700,13.650000,4700,3.170000,0.420000
1477412024277,13.650000,13.650000,1500,13.660000,6100,3.170000,0.420000
1477412028102,13.660000,13.650000,7000,13.660000,2800,3.250000,0.430000
1477412031603,13.651000,13.650000,4500,13.660000,3100,3.180000,0.421000
1477412034117,13.660000,13.660000,900,13.670000,7000,3.250000,0.430000
1477412036109,13.660000,13.650000,5500,13.660000,4100,3.250000,0.430000
1477412038607,13.665000,13.660000,1400,13.670000,7700,3.290000,0.435000
1477412041110,13.665000,13.660000,2600,13.670000,6200,3.290000,0.435000
1477412043143,13.675300,13.670000,800,13.680000,10100,3.370000,0.445300
1477412046149,13.660000,13.660000,1100,13.670000,9600,3.250000,0.430000
1477412047614,13.670000,13.660000,6900,13.670000,2800,3.330000,0.440000
1477412050618,13.660000,13.660000,1100,13.670000,11700,3.250000,0.430000
1477412053112,13.650000,13.650000,600,13.660000,13100,3.170000,0.420000
1477412055113,13.650000,13.650000,700,13.660000,10200,3.170000,0.420000
1477412057613,13.660000,13.650000,5700,13.660000,4700,3.250000,0.430000
1477412059617,13.660000,13.650000,4700,13.660000,5700,3.250000,0.430000
1477412062613,13.660000,13.650000,4200,13.660000,4200,3.250000,0.430000
1477412064117,13.660000,13.650000,4200,13.660000,4500,3.250000,0.430000
1477412067121,13.669900,13.660000,1100,13.670000,7100,3.330000,0.439900
1477412069618,13.669900,13.660000,4400,13.670000,5000,3.330000,0.439900
1477412071620,13.669900,13.660000,4100,13.670000,5000,3.330000,0.439900
1477412075122,13.669900,13.660000,2900,13.670000,4500,3.330000,0.439900
1477412074656,13.669900,13.660000,2400,13.670000,5100,3.330000,0.439900
1477412081125,13.670000,13.660000,5900,13.670000,1900,3.330000,0.440000
1477412083631,13.670000,13.660000,6900,13.670000,4300,3.330000,0.440000
1477412086129,13.670000,13.670000,2600,13.680000,6900,3.330000,0.440000
1477412088625,13.675000,13.670000,2600,13.680000,7100,3.360000,0.445000
1477412091635,13.680000,13.670000,8600,13.680000,5100,3.400000,0.450000
1477412094628,13.660000,13.660000,4000,13.670000,5800,3.250000,0.430000
1477412098633,13.670000,13.670000,2500,13.680000,5700,3.330000,0.440000
1477412101129,13.680000,13.680000,600,13.690000,6500,3.400000,0.450000
1477412103632,13.690000,13.690000,4200,13.700000,4900,3.480000,0.460000
1477412106138,13.690000,13.680000,8500,13.690000,400,3.480000,0.460000
1477412108627,13.680000,13.670000,8300,13.680000,1000,3.400000,0.450000
1477412110637,13.690000,13.680000,3300,13.690000,1600,3.480000,0.460000
1477412113642,13.681200,13.680000,5000,13.690000,4200,3.410000,0.451200
1477412116631,13.685400,13.680000,5000,13.690000,2700,3.440000,0.455400
1477412119140,13.685400,13.680000,4600,13.690000,3200,3.440000,0.455400
1477412121711,13.685300,13.680000,4600,13.690000,3200,3.440000,0.455300
1477412124145,13.685300,13.680000,4600,13.690000,3200,3.440000,0.455300
1477412127133,13.700000,13.690000,7500,13.700000,1000,3.550000,0.470000
1477412129641,13.696200,13.690000,6900,13.700000,1200,3.520000,0.466200
1477412131642,13.700000,13.700000,1100,13.710000,9500,3.550000,0.470000
1477412134134,13.705800,13.700000,700,13.710000,10200,3.600000,0.475800
1477412136652,13.710000,13.700000,4700,13.710000,9400,3.630000,0.480000
1477412139152,13.710000,13.700000,4700,13.710000,9200,3.630000,0.480000
1477412142145,13.710000,13.700000,4700,13.710000,8800,3.630000,0.480000
1477412144646,13.690000,13.690000,1100,13.700000,8800,3.480000,0.460000
1477412147142,13.689900,13.680000,1900,13.690000,7700,3.480000,0.459900
1477412149173,13.689900,13.680000,2000,13.690000,7100,3.480000,0.459900
1477412153152,13.685900,13.680000,1900,13.690000,6700,3.450000,0.455900
1477412157656,13.685900,13.680000,2100,13.690000,6000,3.450000,0.455900
1477412160162,13.680000,13.680000,2100,13.690000,6000,3.400000,0.450000
1477412162668,13.680100,13.680000,11400,13.690000,900,3.400000,0.450100
1477412165167,13.690000,13.690000,1600,13.700000,7600,3.480000,0.460000
1477412167655,13.700000,13.690000,2100,13.700000,6500,3.550000,0.470000
1477412169159,13.700000,13.690000,2300,13.700000,6500,3.550000,0.470000
1477412172103,13.698300,13.690000,4000,13.700000,6300,3.540000,0.468300
1477412174632,13.698300,13.690000,2800,13.700000,6200,3.540000,0.468300
1477412177106,13.698300,13.690000,2300,13.700000,8100,3.540000,0.468300
1477412179617,13.690000,13.690000,100,13.690000,2300,3.480000,0.460000
1477412182107,13.689900,13.680000,1500,13.690000,5400,3.480000,0.459900
1477412184108,13.685000,13.680000,1500,13.690000,5700,3.440000,0.455000
1477412186608,13.685000,13.680000,2200,13.690000,5300,3.440000,0.455000
1477412189111,13.675000,13.670000,8000,13.680000,1400,3.360000,0.445000
1477412191112,13.675000,13.670000,15300,13.680000,400,3.360000,0.445000
1477412194131,13.685000,13.680000,4500,13.690000,5100,3.440000,0.455000
1477412196614,13.690000,13.680000,2400,13.690000,6200,3.480000,0.460000
1477412198613,13.690000,13.690000,1600,13.700000,7100,3.480000,0.460000
1477412200616,13.690000,13.690000,1100,13.700000,9500,3.480000,0.460000
1477412203615,13.710000,13.710000,600,13.720000,42200,3.630000,0.480000
1477412206124,13.710000,13.700000,6300,13.710000,900,3.630000,0.480000
1477412208620,13.710000,13.700000,10200,13.710000,500,3.630000,0.480000
1477412210652,13.710000,13.710000,6400,13.720000,33700,3.630000,0.480000
1477412213128,13.710000,13.710000,7900,13.720000,33200,3.630000,0.480000
1477412215623,13.710100,13.710000,5100,13.720000,33400,3.630000,0.480100
1477412218125,13.710100,13.710000,3000,13.720000,35400,3.630000,0.480100
1477412220668,13.720000,13.710000,18200,13.720000,16600,3.700000,0.490000
1477412223135,13.730000,13.720000,800,13.730000,13300,3.780000,0.500000
1477412225625,13.720000,13.710000,12200,13.720000,1600,3.700000,0.490000
1477412227629,13.720000,13.710000,11800,13.720000,1900,3.700000,0.490000
1477412230132,13.730000,13.720000,8500,13.730000,2100,3.780000,0.500000
1477412232627,13.740000,13.730000,6700,13.740000,1900,3.850000,0.510000
1477412235212,13.740000,13.730000,6700,13.740000,1600,3.850000,0.510000
1477412235212,13.740000,13.730000,6700,13.740000,1600,3.850000,0.510000
1477412240132,13.710000,13.710000,10700,13.720000,1600,3.630000,0.480000
1477412242635,13.720000,13.710000,6700,13.720000,6300,3.700000,0.490000
1477412245143,13.719900,13.710000,4300,13.720000,4500,3.700000,0.489900
1477412247131,13.719900,13.710000,4300,13.720000,4800,3.700000,0.489900
1477412249136,13.720000,13.710000,3800,13.720000,4800,3.700000,0.490000
1477412252665,13.710000,13.700000,21800,13.710000,1200,3.630000,0.480000
1477412255128,13.710000,13.700000,21400,13.710000,700,3.630000,0.480000
1477412257135,13.710000,13.700000,22300,13.710000,900,3.630000,0.480000
1477412262141,13.710000,13.700000,21000,13.710000,2500,3.630000,0.480000
1477412264676,13.712800,13.710000,1200,13.720000,7400,3.650000,0.482800
1477412267154,13.706100,13.700000,21200,13.710000,1000,3.600000,0.476100
1477412269638,13.710000,13.710000,3900,13.720000,4900,3.630000,0.480000
1477412271644,13.710000,13.700000,20800,13.710000,2000,3.630000,0.480000
1477412273641,13.710000,13.700000,20700,13.710000,2100,3.630000,0.480000
1477412276651,13.704300,13.700000,18900,13.710000,2100,3.590000,0.474300
1477412279141,13.710000,13.700000,20900,13.710000,2100,3.630000,0.480000
1477412281647,13.705000,13.710000,3700,13.720000,5900,3.590000,0.475000
1477412284650,13.714100,13.710000,2500,13.720000,6100,3.660000,0.484100
1477412287649,13.720000,13.710000,1500,13.720000,6800,3.700000,0.490000
1477412289151,13.710000,13.700000,18300,13.710000,1800,3.630000,0.480000
1477412292152,13.705000,13.700000,18300,13.710000,3800,3.590000,0.475000
1477412293681,13.705000,13.700000,18300,13.710000,2400,3.590000,0.475000
1477412296662,13.705000,13.700000,18600,13.710000,1900,3.590000,0.475000
1477412299155,13.700000,13.700000,17900,13.710000,2400,3.550000,0.470000
1477412301653,13.713600,13.710000,2600,13.720000,8300,3.660000,0.483600
1477412304158,13.713600,13.710000,800,13.720000,13500,3.660000,0.483600
1477412306165,13.705000,13.700000,18200,13.710000,1900,3.590000,0.475000
1477412309182,13.705000,13.700000,18400,13.710000,3600,3.590000,0.475000
1477412310690,13.705000,13.700000,16300,13.710000,8600,3.590000,0.475000
1477412314155,13.710000,13.700000,16300,13.710000,10800,3.630000,0.480000
1477412317102,13.710000,13.700000,16300,13.710000,10800,3.630000,0.480000
1477412319101,13.710000,13.700000,16300,13.710000,9300,3.630000,0.480000
1477412320604,13.700000,13.700000,15900,13.710000,11900,3.550000,0.470000
1477412324123,13.700100,13.700000,15900,13.710000,9400,3.550000,0.470100
1477412327112,13.700000,13.690000,8800,13.700000,1900,3.550000,0.470000
1477412329104,13.700000,13.690000,3900,13.700000,6600,3.550000,0.470000
1477412331607,13.690000,13.690000,5200,13.700000,3300,3.480000,0.460000
1477412334609,13.715000,13.710000,600,13.720000,8700,3.670000,0.485000
1477412336624,13.715000,13.710000,600,13.720000,8500,3.670000,0.485000
1477412339107,13.710000,13.710000,600,13.720000,8500,3.630000,0.480000
1477412341612,13.720000,13.710000,8500,13.720000,3500,3.700000,0.490000
1477412343649,13.720000,13.710000,10900,13.720000,3500,3.700000,0.490000
1477412346647,13.715900,13.710000,6500,13.720000,4400,3.670000,0.485900
1477412349117,13.720000,13.710000,13400,13.720000,1100,3.700000,0.490000
1477412351647,13.720000,13.710000,10400,13.720000,1500,3.700000,0.490000
1477412354124,13.710000,13.710000,2600,13.720000,4800,3.630000,0.480000
1477412356620,13.715000,13.710000,600,13.720000,12400,3.670000,0.485000
1477412357618,13.715000,13.710000,700,13.720000,9200,3.670000,0.485000
1477412361618,13.710100,13.710000,2600,13.720000,6600,3.630000,0.480100
1477412363620,13.710100,13.710000,2600,13.720000,5300,3.630000,0.480100
1477412366126,13.710000,13.710000,2600,13.720000,5300,3.630000,0.480000
1477412368625,13.710000,13.710000,13700,13.720000,900,3.630000,0.480000
1477412370626,13.710000,13.710000,13000,13.720000,1300,3.630000,0.480000
1477412372620,13.710000,13.710000,5300,13.720000,2500,3.630000,0.480000
1477412375631,13.720000,13.710000,2600,13.720000,4100,3.700000,0.490000
1477412378129,13.720000,13.710000,2900,13.720000,3700,3.700000,0.490000
1477412385136,13.719000,13.710000,1500,13.720000,6300,3.700000,0.489000
1477412386630,13.719000,13.710000,1500,13.720000,7100,3.700000,0.489000
1477412389635,13.710000,13.710000,1500,13.720000,7100,3.630000,0.480000
1477412391132,13.710000,13.710000,1500,13.720000,7100,3.630000,0.480000
1477412394632,13.700000,13.700000,13500,13.710000,800,3.550000,0.470000
1477412397635,13.705000,13.700000,13800,13.710000,200,3.590000,0.475000
1477412399676,13.710000,13.710000,3200,13.720000,1700,3.630000,0.480000
1477412403635,13.715000,13.710000,7400,13.720000,1100,3.670000,0.485000
1477412406141,13.710100,13.710000,10300,13.720000,1100,3.630000,0.480100
1477412408667,13.710100,13.710000,2500,13.720000,4600,3.630000,0.480100
1477412411157,13.700000,13.700000,5600,13.710000,2900,3.550000,0.470000
1477412413643,13.710000,13.700000,7000,13.710000,1900,3.630000,0.480000
1477412416140,13.701700,13.700000,10300,13.710000,1600,3.570000,0.471700
1477412418142,13.710000,13.710000,900,13.720000,7900,3.630000,0.480000
1477412420645,13.710000,13.710000,4100,13.720000,2700,3.630000,0.480000
1477412423146,13.711100,13.710000,1000,13.720000,6400,3.640000,0.481100
1477412425152,13.710000,13.710000,1200,13.720000,5500,3.630000,0.480000
1477412428152,13.720000,13.710000,2500,13.720000,5400,3.700000,0.490000
1477412430696,13.710000,13.710000,2500,13.720000,5400,3.630000,0.480000
1477412433145,13.715000,13.710000,400,13.720000,10900,3.670000,0.485000
1477412435651,13.710800,13.710000,2600,13.720000,3800,3.630000,0.480800
1477412438183,13.710800,13.710000,1100,13.720000,5200,3.630000,0.480800
1477412442149,13.715000,13.710000,1100,13.720000,6900,3.670000,0.485000
1477412444153,13.719900,13.710000,2500,13.720000,3800,3.700000,0.489900
1477412450207,13.730000,13.720000,2900,13.730000,2900,3.780000,0.500000
1477412453166,13.730000,13.720000,2500,13.730000,4400,3.780000,0.500000
1477412455144,13.730000,13.720000,2500,13.730000,4100,3.780000,0.500000
1477412457667,13.720000,13.720000,2600,13.730000,4200,3.700000,0.490000
1477412460155,13.730000,13.720000,2600,13.730000,3500,3.780000,0.500000
1477412463107,13.730000,13.720000,11700,13.730000,800,3.780000,0.500000
1477412465604,13.730000,13.720000,10900,13.730000,4600,3.780000,0.500000
1477412468104,13.720000,13.720000,10900,13.730000,4400,3.700000,0.490000
1477412470610,13.730000,13.720000,900,13.730000,10900,3.780000,0.500000
1477412473107,13.720000,13.710000,7400,13.720000,1200,3.700000,0.490000
1477412475608,13.710000,13.710000,9900,13.720000,900,3.630000,0.480000
1477412477110,13.711000,13.710000,9900,13.720000,900,3.640000,0.481000
1477412479618,13.715000,13.710000,11500,13.720000,500,3.670000,0.485000
1477412483613,13.730000,13.720000,2600,13.730000,5900,3.780000,0.500000
1477412485617,13.730000,13.720000,10100,13.730000,4400,3.780000,0.500000
1477412488114,13.730000,13.720000,14300,13.730000,2800,3.780000,0.500000
1477412490614,13.720000,13.720000,4000,13.730000,3400,3.700000,0.490000
1477412493612,13.730000,13.720000,4700,13.730000,2800,3.780000,0.500000
1477412496122,13.723800,13.720000,5400,13.730000,2600,3.730000,0.493800
1477412498120,13.730000,13.720000,9100,13.730000,2500,3.780000,0.500000
1477412501618,13.730000,13.720000,9500,13.730000,2500,3.780000,0.500000
1477412504120,13.730000,13.720000,8600,13.730000,2500,3.780000,0.500000
1477412507122,13.730000,13.720000,7500,13.730000,3400,3.780000,0.500000
1477412512123,13.730000,13.720000,9700,13.730000,2300,3.780000,0.500000
1477412514622,13.725000,13.720000,9700,13.730000,2300,3.740000,0.495000
1477412516625,13.730000,13.730000,2600,13.740000,4900,3.780000,0.500000
1477412519125,13.740000,13.730000,3300,13.740000,3900,3.850000,0.510000
1477412521124,13.735000,13.730000,3400,13.740000,3900,3.820000,0.505000
1477412524647,13.730000,13.730000,6000,13.740000,1600,3.780000,0.500000
1477412527166,13.770000,13.770000,2600,13.780000,6900,4.080000,0.540000
1477412530129,13.780000,13.770000,9800,13.780000,700,4.160000,0.550000
1477412532634,13.785000,13.780000,1500,13.790000,7200,4.200000,0.555000
1477412534133,13.785000,13.780000,1500,13.790000,7200,4.200000,0.555000
1477412538130,13.775000,13.770000,1000,13.780000,12000,4.120000,0.545000
1477412540140,13.770000,13.760000,2700,13.770000,4700,4.080000,0.540000
1477412543175,13.770000,13.760000,3900,13.770000,3800,4.080000,0.540000
1477412545638,13.765700,13.760000,7900,13.770000,500,4.050000,0.535700
1477412548140,13.770000,13.770000,1400,13.780000,8300,4.080000,0.540000
1477412549676,13.770000,13.770000,1000,13.780000,12200,4.080000,0.540000
1477412553139,13.775000,13.770000,800,13.780000,12200,4.120000,0.545000
1477412555190,13.765200,13.760000,5000,13.770000,3400,4.050000,0.535200
1477412557639,13.761000,13.760000,6000,13.770000,3300,4.010000,0.531000
1477412561642,13.765600,13.760000,9500,13.770000,1400,4.050000,0.535600
1477412563650,13.761100,13.760000,9400,13.770000,1600,4.010000,0.531100
1477412566638,13.760000,13.760000,6700,13.770000,2900,4.010000,0.530000
1477412568636,13.760000,13.760000,6400,13.770000,2700,4.010000,0.530000
1477412571642,13.765000,13.760000,1500,13.770000,9700,4.040000,0.535000
1477412574140,13.765000,13.760000,1900,13.770000,9600,4.040000,0.535000
1477412576644,13.769100,13.760000,2800,13.770000,9200,4.070000,0.539100
1477412579171,13.760000,13.760000,1500,13.770000,10600,4.010000,0.530000
1477412581151,13.760000,13.760000,2800,13.770000,7000,4.010000,0.530000
1477412584161,13.760000,13.760000,1600,13.770000,6100,4.010000,0.530000
1477412587152,13.760000,13.760000,11900,13.770000,800,4.010000,0.530000
1477412589157,13.780000,13.780000,1200,13.790000,13300,4.160000,0.550000
1477412591652,13.785000,13.780000,4100,13.790000,7700,4.200000,0.555000
1477412594146,13.790000,13.780000,4200,13.790000,7800,4.230000,0.560000
1477412596667,13.789900,13.780000,3600,13.790000,7700,4.230000,0.559900
1477412599162,13.780000,13.780000,3400,13.790000,7700,4.160000,0.550000
1477412601147,13.784600,13.780000,1800,13.790000,8600,4.190000,0.554600
1477412606149,13.800000,13.790000,800,13.800000,9400,4.310000,0.570000
1477412609167,13.795000,13.790000,900,13.800000,9400,4.270000,0.565000
1477412633610,13.780000,13.770000,2600,13.780000,5700,4.160000,0.550000
1477412636610,13.780000,13.770000,3100,13.780000,5700,4.160000,0.550000
1477412639611,13.779900,13.770000,1900,13.780000,6300,4.160000,0.549900
1477412642613,13.780000,13.770000,9500,13.780000,3600,4.160000,0.550000
1477412644614,13.780000,13.770000,12100,13.780000,3400,4.160000,0.550000
1477412647615,13.785000,13.780000,9100,13.790000,3300,4.200000,0.555000
1477412650120,13.785000,13.780000,3800,13.790000,6100,4.200000,0.555000
1477412652121,13.785000,13.780000,4700,13.790000,5500,4.200000,0.555000
1477412654121,13.785000,13.780000,8500,13.790000,3200,4.200000,0.555000
1477412657617,13.785000,13.780000,9300,13.790000,3800,4.200000,0.555000
1477412659626,13.790000,13.780000,9200,13.790000,3800,4.230000,0.560000
1477412666626,13.775900,13.770000,9000,13.780000,900,4.130000,0.545900
1477412669128,13.775900,13.770000,7400,13.780000,1000,4.130000,0.545900
1477412672122,13.770700,13.770000,4500,13.780000,3900,4.090000,0.540700
1477412674625,13.770700,13.770000,4100,13.780000,3900,4.090000,0.540700
1477412676623,13.770000,13.770000,2200,13.780000,7500,4.080000,0.540000
1477412679128,13.780000,13.770000,2300,13.780000,6000,4.160000,0.550000
1477412681132,13.770000,13.770000,2300,13.780000,5800,4.080000,0.540000
1477412684150,13.780000,13.770000,10700,13.780000,1400,4.160000,0.550000
1477412687128,13.780000,13.770000,10800,13.780000,1500,4.160000,0.550000
1477412690164,13.770800,13.770000,10800,13.780000,1200,4.090000,0.540800
1477412694133,13.771100,13.770000,13200,13.780000,500,4.090000,0.541100
1477412701144,13.780000,13.770000,10300,13.780000,900,4.160000,0.550000
1477412703633,13.775000,13.770000,11600,13.780000,900,4.120000,0.545000
1477412706147,13.775000,13.770000,9500,13.780000,900,4.120000,0.545000
1477412707624,13.770400,13.770000,8900,13.780000,1900,4.080000,0.540400
1477412713194,13.780000,13.770000,14300,13.780000,1200,4.160000,0.550000
1477412715632,13.780000,13.770000,13500,13.780000,1300,4.160000,0.550000
1477412718142,13.780000,13.780000,5000,13.790000,6800,4.160000,0.550000
1477412720142,13.790000,13.780000,5000,13.790000,6800,4.230000,0.560000
1477412722686,13.788700,13.780000,5000,13.790000,6800,4.220000,0.558700
1477412725140,13.780000,13.770000,3400,13.780000,11000,4.160000,0.550000
1477412728161,13.770000,13.760000,14300,13.770000,1300,4.080000,0.540000
1477412730142,13.760000,13.760000,2500,13.770000,7200,4.010000,0.530000
1477412735146,13.770000,13.760000,2500,13.770000,7900,4.080000,0.540000
1477412738150,13.760000,13.760000,900,13.770000,8700,4.010000,0.530000
1477412740649,13.756600,13.750000,6500,13.760000,8700,3.980000,0.526600
1477412744156,13.740000,13.740000,3900,13.750000,6300,3.850000,0.510000
1477412746661,13.740000,13.740000,2700,13.750000,6400,3.850000,0.510000
1477412749649,13.750000,13.740000,2700,13.750000,6000,3.930000,0.520000
1477412751652,13.750000,13.740000,2700,13.750000,6000,3.930000,0.520000
1477412754157,13.740000,13.740000,2700,13.750000,9100,3.850000,0.510000
1477412757185,13.745000,13.750000,2500,13.760000,9600,3.890000,0.515000
1477412759660,13.740000,13.740000,2600,13.750000,7500,3.850000,0.510000
1477412762131,13.750100,13.750000,2600,13.760000,10600,3.930000,0.520100
1477412764603,13.750000,13.750000,800,13.760000,10500,3.930000,0.520000
1477412769617,13.740000,13.730000,10500,13.740000,500,3.850000,0.510000
1477412771124,13.750000,13.740000,2700,13.750000,8400,3.930000,0.520000
1477412775107,13.750000,13.740000,2700,13.750000,8400,3.930000,0.520000
1477412777108,13.750000,13.740000,3100,13.750000,6600,3.930000,0.520000
1477412780142,13.750000,13.740000,11500,13.750000,3100,3.930000,0.520000
1477412782109,13.761000,13.760000,1500,13.770000,9300,4.010000,0.531000
1477412785127,13.754300,13.750000,900,13.760000,11700,3.960000,0.524300
1477412787617,13.754300,13.750000,900,13.760000,11100,3.960000,0.524300
1477412789614,13.754300,13.750000,500,13.760000,17000,3.960000,0.524300
1477412792118,13.750000,13.740000,7100,13.750000,1800,3.930000,0.520000
1477412795650,13.750000,13.750000,1300,13.760000,10400,3.930000,0.520000
1477412797617,13.750000,13.750000,1300,13.760000,10400,3.930000,0.520000
1477412804121,13.755000,13.750000,3100,13.760000,5800,3.970000,0.525000
1477412806625,13.740000,13.740000,9800,13.750000,2000,3.850000,0.510000
1477412808119,13.740000,13.740000,9800,13.750000,1800,3.850000,0.510000
1477412811618,13.750000,13.750000,1000,13.760000,11700,3.930000,0.520000
1477412813623,13.760000,13.760000,900,13.770000,9400,4.010000,0.530000
1477412816624,13.770000,13.760000,7600,13.770000,1500,4.080000,0.540000
1477412818130,13.770000,13.760000,12000,13.770000,300,4.080000,0.540000
1477412821126,13.760000,13.760000,5800,13.770000,2400,4.010000,0.530000
1477412823637,13.761000,13.760000,1000,13.770000,7600,4.010000,0.531000
1477412826162,13.761000,13.760000,1100,13.770000,11400,4.010000,0.531000
1477412828631,13.760000,13.760000,800,13.770000,17200,4.010000,0.530000
1477412830624,13.760000,13.760000,700,13.770000,17300,4.010000,0.530000
1477412833166,13.760000,13.750000,5000,13.760000,3400,4.010000,0.530000
1477412835629,13.754100,13.750000,5000,13.760000,3400,3.960000,0.524100
1477412837130,13.750000,13.750000,5000,13.760000,3600,3.930000,0.520000
1477412840130,13.755000,13.750000,3800,13.760000,9300,3.970000,0.525000
1477412842622,13.750000,13.750000,1200,13.760000,11300,3.930000,0.520000
1477412844687,13.750000,13.750000,1300,13.760000,10100,3.930000,0.520000
1477412847127,13.745000,13.740000,7600,13.750000,4900,3.890000,0.515000
1477412849629,13.745000,13.740000,5400,13.750000,8700,3.890000,0.515000
1477412851126,13.730000,13.730000,1400,13.740000,7200,3.780000,0.500000
1477412854138,13.740000,13.730000,1300,13.740000,5700,3.850000,0.510000
1477412859178,13.731000,13.730000,1300,13.740000,7200,3.790000,0.501000
1477412862261,13.730000,13.730000,1600,13.740000,7200,3.780000,0.500000
1477412865146,13.730000,13.730000,2600,13.740000,5700,3.780000,0.500000
1477412867643,13.730000,13.730000,1400,13.740000,5700,3.780000,0.500000
1477412869652,13.740000,13.730000,2400,13.740000,4300,3.850000,0.510000
1477412872150,13.740000,13.730000,2500,13.740000,4500,3.850000,0.510000
1477412874646,13.730000,13.730000,700,13.740000,6100,3.780000,0.500000
1477412877184,13.730100,13.730000,800,13.740000,5700,3.780000,0.500100
1477412879647,13.740000,13.730000,900,13.740000,5500,3.850000,0.510000
1477412882143,13.750000,13.740000,5100,13.750000,4000,3.930000,0.520000
1477412885162,13.750000,13.750000,2600,13.760000,9000,3.930000,0.520000
1477412887673,13.750000,13.750000,3900,13.760000,5600,3.930000,0.520000
1477412890152,13.750000,13.750000,3400,13.760000,8600,3.930000,0.520000
1477412892651,13.760000,13.750000,2800,13.760000,8700,4.010000,0.530000
1477412895144,13.760000,13.760000,3200,13.770000,11000,4.010000,0.530000
1477412898660,13.765000,13.760000,2500,13.770000,8700,4.040000,0.535000
1477412901180,13.770000,13.760000,2700,13.770000,8600,4.080000,0.540000
1477412903158,13.770000,13.760000,2700,13.770000,8600,4.080000,0.540000
1477412906152,13.760000,13.760000,3600,13.770000,8700,4.010000,0.530000
1477412908654,13.760000,13.760000,1700,13.770000,9200,4.010000,0.530000
1477412909155,13.761700,13.760000,1700,13.770000,9200,4.020000,0.531700
1477412911601,13.750000,13.740000,5000,13.750000,1600,3.930000,0.520000
1477412915105,13.745000,13.740000,4300,13.750000,5700,3.890000,0.515000
1477412918108,13.750000,13.740000,7500,13.750000,4900,3.930000,0.520000
1477412920606,13.750000,13.740000,6500,13.750000,6100,3.930000,0.520000
1477412922107,13.750000,13.750000,1600,13.750000,300,3.930000,0.520000
1477412926609,13.750000,13.750000,1200,13.760000,9100,3.930000,0.520000
1477412931621,13.745000,13.740000,10400,13.750000,4500,3.890000,0.515000
1477412934112,13.745000,13.740000,12700,13.750000,1700,3.890000,0.515000
1477412936619,13.750000,13.740000,18700,13.750000,800,3.930000,0.520000
1477412939615,13.750000,13.740000,18700,13.750000,1800,3.930000,0.520000
1477412942119,13.760000,13.750000,2400,13.760000,9400,4.010000,0.530000
1477412943615,13.760000,13.750000,2600,13.760000,8800,4.010000,0.530000
1477412946644,13.755000,13.750000,700,13.760000,13900,3.970000,0.525000
1477412949621,13.750000,13.750000,600,13.760000,14300,3.930000,0.520000
1477412952120,13.750000,13.740000,8400,13.750000,4900,3.930000,0.520000
1477412955119,13.750000,13.740000,12600,13.750000,1400,3.930000,0.520000
1477412958123,13.750000,13.740000,11300,13.750000,3400,3.930000,0.520000
1477412961116,13.749900,13.740000,13000,13.750000,800,3.930000,0.519900
1477412963620,13.749900,13.740000,20200,13.750000,1000,3.930000,0.519900
1477412966124,13.750000,13.750000,2700,13.760000,4300,3.930000,0.520000
1477412968630,13.759300,13.750000,2200,13.760000,6000,4.000000,0.529300
1477412970630,13.760000,13.750000,2200,13.760000,6700,4.010000,0.530000
1477412973628,13.760000,13.750000,2200,13.760000,6100,4.010000,0.530000
1477412976167,13.760000,13.750000,2200,13.760000,5000,4.010000,0.530000
1477412979128,13.755000,13.750000,2600,13.760000,5100,3.970000,0.525000
1477412984144,13.740000,13.740000,9600,13.750000,800,3.850000,0.510000
1477412986646,13.750000,13.740000,11000,13.750000,800,3.930000,0.520000
1477412987670,13.750000,13.740000,12400,13.750000,800,3.930000,0.520000
1477412991131,13.750000,13.740000,14600,13.750000,400,3.930000,0.520000
1477412994133,13.750000,13.740000,15300,13.750000,500,3.930000,0.520000
1477412996633,13.750000,13.740000,3800,13.750000,4800,3.930000,0.520000
1477412999141,13.750000,13.740000,7800,13.750000,4600,3.930000,0.520000
1477413001193,13.742700,13.740000,16300,13.750000,600,3.880000,0.512700
1477413003643,13.750000,13.750000,1500,13.760000,4600,3.930000,0.520000
1477413005640,13.750000,13.750000,1000,13.760000,4800,3.930000,0.520000
1477413008147,13.750000,13.750000,1500,13.760000,5300,3.930000,0.520000
1477413010640,13.750000,13.750000,13100,13.760000,600,3.930000,0.520000
1477413013136,13.760000,13.750000,12000,13.760000,500,4.010000,0.530000
1477413015644,13.755000,13.750000,11200,13.760000,1100,3.970000,0.525000
1477413018150,13.755000,13.750000,7300,13.760000,2500,3.970000,0.525000
1477413020141,13.753800,13.750000,7300,13.760000,1900,3.960000,0.523800
1477413022647,13.753800,13.750000,11700,13.760000,1500,3.960000,0.523800
1477413027651,13.750000,13.740000,14300,13.750000,2400,3.930000,0.520000
1477413030152,13.740000,13.740000,11700,13.750000,2400,3.850000,0.510000
1477413032149,13.750000,13.750000,1200,13.750000,200,3.930000,0.520000
1477413034663,13.750000,13.750000,1000,13.750000,200,3.930000,0.520000
1477413037645,13.750000,13.750000,600,13.750000,300,3.930000,0.520000
1477413040150,13.750000,13.750000,600,13.750000,300,3.930000,0.520000
1477413042654,13.750000,13.750000,600,13.750000,300,3.930000,0.520000
1477413045161,13.750000,13.750000,600,13.750000,300,3.930000,0.520000
1477413047154,13.750000,13.740000,14600,13.750000,2500,3.930000,0.520000
1477413050172,13.745000,13.740000,19700,13.750000,2400,3.890000,0.515000
1477413052657,13.750000,13.740000,14900,13.750000,2400,3.930000,0.520000
1477413055103,13.740000,13.740000,14700,13.750000,3400,3.850000,0.510000
1477413059099,13.750000,13.740000,16300,13.750000,2400,3.930000,0.520000
1477413061107,13.745000,13.740000,16200,13.750000,2400,3.890000,0.515000
1477413063115,13.750000,13.750000,600,13.750000,100,3.930000,0.520000
1477413066601,13.750000,13.750000,600,13.750000,100,3.930000,0.520000
1477413069609,13.750000,13.750000,600,13.750000,100,3.930000,0.520000
1477413071608,13.750000,13.750000,1400,13.760000,8000,3.930000,0.520000
1477413074111,13.750000,13.740000,13100,13.750000,2600,3.930000,0.520000
1477413077130,13.760000,13.760000,7000,13.770000,5400,4.010000,0.530000
1477413079614,13.760000,13.760000,10000,13.770000,4100,4.010000,0.530000
1477413082115,13.765000,13.760000,8600,13.770000,4100,4.040000,0.535000
1477413084612,13.760100,13.760000,1600,13.770000,13600,4.010000,0.530100
1477413086628,13.760000,13.750000,1500,13.760000,10500,4.010000,0.530000
1477413090115,13.760000,13.750000,1700,13.760000,10400,4.010000,0.530000
1477413093618,13.760000,13.750000,1500,13.760000,9500,4.010000,0.530000
1477413094648,13.760000,13.750000,1500,13.760000,10700,4.010000,0.530000
1477413098130,13.760000,13.750000,1700,13.760000,10700,4.010000,0.530000
1477413101124,13.759000,13.750000,1700,13.760000,10700,4.000000,0.529000
1477413103621,13.750000,13.750000,1300,13.760000,12200,3.930000,0.520000
1477413106148,13.750000,13.740000,15500,13.750000,2600,3.930000,0.520000
1477413108648,13.720000,13.720000,3200,13.730000,13200,3.700000,0.490000
1477413111124,13.730000,13.730000,600,13.740000,8100,3.780000,0.500000
1477413113629,13.730000,13.730000,3300,13.740000,4800,3.780000,0.500000
1477413115129,13.730000,13.730000,3400,13.740000,5500,3.780000,0.500000
1477413118127,13.730000,13.730000,3300,13.740000,6000,3.780000,0.500000
1477413120150,13.730000,13.730000,3000,13.740000,6000,3.780000,0.500000
1477413123164,13.730000,13.730000,3000,13.740000,4900,3.780000,0.500000
1477413125670,13.730000,13.720000,6900,13.730000,9900,3.780000,0.500000
1477413128134,13.730000,13.720000,2900,13.730000,11500,3.780000,0.500000
1477413130640,13.722000,13.720000,3100,13.730000,11500,3.720000,0.492000
1477413132632,13.720000,13.720000,3100,13.730000,11000,3.700000,0.490000
1477413135142,13.710000,13.710000,5100,13.720000,9800,3.630000,0.480000
1477413137642,13.710000,13.710000,1900,13.720000,13200,3.630000,0.480000
1477413139637,13.710100,13.710000,1700,13.720000,13200,3.630000,0.480100
1477413142629,13.710000,13.710000,3300,13.720000,13000,3.630000,0.480000
1477413145138,13.720000,13.710000,7100,13.720000,1800,3.700000,0.490000
1477413147182,13.720000,13.720000,2600,13.730000,3700,3.700000,0.490000
1477413148139,13.720000,13.720000,2400,13.730000,3700,3.700000,0.490000
1477413152157,13.720000,13.720000,7100,13.730000,2500,3.700000,0.490000
1477413154645,13.720000,13.720000,7000,13.730000,1500,3.700000,0.490000
1477413156637,13.720000,13.720000,7000,13.730000,2500,3.700000,0.490000
1477413160643,13.730000,13.730000,1500,13.740000,7700,3.780000,0.500000
1477413163141,13.730000,13.730000,7900,13.740000,1300,3.780000,0.500000
1477413165144,13.730000,13.730000,3400,13.740000,3800,3.780000,0.500000
1477413168153,13.750000,13.750000,1200,13.760000,6900,3.930000,0.520000
1477413170647,13.760000,13.750000,7300,13.760000,1000,4.010000,0.530000
1477413172656,13.760000,13.750000,12800,13.760000,200,4.010000,0.530000
1477413175648,13.760000,13.760000,1200,13.770000,8700,4.010000,0.530000
1477413178153,13.760000,13.750000,4600,13.760000,4200,4.010000,0.530000
1477413180747,13.760000,13.750000,7700,13.760000,1700,4.010000,0.530000
1477413183148,13.755000,13.750000,8300,13.760000,1600,3.970000,0.525000
1477413185160,13.755000,13.750000,1400,13.760000,5200,3.970000,0.525000
1477413188153,13.755000,13.750000,7200,13.760000,2100,3.970000,0.525000
1477413190156,13.750000,13.750000,10100,13.760000,2500,3.930000,0.520000
1477413192651,13.750000,13.750000,1500,13.760000,7600,3.930000,0.520000
1477413195645,13.750000,13.740000,19700,13.750000,2600,3.930000,0.520000
1477413198107,13.750000,13.740000,21000,13.750000,600,3.930000,0.520000
1477413200104,13.750000,13.740000,21100,13.750000,700,3.930000,0.520000
1477413203603,13.750000,13.740000,21100,13.750000,700,3.930000,0.520000
1477413206106,13.750000,13.750000,8600,13.760000,2500,3.930000,0.520000
1477413208616,13.750000,13.750000,7700,13.760000,1700,3.930000,0.520000
1477413212108,13.750000,13.750000,13900,13.760000,400,3.930000,0.520000
1477413215114,13.750000,13.750000,12300,13.760000,600,3.930000,0.520000
1477413217610,13.760000,13.750000,10700,13.760000,2400,4.010000,0.530000
1477413221112,13.760000,13.750000,11400,13.760000,1200,4.010000,0.530000
1477413223614,13.750000,13.750000,11800,13.760000,1100,3.930000,0.520000
1477413226614,13.750000,13.750000,17700,13.760000,900,3.930000,0.520000
1477413228615,13.750000,13.750000,17700,13.760000,1100,3.930000,0.520000
1477413231113,13.770000,13.760000,3600,13.770000,9700,4.080000,0.540000
1477413233617,13.750000,13.740000,11400,13.750000,1900,3.930000,0.520000
1477413236641,13.748000,13.740000,15700,13.750000,1100,3.920000,0.518000
1477413238619,13.741000,13.740000,15100,13.750000,1200,3.860000,0.511000
1477413241125,13.741000,13.740000,15100,13.750000,1900,3.860000,0.511000
1477413243119,13.750000,13.740000,4800,13.750000,2500,3.930000,0.520000
1477413245621,13.740000,13.740000,11400,13.750000,3300,3.850000,0.510000
1477413248121,13.740000,13.730000,7600,13.740000,1900,3.850000,0.510000
1477413252143,13.740000,13.740000,10800,13.750000,1500,3.850000,0.510000
1477413255129,13.740000,13.730000,2000,13.740000,8800,3.850000,0.510000
1477413257624,13.736100,13.730000,1600,13.740000,8700,3.830000,0.506100
1477413259626,13.736100,13.730000,1900,13.740000,8700,3.830000,0.506100
1477413262129,13.733800,13.730000,5600,13.740000,4300,3.810000,0.503800
1477413263626,13.733800,13.730000,6500,13.740000,4200,3.810000,0.503800
1477413267183,13.731100,13.730000,4900,13.740000,4200,3.790000,0.501100
1477413269635,13.731100,13.730000,6400,13.740000,5200,3.790000,0.501100
1477413272131,13.690000,13.690000,1400,13.700000,5800,3.480000,0.460000
1477413274130,13.700000,13.690000,9300,13.700000,1400,3.550000,0.470000
1477413276631,13.700700,13.700000,9300,13.710000,2000,3.560000,0.470700
1477413278134,13.710000,13.710000,3800,13.720000,4800,3.630000,0.480000
1477413280635,13.710000,13.710000,3900,13.720000,4500,3.630000,0.480000
1477413284635,13.710000,13.710000,2700,13.720000,5800,3.630000,0.480000
1477413287172,13.720000,13.710000,3100,13.720000,6200,3.700000,0.490000
1477413290176,13.720000,13.710000,3100,13.720000,5100,3.700000,0.490000
1477413293147,13.720000,13.710000,10800,13.720000,800,3.700000,0.490000
1477413296153,13.720000,13.710000,10800,13.720000,800,3.700000,0.490000
1477413298645,13.720000,13.710000,10800,13.720000,800,3.700000,0.490000
1477413302144,13.720000,13.710000,7000,13.720000,3500,3.700000,0.490000
1477413304644,13.711000,13.710000,6500,13.720000,2200,3.640000,0.481000
1477413307149,13.710000,13.710000,5200,13.720000,3900,3.630000,0.480000
1477413309184,13.710000,13.710000,7100,13.720000,2400,3.630000,0.480000
1477413312187,13.710000,13.710000,7100,13.720000,1700,3.630000,0.480000
1477413314149,13.710000,13.710000,7100,13.720000,1700,3.630000,0.480000
1477413316651,13.710000,13.710000,4200,13.720000,2900,3.630000,0.480000
1477413319155,13.710000,13.710000,7900,13.720000,1700,3.630000,0.480000
1477413322152,13.730000,13.730000,5800,13.740000,3900,3.780000,0.500000
1477413324653,13.740000,13.740000,5100,13.750000,4700,3.850000,0.510000
1477413327157,13.740000,13.740000,4500,13.750000,4600,3.850000,0.510000
1477413329157,13.750000,13.750000,2300,13.760000,6800,3.930000,0.520000
1477413331650,13.750000,13.750000,1800,13.760000,9200,3.930000,0.520000
1477413334160,13.750000,13.750000,500,13.750000,1500,3.930000,0.520000
1477413336144,13.759900,13.750000,9900,13.760000,1700,4.010000,0.529900
1477413338662,13.754200,13.750000,7400,13.760000,1400,3.960000,0.524200
1477413342205,13.749000,13.740000,8000,13.750000,4100,3.920000,0.519000
1477413345103,13.749000,13.740000,10000,13.750000,900,3.920000,0.519000
1477413347604,13.749000,13.740000,14300,13.750000,700,3.920000,0.519000
1477413351106,13.740000,13.740000,13600,13.750000,600,3.850000,0.510000
1477413353112,13.740000,13.740000,13600,13.750000,700,3.850000,0.510000
1477413355610,13.744400,13.740000,3300,13.750000,2000,3.890000,0.514400
1477413358108,13.744400,13.740000,7300,13.750000,2900,3.890000,0.514400
1477413361110,13.750000,13.740000,14800,13.750000,1200,3.930000,0.520000
1477413363612,13.750000,13.750000,700,13.760000,9400,3.930000,0.520000
1477413365631,13.750000,13.750000,7400,13.760000,1800,3.930000,0.520000
1477413368136,13.750000,13.750000,8800,13.760000,900,3.930000,0.520000
1477413371121,13.750000,13.750000,9300,13.760000,900,3.930000,0.520000
1477413373121,13.750000,13.750000,9400,13.760000,1300,3.930000,0.520000
1477413376117,13.753000,13.750000,5600,13.760000,1800,3.950000,0.523000
1477413378119,13.750000,13.740000,10500,13.750000,9700,3.930000,0.520000
1477413381147,13.770000,13.760000,4800,13.770000,7800,4.080000,0.540000
1477413384164,13.770000,13.760000,5700,13.770000,4500,4.080000,0.540000
1477413386623,13.760000,13.760000,3100,13.770000,9400,4.010000,0.530000
1477413389132,13.760000,13.760000,3400,13.770000,8500,4.010000,0.530000
1477413391622,13.760000,13.760000,2400,13.770000,8000,4.010000,0.530000
1477413394128,13.760000,13.760000,1900,13.770000,9600,4.010000,0.530000
1477413396628,13.760000,13.760000,1200,13.770000,10900,4.010000,0.530000
1477413399155,13.750000,13.750000,6400,13.760000,2800,3.930000,0.520000
1477413401628,13.750000,13.750000,11800,13.760000,2600,3.930000,0.520000
1477413404128,13.750000,13.750000,11800,13.760000,2000,3.930000,0.520000
1477413406639,13.750000,13.750000,7100,13.760000,2400,3.930000,0.520000
1477413409132,13.750000,13.750000,7500,13.760000,2400,3.930000,0.520000
1477413411633,13.755000,13.750000,7000,13.760000,2400,3.970000,0.525000
1477413413629,13.760000,13.750000,6800,13.760000,2500,4.010000,0.530000
1477413416633,13.760000,13.750000,8900,13.760000,2000,4.010000,0.530000
1477413419131,13.750000,13.740000,1600,13.750000,6700,3.930000,0.520000
1477413421637,13.745900,13.740000,7600,13.750000,3700,3.900000,0.515900
1477413424156,13.760000,13.750000,1100,13.760000,10300,4.010000,0.530000
1477413428645,13.744100,13.740000,6100,13.750000,5000,3.890000,0.514100
1477413431145,13.740000,13.740000,4500,13.750000,5700,3.850000,0.510000
1477413433645,13.750000,13.740000,5200,13.750000,4500,3.930000,0.520000
1477413436146,13.750000,13.740000,4200,13.750000,5700,3.930000,0.520000
1477413438148,13.746800,13.740000,4200,13.750000,6200,3.910000,0.516800
1477413440650,13.744600,13.740000,4000,13.750000,8000,3.890000,0.514600
1477413443144,13.730000,13.720000,2300,13.730000,4100,3.780000,0.500000
1477413447143,13.720100,13.720000,2500,13.730000,3400,3.700000,0.490100
1477413449140,13.730000,13.730000,1400,13.740000,7900,3.780000,0.500000
1477413451146,13.730000,13.730000,1400,13.740000,7600,3.780000,0.500000
1477413454149,13.750000,13.740000,7600,13.750000,2800,3.930000,0.520000
1477413456150,13.740000,13.740000,11100,13.750000,1700,3.850000,0.510000
1477413459146,13.750000,13.750000,1500,13.760000,8000,3.930000,0.520000
1477413461148,13.750000,13.750000,1800,13.760000,8300,3.930000,0.520000
1477413463152,13.750000,13.750000,1200,13.760000,8500,3.930000,0.520000
1477413467148,13.759900,13.750000,2100,13.760000,8400,4.010000,0.529900
1477413469151,13.760000,13.750000,4000,13.760000,3500,4.010000,0.530000
1477413472155,13.760000,13.750000,2900,13.760000,8900,4.010000,0.530000
1477413474655,13.750000,13.750000,2800,13.760000,7300,3.930000,0.520000
1477413477654,13.752200,13.750000,4800,13.760000,6300,3.950000,0.522200
1477413480162,13.750000,13.750000,4700,13.760000,6800,3.930000,0.520000
1477413482643,13.759000,13.750000,4700,13.760000,6300,4.000000,0.529000
1477413484662,13.760000,13.760000,3600,13.760000,100,4.010000,0.530000
1477413487614,13.760000,13.760000,600,13.770000,12100,4.010000,0.530000
1477413489604,13.760000,13.760000,5300,13.770000,11900,4.010000,0.530000
1477413491604,13.760000,13.760000,5300,13.770000,11900,4.010000,0.530000
1477413494606,13.760000,13.760000,5300,13.770000,11900,4.010000,0.530000
1477413496605,13.760100,13.760000,5300,13.770000,8900,4.010000,0.530100
1477413499103,13.760100,13.760000,5300,13.770000,8900,4.010000,0.530100
1477413502606,13.760000,13.760000,5200,13.770000,15300,4.010000,0.530000
1477413504110,13.760000,13.760000,5200,13.770000,14900,4.010000,0.530000
1477413507109,13.760000,13.760000,5200,13.770000,14600,4.010000,0.530000
1477413510614,13.760000,13.760000,5200,13.770000,14200,4.010000,0.530000
1477413513612,13.760000,13.750000,4200,13.760000,8300,4.010000,0.530000
1477413516117,13.760000,13.750000,3000,13.760000,7600,4.010000,0.530000
1477413522114,13.750000,13.740000,2200,13.750000,5200,3.930000,0.520000
1477413525119,13.750000,13.740000,8600,13.750000,4900,3.930000,0.520000
1477413529638,13.740000,13.740000,12400,13.750000,2700,3.850000,0.510000
1477413531629,13.740000,13.740000,8400,13.750000,6300,3.850000,0.510000
1477413534155,13.740000,13.730000,2200,13.740000,7500,3.850000,0.510000
1477413536621,13.740000,13.730000,2700,13.740000,6300,3.850000,0.510000
1477413538629,13.730000,13.720000,5400,13.730000,2600,3.780000,0.500000
1477413542644,13.720000,13.710000,6400,13.720000,600,3.700000,0.490000
1477413544135,13.720000,13.710000,4700,13.720000,2700,3.700000,0.490000
1477413547631,13.720000,13.710000,5700,13.720000,3100,3.700000,0.490000
1477413550124,13.720000,13.720000,4100,13.730000,4000,3.700000,0.490000
1477413552628,13.720000,13.710000,2700,13.720000,5400,3.700000,0.490000
1477413555132,13.720000,13.710000,2600,13.720000,5400,3.700000,0.490000
1477413557127,13.715000,13.710000,1400,13.720000,5900,3.670000,0.485000
1477413559647,13.715000,13.710000,500,13.720000,11400,3.670000,0.485000
1477413561635,13.720000,13.710000,400,13.720000,10500,3.700000,0.490000
1477413564634,13.720000,13.700000,8400,13.710000,2600,3.700000,0.490000
1477413566134,13.710000,13.700000,9400,13.710000,2600,3.630000,0.480000
1477413568633,13.700000,13.700000,6400,13.710000,6200,3.550000,0.470000
1477413571646,13.700000,13.700000,6000,13.710000,7100,3.550000,0.470000
1477413574665,13.700000,13.690000,6900,13.700000,2500,3.550000,0.470000
1477413577138,13.700000,13.690000,6900,13.700000,1000,3.550000,0.470000
1477413579140,13.700000,13.690000,6900,13.700000,1100,3.550000,0.470000
1477413582672,13.690000,13.680000,8600,13.690000,2700,3.480000,0.460000
1477413585639,13.680800,13.680000,4400,13.690000,3300,3.410000,0.450800
1477413588144,13.695000,13.690000,5500,13.700000,2400,3.510000,0.465000
1477413590638,13.695000,13.690000,1800,13.700000,5200,3.510000,0.465000
1477413593141,13.690000,13.680000,5700,13.690000,3600,3.480000,0.460000
1477413595668,13.682500,13.680000,4500,13.690000,4600,3.420000,0.452500
1477413597148,13.680000,13.680000,6200,13.690000,3500,3.400000,0.450000
1477413599642,13.680000,13.680000,2000,13.690000,6800,3.400000,0.450000
1477413602653,13.680000,13.680000,7700,13.690000,2500,3.400000,0.450000
1477413605167,13.685000,13.680000,10600,13.690000,2400,3.440000,0.455000
1477413608648,13.694400,13.690000,1400,13.700000,5800,3.510000,0.464400
1477413610154,13.690000,13.690000,2300,13.700000,4800,3.480000,0.460000
1477413613159,13.700000,13.690000,13400,13.700000,3700,3.550000,0.470000
1477413615656,13.694000,13.690000,11900,13.700000,3700,3.510000,0.464000
1477413618188,13.690000,13.690000,1700,13.700000,9600,3.480000,0.460000
1477413623648,13.690000,13.680000,15200,13.690000,2100,3.480000,0.460000
1477413626153,13.690000,13.680000,15200,13.690000,2100,3.480000,0.460000
1477413628663,13.680000,13.680000,6500,13.690000,4300,3.400000,0.450000
1477413630158,13.680000,13.680000,7400,13.690000,2400,3.400000,0.450000
1477413633193,13.685000,13.690000,500,13.700000,7300,3.440000,0.455000
1477413635655,13.685000,13.690000,400,13.700000,8600,3.440000,0.455000
1477413638602,13.680000,13.690000,1100,13.700000,6100,3.400000,0.450000
1477413643102,13.690000,13.680000,13300,13.690000,2300,3.480000,0.460000
1477413645105,13.680000,13.680000,9100,13.690000,3400,3.400000,0.450000
1477413647614,13.681100,13.680000,9100,13.690000,3400,3.410000,0.451100
1477413649155,13.681100,13.680000,9100,13.690000,3400,3.410000,0.451100
1477413652606,13.685000,13.680000,7200,13.690000,6700,3.440000,0.455000
1477413654609,13.690000,13.680000,15500,13.690000,2600,3.480000,0.460000
1477413657610,13.690000,13.680000,18000,13.690000,2400,3.480000,0.460000
1477413660610,13.690000,13.680000,17700,13.690000,2400,3.480000,0.460000
1477413662624,13.690000,13.680000,17000,13.690000,3200,3.480000,0.460000
1477413665107,13.680800,13.680000,13000,13.690000,3200,3.410000,0.450800
1477413667111,13.685000,13.680000,2600,13.690000,10600,3.440000,0.455000
1477413670629,13.675000,13.670000,2800,13.680000,8600,3.360000,0.445000
1477413673117,13.678900,13.670000,3300,13.680000,8600,3.390000,0.448900
1477413675623,13.670000,13.660000,15900,13.670000,2500,3.330000,0.440000
1477413677634,13.670000,13.660000,23400,13.670000,1000,3.330000,0.440000
1477413680122,13.680000,13.670000,4600,13.680000,7100,3.400000,0.450000
1477413681124,13.680000,13.670000,4600,13.680000,7100,3.400000,0.450000
1477413684626,13.680000,13.670000,13400,13.680000,3000,3.400000,0.450000
1477413687125,13.670100,13.670000,11300,13.680000,3800,3.330000,0.440100
1477413688124,13.680000,13.670000,15300,13.680000,2600,3.400000,0.450000
1477413692635,13.675000,13.670000,15200,13.680000,2800,3.360000,0.445000
1477413695120,13.671300,13.670000,15100,13.680000,3300,3.340000,0.441300
1477413697630,13.670000,13.670000,13500,13.680000,3400,3.330000,0.440000
1477413699633,13.670000,13.670000,12300,13.680000,4800,3.330000,0.440000
1477413702129,13.670000,13.670000,11900,13.680000,3700,3.330000,0.440000
1477413705640,13.675000,13.670000,12100,13.680000,3200,3.360000,0.445000
1477413708130,13.670900,13.670000,11100,13.680000,4000,3.330000,0.440900
1477413709633,13.670900,13.670000,11100,13.680000,5700,3.330000,0.440900
1477413712635,13.680000,13.670000,22000,13.680000,1700,3.400000,0.450000
1477413715147,13.671300,13.670000,22000,13.680000,1900,3.340000,0.441300
1477413717674,13.671300,13.670000,22000,13.680000,1900,3.340000,0.441300
1477413720641,13.678900,13.670000,17700,13.680000,1900,3.390000,0.448900
1477413723138,13.671000,13.670000,17300,13.680000,2600,3.330000,0.441000
1477413725634,13.675000,13.670000,17300,13.680000,2600,3.360000,0.445000
1477413727627,13.675000,13.670000,16200,13.680000,4700,3.360000,0.445000
1477413731145,13.675000,13.670000,16200,13.680000,4700,3.360000,0.445000
1477413734641,13.675000,13.670000,16200,13.680000,4700,3.360000,0.445000
1477413736698,13.680000,13.670000,16400,13.680000,4700,3.400000,0.450000
1477413740153,13.690000,13.680000,14000,13.690000,3800,3.480000,0.460000
1477413742643,13.685000,13.680000,14600,13.690000,3800,3.440000,0.455000
1477413745654,13.685000,13.680000,15300,13.690000,3100,3.440000,0.455000
1477413747165,13.693900,13.690000,1600,13.700000,5500,3.510000,0.463900
1477413750154,13.697000,13.690000,4800,13.700000,3900,3.530000,0.467000
1477413752685,13.697000,13.690000,9000,13.700000,3900,3.530000,0.467000
1477413755145,13.691100,13.690000,9000,13.700000,4000,3.490000,0.461100
1477413757649,13.693100,13.690000,9000,13.700000,4000,3.500000,0.463100
1477413760647,13.693100,13.690000,9000,13.700000,4000,3.500000,0.463100
1477413763678,13.693100,13.690000,9000,13.700000,4000,3.500000,0.463100
1477413766682,13.700000,13.690000,12900,13.700000,3900,3.550000,0.470000
1477413769663,13.693900,13.690000,12900,13.700000,4900,3.550000,0.463900
1477413772156,13.693900,13.690000,8800,13.700000,4900,3.550000,0.463900
1477413775156,13.693900,13.690000,8800,13.700000,4900,3.550000,0.463900
1477413777647,13.693900,13.690000,8900,13.700000,4900,3.550000,0.463900
1477413780164,13.693900,13.690000,8900,13.700000,4900,3.550000,0.463900
1477413783101,13.693900,13.690000,8900,13.700000,4900,3.550000,0.463900
1477413785102,13.693900,13.690000,13200,13.700000,4900,3.550000,0.463900
1477413787104,13.700000,13.700000,3900,13.710000,5200,3.550000,0.470000
1477413790604,13.700000,13.700000,5500,13.710000,2900,3.550000,0.470000
1477413793108,13.710000,13.700000,4400,13.710000,2900,3.630000,0.480000
1477413795110,13.710000,13.700000,4600,13.710000,2400,3.630000,0.480000
1477413799609,13.708900,13.700000,4800,13.710000,3200,3.620000,0.478900
1477413801608,13.708900,13.700000,4700,13.710000,2900,3.620000,0.478900
1477413804609,13.703900,13.700000,4600,13.710000,4100,3.580000,0.473900
1477413806613,13.703900,13.700000,11100,13.710000,4100,3.580000,0.473900
1477413808128,13.703900,13.700000,11100,13.710000,3500,3.580000,0.473900
1477413812111,13.701000,13.700000,12300,13.710000,1100,3.560000,0.471000
1477413814605,13.705000,13.700000,12300,13.710000,2600,3.590000,0.475000
1477413817115,13.705000,13.700000,12000,13.710000,3600,3.590000,0.475000
1477413819125,13.705000,13.700000,12000,13.710000,3300,3.590000,0.475000
1477413821617,13.700000,13.690000,9400,13.700000,2400,3.550000,0.470000
1477413824117,13.700000,13.700000,3100,13.710000,7600,3.550000,0.470000
1477413826626,13.700000,13.700000,900,13.710000,10800,3.550000,0.470000
1477413828617,13.700000,13.700000,1000,13.710000,8900,3.550000,0.470000
1477413833122,13.700000,13.690000,8400,13.700000,2600,3.550000,0.470000
1477413835624,13.699200,13.690000,2700,13.700000,7500,3.550000,0.469200
1477413837621,13.700000,13.700000,2200,13.710000,7100,3.550000,0.470000
1477413841125,13.699000,13.690000,4000,13.700000,4600,3.540000,0.469000
1477413844125,13.690000,13.690000,1800,13.700000,5800,3.480000,0.460000
1477413846125,13.690000,13.690000,3600,13.700000,5100,3.480000,0.460000
1477413848139,13.690000,13.680000,13200,13.690000,400,3.480000,0.460000
1477413851629,13.685000,13.680000,9700,13.690000,900,3.440000,0.455000
1477413853638,13.690000,13.680000,10200,13.690000,400,3.480000,0.460000
1477413856137,13.680000,13.680000,2000,13.690000,5100,3.400000,0.450000
1477413856675,13.680000,13.680000,2000,13.690000,5100,3.400000,0.450000
1477413861134,13.680000,13.680000,2200,13.690000,5100,3.400000,0.450000
1477413863624,13.689000,13.680000,2200,13.690000,5100,3.470000,0.459000
1477413866136,13.680000,13.680000,2200,13.690000,5100,3.400000,0.450000
1477413868625,13.680000,13.680000,1300,13.690000,5100,3.400000,0.450000
1477413870695,13.685000,13.680000,7500,13.690000,2600,3.440000,0.455000
1477413873634,13.685000,13.680000,6900,13.690000,2600,3.440000,0.455000
1477413875137,13.680000,13.670000,6800,13.680000,4800,3.400000,0.450000
1477413878134,13.674500,13.670000,10700,13.680000,2500,3.360000,0.444500
1477413883147,13.679900,13.670000,15400,13.680000,2500,3.400000,0.449900
1477413885679,13.679900,13.670000,14000,13.680000,2500,3.400000,0.449900
1477413888141,13.680000,13.670000,14500,13.680000,1700,3.400000,0.450000
1477413891141,13.676200,13.670000,14500,13.680000,1700,3.370000,0.446200
1477413893135,13.680000,13.680000,3000,13.690000,2600,3.400000,0.450000
1477413895641,13.690000,13.680000,1700,13.690000,8600,3.480000,0.460000
1477413897649,13.689000,13.680000,1700,13.690000,6700,3.470000,0.459000
1477413900642,13.689000,13.680000,1900,13.690000,5700,3.470000,0.459000
1477413903186,13.680000,13.680000,800,13.690000,7300,3.400000,0.450000
1477413905644,13.675000,13.670000,9400,13.680000,3300,3.360000,0.445000
1477413907646,13.680000,13.680000,3400,13.690000,4400,3.400000,0.450000
1477413910145,13.680000,13.680000,3300,13.690000,3800,3.400000,0.450000
1477413912651,13.680000,13.680000,15000,13.690000,1200,3.400000,0.450000
1477413915650,13.683500,13.680000,20900,13.690000,700,3.430000,0.453500
1477413918149,13.683500,13.680000,18400,13.690000,900,3.430000,0.453500
1477413920652,13.690000,13.680000,14700,13.690000,2600,3.480000,0.460000
1477413923645,13.690000,13.680000,14400,13.690000,1600,3.480000,0.460000
1477413926190,13.690000,13.680000,14300,13.690000,2600,3.480000,0.460000
1477413928654,13.690000,13.680000,14400,13.690000,1800,3.480000,0.460000
1477413931163,13.690000,13.680000,14400,13.690000,1600,3.480000,0.460000
1477413933598,13.690000,13.680000,18900,13.690000,1500,3.480000,0.460000
1477413935601,13.690000,13.680000,18700,13.690000,1500,3.480000,0.460000
1477413938101,13.690000,13.680000,18600,13.690000,2400,3.480000,0.460000
1477413941104,13.690000,13.680000,18700,13.690000,1500,3.480000,0.460000
1477413943613,13.680000,13.680000,1400,13.690000,3300,3.400000,0.450000
1477413946106,13.690000,13.680000,3600,13.690000,1700,3.480000,0.460000
1477413948605,13.680000,13.680000,3200,13.690000,2100,3.400000,0.450000
1477413951105,13.690000,13.680000,1400,13.690000,4500,3.480000,0.460000
1477413953107,13.690000,13.680000,1300,13.690000,5600,3.480000,0.460000
1477413960611,13.680000,13.670000,18200,13.680000,400,3.400000,0.450000
1477413963109,13.680000,13.680000,3100,13.690000,2800,3.400000,0.450000
1477413966612,13.670000,13.670000,3000,13.680000,5200,3.330000,0.440000
1477413969614,13.680000,13.670000,15200,13.680000,900,3.400000,0.450000
1477413971629,13.680000,13.670000,8700,13.680000,3800,3.400000,0.450000
1477413975616,13.680000,13.670000,11900,13.680000,1700,3.400000,0.450000
1477413978625,13.675000,13.670000,1100,13.680000,4800,3.360000,0.445000
1477413981124,13.670000,13.660000,9800,13.670000,5100,3.330000,0.440000
1477413984637,13.669900,13.660000,19500,13.670000,3100,3.330000,0.439900
1477413987608,13.670000,13.670000,19400,13.680000,2500,3.330000,0.440000
1477413990128,13.672600,13.670000,7200,13.680000,2500,3.350000,0.442600
1477413993120,13.672600,13.670000,1200,13.680000,4500,3.350000,0.442600
1477413995621,13.672600,13.670000,1200,13.680000,4300,3.350000,0.442600
1477413998647,13.672600,13.670000,1200,13.680000,5300,3.350000,0.442600
1477414001132,13.672600,13.670000,900,13.680000,8700,3.350000,0.442600
1477414003127,13.672600,13.670000,900,13.680000,8700,3.350000,0.442600
1477414005635,13.660000,13.660000,1400,13.670000,8800,3.250000,0.430000
1477414008127,13.644400,13.640000,3900,13.650000,4100,3.130000,0.414400
1477414010637,13.630000,13.630000,1300,13.640000,4500,3.020000,0.400000
1477414012125,13.634300,13.630000,1300,13.640000,4500,3.060000,0.404300
1477414015128,13.635000,13.630000,6100,13.640000,1000,3.060000,0.405000
1477414017631,13.635000,13.620000,10300,13.630000,6100,3.060000,0.405000
1477414019136,13.620000,13.620000,7500,13.630000,7200,2.950000,0.390000
1477414022635,13.600000,13.600000,1700,13.610000,3200,2.800000,0.370000
1477414025137,13.620000,13.610000,8500,13.620000,500,2.950000,0.390000
1477414027140,13.614600,13.610000,1900,13.620000,2800,2.910000,0.384600
1477414029638,13.610000,13.610000,2000,13.620000,4600,2.870000,0.380000
1477414032144,13.612500,13.610000,1800,13.620000,4600,2.890000,0.382500
1477414035138,13.590000,13.590000,1300,13.600000,9000,2.720000,0.360000
1477414037132,13.601700,13.600000,1100,13.610000,6700,2.810000,0.371700
1477414040140,13.600000,13.590000,7100,13.600000,1000,2.800000,0.370000
1477414043137,13.597500,13.590000,7600,13.600000,500,2.780000,0.367500
1477414045151,13.590700,13.590000,7400,13.600000,500,2.730000,0.360700
1477414048149,13.595000,13.590000,6400,13.600000,1000,2.760000,0.365000
1477414050678,13.591100,13.590000,4200,13.600000,2500,2.730000,0.361100
1477414053146,13.590000,13.590000,4000,13.600000,4500,2.720000,0.360000
1477414056677,13.554000,13.550000,1700,13.560000,8300,2.450000,0.324000
1477414059145,13.540000,13.530000,2000,13.540000,2500,2.340000,0.310000
1477414062147,13.540000,13.530000,7800,13.540000,300,2.340000,0.310000
1477414064148,13.540700,13.540000,3000,13.550000,3300,2.350000,0.310700
1477414067156,13.547800,13.540000,1900,13.550000,4300,2.400000,0.317800
1477414069716,13.547800,13.540000,1900,13.550000,4300,2.400000,0.317800
1477414072156,13.547800,13.540000,900,13.550000,6500,2.400000,0.317800
1477414074138,13.547800,13.540000,1500,13.550000,3900,2.400000,0.317800
1477414076196,13.541000,13.540000,1500,13.550000,4000,2.350000,0.311000
1477414078643,13.549900,13.540000,1500,13.550000,5000,2.420000,0.319900
1477414081160,13.550000,13.540000,7300,13.550000,500,2.420000,0.320000
1477414083654,13.550000,13.550000,2000,13.560000,6400,2.420000,0.320000
1477414085664,13.544500,13.540000,3200,13.550000,6800,2.380000,0.314500
1477414088256,13.544500,13.540000,3200,13.550000,5100,2.380000,0.314500
1477414092101,13.540000,13.540000,7100,13.550000,3900,2.340000,0.310000
1477414094635,13.543800,13.540000,8700,13.550000,1600,2.370000,0.313800
1477414097103,13.559900,13.550000,1000,13.560000,14400,2.490000,0.329900
1477414099104,13.559900,13.550000,1200,13.560000,9100,2.490000,0.329900
1477414102106,13.550000,13.540000,3700,13.550000,5400,2.420000,0.320000
1477414104108,13.550000,13.540000,8600,13.550000,1600,2.420000,0.320000
1477414105108,13.550000,13.540000,8600,13.550000,1600,2.420000,0.320000
1477414109111,13.550000,13.550000,2800,13.560000,9800,2.420000,0.320000
1477414111123,13.550000,13.550000,3200,13.560000,10600,2.420000,0.320000
1477414113638,13.550000,13.550000,2000,13.560000,11300,2.420000,0.320000
1477414116119,13.550000,13.550000,3300,13.560000,7800,2.420000,0.320000
1477414118612,13.559900,13.550000,3300,13.560000,7800,2.490000,0.329900
1477414122620,13.550000,13.550000,400,13.560000,15600,2.420000,0.320000
1477414125116,13.540000,13.540000,3700,13.550000,7400,2.340000,0.310000
1477414126116,13.540000,13.540000,3100,13.550000,7500,2.340000,0.310000
1477414129618,13.540000,13.540000,5800,13.550000,4500,2.340000,0.310000
1477414132119,13.547200,13.540000,6200,13.550000,3300,2.400000,0.317200
1477414135117,13.547200,13.540000,9300,13.550000,2100,2.400000,0.317200
1477414137124,13.547200,13.540000,7400,13.550000,4100,2.400000,0.317200
1477414138624,13.540000,13.540000,7400,13.550000,4100,2.340000,0.310000
1477414141649,13.542500,13.540000,4700,13.550000,4600,2.360000,0.312500
1477414144624,13.540000,13.540000,1200,13.550000,8500,2.340000,0.310000
1477414144624,13.540000,13.540000,1200,13.550000,8500,2.340000,0.310000
1477414149118,13.548900,13.540000,4000,13.550000,5800,2.410000,0.318900
1477414151621,13.550000,13.550000,2300,13.560000,8500,2.420000,0.320000
1477414154631,13.550000,13.540000,4700,13.550000,3500,2.420000,0.320000
1477414157132,13.550000,13.540000,2000,13.550000,7600,2.420000,0.320000
1477414159125,13.547000,13.540000,4300,13.550000,3900,2.400000,0.317000
1477414161626,13.550000,13.540000,5300,13.550000,3300,2.420000,0.320000
1477414164124,13.547700,13.540000,7300,13.550000,3300,2.400000,0.317700
1477414166628,13.543700,13.540000,7300,13.550000,2600,2.370000,0.313700
1477414169125,13.540700,13.540000,7500,13.550000,1700,2.350000,0.310700
1477414171138,13.540700,13.540000,8000,13.550000,2900,2.350000,0.310700
1477414173638,13.540700,13.540000,7200,13.550000,3200,2.350000,0.310700
1477414176149,13.540700,13.540000,10300,13.550000,1400,2.350000,0.310700
1477414177132,13.540700,13.540000,9400,13.550000,1400,2.350000,0.310700
1477414181138,13.540000,13.540000,2500,13.550000,7700,2.340000,0.310000
1477414183644,13.540000,13.540000,2600,13.550000,5700,2.340000,0.310000
1477414188684,13.540000,13.540000,7200,13.550000,3200,2.340000,0.310000
1477414191133,13.540000,13.540000,3400,13.550000,3800,2.340000,0.310000
1477414193637,13.540000,13.540000,1900,13.550000,6900,2.340000,0.310000
1477414196137,13.540000,13.540000,1600,13.550000,8400,2.340000,0.310000
1477414198625,13.540000,13.540000,1600,13.550000,8700,2.340000,0.310000
1477414201141,13.549900,13.540000,1500,13.550000,6400,2.420000,0.319900
1477414203141,13.549900,13.540000,1600,13.550000,9300,2.420000,0.319900
1477414205646,13.550000,13.540000,1600,13.550000,9300,2.420000,0.320000
1477414208146,13.550000,13.540000,1600,13.550000,9300,2.420000,0.320000
1477414210182,13.545200,13.540000,1800,13.550000,9300,2.380000,0.315200
1477414213157,13.545000,13.540000,1800,13.550000,9300,2.380000,0.315000
1477414215646,13.550000,13.540000,4800,13.550000,3200,2.420000,0.320000
1477414218148,13.546700,13.540000,2700,13.550000,6800,2.390000,0.316700
1477414220649,13.545600,13.540000,2800,13.550000,6200,2.390000,0.315600
1477414223146,13.545600,13.540000,2800,13.550000,6200,2.390000,0.315600
1477414225660,13.545600,13.540000,4200,13.550000,6900,2.390000,0.315600
1477414227664,13.548900,13.540000,2700,13.550000,6100,2.410000,0.318900
1477414228158,13.548900,13.540000,2900,13.550000,5800,2.410000,0.318900
1477414232153,13.540000,13.540000,2700,13.550000,5000,2.340000,0.310000
1477414234154,13.540000,13.540000,2900,13.550000,4800,2.340000,0.310000
1477414237156,13.541000,13.540000,4700,13.550000,4200,2.350000,0.311000
1477414239156,13.541000,13.540000,4800,13.550000,4200,2.350000,0.311000
1477414241691,13.541000,13.540000,12100,13.550000,4200,2.350000,0.311000
1477414244100,13.541000,13.540000,12700,13.550000,5400,2.350000,0.311000
1477414245129,13.541000,13.540000,12700,13.550000,5400,2.350000,0.311000
1477414249103,13.541000,13.540000,11800,13.550000,5700,2.350000,0.311000
1477414252106,13.540600,13.540000,13200,13.550000,2000,2.350000,0.310600
1477414254605,13.549200,13.540000,12800,13.550000,4100,2.410000,0.319200
1477414256107,13.550000,13.540000,12800,13.550000,4100,2.420000,0.320000
1477414259122,13.545000,13.540000,4700,13.550000,4200,2.380000,0.315000
1477414261609,13.540000,13.540000,4000,13.550000,4600,2.340000,0.310000
1477414264110,13.543000,13.540000,5900,13.550000,3300,2.370000,0.313000
1477414266111,13.543000,13.540000,5900,13.550000,3300,2.370000,0.313000
1477414269113,13.547400,13.540000,5800,13.550000,3300,2.400000,0.317400
1477414271630,13.547400,13.540000,5800,13.550000,3300,2.400000,0.317400
1477414274115,13.547400,13.540000,5900,13.550000,3300,2.400000,0.317400
1477414276615,13.540100,13.540000,8400,13.550000,3000,2.340000,0.310100
1477414278618,13.540100,13.540000,8800,13.550000,1200,2.340000,0.310100
1477414281622,13.590000,13.580000,4200,13.590000,2600,2.720000,0.360000
1477414284123,13.595000,13.590000,1700,13.600000,7600,2.760000,0.365000
1477414286642,13.590000,13.590000,1800,13.600000,8500,2.720000,0.360000
1477414288621,13.590000,13.590000,1900,13.600000,8500,2.720000,0.360000
1477414291123,13.590000,13.590000,1800,13.600000,9200,2.720000,0.360000
1477414294134,13.591000,13.590000,1800,13.600000,8500,2.730000,0.361000
1477414297128,13.580000,13.580000,2000,13.590000,8100,2.650000,0.350000
1477414298624,13.580000,13.580000,1600,13.590000,8100,2.650000,0.350000
1477414302622,13.590000,13.580000,5100,13.590000,8100,2.720000,0.360000
1477414305130,13.584400,13.580000,5100,13.590000,6200,2.680000,0.354400
1477414307124,13.584400,13.580000,6000,13.590000,6200,2.680000,0.354400
1477414310125,13.592000,13.590000,2200,13.600000,6800,2.740000,0.362000
1477414313648,13.590000,13.590000,900,13.600000,8500,2.720000,0.360000
1477414316642,13.590000,13.590000,1000,13.600000,8500,2.720000,0.360000
1477414318630,13.590000,13.580000,6200,13.590000,7200,2.720000,0.360000
1477414322626,13.584200,13.580000,7800,13.590000,2300,2.680000,0.354200
1477414325133,13.584200,13.580000,7300,13.590000,5900,2.680000,0.354200
1477414327150,13.580000,13.580000,4300,13.590000,11200,2.650000,0.350000
1477414329649,13.580000,13.580000,4300,13.590000,11200,2.650000,0.350000
1477414332133,13.560000,13.560000,2900,13.570000,5800,2.490000,0.330000
1477414334172,13.560000,13.560000,2900,13.570000,5300,2.490000,0.330000
1477414336637,13.555000,13.550000,1700,13.560000,3300,2.460000,0.325000
1477414340143,13.560000,13.550000,3300,13.560000,1200,2.490000,0.330000
1477414342643,13.555300,13.550000,3600,13.560000,1500,2.460000,0.325300
1477414345636,13.550000,13.550000,3500,13.560000,2700,2.420000,0.320000
1477414348137,13.550000,13.550000,3100,13.560000,2800,2.420000,0.320000
1477414350145,13.550000,13.550000,3200,13.560000,1300,2.420000,0.320000
1477414353151,13.555400,13.550000,2900,13.560000,2500,2.460000,0.325400
1477414356146,13.551000,13.550000,2900,13.560000,2500,2.430000,0.321000
1477414358643,13.555400,13.550000,2900,13.560000,2500,2.460000,0.325400
1477414361184,13.555000,13.550000,2900,13.560000,2500,2.460000,0.325000
1477414363156,13.555000,13.550000,3300,13.560000,1900,2.460000,0.325000
1477414365654,13.559000,13.550000,3100,13.560000,3400,2.490000,0.329000
1477414368152,13.559000,13.550000,3100,13.560000,3400,2.490000,0.329000
1477414370646,13.559000,13.550000,3100,13.560000,3400,2.490000,0.329000
1477414371651,13.559000,13.550000,1100,13.560000,4500,2.490000,0.329000
1477414375179,13.559000,13.550000,1800,13.560000,4500,2.490000,0.329000
1477414378145,13.540000,13.540000,4500,13.550000,3900,2.340000,0.310000
1477414380650,13.540000,13.540000,5500,13.550000,2600,2.340000,0.310000
1477414383154,13.540000,13.540000,3600,13.550000,5300,2.340000,0.310000
1477414385656,13.540000,13.540000,3500,13.550000,4500,2.340000,0.310000
1477414388180,13.540000,13.540000,4200,13.550000,4500,2.340000,0.310000
1477414390153,13.540000,13.540000,800,13.550000,12400,2.340000,0.310000
1477414392158,13.540000,13.540000,800,13.550000,11000,2.340000,0.310000
1477414395671,13.540000,13.540000,800,13.550000,10800,2.340000,0.310000
1477414398213,13.540000,13.540000,1000,13.550000,10800,2.340000,0.310000
1477414400602,13.540000,13.540000,800,13.550000,10900,2.340000,0.310000
1477414403117,13.540000,13.530000,3400,13.540000,7300,2.340000,0.310000
1477414405605,13.540000,13.530000,4200,13.540000,4000,2.340000,0.310000
1477414407105,13.540000,13.530000,2300,13.540000,9600,2.340000,0.310000
1477414410615,13.528600,13.520000,6300,13.530000,2000,2.260000,0.298600
1477414413605,13.525000,13.520000,7200,13.530000,1100,2.230000,0.295000
1477414415621,13.525000,13.520000,9500,13.530000,1100,2.230000,0.295000
1477414418165,13.525000,13.520000,9500,13.530000,1100,2.230000,0.295000
1477414420612,13.529900,13.520000,9400,13.530000,1100,2.270000,0.299900
1477414421608,13.529900,13.520000,9400,13.530000,1100,2.270000,0.299900
1477414424610,13.525000,13.520000,12000,13.530000,700,2.230000,0.295000
1477414428604,13.530000,13.520000,8300,13.530000,1300,2.270000,0.300000
1477414430119,13.530000,13.520000,8300,13.530000,1000,2.270000,0.300000
1477414434113,13.530000,13.520000,10800,13.530000,900,2.270000,0.300000
1477414436126,13.530000,13.520000,10800,13.530000,800,2.270000,0.300000
1477414438620,13.529900,13.520000,10800,13.530000,800,2.270000,0.299900
1477414441149,13.540000,13.530000,5500,13.540000,1000,2.340000,0.310000
1477414445622,13.536200,13.530000,4400,13.540000,4900,2.310000,0.306200
1477414448121,13.536200,13.530000,4400,13.540000,4900,2.310000,0.306200
1477414451161,13.537000,13.530000,5100,13.540000,1400,2.320000,0.307000
1477414453620,13.537000,13.530000,5100,13.540000,2300,2.320000,0.307000
1477414456125,13.539900,13.530000,6400,13.540000,400,2.340000,0.309900
1477414458626,13.539900,13.530000,5200,13.540000,2100,2.340000,0.309900
1477414460645,13.539900,13.530000,5300,13.540000,1700,2.340000,0.309900
1477414463626,13.539900,13.530000,5300,13.540000,1700,2.340000,0.309900
1477414466128,13.539900,13.530000,5500,13.540000,900,2.340000,0.309900
1477414468630,13.539900,13.530000,5500,13.540000,900,2.340000,0.309900
1477414471160,13.539900,13.530000,8000,13.540000,200,2.340000,0.309900
1477414473149,13.550000,13.550000,3100,13.560000,4100,2.420000,0.320000
1477414475660,13.550000,13.540000,5600,13.550000,1600,2.420000,0.320000
1477414478130,13.550000,13.550000,4700,13.560000,1500,2.420000,0.320000
1477414483136,13.550000,13.550000,3500,13.560000,3800,2.420000,0.320000
1477414484640,13.550000,13.550000,2100,13.560000,3900,2.420000,0.320000
1477414489176,13.555900,13.550000,2100,13.560000,3900,2.460000,0.325900
1477414491632,13.557500,13.550000,3300,13.560000,3800,2.480000,0.327500
1477414494142,13.557500,13.550000,3100,13.560000,3800,2.480000,0.327500
1477414496632,13.550000,13.540000,1000,13.550000,8400,2.420000,0.320000
1477414499145,13.550000,13.540000,200,13.550000,8700,2.420000,0.320000
1477414501194,13.540000,13.530000,3300,13.540000,3100,2.340000,0.310000
1477414504165,13.540000,13.530000,6300,13.540000,2100,2.340000,0.310000
1477414508144,13.540000,13.540000,2600,13.550000,2800,2.340000,0.310000
1477414510140,13.540000,13.540000,500,13.550000,8700,2.340000,0.310000
1477414512642,13.541000,13.540000,1300,13.550000,7500,2.350000,0.311000
1477414516630,13.541000,13.540000,800,13.550000,7600,2.350000,0.311000
1477414519162,13.540100,13.540000,1700,13.550000,7200,2.340000,0.310100
1477414521138,13.540100,13.540000,2000,13.550000,2200,2.340000,0.310100
1477414524138,13.540100,13.540000,2400,13.550000,2500,2.340000,0.310100
1477414553652,13.545000,13.540000,3900,13.550000,2600,2.380000,0.315000
1477414557650,13.540000,13.530000,10500,13.540000,1200,2.340000,0.310000
1477414559600,13.535000,13.530000,10800,13.540000,1200,2.310000,0.305000
1477414561144,13.535000,13.530000,10700,13.540000,1200,2.310000,0.305000
1477414564602,13.535000,13.530000,5400,13.540000,2600,2.310000,0.305000
1477414566102,13.535000,13.530000,4000,13.540000,4100,2.310000,0.305000
1477414573103,13.535000,13.530000,5300,13.540000,4400,2.310000,0.305000
1477414576609,13.535000,13.530000,5500,13.540000,3800,2.310000,0.305000
1477414584648,13.520000,13.520000,3300,13.530000,4200,2.190000,0.290000
1477414604613,13.530000,13.530000,2100,13.540000,6000,2.270000,0.300000
1477414672129,13.470000,13.470000,5300,13.480000,3100,1.810000,0.240000
1477414684136,13.475400,13.470000,9500,13.480000,3100,1.850000,0.245400
1477414713150,13.500000,13.500000,7800,13.510000,1300,2.040000,0.270000
1477414719163,13.520000,13.520000,1200,13.530000,6200,2.190000,0.290000
1477414735145,13.520000,13.510000,6200,13.520000,1400,2.190000,0.290000
1477414738105,13.520000,13.510000,5600,13.520000,1800,2.190000,0.290000
1477414741601,13.520000,13.510000,4700,13.520000,2800,2.190000,0.290000
1477414744602,13.515700,13.510000,6100,13.520000,1400,2.160000,0.285700
1477414747609,13.515700,13.510000,2700,13.520000,4600,2.160000,0.285700
1477414750112,13.515700,13.510000,3100,13.520000,4600,2.160000,0.285700
1477414752107,13.510000,13.510000,400,13.520000,9700,2.120000,0.280000
1477414755106,13.505000,13.500000,11700,13.510000,2800,2.080000,0.275000
1477414758116,13.505000,13.500000,11700,13.510000,2200,2.080000,0.275000
1477414759113,13.505000,13.500000,11700,13.510000,2200,2.080000,0.275000
1477414763186,13.509900,13.500000,11700,13.510000,1100,2.120000,0.279900
1477414765612,13.510000,13.500000,12300,13.510000,900,2.120000,0.280000
1477414767612,13.510000,13.510000,2100,13.520000,3600,2.120000,0.280000
1477414770615,13.510000,13.500000,10700,13.510000,5400,2.120000,0.280000
1477414773110,13.510000,13.500000,10700,13.510000,6300,2.120000,0.280000
1477414775621,13.500000,13.500000,10700,13.510000,6300,2.040000,0.270000
1477414777617,13.490000,13.480000,7900,13.490000,1300,1.970000,0.260000
1477414780616,13.490000,13.480000,6000,13.490000,1300,1.970000,0.260000
1477414784113,13.490000,13.490000,800,13.500000,8600,1.970000,0.260000
1477414786129,13.490000,13.490000,1000,13.500000,5500,1.970000,0.260000
1477414788621,13.490000,13.490000,1000,13.500000,5100,1.970000,0.260000
1477414791133,13.490000,13.490000,1000,13.500000,5100,1.970000,0.260000
1477414794160,13.490000,13.490000,800,13.500000,17800,1.970000,0.260000
1477414796623,13.490000,13.480000,3900,13.490000,5500,1.970000,0.260000
1477414798123,13.490000,13.480000,3800,13.490000,5500,1.970000,0.260000
1477414801624,13.500000,13.500000,4000,13.510000,4400,2.040000,0.270000
1477414804160,13.500000,13.500000,5400,13.510000,2000,2.040000,0.270000
1477414806133,13.500000,13.500000,6400,13.510000,4200,2.040000,0.270000
1477414809137,13.500000,13.500000,5100,13.510000,4200,2.040000,0.270000
1477414811625,13.500000,13.500000,5600,13.510000,4200,2.040000,0.270000
1477414814126,13.510000,13.500000,6400,13.510000,3300,2.120000,0.280000
1477414816129,13.500000,13.490000,3800,13.500000,2700,2.040000,0.270000
1477414818629,13.500000,13.490000,4800,13.500000,1400,2.040000,0.270000
1477414821131,13.505000,13.500000,6200,13.510000,1700,2.080000,0.275000
1477414823148,13.505000,13.500000,8000,13.510000,900,2.080000,0.275000
1477414826133,13.505000,13.500000,8600,13.510000,1300,2.080000,0.275000
1477414828632,13.505000,13.500000,8600,13.510000,1300,2.080000,0.275000
1477414831134,13.505000,13.500000,7200,13.510000,1500,2.080000,0.275000
1477414833133,13.505000,13.500000,10400,13.510000,1200,2.080000,0.275000
1477414835628,13.519900,13.510000,1900,13.520000,7600,2.190000,0.289900
1477414838133,13.519900,13.510000,3100,13.520000,8400,2.190000,0.289900
1477414840146,13.518900,13.510000,4400,13.520000,2700,2.180000,0.288900
1477414843138,13.520000,13.510000,2800,13.520000,3300,2.190000,0.290000
1477414845641,13.519200,13.510000,1700,13.520000,5900,2.190000,0.289200
1477414848143,13.519200,13.510000,2200,13.520000,6000,2.190000,0.289200
1477414850640,13.517000,13.510000,2200,13.520000,6100,2.170000,0.287000
1477414852653,13.517500,13.510000,3800,13.520000,7500,2.170000,0.287500
1477414855137,13.510000,13.510000,3800,13.520000,7600,2.120000,0.280000
1477414857145,13.510000,13.500000,5400,13.510000,2800,2.120000,0.280000
1477414859631,13.511300,13.510000,2600,13.520000,8700,2.130000,0.281300
1477414862640,13.513500,13.510000,2600,13.520000,6600,2.140000,0.283500
1477414865146,13.520000,13.520000,3300,13.530000,4700,2.190000,0.290000
1477414867651,13.526400,13.520000,2600,13.530000,5500,2.240000,0.296400
1477414870151,13.530000,13.530000,1100,13.540000,8900,2.270000,0.300000
1477414872657,13.530000,13.530000,1100,13.540000,8900,2.270000,0.300000
1477414874692,13.530000,13.530000,500,13.540000,13900,2.270000,0.300000
1477414877651,13.520000,13.520000,4700,13.530000,3300,2.190000,0.290000
1477414879656,13.520000,13.520000,3400,13.530000,3400,2.190000,0.290000
1477414882674,13.530000,13.520000,9400,13.530000,800,2.270000,0.300000
1477414885163,13.526100,13.520000,2700,13.530000,9400,2.240000,0.296100
1477414888148,13.530000,13.530000,2000,13.540000,10400,2.270000,0.300000
1477414890652,13.530000,13.530000,2000,13.540000,10400,2.270000,0.300000
1477414893142,13.530000,13.530000,1700,13.540000,10800,2.270000,0.300000
1477414895098,13.530000,13.530000,700,13.540000,11800,2.270000,0.300000
1477414897600,13.530000,13.520000,6400,13.530000,2800,2.270000,0.300000
1477414901101,13.525600,13.520000,6600,13.530000,1200,2.230000,0.295600
1477414904603,13.525600,13.520000,6800,13.530000,1200,2.230000,0.295600
1477414907103,13.520000,13.520000,3000,13.530000,6300,2.190000,0.290000
1477414909634,13.520000,13.520000,11200,13.530000,2500,2.190000,0.290000
1477414912105,13.520000,13.520000,11300,13.530000,2100,2.190000,0.290000
1477414914109,13.520000,13.520000,11300,13.530000,2000,2.190000,0.290000
1477414916607,13.520000,13.520000,11500,13.530000,1200,2.190000,0.290000
1477414918610,13.520000,13.520000,11500,13.530000,1200,2.190000,0.290000
1477414921115,13.522500,13.520000,11400,13.530000,2500,2.210000,0.292500
1477414922611,13.522500,13.520000,11300,13.530000,1200,2.210000,0.292500
1477414927611,13.526400,13.520000,11300,13.530000,2500,2.240000,0.296400
1477414930118,13.526200,13.520000,11300,13.530000,1200,2.240000,0.296200
1477414932618,13.540000,13.540000,1400,13.550000,14200,2.340000,0.310000
1477414935116,13.540000,13.540000,1100,13.550000,13600,2.340000,0.310000
1477414937617,13.540000,13.540000,1100,13.550000,13500,2.340000,0.310000
1477414940615,13.540000,13.540000,1100,13.550000,13600,2.340000,0.310000
1477414942119,13.540000,13.530000,2800,13.540000,4500,2.340000,0.310000
1477414945122,13.540000,13.530000,3000,13.540000,4500,2.340000,0.310000
1477414947626,13.540000,13.530000,5900,13.540000,3700,2.340000,0.310000
1477414950118,13.540000,13.540000,1300,13.550000,11400,2.340000,0.310000
1477414952673,13.547200,13.540000,1300,13.550000,11400,2.400000,0.317200
1477414955619,13.543500,13.540000,900,13.550000,13900,2.370000,0.313500
1477414959120,13.548900,13.540000,1200,13.550000,12700,2.410000,0.318900
1477414961622,13.550000,13.540000,1200,13.550000,13700,2.420000,0.320000
1477414964144,13.540100,13.540000,1000,13.550000,13800,2.340000,0.310100
1477414966160,13.540100,13.540000,1100,13.550000,13100,2.340000,0.310100
1477414969128,13.540100,13.540000,1100,13.550000,13800,2.340000,0.310100
1477414971632,13.541500,13.540000,400,13.550000,15400,2.350000,0.311500
1477414974131,13.541500,13.540000,400,13.550000,14500,2.350000,0.311500
1477414976632,13.550000,13.540000,7600,13.550000,800,2.420000,0.320000
1477414978633,13.550000,13.540000,4200,13.550000,2600,2.420000,0.320000
1477414981628,13.550000,13.540000,6200,13.550000,2600,2.420000,0.320000
1477414984136,13.549900,13.540000,4400,13.550000,7600,2.420000,0.319900
1477414986630,13.549900,13.540000,4400,13.550000,7600,2.420000,0.319900
1477414988629,13.549900,13.540000,2400,13.550000,7800,2.420000,0.319900
1477414991141,13.549900,13.540000,2400,13.550000,7800,2.420000,0.319900
1477414994145,13.549900,13.540000,2400,13.550000,7800,2.420000,0.319900
1477414996646,13.549900,13.540000,2400,13.550000,7800,2.420000,0.319900
1477414999143,13.540000,13.540000,2400,13.550000,7600,2.340000,0.310000
1477415001134,13.540000,13.540000,2400,13.550000,7600,2.340000,0.310000
1477415003137,13.540000,13.540000,2400,13.550000,7600,2.340000,0.310000
1477415006179,13.549000,13.540000,6000,13.550000,2900,2.410000,0.319000
1477415008640,13.546500,13.540000,2600,13.550000,8400,2.390000,0.316500
1477415010643,13.546500,13.540000,2100,13.550000,9700,2.390000,0.316500
1477415013645,13.546500,13.540000,2100,13.550000,10100,2.390000,0.316500
1477415016648,13.542000,13.540000,2100,13.550000,13400,2.360000,0.312000
1477415019145,13.542000,13.540000,1900,13.550000,13600,2.360000,0.312000
1477415021146,13.540000,13.540000,2600,13.550000,13500,2.340000,0.310000
1477415024674,13.545000,13.540000,2600,13.550000,13500,2.380000,0.315000
1477415027148,13.547900,13.540000,2600,13.550000,13500,2.400000,0.317900
1477415029646,13.547900,13.540000,2600,13.550000,13500,2.400000,0.317900
1477415032146,13.544100,13.540000,2600,13.550000,13500,2.370000,0.314100
1477415034129,13.540000,13.540000,8000,13.550000,5500,2.340000,0.310000
1477415036643,13.580000,13.580000,4300,13.590000,6300,2.650000,0.350000
1477415039158,13.590000,13.580000,8100,13.590000,1000,2.720000,0.360000
1477415041649,13.599900,13.590000,4800,13.600000,5500,2.800000,0.369900
1477415044153,13.580000,13.580000,500,13.580000,2700,2.650000,0.350000
1477415046139,13.580000,13.570000,1500,13.580000,5100,2.650000,0.350000
1477415049156,13.560000,13.550000,900,13.560000,8900,2.490000,0.330000
1477415051647,13.560000,13.550000,1000,13.560000,8100,2.490000,0.330000
1477415054655,13.560000,13.550000,1300,13.560000,9600,2.490000,0.330000
1477415056098,13.558900,13.550000,800,13.560000,13300,2.490000,0.328900
1477415059599,13.560000,13.550000,700,13.560000,10900,2.490000,0.330000
1477415062098,13.558300,13.550000,700,13.560000,10100,2.480000,0.328300
1477415064602,13.558300,13.550000,1300,13.560000,10300,2.480000,0.328300
1477415068103,13.558300,13.550000,1100,13.560000,12900,2.480000,0.328300
1477415070603,13.555000,13.550000,1000,13.560000,11900,2.460000,0.325000
1477415073106,13.550000,13.550000,800,13.560000,12500,2.420000,0.320000
1477415075605,13.530100,13.530000,4100,13.540000,4000,2.270000,0.300100
1477415077108,13.530100,13.530000,10600,13.540000,800,2.270000,0.300100
1477415082125,13.530000,13.530000,1600,13.540000,8100,2.270000,0.300000
1477415085103,13.535000,13.530000,1700,13.540000,8100,2.310000,0.305000
1477415087108,13.535000,13.530000,1700,13.540000,8100,2.310000,0.305000
1477415090117,13.530000,13.520000,10800,13.530000,600,2.270000,0.300000
1477415092110,13.530000,13.530000,3400,13.540000,4300,2.270000,0.300000
1477415095112,13.535700,13.530000,3000,13.540000,4100,2.310000,0.305700
1477415097650,13.530100,13.530000,3900,13.540000,3000,2.270000,0.300100
1477415100115,13.530100,13.530000,3900,13.540000,3000,2.270000,0.300100
1477415102118,13.530100,13.530000,3900,13.540000,3000,2.270000,0.300100
1477415104646,13.530100,13.530000,2400,13.540000,6500,2.270000,0.300100
1477415106613,13.530100,13.530000,1600,13.540000,6600,2.270000,0.300100
1477415110624,13.539000,13.530000,1600,13.540000,7000,2.340000,0.309000
1477415113140,13.539000,13.530000,1600,13.540000,6900,2.340000,0.309000
1477415116619,13.535900,13.530000,3000,13.540000,6000,2.310000,0.305900
1477415119117,13.540000,13.530000,9200,13.540000,5000,2.340000,0.310000
1477415121617,13.540000,13.530000,8500,13.540000,3700,2.340000,0.310000
1477415124122,13.540000,13.530000,6200,13.540000,3700,2.340000,0.310000
1477415127128,13.537800,13.530000,9400,13.540000,2400,2.330000,0.307800
1477415493632,13.540000,13.540000,1100,13.550000,9700,2.340000,0.310000
1477415495142,13.530000,13.530000,3400,13.540000,12500,2.270000,0.300000
1477415497663,13.540000,13.530000,8900,13.540000,2400,2.340000,0.310000
1477415503135,13.539900,13.530000,6900,13.540000,3700,2.340000,0.309900
1477415505150,13.539900,13.530000,6900,13.540000,3700,2.340000,0.309900
1477415877153,13.449900,13.440000,8300,13.450000,1900,1.660000,0.219900
1477415879152,13.449900,13.440000,8300,13.450000,1900,1.660000,0.219900
1477415882161,13.450000,13.440000,10800,13.450000,1900,1.660000,0.220000
1477416226146,13.386100,13.380000,2000,13.390000,6800,1.180000,0.156100
1477416230144,13.386100,13.380000,2600,13.390000,6700,1.180000,0.156100
1477416232157,13.386100,13.380000,3100,13.390000,5500,1.180000,0.156100
1477416235158,13.386100,13.380000,1700,13.390000,5400,1.180000,0.156100
1477416237668,13.384700,13.380000,2200,13.390000,5400,1.170000,0.154700
1477416243129,13.395000,13.380000,1300,13.390000,9000,1.250000,0.165000
1477416246649,13.380000,13.370000,10400,13.380000,1000,1.130000,0.150000
1477416249607,13.380000,13.370000,8100,13.380000,2100,1.130000,0.150000
1477416252104,13.390000,13.380000,1100,13.390000,13200,1.210000,0.160000
1477416254110,13.390000,13.380000,300,13.390000,16000,1.210000,0.160000
1477416256106,13.384900,13.380000,300,13.390000,15300,1.170000,0.154900
1477416258605,13.380000,13.380000,1200,13.390000,7100,1.130000,0.150000
1477416261113,13.390000,13.380000,4200,13.390000,3800,1.210000,0.160000
1477416263110,13.390000,13.380000,2100,13.390000,7100,1.210000,0.160000
1477416265115,13.380000,13.370000,7100,13.380000,1000,1.130000,0.150000
1477416267611,13.380000,13.370000,4100,13.380000,3900,1.130000,0.150000
1477416270112,13.370000,13.370000,1200,13.380000,8700,1.060000,0.140000
1477416271107,13.370000,13.370000,1200,13.380000,8300,1.060000,0.140000
1477416274647,13.384100,13.380000,800,13.390000,11800,1.160000,0.154100
1477416276115,13.380000,13.380000,4000,13.390000,6200,1.130000,0.150000
1477416279111,13.370000,13.370000,2300,13.370000,1500,1.060000,0.140000
1477416282617,13.390000,13.380000,7700,13.390000,2800,1.210000,0.160000
1477416284613,13.380000,13.380000,1500,13.390000,8000,1.130000,0.150000
1477416286616,13.390000,13.390000,1200,13.400000,12200,1.210000,0.160000
1477416289109,13.390000,13.390000,1100,13.400000,12400,1.210000,0.160000
1477416291130,13.390000,13.390000,4500,13.400000,8300,1.210000,0.160000
1477416294120,13.399900,13.390000,2400,13.400000,8300,1.280000,0.169900
1477416296120,13.390000,13.380000,11400,13.390000,300,1.210000,0.160000
1477416298128,13.390000,13.390000,6700,13.400000,7700,1.210000,0.160000
1477416300625,13.390000,13.390000,2900,13.400000,7900,1.210000,0.160000
1477416303131,13.390000,13.380000,3200,13.390000,6400,1.210000,0.160000
1477416304126,13.380000,13.370000,6800,13.380000,2500,1.130000,0.150000
1477416307131,13.370000,13.370000,7700,13.380000,2700,1.060000,0.140000
1477416309620,13.380000,13.380000,1800,13.390000,8300,1.130000,0.150000
1477416311622,13.389000,13.380000,2300,13.390000,7800,1.200000,0.159000
1477416314623,13.380000,13.380000,1600,13.390000,7800,1.130000,0.150000
1477416316125,13.390000,13.380000,3700,13.390000,4400,1.210000,0.160000
1477416318135,13.390000,13.380000,3700,13.390000,3900,1.210000,0.160000
1477416321131,13.380000,13.380000,800,13.390000,9800,1.130000,0.150000
1477416323624,13.380000,13.370000,4400,13.380000,4600,1.130000,0.150000
1477416325625,13.380000,13.370000,2900,13.380000,5300,1.130000,0.150000
1477416328138,13.380000,13.370000,2800,13.380000,5300,1.130000,0.150000
1477416346194,13.374000,13.370000,5800,13.380000,10900,1.090000,0.144000
1477416362148,13.378300,13.370000,5900,13.380000,8600,1.120000,0.148300
1477416371640,13.370000,13.370000,5100,13.380000,8400,1.060000,0.140000
1477416372648,13.370000,13.370000,5100,13.380000,8200,1.060000,0.140000
1477416376146,13.378300,13.370000,5800,13.380000,4700,1.120000,0.148300
1477416378649,13.378300,13.370000,5600,13.380000,4700,1.120000,0.148300
1477416380130,13.378300,13.370000,6000,13.380000,4700,1.120000,0.148300
1477416383152,13.378300,13.370000,7300,13.380000,2700,1.120000,0.148300
1477416385662,13.378300,13.370000,6800,13.380000,2700,1.120000,0.148300
1477416387648,13.378300,13.370000,8700,13.380000,2700,1.120000,0.148300
1477416389657,13.380000,13.370000,8500,13.380000,2700,1.130000,0.150000
1477416392182,13.380000,13.370000,8500,13.380000,3200,1.130000,0.150000
1477416394151,13.400000,13.390000,3600,13.400000,2600,1.280000,0.170000
1477416396152,13.425000,13.420000,1100,13.430000,8700,1.470000,0.195000
1477416398652,13.410000,13.410000,1800,13.420000,7800,1.360000,0.180000
1477416401653,13.410000,13.400000,10100,13.410000,1500,1.360000,0.180000
1477416403698,13.410000,13.400000,4000,13.410000,3300,1.360000,0.180000
1477416406184,13.410000,13.400000,1200,13.410000,8100,1.360000,0.180000
1477416408158,13.410000,13.400000,5000,13.410000,3000,1.360000,0.180000
1477416410163,13.410000,13.400000,11800,13.410000,1400,1.360000,0.180000
1477416412657,13.420000,13.420000,1200,13.430000,10300,1.440000,0.190000
1477416412657,13.420000,13.420000,1200,13.430000,10300,1.440000,0.190000
1477416417105,13.418400,13.410000,1300,13.420000,8600,1.420000,0.188400
1477416419113,13.418400,13.410000,5600,13.420000,6300,1.420000,0.188400
1477416421602,13.418400,13.410000,21300,13.420000,500,1.420000,0.188400
1477416424107,13.420000,13.420000,1400,13.430000,10800,1.440000,0.190000
1477416426114,13.423500,13.420000,3300,13.430000,4300,1.460000,0.193500
1477416428109,13.423500,13.420000,1600,13.430000,7900,1.460000,0.193500
1477416430620,13.423500,13.420000,1600,13.430000,7500,1.460000,0.193500
1477416432124,13.423500,13.420000,1600,13.430000,7100,1.460000,0.193500
1477416434664,13.430000,13.420000,7600,13.430000,2800,1.510000,0.200000
1477416436605,13.430000,13.420000,6800,13.430000,4000,1.510000,0.200000
1477416439110,13.429500,13.420000,3900,13.430000,8200,1.510000,0.199500
1477416441116,13.429500,13.420000,3200,13.430000,8300,1.510000,0.199500
1477416444110,13.429500,13.420000,3000,13.430000,9100,1.510000,0.199500
1477416446106,13.428900,13.420000,3400,13.430000,7400,1.500000,0.198900
1477416448125,13.420100,13.420000,3100,13.430000,7500,1.440000,0.190100
1477416449612,13.420100,13.420000,5200,13.430000,7000,1.440000,0.190100
1477416453115,13.430000,13.420000,5700,13.430000,5100,1.510000,0.200000
1477416453615,13.430000,13.420000,6700,13.430000,3500,1.510000,0.200000
1477416457618,13.430000,13.430000,1600,13.440000,9700,1.510000,0.200000
1477416458650,13.430000,13.430000,1300,13.440000,10800,1.510000,0.200000
1477416462171,13.435000,13.420000,4200,13.430000,2800,1.550000,0.205000
1477416464117,13.435000,13.420000,4100,13.430000,3500,1.550000,0.205000
1477416466623,13.435000,13.420000,5100,13.430000,2500,1.550000,0.205000
1477416468617,13.435000,13.420000,4500,13.430000,3500,1.550000,0.205000
1477416471122,13.428700,13.420000,4500,13.430000,3500,1.500000,0.198700
1477416474144,13.430000,13.420000,4600,13.430000,3700,1.510000,0.200000
1477416476164,13.430000,13.420000,4600,13.430000,3700,1.510000,0.200000
1477416478131,13.430000,13.430000,4800,13.440000,2900,1.510000,0.200000
1477416480627,13.430000,13.430000,11100,13.440000,100,1.510000,0.200000
1477416482624,13.440000,13.440000,1400,13.450000,13000,1.590000,0.210000
1477416483621,13.440000,13.440000,600,13.450000,15600,1.590000,0.210000
1477416486124,13.440000,13.430000,4700,13.440000,3600,1.590000,0.210000
1477416489146,13.439900,13.430000,4800,13.440000,2300,1.590000,0.209900
1477416491143,13.439900,13.430000,4500,13.440000,3600,1.590000,0.209900
1477416493659,13.439900,13.430000,10700,13.440000,1000,1.590000,0.209900
1477416496119,13.439900,13.430000,8000,13.440000,2200,1.590000,0.209900
1477416498137,13.440000,13.430000,8000,13.440000,2100,1.590000,0.210000
1477416500134,13.440000,13.430000,8000,13.440000,2100,1.590000,0.210000
1477416502630,13.440000,13.430000,6700,13.440000,1700,1.590000,0.210000
1477416504126,13.430000,13.430000,700,13.440000,10500,1.510000,0.200000
1477416506657,13.430000,13.430000,2000,13.440000,6700,1.510000,0.200000
1477416509134,13.430000,13.430000,3100,13.440000,3800,1.510000,0.200000
1477416511133,13.430000,13.430000,3500,13.440000,2500,1.510000,0.200000
1477416513641,13.430000,13.430000,1800,13.440000,7100,1.510000,0.200000
1477416515642,13.430000,13.430000,1800,13.440000,8100,1.510000,0.200000
1477416518141,13.430000,13.430000,1400,13.440000,8100,1.510000,0.200000
1477416520653,13.430000,13.430000,1400,13.440000,7000,1.510000,0.200000
1477416524136,13.430000,13.430000,1400,13.440000,7000,1.510000,0.200000
1477416526131,13.430000,13.430000,1400,13.440000,7000,1.510000,0.200000
1477416528140,13.420000,13.420000,300,13.430000,11900,1.440000,0.190000
1477416530644,13.410000,13.410000,10400,13.420000,5100,1.360000,0.180000
1477416533142,13.420000,13.410000,11400,13.420000,3700,1.440000,0.190000
1477416535147,13.420000,13.410000,11400,13.420000,3900,1.440000,0.190000
1477416537141,13.420000,13.410000,11400,13.420000,4500,1.440000,0.190000
1477416539649,13.420000,13.410000,11400,13.420000,4200,1.440000,0.190000
1477416541648,13.410000,13.410000,7900,13.420000,6900,1.360000,0.180000
1477416543146,13.410000,13.410000,9700,13.420000,6900,1.360000,0.180000
1477416546653,13.411000,13.410000,9200,13.420000,5400,1.370000,0.181000
1477416548186,13.410000,13.410000,8600,13.420000,7200,1.360000,0.180000
1477416551180,13.410000,13.410000,8200,13.420000,7200,1.360000,0.180000
1477416553182,13.410000,13.410000,6800,13.420000,10000,1.360000,0.180000
1477416555647,13.414600,13.410000,7300,13.420000,7600,1.400000,0.184600
1477416557661,13.414600,13.410000,7600,13.420000,5500,1.400000,0.184600
1477416559647,13.414600,13.410000,7600,13.420000,5500,1.400000,0.184600
1477416561656,13.414600,13.410000,8700,13.420000,5500,1.400000,0.184600
1477416564195,13.429900,13.420000,3800,13.430000,4500,1.510000,0.199900
1477416566168,13.420000,13.420000,4200,13.430000,7600,1.440000,0.190000
1477416568152,13.420000,13.420000,3800,13.430000,7900,1.440000,0.190000
1477416571154,13.420000,13.420000,2700,13.430000,7600,1.440000,0.190000
1477416573648,13.420000,13.420000,2700,13.430000,7800,1.440000,0.190000
1477416576155,13.420000,13.420000,2700,13.430000,8200,1.440000,0.190000
1477416578199,13.420000,13.420000,3200,13.430000,8200,1.440000,0.190000
1477416580168,13.430000,13.420000,8100,13.430000,2000,1.510000,0.200000
1477416582174,13.430000,13.420000,8700,13.430000,1200,1.510000,0.200000
1477416584600,13.430000,13.420000,10100,13.430000,1200,1.510000,0.200000
1477416586602,13.430000,13.420000,9700,13.430000,1200,1.510000,0.200000
1477416587597,13.429900,13.420000,9700,13.430000,1200,1.510000,0.199900
1477416591606,13.429900,13.420000,9600,13.430000,1200,1.510000,0.199900
1477416593633,13.429900,13.420000,9600,13.430000,1200,1.510000,0.199900
1477416596112,13.429900,13.420000,9600,13.430000,1200,1.510000,0.199900
1477416597102,13.429900,13.420000,9600,13.430000,1200,1.510000,0.199900
1477416600110,13.420000,13.420000,9200,13.430000,1300,1.440000,0.190000
1477416602609,13.420000,13.420000,4900,13.430000,4500,1.440000,0.190000
1477416604635,13.410000,13.410000,5100,13.420000,7400,1.360000,0.180000
1477416606605,13.420800,13.410000,7500,13.420000,4600,1.440000,0.190800
1477416608605,13.420800,13.410000,7500,13.420000,7300,1.440000,0.190800
1477416610613,13.410000,13.410000,6600,13.420000,7000,1.360000,0.180000
1477416613107,13.420000,13.410000,7600,13.420000,5900,1.440000,0.190000
1477416615610,13.420000,13.420000,400,13.430000,15100,1.440000,0.190000
1477416617608,13.420000,13.410000,8600,13.420000,4200,1.440000,0.190000
1477416620112,13.420000,13.410000,10600,13.420000,2800,1.440000,0.190000
1477416622129,13.420000,13.410000,9600,13.420000,3300,1.440000,0.190000
1477416624631,13.420000,13.410000,9600,13.420000,2800,1.440000,0.190000
1477416626646,13.420000,13.410000,7800,13.420000,7100,1.440000,0.190000
1477416629106,13.420000,13.410000,6400,13.420000,9400,1.440000,0.190000
1477416630120,13.420000,13.410000,6400,13.420000,5600,1.440000,0.190000
1477416633117,13.410000,13.410000,1500,13.420000,25900,1.360000,0.180000
1477416636120,13.420000,13.420000,4700,13.430000,7200,1.440000,0.190000
1477416637623,13.421100,13.420000,3000,13.430000,7200,1.440000,0.191100
1477416640619,13.420000,13.420000,3200,13.430000,7200,1.440000,0.190000
1477416642620,13.420000,13.420000,2600,13.430000,7300,1.440000,0.190000
1477416644623,13.420000,13.420000,500,13.430000,15000,1.440000,0.190000
1477416646630,13.429900,13.420000,4500,13.430000,6300,1.510000,0.199900
1477416649124,13.429900,13.420000,4500,13.430000,6300,1.510000,0.199900
1477416651129,13.420000,13.420000,2400,13.430000,11300,1.440000,0.190000
1477416653629,13.420000,13.420000,2500,13.430000,10500,1.440000,0.190000
1477416656125,13.420000,13.420000,2500,13.430000,8500,1.440000,0.190000
1477416658138,13.420000,13.420000,2500,13.430000,8400,1.440000,0.190000
1477416660131,13.420000,13.420000,2500,13.430000,8400,1.440000,0.190000
1477416662626,13.421000,13.420000,9000,13.430000,1800,1.440000,0.191000
1477416664628,13.421000,13.420000,9000,13.430000,2000,1.440000,0.191000
1477416666626,13.430000,13.430000,3800,13.440000,8400,1.510000,0.200000
1477416668169,13.439900,13.430000,2600,13.440000,7800,1.590000,0.209900
1477416670638,13.431100,13.430000,2600,13.440000,7900,1.520000,0.201100
1477416672622,13.431100,13.430000,2600,13.440000,7900,1.520000,0.201100
1477416675132,13.431100,13.430000,2600,13.440000,7900,1.520000,0.201100
1477416677637,13.431100,13.430000,2600,13.440000,11300,1.520000,0.201100
1477416679633,13.431100,13.430000,2600,13.440000,11100,1.520000,0.201100
1477416681636,13.437800,13.430000,2600,13.440000,10700,1.570000,0.207800
1477416683656,13.437800,13.430000,2600,13.440000,10600,1.570000,0.207800
1477416685631,13.437800,13.430000,2600,13.440000,11200,1.570000,0.207800
1477416688135,13.439900,13.430000,2600,13.440000,11000,1.590000,0.209900
1477416690645,13.440000,13.430000,2600,13.440000,10300,1.590000,0.210000
1477416692152,13.440000,13.430000,2600,13.440000,10300,1.590000,0.210000
1477416695130,13.430000,13.430000,2600,13.440000,9900,1.510000,0.200000
1477416697131,13.440000,13.430000,12100,13.440000,700,1.590000,0.210000
1477416699142,13.440000,13.440000,4700,13.450000,11600,1.590000,0.210000
1477416701140,13.450000,13.440000,6900,13.450000,8500,1.660000,0.220000
1477416703650,13.450000,13.440000,6000,13.450000,8500,1.660000,0.220000
1477416706133,13.440700,13.440000,2600,13.450000,16600,1.590000,0.210700
1477416708141,13.440000,13.440000,2600,13.450000,17500,1.590000,0.210000
1477416710146,13.439900,13.430000,6800,13.440000,2000,1.590000,0.209900
1477416712661,13.430100,13.430000,6900,13.440000,1500,1.510000,0.200100
1477416714654,13.430100,13.430000,5900,13.440000,3100,1.510000,0.200100
1477416717152,13.450000,13.440000,11700,13.450000,8600,1.660000,0.220000
1477416719151,13.440000,13.440000,3100,13.450000,16900,1.590000,0.210000
1477416721657,13.440000,13.440000,2500,13.450000,14800,1.590000,0.210000
1477416723640,13.440100,13.440000,2500,13.450000,12700,1.590000,0.210100
1477416725650,13.440100,13.440000,3600,13.450000,9800,1.590000,0.210100
1477416728151,13.440100,13.440000,3300,13.450000,10100,1.590000,0.210100
1477416730153,13.440100,13.440000,2500,13.450000,11500,1.590000,0.210100
1477416732652,13.440100,13.440000,2500,13.450000,11500,1.590000,0.210100
1477416734651,13.440100,13.440000,2500,13.450000,11500,1.590000,0.210100
1477416737158,13.440100,13.440000,2500,13.450000,11500,1.590000,0.210100
1477416739157,13.440100,13.440000,2500,13.450000,11500,1.590000,0.210100
1477416741178,13.440100,13.440000,2500,13.450000,11500,1.590000,0.210100
1477416743651,13.440100,13.440000,2500,13.450000,11500,1.590000,0.210100
1477416745656,13.444100,13.440000,2500,13.450000,11500,1.620000,0.214100
1477416747652,13.450000,13.440000,9000,13.450000,6100,1.660000,0.220000
1477416750167,13.450000,13.440000,8700,13.450000,6300,1.660000,0.220000
1477416752664,13.450000,13.450000,2600,13.460000,11700,1.660000,0.220000
1477416754670,13.450000,13.450000,2600,13.460000,13500,1.660000,0.220000
1477416756646,13.450000,13.450000,2600,13.460000,12600,1.660000,0.220000
1477416759106,13.440000,13.440000,1600,13.450000,10600,1.590000,0.210000
1477416760603,13.445000,13.440000,2100,13.450000,8200,1.630000,0.215000
1477416764109,13.445000,13.440000,2400,13.450000,7000,1.630000,0.215000
1477416766123,13.440400,13.440000,2400,13.450000,7000,1.590000,0.210400
1477416768108,13.445400,13.440000,2400,13.450000,7000,1.630000,0.215400
1477416771105,13.445400,13.440000,2400,13.450000,6900,1.630000,0.215400
1477416772635,13.445400,13.440000,2400,13.450000,6900,1.630000,0.215400
1477416775604,13.445400,13.440000,2400,13.450000,7600,1.630000,0.215400
1477416776612,13.445400,13.440000,2400,13.450000,7000,1.630000,0.215400
1477416779616,13.449000,13.440000,2400,13.450000,10700,1.660000,0.219000
1477416782114,13.440000,13.430000,6800,13.440000,2100,1.590000,0.210000
1477416783610,13.438900,13.430000,6800,13.440000,2100,1.580000,0.208900
1477416786616,13.438900,13.430000,6800,13.440000,1400,1.580000,0.208900
1477416788610,13.440000,13.440000,2700,13.450000,9900,1.590000,0.210000
1477416791113,13.440000,13.440000,2600,13.450000,9900,1.590000,0.210000
1477416793122,13.440000,13.440000,3000,13.450000,9900,1.590000,0.210000
1477416795115,13.440000,13.440000,2600,13.450000,9900,1.590000,0.210000
1477416797138,13.449000,13.440000,1700,13.450000,15800,1.660000,0.219000
1477416799117,13.440000,13.430000,4700,13.440000,5200,1.590000,0.210000
1477416801624,13.440000,13.430000,4600,13.440000,4700,1.590000,0.210000
1477416804117,13.440000,13.430000,4600,13.440000,4700,1.590000,0.210000
1477416806133,13.440000,13.430000,6200,13.440000,4300,1.590000,0.210000
1477416808121,13.440000,13.430000,9100,13.440000,1000,1.590000,0.210000
1477416810621,13.440000,13.430000,9200,13.440000,900,1.590000,0.210000
1477416812622,13.440000,13.430000,7600,13.440000,3100,1.590000,0.210000
1477416815128,13.440000,13.430000,4800,13.440000,5400,1.590000,0.210000
1477416817118,13.440000,13.430000,5300,13.440000,5200,1.590000,0.210000
1477416818627,13.440000,13.430000,5300,13.440000,5100,1.590000,0.210000
1477416821157,13.440000,13.430000,5300,13.440000,5100,1.590000,0.210000
1477416823133,13.440000,13.430000,5300,13.440000,5100,1.590000,0.210000
1477416825642,13.440000,13.430000,5300,13.440000,5000,1.590000,0.210000
1477416828173,13.440000,13.440000,500,13.450000,13500,1.590000,0.210000
1477416830625,13.445000,13.440000,1400,13.450000,12800,1.630000,0.215000
1477416834132,13.445400,13.440000,700,13.450000,12800,1.630000,0.215400
1477416836133,13.445400,13.440000,1100,13.450000,12400,1.630000,0.215400
1477416838615,13.445400,13.440000,1400,13.450000,10400,1.630000,0.215400
1477416840137,13.445400,13.440000,1100,13.450000,10400,1.630000,0.215400
1477416842630,13.440000,13.440000,2600,13.450000,8500,1.590000,0.210000
1477416845148,13.440000,13.440000,2400,13.450000,8700,1.590000,0.210000
1477416847139,13.440000,13.440000,1100,13.450000,12500,1.590000,0.210000
1477416849634,13.440000,13.440000,600,13.450000,12900,1.590000,0.210000
1477416851645,13.440000,13.440000,600,13.450000,12600,1.590000,0.210000
1477416853647,13.448600,13.440000,600,13.450000,12600,1.650000,0.218600
1477416856141,13.448600,13.440000,600,13.450000,12600,1.650000,0.218600
1477416858137,13.448600,13.440000,600,13.450000,12600,1.650000,0.218600
1477416860648,13.430000,13.430000,2800,13.440000,6700,1.510000,0.200000
1477416863135,13.420000,13.420000,2600,13.430000,7600,1.440000,0.190000
1477416865139,13.420000,13.420000,2600,13.430000,6200,1.440000,0.190000
1477416867685,13.420000,13.420000,2600,13.430000,5500,1.440000,0.190000
1477416869668,13.421000,13.420000,2600,13.430000,5600,1.440000,0.191000
1477416871652,13.430000,13.420000,4600,13.430000,4600,1.510000,0.200000
1477416874146,13.430000,13.420000,4600,13.430000,4600,1.510000,0.200000
1477416876150,13.430000,13.420000,4500,13.430000,4300,1.510000,0.200000
1477416878146,13.420000,13.420000,2400,13.430000,8800,1.440000,0.190000
1477416880690,13.420000,13.420000,700,13.430000,17700,1.440000,0.190000
1477416882643,13.420000,13.420000,700,13.430000,16800,1.440000,0.190000
1477416915152,13.370000,13.370000,1700,13.380000,7500,1.060000,0.140000
1477416917159,13.370000,13.370000,1600,13.380000,11000,1.060000,0.140000
1477416920160,13.370000,13.360000,12800,13.370000,1100,1.060000,0.140000
1477416922669,13.380000,13.370000,12800,13.380000,500,1.130000,0.150000
1477416924667,13.380000,13.380000,1600,13.390000,7400,1.130000,0.150000
1477416927166,13.380000,13.380000,1400,13.390000,5800,1.130000,0.150000
1477416929104,13.380000,13.380000,1400,13.390000,5800,1.130000,0.150000
1477416931145,13.380000,13.380000,1400,13.390000,5800,1.130000,0.150000
1477416933605,13.381300,13.380000,1400,13.390000,7900,1.140000,0.151300
1477416934111,13.385600,13.380000,1400,13.390000,7900,1.180000,0.155600
1477416938157,13.383200,13.380000,1100,13.390000,6500,1.160000,0.153200
1477416940122,13.383200,13.380000,1100,13.390000,6500,1.160000,0.153200
1477416942608,13.380000,13.370000,4300,13.380000,5100,1.130000,0.150000
1477416944609,13.380000,13.370000,5800,13.380000,3800,1.130000,0.150000
1477416946608,13.380000,13.370000,1400,13.380000,8600,1.130000,0.150000
1477416949613,13.370000,13.370000,300,13.380000,12700,1.060000,0.140000
1477416951609,13.370000,13.370000,300,13.380000,12700,1.060000,0.140000
1477416954134,13.379000,13.370000,1300,13.380000,9100,1.130000,0.149000
1477416957113,13.380000,13.370000,12600,13.380000,200,1.130000,0.150000
1477416959616,13.380000,13.370000,9500,13.380000,1400,1.130000,0.150000
1477416961610,13.380000,13.370000,4700,13.380000,3700,1.130000,0.150000
1477416963618,13.380000,13.370000,4900,13.380000,2900,1.130000,0.150000
1477416965644,13.375000,13.370000,5700,13.380000,1400,1.100000,0.145000
1477416967627,13.380000,13.370000,4200,13.380000,3000,1.130000,0.150000
1477416970633,13.380000,13.370000,3800,13.380000,7700,1.130000,0.150000
1477416973123,13.380000,13.370000,3000,13.380000,7700,1.130000,0.150000
1477416975156,13.380000,13.370000,9100,13.380000,600,1.130000,0.150000
1477416977125,13.380000,13.370000,9100,13.380000,600,1.130000,0.150000
1477416979621,13.380000,13.370000,7500,13.380000,500,1.130000,0.150000
1477416981611,13.380000,13.370000,7500,13.380000,700,1.130000,0.150000
1477416984122,13.380000,13.380000,4800,13.390000,4300,1.130000,0.150000
1477416985160,13.380000,13.380000,1800,13.390000,8300,1.130000,0.150000
1477416989124,13.390000,13.390000,2400,13.400000,8300,1.210000,0.160000
1477416991130,13.395000,13.390000,1100,13.400000,11700,1.250000,0.165000
1477416993631,13.390000,13.380000,2000,13.390000,9000,1.210000,0.160000
1477416994634,13.380000,13.380000,2000,13.390000,9000,1.130000,0.150000
1477416997659,13.380000,13.370000,7600,13.380000,1000,1.130000,0.150000
1477417000147,13.380000,13.380000,800,13.390000,11100,1.130000,0.150000
1477417002637,13.385000,13.380000,1000,13.390000,12000,1.170000,0.155000
1477417004672,13.385000,13.380000,200,13.390000,12900,1.170000,0.155000
1477417006633,13.385000,13.380000,200,13.390000,12900,1.170000,0.155000
1477417009126,13.385000,13.380000,3600,13.390000,3900,1.170000,0.155000
1477417011147,13.390000,13.380000,2500,13.390000,6800,1.210000,0.160000
1477417013636,13.390000,13.380000,4200,13.390000,3600,1.210000,0.160000
1477417015146,13.380000,13.380000,4100,13.390000,5700,1.130000,0.150000
1477417017649,13.380000,13.380000,1500,13.390000,8500,1.130000,0.150000
1477417019641,13.380000,13.380000,1500,13.390000,8500,1.130000,0.150000
1477417021670,13.380000,13.380000,1500,13.390000,8500,1.130000,0.150000
1477417024146,13.380000,13.380000,1100,13.390000,8500,1.130000,0.150000
1477417026650,13.380000,13.370000,5600,13.380000,8200,1.130000,0.150000
1477417028696,13.380000,13.370000,7800,13.380000,8200,1.130000,0.150000
1477417032646,13.380000,13.380000,900,13.390000,9600,1.130000,0.150000
1477417035145,13.380000,13.380000,900,13.390000,9600,1.130000,0.150000
1477417037155,13.380000,13.380000,900,13.390000,9600,1.130000,0.150000
1477417039155,13.380000,13.370000,5400,13.380000,2600,1.130000,0.150000
1477417041637,13.380000,13.370000,5700,13.380000,2600,1.130000,0.150000
1477417044148,13.380000,13.370000,3000,13.380000,8600,1.130000,0.150000
1477417046155,13.380000,13.370000,3000,13.380000,8600,1.130000,0.150000
1477417048656,13.380000,13.370000,10100,13.380000,1000,1.130000,0.150000
1477417049650,13.380000,13.370000,7300,13.380000,1900,1.130000,0.150000
1477417055216,13.380000,13.370000,3400,13.380000,4300,1.130000,0.150000
1477417058139,13.380000,13.370000,3400,13.380000,3800,1.130000,0.150000
1477417060648,13.370000,13.370000,3400,13.380000,3800,1.060000,0.140000
1477417063155,13.370000,13.370000,3400,13.380000,3800,1.060000,0.140000
1477417065157,13.370000,13.370000,3400,13.380000,4500,1.060000,0.140000
1477417067642,13.380000,13.380000,1800,13.390000,7200,1.130000,0.150000
1477417069645,13.380000,13.380000,1000,13.390000,12500,1.130000,0.150000
1477417072150,13.380000,13.380000,700,13.390000,12800,1.130000,0.150000
1477417074159,13.380000,13.380000,700,13.390000,12800,1.130000,0.150000
1477417076662,13.380000,13.370000,5400,13.380000,2600,1.130000,0.150000
1477417078666,13.374400,13.370000,3500,13.380000,2600,1.090000,0.144400
1477417081153,13.370000,13.370000,4700,13.380000,2600,1.060000,0.140000
1477417083163,13.370000,13.370000,1500,13.380000,7400,1.060000,0.140000
1477417085695,13.370000,13.370000,1900,13.380000,5300,1.060000,0.140000
1477417088169,13.370000,13.370000,7100,13.380000,2100,1.060000,0.140000
1477417090165,13.380000,13.380000,1300,13.390000,8800,1.130000,0.150000
1477417093176,13.380000,13.380000,1400,13.390000,8800,1.130000,0.150000
1477417095606,13.380000,13.380000,1400,13.390000,8700,1.130000,0.150000
1477417097102,13.370000,13.370000,2800,13.380000,7400,1.060000,0.140000
1477417100109,13.370000,13.370000,2300,13.380000,6600,1.060000,0.140000
1477417102104,13.370000,13.370000,1900,13.380000,6100,1.060000,0.140000
1477417103602,13.370100,13.370000,1900,13.380000,7800,1.060000,0.140100
1477417106608,13.370100,13.370000,1900,13.380000,7400,1.060000,0.140100
1477417108611,13.370100,13.370000,1900,13.380000,7400,1.060000,0.140100
1477417110112,13.370100,13.370000,2800,13.380000,6100,1.060000,0.140100
1477417113108,13.375000,13.360000,7500,13.370000,3200,1.100000,0.145000
1477417115177,13.375000,13.360000,8300,13.370000,900,1.100000,0.145000
1477417117612,13.370000,13.360000,6300,13.370000,1700,1.060000,0.140000
1477417120114,13.362000,13.360000,6200,13.370000,1400,1.000000,0.132000
1477417122147,13.370000,13.360000,8300,13.370000,600,1.060000,0.140000
1477417124614,13.370000,13.360000,9000,13.370000,500,1.060000,0.140000
1477417127617,13.370000,13.360000,8200,13.370000,500,1.060000,0.140000
1477417129623,13.370000,13.360000,5400,13.370000,1800,1.060000,0.140000
1477417132106,13.370000,13.360000,2100,13.370000,6800,1.060000,0.140000
1477417134119,13.364500,13.360000,2300,13.370000,4900,1.020000,0.134500
1477417136621,13.370000,13.360000,11800,13.370000,700,1.060000,0.140000
1477417138619,13.370000,13.360000,10900,13.370000,700,1.060000,0.140000
1477417140627,13.370000,13.360000,12700,13.370000,500,1.060000,0.140000
1477417143181,13.365000,13.360000,10600,13.370000,500,1.020000,0.135000
1477417145149,13.361000,13.360000,10400,13.370000,500,0.990000,0.131000
1477417147128,13.365000,13.360000,900,13.370000,9200,1.020000,0.135000
1477417149624,13.361500,13.360000,900,13.370000,8500,0.990000,0.131500
1477417152630,13.361500,13.360000,700,13.370000,9800,0.990000,0.131500
1477417154624,13.363500,13.360000,900,13.370000,15600,1.010000,0.133500
1477417157190,13.363500,13.360000,800,13.370000,15800,1.010000,0.133500
1477417158640,13.363500,13.360000,1000,13.370000,11600,1.010000,0.133500
1477417161626,13.360000,13.360000,1100,13.370000,8600,0.980000,0.130000
1477417163626,13.370000,13.360000,8000,13.370000,800,1.060000,0.140000
1477417165635,13.370000,13.370000,1100,13.380000,10100,1.060000,0.140000
1477417168133,13.370000,13.370000,1100,13.380000,10100,1.060000,0.140000
1477417170647,13.370000,13.370000,1900,13.380000,9600,1.060000,0.140000
1477417172633,13.370000,13.360000,6600,13.370000,2500,1.060000,0.140000
1477417175135,13.351000,13.350000,26900,13.360000,14900,0.910000,0.121000
1477417177635,13.350000,13.350000,27900,13.360000,13500,0.910000,0.120000
1477417179644,13.354700,13.350000,29200,13.360000,3500,0.940000,0.124700
1477417182635,13.350000,13.350000,29600,13.360000,3500,0.910000,0.120000
1477417184144,13.360000,13.350000,36500,13.360000,400,0.980000,0.130000
1477417187175,13.360000,13.350000,35400,13.360000,400,0.980000,0.130000
1477417189146,13.360000,13.350000,35400,13.360000,200,0.980000,0.130000
1477417191646,13.360000,13.360000,3600,13.370000,5200,0.980000,0.130000
1477417194145,13.360000,13.360000,1300,13.370000,8500,0.980000,0.130000
1477417196641,13.360000,13.360000,1300,13.370000,6200,0.980000,0.130000
1477417198658,13.360000,13.360000,1300,13.370000,5000,0.980000,0.130000
1477417201146,13.360000,13.360000,1300,13.370000,6000,0.980000,0.130000
1477417203152,13.369500,13.360000,1200,13.370000,10500,1.050000,0.139500
1477417205142,13.360000,13.350000,27600,13.360000,5600,0.980000,0.130000
1477417207144,13.360000,13.350000,28600,13.360000,4500,0.980000,0.130000
1477417209645,13.350000,13.350000,24300,13.360000,10300,0.910000,0.120000
1477417212143,13.351300,13.350000,24300,13.360000,9300,0.920000,0.121300
1477417214697,13.351000,13.350000,24000,13.360000,9500,0.910000,0.121000
1477417217146,13.351000,13.350000,22900,13.360000,10000,0.910000,0.121000
1477417219648,13.351000,13.350000,22500,13.360000,18500,0.910000,0.121000
1477417221653,13.351000,13.350000,23400,13.360000,8800,0.910000,0.121000
1477417223648,13.350000,13.350000,21500,13.360000,16800,0.910000,0.120000
1477417226652,13.350000,13.350000,17100,13.360000,15500,0.910000,0.120000
1477417229174,13.350000,13.350000,17100,13.360000,16300,0.910000,0.120000
1477417231199,13.350000,13.350000,17100,13.360000,16100,0.910000,0.120000
1477417233656,13.350000,13.350000,17100,13.360000,15800,0.910000,0.120000
1477417236159,13.350000,13.350000,17100,13.360000,16000,0.910000,0.120000
1477417238150,13.350000,13.350000,17900,13.360000,15700,0.910000,0.120000
1477417240652,13.350000,13.350000,17900,13.360000,16000,0.910000,0.120000
1477417243184,13.350000,13.350000,17800,13.360000,16000,0.910000,0.120000
1477417245167,13.350000,13.350000,17100,13.360000,16000,0.910000,0.120000
1477417247668,13.351000,13.350000,18200,13.360000,13700,0.910000,0.121000
1477417249653,13.350000,13.350000,18700,13.360000,13300,0.910000,0.120000
1477417252165,13.350000,13.350000,17800,13.360000,13300,0.910000,0.120000
1477417254163,13.350000,13.350000,17800,13.360000,16000,0.910000,0.120000
1477417256170,13.359900,13.350000,15900,13.360000,16200,0.980000,0.129900
1477417258671,13.359900,13.350000,16100,13.360000,15700,0.980000,0.129900
1477417261224,13.359900,13.350000,16100,13.360000,14800,0.980000,0.129900
1477417263168,13.350000,13.350000,15100,13.360000,16100,0.910000,0.120000
1477417265601,13.350000,13.350000,14100,13.360000,16500,0.910000,0.120000
1477417267152,13.360000,13.350000,14200,13.360000,14600,0.980000,0.130000
1477417270613,13.350000,13.350000,14100,13.360000,14700,0.910000,0.120000
1477417273115,13.350000,13.350000,14100,13.360000,16100,0.910000,0.120000
1477417275121,13.350000,13.350000,14100,13.360000,16100,0.910000,0.120000
1477417277106,13.355000,13.350000,14100,13.360000,16400,0.940000,0.125000
1477417279608,13.355000,13.350000,14700,13.360000,15100,0.940000,0.125000
1477417282150,13.355000,13.350000,14700,13.360000,15000,0.940000,0.125000
1477417283608,13.355000,13.350000,14200,13.360000,15000,0.940000,0.125000
1477417286608,13.350000,13.350000,17700,13.360000,3200,0.910000,0.120000
1477417288610,13.350000,13.350000,17600,13.360000,3300,0.910000,0.120000
1477417291115,13.351000,13.350000,17000,13.360000,3300,0.910000,0.121000
1477417293116,13.351000,13.350000,17000,13.360000,3300,0.910000,0.121000
1477417295619,13.351000,13.350000,18600,13.360000,2700,0.910000,0.121000
1477417297149,13.370000,13.360000,3800,13.370000,8500,1.060000,0.140000
1477417300129,13.360000,13.360000,1700,13.370000,12200,0.980000,0.130000
1477417303131,13.370000,13.360000,3800,13.370000,5000,1.060000,0.140000
1477417305145,13.370000,13.360000,4800,13.370000,5600,1.060000,0.140000
1477417307619,13.370000,13.360000,3800,13.370000,4900,1.060000,0.140000
1477417309629,13.360000,13.360000,3500,13.370000,8400,0.980000,0.130000
1477417311628,13.362000,13.360000,4500,13.370000,5000,1.000000,0.132000
1477417313625,13.362000,13.360000,4400,13.370000,5000,1.000000,0.132000
1477417316632,13.362000,13.360000,4400,13.370000,4700,1.000000,0.132000
1477417318622,13.362000,13.360000,2700,13.370000,10600,1.000000,0.132000
1477417320630,13.362000,13.360000,2700,13.370000,10400,1.000000,0.132000
1477417322631,13.360000,13.350000,19900,13.360000,1400,0.980000,0.130000
1477417325129,13.360000,13.350000,20500,13.360000,1400,0.980000,0.130000
1477417327147,13.360000,13.350000,20400,13.360000,1400,0.980000,0.130000
1477417329627,13.360000,13.350000,20400,13.360000,1400,0.980000,0.130000
1477417331622,13.360000,13.350000,20400,13.360000,1400,0.980000,0.130000
1477417333626,13.360000,13.350000,20400,13.360000,1400,0.980000,0.130000
1477417336137,13.360000,13.350000,20400,13.360000,1400,0.980000,0.130000
1477417338131,13.340000,13.340000,5800,13.350000,3600,0.830000,0.110000
1477417340636,13.350000,13.340000,5600,13.350000,2000,0.910000,0.120000
1477417343636,13.350000,13.340000,17700,13.350000,900,0.910000,0.120000
1477417345626,13.350000,13.340000,17500,13.350000,1100,0.910000,0.120000
1477417348666,13.350000,13.340000,14800,13.350000,700,0.910000,0.120000
1477417350141,13.350000,13.340000,14300,13.350000,1800,0.910000,0.120000
1477417352644,13.350000,13.340000,14300,13.350000,800,0.910000,0.120000
1477417354638,13.350000,13.340000,14300,13.350000,1000,0.910000,0.120000
1477417357684,13.360000,13.350000,6500,13.360000,2800,0.980000,0.130000
1477417360152,13.350000,13.350000,1800,13.360000,7100,0.910000,0.120000
1477417363647,13.360000,13.350000,7500,13.360000,1900,0.980000,0.130000
1477417367648,13.351400,13.350000,7000,13.360000,2200,0.920000,0.121400
1477417371651,13.353000,13.350000,6700,13.360000,2300,0.930000,0.123000
1477417376687,13.360000,13.350000,6500,13.360000,2300,0.980000,0.130000
1477417383654,13.360000,13.360000,7700,13.370000,5500,0.980000,0.130000
1477417388660,13.360000,13.360000,6900,13.370000,6000,0.980000,0.130000
1477417390671,13.360100,13.360000,6700,13.370000,6000,0.980000,0.130100
1477417394160,13.360100,13.360000,6700,13.370000,5900,0.980000,0.130100
1477417396154,13.360100,13.360000,6700,13.370000,4600,0.980000,0.130100
1477417398158,13.360000,13.350000,17900,13.360000,1100,0.980000,0.130000
1477417400165,13.360000,13.350000,17500,13.360000,100,0.980000,0.130000
1477417402664,13.350000,13.350000,2100,13.360000,8600,0.910000,0.120000
1477417405667,13.350000,13.350000,5900,13.360000,3400,0.910000,0.120000
1477417408164,13.350000,13.350000,3300,13.360000,3300,0.910000,0.120000
1477417410666,13.350000,13.340000,14700,13.350000,1200,0.910000,0.120000
1477417412675,13.350000,13.340000,15900,13.350000,1100,0.910000,0.120000
1477417415163,13.350000,13.340000,15900,13.350000,1100,0.910000,0.120000
1477417417169,13.350000,13.340000,21400,13.350000,1100,0.910000,0.120000
1477417419223,13.350000,13.350000,3600,13.360000,6500,0.910000,0.120000
1477417420706,13.350000,13.350000,4900,13.360000,4000,0.910000,0.120000
1477417423671,13.350000,13.350000,4900,13.360000,3700,0.910000,0.120000
1477417425602,13.350000,13.350000,4000,13.360000,3700,0.910000,0.120000
1477417429601,13.360000,13.350000,4000,13.360000,3700,0.980000,0.130000
1477417431606,13.360000,13.360000,7500,13.370000,2200,0.980000,0.130000
1477417434662,13.360000,13.360000,7100,13.370000,2500,0.980000,0.130000
1477417437105,13.360000,13.360000,4300,13.370000,3100,0.980000,0.130000
1477417439107,13.360000,13.360000,5000,13.370000,4300,0.980000,0.130000
1477417441610,13.360000,13.360000,4000,13.370000,3500,0.980000,0.130000
1477417443610,13.360000,13.360000,5000,13.370000,3500,0.980000,0.130000
1477417445610,13.360000,13.360000,5800,13.370000,3000,0.980000,0.130000
1477417448116,13.360000,13.360000,5100,13.370000,2600,0.980000,0.130000
1477417450634,13.360000,13.360000,8100,13.370000,2300,0.980000,0.130000
1477417455113,13.360000,13.360000,10900,13.370000,1900,0.980000,0.130000
1477417457616,13.370000,13.360000,4600,13.370000,3700,1.060000,0.140000
1477417460157,13.370000,13.360000,4500,13.370000,3700,1.060000,0.140000
1477417462121,13.370000,13.360000,4500,13.370000,3700,1.060000,0.140000
1477417464118,13.370000,13.360000,4500,13.370000,3700,1.060000,0.140000
1477417467129,13.370000,13.360000,5600,13.370000,3300,1.060000,0.140000
1477417469123,13.370000,13.360000,9600,13.370000,1300,1.060000,0.140000
1477417471625,13.370000,13.360000,8200,13.370000,1500,1.060000,0.140000
1477417474629,13.366100,13.360000,7300,13.370000,1500,1.030000,0.136100
1477417476623,13.366100,13.360000,6500,13.370000,1700,1.030000,0.136100
1477417480131,13.360000,13.360000,4300,13.370000,3700,0.980000,0.130000
1477417482130,13.360000,13.360000,4100,13.370000,3700,0.980000,0.130000
1477417484621,13.360000,13.360000,2300,13.370000,8500,0.980000,0.130000
1477417486634,13.360000,13.360000,2700,13.370000,8500,0.980000,0.130000
1477417488638,13.360000,13.360000,5800,13.370000,3700,0.980000,0.130000
1477417491124,13.369900,13.360000,6700,13.370000,2600,1.060000,0.139900
1477417493633,13.366200,13.360000,6800,13.370000,1500,1.030000,0.136200
1477417495630,13.366200,13.360000,6800,13.370000,1300,1.030000,0.136200
1477417497143,13.366200,13.360000,6800,13.370000,1300,1.030000,0.136200
1477417500144,13.360000,13.360000,8500,13.370000,1500,0.980000,0.130000
1477417502135,13.360000,13.360000,5000,13.370000,3600,0.980000,0.130000
1477417504654,13.360000,13.350000,8700,13.360000,1500,0.980000,0.130000
1477417509142,13.360000,13.360000,1900,13.370000,8100,0.980000,0.130000
1477417511645,13.368300,13.360000,1200,13.370000,8100,1.050000,0.138300
1477417513640,13.368300,13.360000,1900,13.370000,8100,1.050000,0.138300
1477417516143,13.363500,13.360000,1900,13.370000,8100,1.010000,0.133500
1477417518153,13.360100,13.360000,2100,13.370000,8100,0.980000,0.130100
1477417520164,13.360100,13.360000,2200,13.370000,9600,0.980000,0.130100
1477417522649,13.364500,13.360000,2100,13.370000,8100,1.020000,0.134500
1477417524647,13.364500,13.360000,2100,13.370000,8100,1.020000,0.134500
1477417526156,13.364500,13.360000,2100,13.370000,8100,1.020000,0.134500
1477417529148,13.360000,13.360000,2100,13.370000,8100,0.980000,0.130000
1477417531150,13.360000,13.360000,2100,13.370000,8100,0.980000,0.130000
1477417533196,13.360000,13.360000,1100,13.370000,11000,0.980000,0.130000
1477417535190,13.360000,13.360000,1100,13.370000,11300,0.980000,0.130000
1477417537653,13.360000,13.360000,1100,13.370000,12500,0.980000,0.130000
1477417540656,13.360000,13.360000,1100,13.370000,12500,0.980000,0.130000
1477417542655,13.369900,13.360000,1100,13.370000,12000,1.060000,0.139900
1477417544657,13.369900,13.360000,2000,13.370000,9300,1.060000,0.139900
1477417547172,13.369900,13.360000,1200,13.370000,9300,1.060000,0.139900
1477417549224,13.369900,13.360000,1100,13.370000,9400,1.060000,0.139900
1477417551662,13.369900,13.360000,1100,13.370000,9400,1.060000,0.139900
1477417553652,13.365000,13.360000,800,13.370000,13200,1.020000,0.135000
1477417556165,13.365000,13.360000,800,13.370000,13200,1.020000,0.135000
1477417558157,13.365000,13.360000,1000,13.370000,13200,1.020000,0.135000
1477417560163,13.365000,13.360000,1000,13.370000,13200,1.020000,0.135000
1477417562691,13.365000,13.360000,1000,13.370000,13200,1.020000,0.135000
1477417564732,13.365000,13.360000,1000,13.370000,13200,1.020000,0.135000
1477417568164,13.365000,13.360000,1000,13.370000,13000,1.020000,0.135000
1477417570170,13.365000,13.360000,5900,13.370000,10200,1.020000,0.135000
1477417572670,13.369600,13.360000,5900,13.370000,10200,1.060000,0.139600
1477417575169,13.365000,13.360000,5900,13.370000,10200,1.020000,0.135000
1477417577171,13.365000,13.360000,5900,13.370000,10000,1.020000,0.135000
1477417578700,13.360000,13.360000,5900,13.370000,10100,0.980000,0.130000
1477417581663,13.360000,13.360000,5900,13.370000,10100,0.980000,0.130000
1477417584107,13.360000,13.360000,5900,13.370000,10100,0.980000,0.130000
1477417586104,13.360000,13.360000,5900,13.370000,10100,0.980000,0.130000
1477417588604,13.360000,13.350000,6100,13.360000,2600,0.980000,0.130000
1477417590616,13.340000,13.340000,7400,13.350000,13600,0.830000,0.110000
1477417592605,13.340000,13.340000,7600,13.350000,11300,0.830000,0.110000
1477417595606,13.340000,13.340000,7600,13.350000,11400,0.830000,0.110000
1477417597608,13.340000,13.340000,6700,13.350000,11400,0.830000,0.110000
1477417599608,13.350000,13.340000,6700,13.350000,10600,0.910000,0.120000
1477417602106,13.350000,13.340000,8700,13.350000,7200,0.910000,0.120000
1477417604111,13.350000,13.340000,8700,13.350000,7300,0.910000,0.120000
1477417606638,13.340000,13.340000,6400,13.350000,12900,0.830000,0.110000
1477417609114,13.340000,13.340000,6200,13.350000,12600,0.830000,0.110000
1477417611615,13.341000,13.340000,6200,13.350000,12600,0.840000,0.111000
1477417613618,13.341000,13.340000,6200,13.350000,12600,0.840000,0.111000
1477417616117,13.347900,13.340000,6100,13.350000,12600,0.890000,0.117900
1477417618117,13.340000,13.340000,6300,13.350000,12300,0.830000,0.110000
1477417620142,13.340000,13.340000,5900,13.350000,12300,0.830000,0.110000
1477417622623,13.340000,13.340000,5900,13.350000,11600,0.830000,0.110000
1477417624620,13.330000,13.330000,17900,13.340000,2500,0.760000,0.100000
1477417626630,13.334100,13.330000,17900,13.340000,1700,0.790000,0.104100
1477417628130,13.340000,13.340000,3300,13.350000,7500,0.830000,0.110000
1477417631125,13.340100,13.340000,2600,13.350000,9100,0.830000,0.110100
1477417633176,13.345500,13.340000,2600,13.350000,9200,0.870000,0.115500
1477417636136,13.348900,13.340000,2600,13.350000,9600,0.900000,0.118900
1477417638131,13.340000,13.340000,2100,13.350000,9700,0.830000,0.110000
1477417640625,13.350000,13.340000,9900,13.350000,3800,0.910000,0.120000
1477417643166,13.350000,13.350000,8600,13.360000,3000,0.910000,0.120000
1477417644633,13.350000,13.350000,8000,13.360000,3000,0.910000,0.120000
1477417647630,13.350000,13.350000,2000,13.360000,8800,0.910000,0.120000
1477417649681,13.350000,13.350000,1000,13.360000,10100,0.910000,0.120000
1477417652133,13.350000,13.350000,1100,13.360000,10100,0.910000,0.120000
1477417654133,13.350000,13.350000,800,13.360000,10400,0.910000,0.120000
1477417656178,13.350000,13.350000,900,13.360000,10400,0.910000,0.120000
1477417659131,13.350000,13.350000,1000,13.360000,11000,0.910000,0.120000
1477417661633,13.300000,13.300000,300,13.310000,16100,0.530000,0.070000
1477417664174,13.293000,13.290000,8900,13.300000,4200,0.480000,0.063000
1477417668643,13.300000,13.290000,7800,13.300000,2800,0.530000,0.070000
1477417669644,13.300000,13.290000,7300,13.300000,2800,0.530000,0.070000
1477417673638,13.300000,13.290000,2900,13.300000,4500,0.530000,0.070000
1477417675648,13.300000,13.290000,2900,13.300000,4100,0.530000,0.070000
1477417677676,13.297900,13.290000,2900,13.300000,6300,0.510000,0.067900
1477417680146,13.280000,13.280000,7100,13.290000,3400,0.380000,0.050000
1477417682143,13.282400,13.280000,6900,13.290000,3100,0.400000,0.052400
1477417684648,13.280000,13.280000,4100,13.290000,9900,0.380000,0.050000
1477417686149,13.300000,13.290000,1800,13.300000,10400,0.530000,0.070000
1477417688642,13.290000,13.290000,400,13.300000,13300,0.450000,0.060000
1477417691223,13.290000,13.290000,100,13.300000,14200,0.450000,0.060000
1477417693176,13.299500,13.290000,400,13.300000,13700,0.530000,0.069500
1477417695190,13.294900,13.290000,1000,13.300000,15200,0.490000,0.064900
1477417697157,13.290000,13.290000,1000,13.300000,15200,0.450000,0.060000
1477417699651,13.290000,13.290000,200,13.300000,16400,0.450000,0.060000
1477417702153,13.295000,13.290000,2600,13.300000,9800,0.490000,0.065000
1477417704155,13.299900,13.290000,3400,13.300000,9200,0.530000,0.069900
1477417706141,13.290000,13.290000,1700,13.300000,17000,0.450000,0.060000
1477417708653,13.290000,13.290000,1700,13.300000,16900,0.450000,0.060000
1477417710189,13.290000,13.290000,1700,13.300000,16900,0.450000,0.060000
1477417713161,13.290000,13.290000,1700,13.300000,15700,0.450000,0.060000
1477417715161,13.298900,13.290000,2200,13.300000,10900,0.520000,0.068900
1477417717164,13.300000,13.290000,3200,13.300000,9600,0.530000,0.070000
1477417719659,13.300000,13.290000,2900,13.300000,10400,0.530000,0.070000
1477417721672,13.309000,13.300000,300,13.310000,19300,0.600000,0.079000
1477417724195,13.294400,13.290000,3600,13.300000,4300,0.490000,0.064400
1477417726162,13.294400,13.290000,3600,13.300000,4300,0.490000,0.064400
1477417728160,13.294400,13.290000,3700,13.300000,4000,0.490000,0.064400
1477417730715,13.298900,13.290000,3700,13.300000,4000,0.520000,0.068900
1477417733166,13.298900,13.290000,3700,13.300000,3600,0.520000,0.068900
1477417735170,13.290700,13.290000,3700,13.300000,4200,0.460000,0.060700
1477417737654,13.290700,13.290000,3100,13.300000,3600,0.460000,0.060700
1477417739644,13.297300,13.290000,3100,13.300000,3600,0.510000,0.067300
1477417742175,13.290000,13.290000,3300,13.300000,3400,0.450000,0.060000
1477417744603,13.290000,13.290000,3500,13.300000,4800,0.450000,0.060000
1477417746105,13.290000,13.290000,4500,13.300000,2200,0.450000,0.060000
1477417748601,13.298900,13.290000,3600,13.300000,3600,0.520000,0.068900
1477417751140,13.298900,13.290000,3300,13.300000,3600,0.520000,0.068900
1477417753608,13.298900,13.290000,3300,13.300000,3500,0.520000,0.068900
1477417755610,13.298900,13.290000,3300,13.300000,3700,0.520000,0.068900
1477417758119,13.291100,13.290000,1900,13.300000,5500,0.460000,0.061100
1477417760111,13.290000,13.290000,4400,13.300000,3600,0.450000,0.060000
1477417762114,13.295900,13.290000,2800,13.300000,5300,0.500000,0.065900
1477417765614,13.295900,13.290000,2700,13.300000,5100,0.500000,0.065900
1477417767612,13.295900,13.290000,3400,13.300000,3700,0.500000,0.065900
1477417770116,13.295900,13.290000,3500,13.300000,3400,0.500000,0.065900
1477417772120,13.295900,13.290000,3600,13.300000,3400,0.500000,0.065900
1477417774649,13.300000,13.290000,4000,13.300000,2800,0.530000,0.070000
1477417777116,13.300000,13.290000,3600,13.300000,4100,0.530000,0.070000
1477417779125,13.300000,13.290000,3500,13.300000,6900,0.530000,0.070000
1477417781171,13.290000,13.280000,12200,13.290000,2700,0.450000,0.060000
1477417783621,13.290000,13.280000,10200,13.290000,1500,0.450000,0.060000
1477417786117,13.290000,13.290000,1700,13.300000,11400,0.450000,0.060000
1477417788621,13.294900,13.290000,1800,13.300000,9000,0.490000,0.064900
1477417791127,13.290100,13.290000,800,13.300000,15000,0.450000,0.060100
1477417793129,13.290100,13.290000,1100,13.300000,12300,0.450000,0.060100
1477417795626,13.290100,13.290000,1100,13.300000,12300,0.450000,0.060100
1477417797642,13.290100,13.290000,700,13.300000,13000,0.450000,0.060100
1477417800132,13.290100,13.290000,1100,13.300000,12500,0.450000,0.060100
1477417802127,13.281100,13.280000,10000,13.290000,3200,0.390000,0.051100
1477417804629,13.281100,13.280000,7000,13.290000,3600,0.390000,0.051100
1477417806632,13.286100,13.280000,6900,13.290000,5800,0.420000,0.056100
1477417809136,13.285000,13.280000,6900,13.290000,5800,0.420000,0.055000
1477417813637,13.285000,13.280000,18400,13.290000,1300,0.420000,0.055000
1477417816138,13.288000,13.280000,17800,13.290000,1400,0.440000,0.058000
1477417818136,13.290000,13.280000,17900,13.290000,1400,0.450000,0.060000
1477417820137,13.280000,13.280000,3700,13.290000,9200,0.380000,0.050000
1477417822644,13.289200,13.280000,4100,13.290000,6600,0.450000,0.059200
1477417824646,13.289200,13.280000,3800,13.290000,9400,0.450000,0.059200
1477417827652,13.289000,13.280000,3800,13.290000,6100,0.450000,0.059000
1477417830151,13.289000,13.280000,11900,13.290000,1600,0.450000,0.059000
1477417832134,13.286600,13.280000,11400,13.290000,2000,0.430000,0.056600
1477417834646,13.286600,13.280000,7400,13.290000,2700,0.430000,0.056600
1477417835678,13.286600,13.280000,18200,13.290000,2000,0.430000,0.056600
1477417838677,13.290000,13.280000,17200,13.290000,7500,0.450000,0.060000
1477417841693,13.290000,13.280000,18900,13.290000,6700,0.450000,0.060000
1477417843158,13.290000,13.280000,18900,13.290000,6700,0.450000,0.060000
1477417846155,13.290000,13.280000,18000,13.290000,6700,0.450000,0.060000
1477417848157,13.289000,13.280000,18000,13.290000,1400,0.450000,0.059000
1477417850152,13.289000,13.280000,18000,13.290000,1600,0.450000,0.059000
1477417852153,13.289000,13.280000,18700,13.290000,1600,0.450000,0.059000
1477417854195,13.281000,13.280000,17700,13.290000,1600,0.390000,0.051000
1477417856645,13.289000,13.280000,17600,13.290000,2700,0.450000,0.059000
1477417859662,13.290000,13.280000,16200,13.290000,2600,0.450000,0.060000
1477417862147,13.280100,13.280000,16700,13.290000,2700,0.380000,0.050100
1477417864154,13.285000,13.280000,16800,13.290000,2700,0.420000,0.055000
1477417866666,13.280000,13.280000,7000,13.290000,15300,0.380000,0.050000
1477417868657,13.260000,13.260000,2000,13.270000,8700,0.230000,0.030000
1477417870662,13.250000,13.240000,8800,13.250000,1400,0.150000,0.020000
1477417873237,13.245000,13.240000,4500,13.250000,6100,0.110000,0.015000
1477417875162,13.245000,13.240000,7700,13.250000,3700,0.110000,0.015000
1477417877655,13.250000,13.250000,3200,13.260000,6100,0.150000,0.020000
1477417879151,13.266600,13.260000,12300,13.270000,1200,0.280000,0.036600
1477417882171,13.280000,13.270000,9500,13.280000,1200,0.380000,0.050000
1477417884164,13.280000,13.270000,8300,13.280000,2500,0.380000,0.050000
1477417886165,13.271100,13.270000,2200,13.280000,11500,0.310000,0.041100
1477417888677,13.271100,13.270000,3100,13.280000,8800,0.310000,0.041100
1477417891677,13.270000,13.260000,9700,13.270000,2500,0.300000,0.040000
1477417894174,13.270000,13.260000,10200,13.270000,2400,0.300000,0.040000
1477417896181,13.265000,13.260000,6500,13.270000,4400,0.260000,0.035000
1477417898104,13.265000,13.260000,8800,13.270000,4200,0.260000,0.035000
1477417900608,13.260000,13.260000,9200,13.270000,3500,0.230000,0.030000
1477417904108,13.260000,13.260000,11600,13.270000,1600,0.230000,0.030000
1477417906609,13.267900,13.260000,21700,13.270000,1100,0.290000,0.037900
1477417908609,13.267900,13.260000,17200,13.270000,1100,0.290000,0.037900
1477417911109,13.270000,13.260000,12000,13.270000,2000,0.300000,0.040000
1477417913113,13.270000,13.260000,7400,13.270000,6900,0.300000,0.040000
1477417915646,13.270000,13.260000,10700,13.270000,5800,0.300000,0.040000
1477417918113,13.260100,13.260000,10300,13.270000,5800,0.230000,0.030100
1477417919614,13.271400,13.270000,5600,13.280000,4200,0.310000,0.041400
1477417922615,13.279900,13.270000,3700,13.280000,5800,0.380000,0.049900
1477417925120,13.279900,13.270000,1800,13.280000,10900,0.380000,0.049900
1477417927659,13.279900,13.270000,800,13.280000,15700,0.380000,0.049900
1477417929651,13.280000,13.270000,3200,13.280000,5100,0.380000,0.050000
1477417931143,13.280000,13.270000,2500,13.280000,6600,0.380000,0.050000
1477417934158,13.270300,13.270000,5800,13.280000,2800,0.300000,0.040300
1477417936126,13.270300,13.270000,5800,13.280000,1900,0.300000,0.040300
1477417938618,13.275000,13.270000,6600,13.280000,1300,0.340000,0.045000
1477417941613,13.270000,13.270000,3500,13.280000,4800,0.300000,0.040000
1477417944124,13.270000,13.270000,5900,13.280000,2500,0.300000,0.040000
1477417946665,13.271000,13.270000,10800,13.280000,1200,0.310000,0.041000
1477417948636,13.277200,13.270000,9900,13.280000,1300,0.360000,0.047200
1477417951136,13.277200,13.270000,5100,13.280000,3800,0.360000,0.047200
1477417953119,13.277200,13.270000,5100,13.280000,1700,0.360000,0.047200
1477417956135,13.277200,13.270000,6300,13.280000,2200,0.360000,0.047200
1477417958144,13.277200,13.270000,9100,13.280000,4400,0.360000,0.047200
1477417960634,13.277200,13.270000,8100,13.280000,5500,0.360000,0.047200
1477417963141,13.277200,13.270000,8500,13.280000,4000,0.360000,0.047200
1477417966137,13.280000,13.270000,8300,13.280000,3600,0.380000,0.050000
1477417968175,13.280000,13.270000,9000,13.280000,2200,0.380000,0.050000
1477417970640,13.279900,13.270000,9200,13.280000,2900,0.380000,0.049900
1477417972644,13.279900,13.270000,9100,13.280000,2900,0.380000,0.049900
1477417974652,13.280000,13.270000,8600,13.280000,2500,0.380000,0.050000
1477417976642,13.279900,13.270000,8700,13.280000,1900,0.380000,0.049900
1477417978652,13.279900,13.270000,8700,13.280000,1800,0.380000,0.049900
1477417981155,13.280000,13.280000,800,13.290000,13700,0.380000,0.050000
1477417983638,13.280000,13.280000,3200,13.290000,10600,0.380000,0.050000
1477417985679,13.280000,13.280000,3100,13.290000,10600,0.380000,0.050000
1477417988176,13.280000,13.280000,600,13.290000,18400,0.380000,0.050000
1477417990147,13.280000,13.280000,200,13.290000,19100,0.380000,0.050000
1477417992652,13.280000,13.280000,300,13.290000,18800,0.380000,0.050000
1477417994660,13.280000,13.280000,5300,13.290000,8100,0.380000,0.050000
1477417997158,13.280000,13.280000,5100,13.290000,13000,0.380000,0.050000
1477417999167,13.280000,13.270000,3300,13.280000,4900,0.380000,0.050000
1477418001669,13.280000,13.270000,10200,13.280000,800,0.380000,0.050000
1477418003151,13.280000,13.270000,11700,13.280000,1600,0.380000,0.050000
1477418005658,13.280000,13.280000,6800,13.290000,6000,0.380000,0.050000
1477418008162,13.280000,13.280000,4600,13.290000,6800,0.380000,0.050000
1477418010185,13.280000,13.280000,5000,13.290000,6100,0.380000,0.050000
1477418012683,13.289900,13.280000,4800,13.290000,5400,0.450000,0.059900
1477418015188,13.289900,13.280000,4800,13.290000,3500,0.450000,0.059900
1477418017165,13.289900,13.280000,4800,13.290000,5400,0.450000,0.059900
1477418019656,13.289900,13.280000,4800,13.290000,5400,0.450000,0.059900
1477418022167,13.289900,13.280000,4500,13.290000,5000,0.450000,0.059900
1477418024672,13.278900,13.270000,4700,13.280000,2500,0.370000,0.048900
1477418026726,13.278900,13.270000,1400,13.280000,5700,0.370000,0.048900
1477418028185,13.270000,13.270000,1400,13.280000,9700,0.300000,0.040000
1477418031169,13.270000,13.270000,1400,13.280000,9200,0.300000,0.040000
1477418033167,13.270000,13.270000,3300,13.280000,8500,0.300000,0.040000
1477418035166,13.280000,13.270000,10500,13.280000,1500,0.380000,0.050000
1477418037700,13.280000,13.280000,1600,13.290000,11300,0.380000,0.050000
1477418040201,13.280000,13.280000,1200,13.290000,11800,0.380000,0.050000
1477418041696,13.280000,13.280000,900,13.290000,12300,0.380000,0.050000
1477418044672,13.280000,13.270000,4000,13.280000,11800,0.380000,0.050000
1477418046603,13.280000,13.270000,4000,13.280000,11800,0.380000,0.050000
1477418049106,13.280000,13.270000,4200,13.280000,11800,0.380000,0.050000
1477418051102,13.280000,13.270000,4200,13.280000,11800,0.380000,0.050000
1477418054107,13.265000,13.260000,22800,13.270000,2500,0.260000,0.035000
1477418057106,13.270000,13.260000,22700,13.270000,2900,0.300000,0.040000
1477418059616,13.270000,13.270000,2300,13.280000,13300,0.300000,0.040000
1477418062611,13.270000,13.270000,1500,13.280000,13300,0.300000,0.040000
1477418064612,13.270100,13.270000,1600,13.280000,12800,0.300000,0.040100
1477418067116,13.280000,13.270000,3700,13.280000,6900,0.380000,0.050000
1477418069121,13.271000,13.270000,2800,13.280000,7000,0.310000,0.041000
1477418071130,13.280000,13.270000,6900,13.280000,1000,0.380000,0.050000
1477418073116,13.280000,13.280000,1200,13.290000,9800,0.380000,0.050000
1477418075618,13.280000,13.280000,8500,13.290000,5800,0.380000,0.050000
1477418077617,13.280000,13.280000,8500,13.290000,5900,0.380000,0.050000
1477418080627,13.280000,13.280000,7300,13.290000,4200,0.380000,0.050000
1477418082621,13.280000,13.280000,10400,13.290000,3600,0.380000,0.050000
1477418084129,13.280000,13.280000,5100,13.290000,3600,0.380000,0.050000
1477418087173,13.290000,13.280000,5400,13.290000,1400,0.450000,0.060000
1477418089129,13.285700,13.280000,9000,13.290000,1600,0.420000,0.055700
1477418091619,13.285700,13.280000,5600,13.290000,4700,0.420000,0.055700
1477418093622,13.288900,13.280000,5500,13.290000,1800,0.450000,0.058900
1477418096137,13.288900,13.280000,5500,13.290000,1700,0.450000,0.058900
1477418097627,13.290000,13.280000,5400,13.290000,3200,0.450000,0.060000
1477418100679,13.290000,13.280000,5500,13.290000,4100,0.450000,0.060000
1477418102648,13.281100,13.280000,1600,13.290000,7900,0.390000,0.051100
1477418103667,13.280000,13.280000,1600,13.290000,8000,0.380000,0.050000
1477418107135,13.280000,13.280000,9700,13.290000,2000,0.380000,0.050000
1477418109136,13.290000,13.280000,12800,13.290000,2000,0.450000,0.060000
1477418111638,13.290000,13.290000,1700,13.300000,9000,0.450000,0.060000
1477418114140,13.287300,13.280000,7200,13.290000,2700,0.430000,0.057300
1477418116664,13.283900,13.280000,6300,13.290000,2700,0.410000,0.053900
1477418119644,13.280000,13.280000,8800,13.290000,2000,0.380000,0.050000
1477418121643,13.280000,13.280000,8800,13.290000,2000,0.380000,0.050000
1477418123642,13.280000,13.280000,7900,13.290000,2900,0.380000,0.050000
1477418126644,13.280000,13.280000,10400,13.290000,2100,0.380000,0.050000
1477418128641,13.280000,13.280000,10400,13.290000,1800,0.380000,0.050000
1477418131154,13.280000,13.280000,11300,13.290000,1200,0.380000,0.050000
1477418132640,13.280000,13.280000,12200,13.290000,1100,0.380000,0.050000
1477418135659,13.280000,13.280000,12100,13.290000,1200,0.380000,0.050000
1477418138656,13.290000,13.290000,1400,13.300000,8500,0.450000,0.060000
1477418140656,13.290000,13.290000,1500,13.300000,8300,0.450000,0.060000
1477418142651,13.290000,13.290000,1300,13.300000,9100,0.450000,0.060000
1477418145687,13.290000,13.280000,10200,13.290000,2800,0.450000,0.060000
1477418147659,13.289000,13.280000,8100,13.290000,2800,0.450000,0.059000
1477418149657,13.289000,13.280000,7900,13.290000,3100,0.450000,0.059000
1477418152646,13.280000,13.280000,5300,13.290000,3100,0.380000,0.050000
1477418154654,13.280000,13.280000,9000,13.290000,2800,0.380000,0.050000
1477418157161,13.280000,13.280000,9000,13.290000,2800,0.380000,0.050000
1477418158626,13.290000,13.280000,9700,13.290000,2800,0.450000,0.060000
1477418161665,13.290000,13.290000,1300,13.300000,7700,0.450000,0.060000
1477418163698,13.290000,13.290000,2200,13.300000,7700,0.450000,0.060000
1477418166163,13.290000,13.290000,2200,13.300000,7700,0.450000,0.060000
1477418167647,13.290000,13.290000,1600,13.300000,7700,0.450000,0.060000
1477418170649,13.290000,13.290000,900,13.300000,14800,0.450000,0.060000
1477418172656,13.290000,13.290000,300,13.300000,16500,0.450000,0.060000
1477418173687,13.290000,13.290000,300,13.300000,16300,0.450000,0.060000
1477418177187,13.295000,13.290000,1200,13.300000,8800,0.490000,0.065000
1477418179659,13.295000,13.290000,1400,13.300000,6600,0.490000,0.065000
1477418182163,13.290000,13.290000,700,13.300000,19700,0.450000,0.060000
1477418184214,13.294000,13.290000,1000,13.300000,18300,0.480000,0.064000
1477418186674,13.290000,13.290000,1200,13.300000,15000,0.450000,0.060000
1477418188174,13.290000,13.290000,1200,13.300000,14700,0.450000,0.060000
1477418190663,13.290000,13.290000,1200,13.300000,10000,0.450000,0.060000
1477418192677,13.290000,13.290000,1200,13.300000,14000,0.450000,0.060000
1477418195175,13.290000,13.290000,1200,13.300000,14000,0.450000,0.060000
1477418197606,13.290000,13.290000,1000,13.300000,14100,0.450000,0.060000
1477418199629,13.290000,13.290000,1200,13.300000,9300,0.450000,0.060000
1477418201103,13.300000,13.290000,6300,13.300000,4100,0.530000,0.070000
1477418204603,13.299000,13.290000,6000,13.300000,4100,0.520000,0.069000
1477418206618,13.298900,13.290000,5900,13.300000,4100,0.520000,0.068900
1477418208609,13.298900,13.290000,5100,13.300000,4100,0.520000,0.068900
1477418211107,13.299900,13.290000,5500,13.300000,4100,0.530000,0.069900
1477418213107,13.299900,13.290000,5500,13.300000,4000,0.530000,0.069900
1477418215614,13.299900,13.290000,7200,13.300000,3700,0.530000,0.069900
1477418217612,13.295900,13.290000,7200,13.300000,3600,0.500000,0.065900
1477418219130,13.290000,13.290000,7200,13.300000,3500,0.450000,0.060000
1477418222113,13.309000,13.300000,2300,13.310000,15800,0.600000,0.079000
1477418224116,13.309000,13.300000,2200,13.310000,15800,0.600000,0.079000
1477418226631,13.300000,13.300000,6300,13.310000,3500,0.530000,0.070000
1477418228615,13.300000,13.300000,6100,13.310000,5400,0.530000,0.070000
1477418230621,13.310000,13.300000,6100,13.310000,5400,0.600000,0.080000
1477418233116,13.310000,13.300000,6100,13.310000,5100,0.600000,0.080000
1477418235114,13.304400,13.300000,6200,13.310000,4900,0.560000,0.074400
1477418237126,13.300700,13.300000,6000,13.310000,6400,0.530000,0.070700
1477418239622,13.310000,13.300000,6300,13.310000,5100,0.600000,0.080000
1477418241618,13.300000,13.300000,6800,13.310000,8500,0.530000,0.070000
1477418243625,13.300000,13.300000,6800,13.310000,8600,0.530000,0.070000
1477418246127,13.303600,13.300000,3300,13.310000,14900,0.560000,0.073600
1477418248131,13.303600,13.300000,3300,13.310000,14900,0.560000,0.073600
1477418250155,13.300000,13.290000,12800,13.300000,9700,0.530000,0.070000
1477418252663,13.290000,13.280000,12500,13.290000,2600,0.450000,0.060000
1477418254632,13.290000,13.290000,1100,13.300000,9600,0.450000,0.060000
1477418257627,13.290000,13.290000,1200,13.300000,9500,0.450000,0.060000
1477418259637,13.290000,13.290000,1200,13.300000,9500,0.450000,0.060000
1477418262199,13.300000,13.290000,2000,13.300000,6200,0.530000,0.070000
1477418264635,13.299000,13.290000,2400,13.300000,6100,0.520000,0.069000
1477418266647,13.299000,13.290000,2100,13.300000,6100,0.520000,0.069000
1477418269131,13.295000,13.290000,2100,13.300000,6100,0.490000,0.065000
1477418271140,13.295000,13.290000,2100,13.300000,6100,0.490000,0.065000
1477418273152,13.299000,13.290000,2100,13.300000,6100,0.520000,0.069000
1477418275155,13.300000,13.290000,4800,13.300000,2400,0.530000,0.070000
1477418277173,13.300000,13.290000,4000,13.300000,4000,0.530000,0.070000
1477418281153,13.300000,13.290000,2600,13.300000,7000,0.530000,0.070000
1477418284139,13.300000,13.290000,2900,13.300000,2700,0.530000,0.070000
1477418286649,13.300000,13.300000,400,13.310000,16800,0.530000,0.070000
1477418288643,13.300000,13.300000,1300,13.310000,14100,0.530000,0.070000
1477418290691,13.300000,13.300000,1400,13.310000,10500,0.530000,0.070000
1477418293156,13.300000,13.300000,1500,13.310000,9100,0.530000,0.070000
1477418295158,13.300000,13.300000,1100,13.310000,9800,0.530000,0.070000
1477418297148,13.300000,13.300000,1500,13.310000,9100,0.530000,0.070000
1477418299652,13.310000,13.300000,1200,13.310000,9500,0.600000,0.080000
1477418302152,13.300000,13.300000,1200,13.310000,16800,0.530000,0.070000
1477418304152,13.300000,13.300000,1100,13.310000,15700,0.530000,0.070000
1477418306661,13.300000,13.290000,2300,13.300000,8300,0.530000,0.070000
1477418308166,13.299000,13.290000,5500,13.300000,4900,0.520000,0.069000
1477418311659,13.297800,13.290000,3000,13.300000,5800,0.510000,0.067800
1477418313664,13.297800,13.290000,3800,13.300000,4900,0.510000,0.067800
1477418316155,13.297800,13.290000,5200,13.300000,4500,0.510000,0.067800
1477418318186,13.290000,13.290000,2100,13.300000,9700,0.450000,0.060000
1477418320147,13.290000,13.290000,2100,13.300000,9600,0.450000,0.060000
1477418322673,13.290000,13.290000,2400,13.300000,9300,0.450000,0.060000
1477418325164,13.290000,13.280000,9300,13.290000,5800,0.450000,0.060000
1477418326673,13.290000,13.280000,13600,13.290000,3200,0.450000,0.060000
1477418329148,13.283000,13.280000,11800,13.290000,3700,0.400000,0.053000
1477418331657,13.290000,13.280000,11700,13.290000,3700,0.450000,0.060000
1477418333666,13.290000,13.280000,11800,13.290000,2600,0.450000,0.060000
1477418354602,13.280000,13.280000,7900,13.290000,5200,0.380000,0.050000
1477418359105,13.280000,13.280000,7000,13.290000,5200,0.380000,0.050000
1477418363625,13.280000,13.280000,6000,13.290000,5200,0.380000,0.050000
1477418367612,13.290000,13.280000,12000,13.290000,1300,0.450000,0.060000
1477418370610,13.290000,13.280000,12000,13.290000,1500,0.450000,0.060000
1477418372609,13.290000,13.290000,1700,13.300000,13600,0.450000,0.060000
1477418374616,13.290000,13.290000,1600,13.300000,13000,0.450000,0.060000
1477418378618,13.290000,13.290000,1800,13.300000,10900,0.450000,0.060000
1477418388620,13.290000,13.290000,6000,13.300000,11600,0.450000,0.060000
1477418391121,13.290000,13.290000,5900,13.300000,11600,0.450000,0.060000
1477418400128,13.289000,13.280000,7000,13.290000,5200,0.450000,0.059000
1477418402125,13.280000,13.270000,5100,13.280000,5500,0.380000,0.050000
1477418404629,13.280000,13.270000,1800,13.280000,6700,0.380000,0.050000
1477418406126,13.280000,13.270000,1600,13.280000,10800,0.380000,0.050000
1477418408671,13.270000,13.260000,20700,13.270000,1100,0.300000,0.040000
1477418411126,13.265000,13.270000,4400,13.280000,10400,0.260000,0.035000
1477418412629,13.265000,13.270000,4300,13.280000,10500,0.260000,0.035000
1477418418626,13.265000,13.270000,4600,13.280000,5200,0.260000,0.035000
1477418421640,13.280000,13.270000,3400,13.280000,11900,0.380000,0.050000
1477418424139,13.280000,13.270000,3400,13.280000,8400,0.380000,0.050000
1477418425649,13.280000,13.270000,9400,13.280000,3200,0.380000,0.050000
1477418429644,13.272800,13.270000,9100,13.280000,2300,0.320000,0.042800
1477418432641,13.280000,13.270000,8700,13.280000,2900,0.380000,0.050000
1477418435145,13.280000,13.270000,8700,13.280000,800,0.380000,0.050000
1477418437668,13.280000,13.270000,10300,13.280000,1100,0.380000,0.050000
1477418439647,13.280000,13.270000,10300,13.280000,1100,0.380000,0.050000
1477418442151,13.280000,13.270000,10300,13.280000,1100,0.380000,0.050000
1477418444649,13.280000,13.270000,10100,13.280000,1100,0.380000,0.050000
1477418447654,13.280000,13.270000,10400,13.280000,900,0.380000,0.050000
1477418449642,13.280000,13.280000,1700,13.290000,12600,0.380000,0.050000
1477418452182,13.280000,13.280000,1600,13.290000,14200,0.380000,0.050000
1477418454650,13.280000,13.280000,4100,13.290000,11800,0.380000,0.050000
1477418456658,13.280000,13.280000,4100,13.290000,12200,0.380000,0.050000
1477418459172,13.280000,13.280000,7200,13.290000,9900,0.380000,0.050000
1477418461154,13.290000,13.280000,7700,13.290000,9000,0.450000,0.060000
1477418463156,13.280000,13.280000,7700,13.290000,9100,0.380000,0.050000
1477418465664,13.280000,13.280000,7600,13.290000,9200,0.380000,0.050000
1477418467684,13.280000,13.280000,7600,13.290000,9200,0.380000,0.050000
1477418469643,13.280000,13.280000,7000,13.290000,9100,0.380000,0.050000
1477418472164,13.281100,13.280000,7900,13.290000,9100,0.390000,0.051100
1477418474160,13.280000,13.280000,6000,13.290000,11400,0.380000,0.050000
1477418476665,13.280000,13.280000,4500,13.290000,15000,0.380000,0.050000
1477418478657,13.280000,13.280000,3200,13.290000,15000,0.380000,0.050000
1477418480160,13.270000,13.260000,21000,13.270000,1700,0.300000,0.040000
1477418483200,13.262500,13.260000,21000,13.270000,1000,0.250000,0.032500
1477418486155,13.270000,13.260000,21000,13.270000,1100,0.300000,0.040000
1477418488170,13.270000,13.260000,21000,13.270000,1100,0.300000,0.040000
1477418490666,13.270000,13.260000,21000,13.270000,1100,0.300000,0.040000
1477418492651,13.270000,13.260000,21000,13.270000,2000,0.300000,0.040000
1477418494686,13.270000,13.260000,20400,13.270000,2900,0.300000,0.040000
1477418497179,13.270000,13.260000,20400,13.270000,2000,0.300000,0.040000
1477418499150,13.270000,13.260000,20500,13.270000,700,0.300000,0.040000
1477418502163,13.270000,13.270000,5900,13.280000,5000,0.300000,0.040000
1477418504174,13.270000,13.270000,5500,13.280000,5600,0.300000,0.040000
1477418506185,13.270000,13.270000,1000,13.280000,11300,0.300000,0.040000
1477418508669,13.270000,13.270000,1200,13.280000,7300,0.300000,0.040000
1477418510665,13.280000,13.270000,7500,13.280000,2300,0.380000,0.050000
1477418512604,13.280000,13.270000,7500,13.280000,2300,0.380000,0.050000
1477418515607,13.280000,13.270000,6400,13.280000,2300,0.380000,0.050000
1477418517607,13.270000,13.270000,500,13.280000,14500,0.300000,0.040000
1477418520107,13.270000,13.270000,700,13.280000,14500,0.300000,0.040000
1477418522115,13.270000,13.270000,1000,13.280000,11200,0.300000,0.040000
1477418523610,13.270000,13.270000,100,13.280000,18100,0.300000,0.040000
1477418526612,13.260000,13.260000,19200,13.270000,10400,0.230000,0.030000
1477418528125,13.260000,13.260000,19200,13.270000,10200,0.230000,0.030000
1477418531113,13.270000,13.260000,20100,13.270000,2500,0.300000,0.040000
1477418533154,13.270000,13.260000,20100,13.270000,2000,0.300000,0.040000
1477418535115,13.269200,13.260000,20100,13.270000,2600,0.300000,0.039200
1477418537620,13.269200,13.260000,20100,13.270000,2600,0.300000,0.039200
1477418539120,13.269200,13.260000,20100,13.270000,2600,0.300000,0.039200
1477418542121,13.270000,13.270000,2200,13.280000,9000,0.300000,0.040000
1477418544137,13.280000,13.270000,4400,13.280000,4200,0.380000,0.050000
1477418544137,13.280000,13.270000,4400,13.280000,4200,0.380000,0.050000
1477418548662,13.270000,13.270000,4700,13.280000,3800,0.300000,0.040000
1477418550620,13.280000,13.270000,11400,13.280000,1800,0.380000,0.050000
1477418553124,13.280000,13.270000,7600,13.280000,1700,0.380000,0.050000
1477418555129,13.280000,13.270000,7600,13.280000,800,0.380000,0.050000
1477418564630,13.280000,13.270000,5400,13.280000,4100,0.380000,0.050000
1477418567139,13.270000,13.260000,19400,13.270000,7400,0.300000,0.040000
1477418569142,13.279200,13.260000,19400,13.270000,7400,0.370000,0.049200
1477418571133,13.275000,13.260000,19400,13.270000,7400,0.340000,0.045000
1477418573670,13.260000,13.260000,19400,13.270000,7400,0.230000,0.030000
1477418576132,13.260000,13.260000,19400,13.270000,7400,0.230000,0.030000
1477418578146,13.260000,13.260000,19400,13.270000,7400,0.230000,0.030000
1477418580142,13.270000,13.260000,21300,13.270000,1600,0.300000,0.040000
1477418583218,13.270000,13.260000,21400,13.270000,800,0.300000,0.040000
1477418585642,13.270000,13.260000,20800,13.270000,1200,0.300000,0.040000
1477418588135,13.264600,13.260000,19500,13.270000,7300,0.260000,0.034600
1477418590137,13.264600,13.260000,19500,13.270000,6500,0.260000,0.034600
1477418592675,13.250000,13.250000,1800,13.260000,12000,0.150000,0.020000
1477418594646,13.250000,13.250000,2600,13.260000,10400,0.150000,0.020000
1477418597145,13.250000,13.250000,3700,13.260000,7600,0.150000,0.020000
1477418599192,13.250000,13.250000,3200,13.260000,9200,0.150000,0.020000
1477418601155,13.250000,13.250000,4200,13.260000,8000,0.150000,0.020000
1477418603651,13.250000,13.250000,4200,13.260000,7200,0.150000,0.020000
1477418605653,13.258900,13.250000,2900,13.260000,9600,0.220000,0.028900
1477418608150,13.259200,13.250000,4100,13.260000,7200,0.220000,0.029200
1477418610148,13.259200,13.250000,4200,13.260000,7200,0.220000,0.029200
1477418612145,13.266900,13.260000,4000,13.270000,6700,0.280000,0.036900
1477418614193,13.270000,13.260000,10800,13.270000,1100,0.300000,0.040000
1477418616651,13.270000,13.260000,11100,13.270000,1100,0.300000,0.040000
1477418619145,13.270000,13.270000,3900,13.280000,8500,0.300000,0.040000
1477418621170,13.270000,13.270000,4400,13.280000,6400,0.300000,0.040000
1477418623159,13.270000,13.270000,5600,13.280000,4100,0.300000,0.040000
1477418625661,13.270000,13.270000,5900,13.280000,4200,0.300000,0.040000
1477418629189,13.270000,13.270000,5600,13.280000,3600,0.300000,0.040000
1477418631170,13.270000,13.270000,4600,13.280000,5700,0.300000,0.040000
1477418635144,13.270000,13.270000,7700,13.280000,2500,0.300000,0.040000
1477418637157,13.280000,13.280000,1700,13.290000,15200,0.380000,0.050000
1477418639661,13.280000,13.280000,1700,13.290000,15300,0.380000,0.050000
1477418641689,13.280000,13.280000,1600,13.290000,20100,0.380000,0.050000
1477418643693,13.280000,13.280000,1700,13.290000,20100,0.380000,0.050000
1477418646147,13.280000,13.280000,1600,13.290000,20100,0.380000,0.050000
1477418648160,13.285000,13.280000,1700,13.290000,21300,0.420000,0.055000
1477418650671,13.285000,13.280000,400,13.290000,22000,0.420000,0.055000
1477418652669,13.289000,13.280000,2500,13.290000,8700,0.450000,0.059000
1477418655146,13.280000,13.280000,1100,13.290000,14800,0.380000,0.050000
1477418657211,13.280000,13.280000,1000,13.290000,14900,0.380000,0.050000
1477418659227,13.280000,13.280000,1600,13.290000,14900,0.380000,0.050000
1477418661658,13.280000,13.280000,1000,13.290000,15000,0.380000,0.050000
1477418663669,13.280000,13.280000,1000,13.290000,19900,0.380000,0.050000
1477418666156,13.290000,13.280000,8100,13.290000,5200,0.450000,0.060000
1477418668177,13.290000,13.280000,6600,13.290000,5200,0.450000,0.060000
1477418670128,13.283000,13.280000,6000,13.290000,5200,0.400000,0.053000
1477418672125,13.289000,13.280000,3600,13.290000,8000,0.450000,0.059000
1477418674601,13.280000,13.280000,500,13.290000,17300,0.380000,0.050000
1477418676106,13.280000,13.280000,1400,13.290000,11900,0.380000,0.050000
1477418679105,13.280000,13.280000,2100,13.290000,9700,0.380000,0.050000
1477418681110,13.280000,13.280000,2100,13.290000,9700,0.380000,0.050000
1477418683608,13.280000,13.280000,2100,13.290000,9800,0.380000,0.050000
1477418686153,13.280000,13.280000,2100,13.290000,9700,0.380000,0.050000
1477418688630,13.280000,13.280000,2100,13.290000,8800,0.380000,0.050000
1477418688630,13.280000,13.280000,2100,13.290000,8800,0.380000,0.050000
1477418692611,13.280000,13.280000,4300,13.290000,7200,0.380000,0.050000
1477418695608,13.280000,13.280000,5500,13.290000,6800,0.380000,0.050000
1477418697113,13.280000,13.280000,5400,13.290000,6800,0.380000,0.050000
1477418699626,13.285900,13.280000,5400,13.290000,6800,0.420000,0.055900
1477418702189,13.289900,13.280000,4600,13.290000,6800,0.450000,0.059900
1477418704118,13.289900,13.280000,5000,13.290000,6800,0.450000,0.059900
1477418705611,13.280000,13.280000,7200,13.290000,1400,0.380000,0.050000
1477418708626,13.290000,13.280000,6100,13.290000,2700,0.450000,0.060000
1477418710121,13.290000,13.280000,8700,13.290000,1100,0.450000,0.060000
1477418713134,13.290000,13.280000,4900,13.290000,2700,0.450000,0.060000
1477418715134,13.280000,13.280000,3200,13.290000,5800,0.380000,0.050000
1477418717128,13.280000,13.280000,2900,13.290000,3900,0.380000,0.050000
1477418719625,13.280000,13.280000,4000,13.290000,3000,0.380000,0.050000
1477418722131,13.280000,13.280000,2000,13.290000,8500,0.380000,0.050000
1477418724124,13.280000,13.280000,4700,13.290000,4600,0.380000,0.050000
1477418725626,13.280000,13.280000,7500,13.290000,4000,0.380000,0.050000
1477418728136,13.280000,13.280000,7100,13.290000,4000,0.380000,0.050000
1477418730693,13.287000,13.280000,4800,13.290000,4400,0.430000,0.057000
1477418733628,13.285000,13.280000,1800,13.290000,10800,0.420000,0.055000
1477418735633,13.285000,13.280000,1400,13.290000,11600,0.420000,0.055000
1477418738138,13.288700,13.280000,2200,13.290000,5700,0.440000,0.058700
1477418740632,13.289900,13.280000,1400,13.290000,10600,0.450000,0.059900
1477418742681,13.289900,13.280000,1400,13.290000,10600,0.450000,0.059900
1477418745627,13.280000,13.280000,300,13.290000,12400,0.380000,0.050000
1477418747640,13.289900,13.280000,300,13.290000,11300,0.450000,0.059900
1477418749143,13.285000,13.280000,300,13.290000,11200,0.420000,0.055000
1477418752146,13.289200,13.280000,700,13.290000,11000,0.450000,0.059200
1477418754146,13.286000,13.280000,800,13.290000,11000,0.420000,0.056000
1477418756633,13.286000,13.280000,700,13.290000,12100,0.420000,0.056000
1477418759154,13.289900,13.280000,700,13.290000,12100,0.450000,0.059900
1477418761154,13.289900,13.280000,400,13.290000,12100,0.450000,0.059900
1477418763655,13.289900,13.280000,1300,13.290000,7300,0.450000,0.059900
1477418765645,13.289900,13.280000,2900,13.290000,6100,0.450000,0.059900
1477418768149,13.289900,13.280000,2000,13.290000,6800,0.450000,0.059900
1477418770156,13.289900,13.280000,6200,13.290000,5400,0.450000,0.059900
1477418772166,13.289900,13.280000,4300,13.290000,6400,0.450000,0.059900
1477418774649,13.285900,13.280000,4200,13.290000,6600,0.420000,0.055900
1477418776647,13.285900,13.280000,4200,13.290000,6600,0.420000,0.055900
1477418779153,13.280000,13.280000,7000,13.290000,2500,0.380000,0.050000
1477418781155,13.295000,13.290000,1100,13.300000,15000,0.490000,0.065000
1477418783143,13.295000,13.290000,1100,13.300000,15000,0.490000,0.065000
1477418785647,13.290000,13.280000,5600,13.290000,3900,0.450000,0.060000
1477418787172,13.290000,13.280000,4400,13.290000,3800,0.450000,0.060000
1477418790165,13.290000,13.280000,4400,13.290000,3400,0.450000,0.060000
1477418792162,13.290000,13.280000,4200,13.290000,3200,0.450000,0.060000
1477418795158,13.290000,13.280000,11400,13.290000,2800,0.450000,0.060000
1477418797157,13.290000,13.280000,6900,13.290000,3100,0.450000,0.060000
1477418799655,13.290000,13.280000,8800,13.290000,3000,0.450000,0.060000
1477418801219,13.280000,13.280000,2900,13.290000,6100,0.380000,0.050000
1477418804152,13.280000,13.280000,2900,13.290000,6900,0.380000,0.050000
1477418806188,13.280000,13.270000,7200,13.280000,2600,0.380000,0.050000
1477418808663,13.280000,13.270000,8300,13.280000,2500,0.380000,0.050000
1477418810670,13.280000,13.270000,11700,13.280000,1300,0.380000,0.050000
1477418813157,13.280000,13.270000,7400,13.280000,1200,0.380000,0.050000
1477418815172,13.280000,13.270000,7400,13.280000,2500,0.380000,0.050000
1477418817678,13.280000,13.270000,7400,13.280000,2500,0.380000,0.050000
1477418820182,13.280000,13.270000,7100,13.280000,2500,0.380000,0.050000
1477418822686,13.279900,13.270000,7100,13.280000,2500,0.380000,0.049900
1477418824654,13.280000,13.280000,2300,13.290000,6700,0.380000,0.050000
1477418827189,13.280000,13.280000,1300,13.290000,7500,0.380000,0.050000
1477418828619,13.280000,13.280000,1400,13.290000,6400,0.380000,0.050000
1477418831603,13.280000,13.280000,1400,13.290000,6300,0.380000,0.050000
1477418833615,13.280000,13.280000,1400,13.290000,6300,0.380000,0.050000
1477418835606,13.280000,13.280000,1400,13.290000,8400,0.380000,0.050000
1477418838109,13.280000,13.280000,2400,13.290000,7100,0.380000,0.050000
1477418840640,13.290000,13.280000,6100,13.290000,3000,0.450000,0.060000
1477418842612,13.290000,13.280000,9300,13.290000,3000,0.450000,0.060000
1477418845124,13.290000,13.280000,9900,13.290000,3100,0.450000,0.060000
1477418847614,13.280000,13.280000,8700,13.290000,3100,0.380000,0.050000
1477418849116,13.280000,13.280000,9300,13.290000,3100,0.380000,0.050000
1477418852113,13.280000,13.280000,9300,13.290000,2900,0.380000,0.050000
1477418854117,13.280000,13.280000,9300,13.290000,2900,0.380000,0.050000
1477418856122,13.290000,13.280000,10900,13.290000,2700,0.450000,0.060000
1477418858618,13.280000,13.280000,9300,13.290000,3100,0.380000,0.050000
1477418865123,13.280000,13.280000,1200,13.290000,8000,0.380000,0.050000
1477418867120,13.280000,13.280000,900,13.290000,10000,0.380000,0.050000
1477418869124,13.280000,13.280000,900,13.290000,7700,0.380000,0.050000
1477418871649,13.280000,13.280000,1400,13.290000,7100,0.380000,0.050000
1477418873625,13.280000,13.280000,900,13.290000,7100,0.380000,0.050000
1477418876129,13.280000,13.280000,800,13.290000,11000,0.380000,0.050000
1477418878153,13.280000,13.280000,900,13.290000,9900,0.380000,0.050000
1477418880632,13.280000,13.270000,7500,13.280000,2600,0.380000,0.050000
1477418882124,13.280000,13.270000,1900,13.280000,8600,0.380000,0.050000
1477418884620,13.280000,13.270000,2200,13.280000,8600,0.380000,0.050000
1477418887179,13.260000,13.260000,1300,13.270000,9900,0.230000,0.030000
1477418889133,13.260000,13.260000,1800,13.270000,7200,0.230000,0.030000
1477418891635,13.260000,13.260000,3400,13.270000,4500,0.230000,0.030000
1477418893670,13.270000,13.270000,1400,13.280000,6800,0.300000,0.040000
1477418896136,13.270000,13.270000,1200,13.280000,7700,0.300000,0.040000
1477418898140,13.279000,13.270000,1200,13.280000,7700,0.370000,0.049000
1477418900641,13.279000,13.270000,1200,13.280000,7700,0.370000,0.049000
1477418902669,13.279000,13.270000,1200,13.280000,7700,0.370000,0.049000
1477418904639,13.279000,13.270000,600,13.280000,14900,0.370000,0.049000
1477418907150,13.279000,13.270000,1000,13.280000,9100,0.370000,0.049000
1477418909184,13.270000,13.270000,1000,13.280000,7400,0.300000,0.040000
1477418910645,13.270000,13.260000,13500,13.270000,1000,0.300000,0.040000
1477418914158,13.280000,13.270000,1700,13.280000,7000,0.380000,0.050000
1477418916144,13.280000,13.270000,2300,13.280000,7000,0.380000,0.050000
1477418918158,13.280000,13.270000,1400,13.280000,9000,0.380000,0.050000
1477418920648,13.280000,13.270000,1400,13.280000,8200,0.380000,0.050000
1477418923152,13.280000,13.270000,900,13.280000,12900,0.380000,0.050000
1477418925652,13.270000,13.270000,1300,13.280000,9700,0.300000,0.040000
1477418928643,13.270000,13.270000,800,13.280000,14500,0.300000,0.040000
1477418930709,13.270000,13.270000,800,13.280000,14500,0.300000,0.040000
1477418933152,13.270000,13.270000,700,13.280000,11700,0.300000,0.040000
1477418935155,13.280000,13.270000,1100,13.280000,11400,0.380000,0.050000
1477418937661,13.280000,13.270000,1700,13.280000,10500,0.380000,0.050000
1477418940157,13.270000,13.270000,1700,13.280000,10400,0.300000,0.040000
1477418942169,13.263800,13.260000,10100,13.270000,2600,0.260000,0.033800
1477418944645,13.270000,13.260000,8600,13.270000,2500,0.300000,0.040000
1477418946695,13.260000,13.260000,1800,13.270000,9600,0.230000,0.030000
1477418949160,13.260000,13.250000,5100,13.260000,5200,0.230000,0.030000
1477418951171,13.260000,13.250000,5100,13.260000,4400,0.230000,0.030000
1477418954148,13.251000,13.250000,5100,13.260000,4500,0.160000,0.021000
1477418956669,13.251000,13.250000,4200,13.260000,7000,0.160000,0.021000
1477418958746,13.251000,13.250000,4200,13.260000,6900,0.160000,0.021000
1477418960184,13.251000,13.250000,3000,13.260000,7000,0.160000,0.021000
1477418963147,13.251000,13.250000,3800,13.260000,6800,0.160000,0.021000
1477418965175,13.259900,13.250000,3800,13.260000,5900,0.230000,0.029900
1477418967660,13.259900,13.250000,3800,13.260000,6000,0.230000,0.029900
1477418969667,13.250000,13.250000,2900,13.260000,6200,0.150000,0.020000
1477418971668,13.250000,13.250000,3200,13.260000,5900,0.150000,0.020000
1477418973675,13.259900,13.250000,3200,13.260000,5900,0.230000,0.029900
1477418976179,13.250000,13.250000,3700,13.260000,6500,0.150000,0.020000
1477418978661,13.260000,13.260000,2100,13.270000,8500,0.230000,0.030000
1477418980672,13.270000,13.260000,3500,13.270000,7000,0.300000,0.040000
1477418982686,13.260000,13.260000,3400,13.270000,6700,0.230000,0.030000
1477418985105,13.260000,13.260000,2700,13.270000,6700,0.230000,0.030000
1477418987601,13.260000,13.260000,3000,13.270000,6700,0.230000,0.030000
1477418989627,13.260000,13.260000,3100,13.270000,4800,0.230000,0.030000
1477418992111,13.260000,13.260000,3100,13.270000,4800,0.230000,0.030000
1477418994113,13.260000,13.260000,3200,13.270000,5100,0.230000,0.030000
1477418996105,13.261100,13.260000,3200,13.270000,5100,0.240000,0.031100
1477418998615,13.260000,13.260000,3200,13.270000,5100,0.230000,0.030000
1477419000618,13.260000,13.260000,3200,13.270000,5400,0.230000,0.030000
1477419002112,13.260000,13.260000,3200,13.270000,5200,0.230000,0.030000
1477419005112,13.260000,13.260000,2900,13.270000,6100,0.230000,0.030000
1477419007113,13.260000,13.250000,6000,13.260000,2800,0.230000,0.030000
1477419009628,13.260000,13.250000,4600,13.260000,4300,0.230000,0.030000
1477419011621,13.259900,13.250000,10200,13.260000,500,0.230000,0.029900
1477419014142,13.259900,13.250000,6800,13.260000,2200,0.230000,0.029900
1477419016636,13.260000,13.250000,5700,13.260000,4200,0.230000,0.030000
1477419019154,13.260000,13.250000,4800,13.260000,4200,0.230000,0.030000
1477419021621,13.260000,13.250000,4800,13.260000,4200,0.230000,0.030000
1477419024130,13.260000,13.250000,5100,13.260000,3100,0.230000,0.030000
1477419026128,13.260000,13.250000,4800,13.260000,5800,0.230000,0.030000
1477419028134,13.250000,13.250000,3400,13.260000,8700,0.150000,0.020000
1477419031144,13.250000,13.250000,1100,13.260000,15000,0.150000,0.020000
1477419033145,13.250000,13.250000,1000,13.260000,14800,0.150000,0.020000
1477419035128,13.250000,13.250000,1300,13.260000,14800,0.150000,0.020000
1477419037132,13.250000,13.250000,600,13.260000,14900,0.150000,0.020000
1477419039634,13.250000,13.250000,1000,13.260000,13900,0.150000,0.020000
1477419041627,13.250000,13.250000,1100,13.260000,14000,0.150000,0.020000
1477419044142,13.250000,13.250000,1100,13.260000,13800,0.150000,0.020000
1477419046168,13.250000,13.250000,1100,13.260000,14100,0.150000,0.020000
1477419048638,13.255000,13.250000,1200,13.260000,14100,0.190000,0.025000
1477419051648,13.250000,13.250000,900,13.260000,14600,0.150000,0.020000
1477419053645,13.250000,13.250000,900,13.260000,14400,0.150000,0.020000
1477419055643,13.250000,13.250000,900,13.260000,14600,0.150000,0.020000
1477419058140,13.250000,13.250000,2700,13.260000,10600,0.150000,0.020000
1477419060130,13.255000,13.250000,5300,13.260000,5200,0.190000,0.025000
1477419062151,13.255000,13.250000,5300,13.260000,5200,0.190000,0.025000
1477419064636,13.255000,13.250000,4800,13.260000,5200,0.190000,0.025000
1477419067136,13.255000,13.250000,4100,13.260000,5200,0.190000,0.025000
1477419069153,13.255000,13.250000,2500,13.260000,5700,0.190000,0.025000
1477419071645,13.255000,13.250000,3300,13.260000,5600,0.190000,0.025000
1477419073738,13.256200,13.250000,6600,13.260000,5200,0.200000,0.026200
1477419076189,13.256200,13.250000,6600,13.260000,5200,0.200000,0.026200
1477419078152,13.256200,13.250000,6600,13.260000,5200,0.200000,0.026200
1477419080142,13.256200,13.250000,6600,13.260000,5200,0.200000,0.026200
1477419082651,13.256200,13.250000,6600,13.260000,5500,0.200000,0.026200
1477419084669,13.260000,13.260000,2500,13.270000,6500,0.230000,0.030000
1477419087153,13.260000,13.260000,2200,13.270000,6600,0.230000,0.030000
1477419089195,13.260000,13.260000,2200,13.270000,6600,0.230000,0.030000
1477419091653,13.260000,13.260000,5900,13.270000,3800,0.230000,0.030000
1477419096656,13.270000,13.260000,5500,13.270000,3000,0.300000,0.040000
1477419098157,13.270000,13.260000,5500,13.270000,3000,0.300000,0.040000
1477419101190,13.270000,13.260000,6900,13.270000,2500,0.300000,0.040000
1477419103150,13.270000,13.270000,1200,13.280000,13400,0.300000,0.040000
1477419105664,13.270000,13.270000,1300,13.280000,11900,0.300000,0.040000
1477419107661,13.270000,13.260000,7200,13.270000,4700,0.300000,0.040000
1477419110711,13.270000,13.260000,9100,13.270000,2800,0.300000,0.040000
1477419113160,13.270000,13.260000,2600,13.270000,7700,0.300000,0.040000
1477419116181,13.260000,13.260000,2300,13.270000,9400,0.230000,0.030000
1477419118160,13.260000,13.260000,6100,13.270000,2100,0.230000,0.030000
1477419120182,13.265000,13.260000,12600,13.270000,1000,0.260000,0.035000
1477419122669,13.260000,13.260000,11500,13.270000,1000,0.230000,0.030000
1477419124660,13.266100,13.260000,6100,13.270000,1400,0.270000,0.036100
1477419127180,13.266100,13.260000,10600,13.270000,1100,0.270000,0.036100
1477419129214,13.270000,13.260000,10100,13.270000,1300,0.300000,0.040000
1477419131710,13.270000,13.260000,11600,13.270000,1100,0.300000,0.040000
1477419133701,13.270000,13.260000,11900,13.270000,1300,0.300000,0.040000
1477419135692,13.270000,13.260000,4600,13.270000,4300,0.300000,0.040000
1477419138156,13.270000,13.260000,4000,13.270000,7800,0.300000,0.040000
1477419140106,13.269000,13.260000,7100,13.270000,4100,0.290000,0.039000
1477419141603,13.269000,13.260000,7100,13.270000,4100,0.290000,0.039000
1477419144605,13.269000,13.260000,6900,13.270000,4000,0.290000,0.039000
1477419146614,13.269000,13.260000,6900,13.270000,4000,0.290000,0.039000
1477419149133,13.270000,13.270000,2500,13.280000,5900,0.300000,0.040000
1477419151117,13.270000,13.270000,2500,13.280000,5900,0.300000,0.040000
1477419153108,13.270000,13.270000,2500,13.280000,5900,0.300000,0.040000
1477419155608,13.270000,13.270000,2500,13.280000,6000,0.300000,0.040000
1477419158112,13.270000,13.270000,2500,13.280000,6000,0.300000,0.040000
1477419160126,13.279900,13.270000,5300,13.280000,4700,0.380000,0.049900
1477419162107,13.279900,13.270000,5200,13.280000,4700,0.380000,0.049900
1477419163116,13.279900,13.270000,4200,13.280000,6100,0.380000,0.049900
1477419166123,13.280000,13.280000,500,13.290000,16600,0.380000,0.050000
1477419168613,13.280000,13.280000,500,13.290000,16800,0.380000,0.050000
1477419171618,13.285000,13.280000,6100,13.290000,9900,0.420000,0.055000
1477419172618,13.285000,13.280000,7900,13.290000,9800,0.420000,0.055000
1477419175623,13.285000,13.280000,7900,13.290000,9400,0.420000,0.055000
1477419178154,13.286000,13.280000,7900,13.290000,9200,0.420000,0.056000
1477419180627,13.286500,13.280000,7900,13.290000,9400,0.430000,0.056500
1477419183122,13.290000,13.280000,8200,13.290000,9100,0.450000,0.060000
1477419185133,13.290000,13.290000,2600,13.290000,400,0.450000,0.060000
1477419187131,13.290000,13.290000,1400,13.300000,8600,0.450000,0.060000
1477419189127,13.290000,13.290000,1400,13.300000,8300,0.450000,0.060000
1477419191630,13.295000,13.290000,1400,13.300000,9100,0.490000,0.065000
1477419194180,13.290000,13.290000,1500,13.300000,9300,0.450000,0.060000
1477419196142,13.298900,13.290000,1500,13.300000,13100,0.520000,0.068900
1477419198631,13.299200,13.290000,1500,13.300000,13100,0.520000,0.069200
1477419200634,13.299200,13.290000,1500,13.300000,13100,0.520000,0.069200
1477419203139,13.290000,13.280000,8600,13.290000,1200,0.450000,0.060000
1477419205126,13.289900,13.280000,7200,13.290000,2500,0.450000,0.059900
1477419207166,13.290000,13.280000,3400,13.290000,7700,0.450000,0.060000
1477419209136,13.280000,13.280000,3400,13.290000,7200,0.380000,0.050000
1477419211635,13.280000,13.280000,1100,13.290000,8000,0.380000,0.050000
1477419213676,13.280000,13.270000,3300,13.280000,6900,0.380000,0.050000
1477419216147,13.280000,13.270000,2700,13.280000,6900,0.380000,0.050000
1477419218642,13.280000,13.270000,2700,13.280000,6800,0.380000,0.050000
1477419220670,13.276400,13.270000,2700,13.280000,6800,0.350000,0.046400
1477419222154,13.276400,13.270000,2700,13.280000,6800,0.350000,0.046400
1477419225645,13.276400,13.270000,3200,13.280000,6300,0.350000,0.046400
1477419228133,13.276400,13.270000,3500,13.280000,6200,0.350000,0.046400
1477419231141,13.280000,13.280000,1900,13.290000,7500,0.380000,0.050000
1477419233647,13.280000,13.280000,2000,13.290000,7500,0.380000,0.050000
1477419235655,13.280000,13.280000,2500,13.290000,7500,0.380000,0.050000
1477419237643,13.280000,13.280000,2500,13.290000,7500,0.380000,0.050000
1477419240164,13.280000,13.280000,2800,13.290000,6100,0.380000,0.050000
1477419242190,13.287500,13.280000,2800,13.290000,6100,0.430000,0.057500
1477419245152,13.280000,13.280000,2300,13.290000,7800,0.380000,0.050000
1477419247673,13.290000,13.280000,1200,13.290000,7800,0.450000,0.060000
1477419249195,13.285100,13.280000,1200,13.290000,7800,0.420000,0.055100
1477419251643,13.285100,13.280000,1200,13.290000,7800,0.420000,0.055100
1477419254153,13.270000,13.270000,600,13.280000,9300,0.300000,0.040000
1477419257153,13.270000,13.270000,1100,13.280000,7600,0.300000,0.040000
1477419259167,13.270000,13.270000,1100,13.280000,7300,0.300000,0.040000
1477419261158,13.270000,13.270000,1200,13.280000,7300,0.300000,0.040000
1477419263218,13.278700,13.270000,1200,13.280000,7300,0.370000,0.048700
1477419266168,13.278700,13.270000,1200,13.280000,7300,0.370000,0.048700
1477419267656,13.278700,13.270000,1200,13.280000,7300,0.370000,0.048700
1477419270661,13.280000,13.280000,1500,13.290000,8500,0.380000,0.050000
1477419272165,13.280000,13.280000,600,13.290000,10100,0.380000,0.050000
1477419274700,13.280000,13.280000,1000,13.290000,6700,0.380000,0.050000
1477419277154,13.280000,13.280000,800,13.290000,9400,0.380000,0.050000
1477419280159,13.280000,13.280000,700,13.290000,13400,0.380000,0.050000
1477419282177,13.280000,13.280000,700,13.290000,12400,0.380000,0.050000
1477419284669,13.280100,13.280000,500,13.290000,12900,0.380000,0.050100
1477419286657,13.290000,13.280000,500,13.290000,12600,0.450000,0.060000
1477419289175,13.287000,13.280000,700,13.290000,9300,0.430000,0.057000
1477419291189,13.280700,13.280000,3400,13.290000,4000,0.380000,0.050700
1477419293164,13.290000,13.280000,7400,13.290000,2500,0.450000,0.060000
1477419295676,13.280700,13.280000,4500,13.290000,2500,0.380000,0.050700
1477419297610,13.280700,13.280000,4400,13.290000,2500,0.380000,0.050700
1477419300103,13.290000,13.280000,4400,13.290000,2500,0.450000,0.060000
1477419302106,13.290000,13.280000,5300,13.290000,15000,0.450000,0.060000
1477419303641,13.288900,13.280000,3100,13.290000,15100,0.450000,0.058900
1477419306607,13.288700,13.280000,3100,13.290000,15100,0.440000,0.058700
1477419308105,13.288700,13.280000,4900,13.290000,15000,0.440000,0.058700
1477419310611,13.280000,13.280000,1500,13.290000,7200,0.380000,0.050000
1477419313109,13.280000,13.280000,1100,13.290000,8100,0.380000,0.050000
1477419315113,13.280000,13.270000,7000,13.280000,2600,0.380000,0.050000
1477419316651,13.279500,13.270000,2900,13.280000,4400,0.370000,0.049500
1477419319129,13.278900,13.270000,2400,13.280000,7100,0.370000,0.048900
1477419321612,13.278900,13.270000,3000,13.280000,3600,0.370000,0.048900
1477419323613,13.270000,13.270000,4800,13.280000,1800,0.300000,0.040000
1477419325613,13.270000,13.270000,4800,13.280000,1900,0.300000,0.040000
1477419328117,13.280000,13.270000,3300,13.280000,2600,0.380000,0.050000
1477419330612,13.280000,13.270000,3800,13.280000,3200,0.380000,0.050000
1477419331619,13.280000,13.270000,3400,13.280000,3200,0.380000,0.050000
1477419335129,13.280000,13.270000,13200,13.280000,200,0.380000,0.050000
1477419336625,13.280000,13.270000,5300,13.280000,2100,0.380000,0.050000
1477419339164,13.280000,13.270000,4800,13.280000,2600,0.380000,0.050000
1477419342121,13.280000,13.270000,4700,13.280000,2600,0.380000,0.050000
1477419344122,13.280000,13.270000,4700,13.280000,2600,0.380000,0.050000
1477419345663,13.278500,13.270000,8400,13.280000,400,0.370000,0.048500
1477419349156,13.278500,13.270000,6700,13.280000,400,0.370000,0.048500
1477419350624,13.278500,13.270000,4000,13.280000,5000,0.370000,0.048500
1477419353133,13.280000,13.280000,1500,13.290000,7300,0.380000,0.050000
1477419355638,13.290000,13.280000,7200,13.290000,2200,0.450000,0.060000
1477419357621,13.290000,13.280000,7200,13.290000,2200,0.450000,0.060000
1477419360178,13.290000,13.280000,7200,13.290000,2200,0.450000,0.060000
1477419362131,13.290000,13.280000,3300,13.290000,6300,0.450000,0.060000
1477419364630,13.290000,13.280000,8500,13.290000,2300,0.450000,0.060000
1477419366633,13.290000,13.280000,11300,13.290000,2400,0.450000,0.060000
1477419368645,13.290000,13.280000,9800,13.290000,2400,0.450000,0.060000
1477419371143,13.286700,13.280000,4200,13.290000,5200,0.430000,0.056700
1477419373136,13.281100,13.280000,4200,13.290000,4700,0.390000,0.051100
1477419375690,13.280000,13.280000,3300,13.290000,4700,0.380000,0.050000
1477419377679,13.290000,13.280000,12000,13.290000,1500,0.450000,0.060000
1477419380138,13.290000,13.280000,12400,13.290000,1200,0.450000,0.060000
1477419382147,13.283000,13.280000,11600,13.290000,1500,0.400000,0.053000
1477419384644,13.283000,13.280000,12400,13.290000,1500,0.400000,0.053000
1477419386649,13.290000,13.280000,11700,13.290000,1800,0.450000,0.060000
1477419389146,13.280000,13.280000,9800,13.290000,1800,0.380000,0.050000
1477419391141,13.280700,13.280000,10800,13.290000,1200,0.380000,0.050700
1477419393172,13.286000,13.280000,10800,13.290000,1300,0.420000,0.056000
1477419395650,13.286000,13.280000,10800,13.290000,1300,0.420000,0.056000
1477419397647,13.286000,13.280000,14800,13.290000,1300,0.420000,0.056000
1477419400652,13.280000,13.280000,14000,13.290000,1700,0.380000,0.050000
1477419403159,13.290000,13.280000,13200,13.290000,800,0.450000,0.060000
1477419405152,13.290000,13.280000,13200,13.290000,800,0.450000,0.060000
1477419407145,13.290000,13.280000,13200,13.290000,800,0.450000,0.060000
1477419409662,13.295600,13.290000,1300,13.300000,20000,0.500000,0.065600
1477419412150,13.290000,13.290000,900,13.300000,21500,0.450000,0.060000
1477419414153,13.290000,13.290000,1100,13.300000,21300,0.450000,0.060000
1477419416163,13.290000,13.290000,1400,13.300000,21300,0.450000,0.060000
1477419418150,13.290000,13.290000,800,13.300000,21600,0.450000,0.060000
1477419420661,13.290000,13.290000,1000,13.300000,21500,0.450000,0.060000
1477419422188,13.290000,13.280000,9900,13.290000,2200,0.450000,0.060000
1477419425161,13.290000,13.280000,8400,13.290000,2200,0.450000,0.060000
1477419427204,13.290000,13.280000,9800,13.290000,2200,0.450000,0.060000
1477419429666,13.290000,13.280000,7900,13.290000,2200,0.450000,0.060000
1477419432158,13.290000,13.280000,7800,13.290000,2200,0.450000,0.060000
1477419434165,13.290000,13.280000,6000,13.290000,6500,0.450000,0.060000
1477419436709,13.290000,13.280000,11400,13.290000,1100,0.450000,0.060000
1477419439707,13.290000,13.280000,12400,13.290000,1100,0.450000,0.060000
1477419441167,13.290000,13.280000,11400,13.290000,1100,0.450000,0.060000
1477419443167,13.290000,13.280000,11100,13.290000,1100,0.450000,0.060000
1477419446172,13.290000,13.280000,11100,13.290000,1000,0.450000,0.060000
1477419448174,13.290000,13.290000,500,13.300000,20700,0.450000,0.060000
1477419450655,13.290000,13.290000,900,13.300000,20600,0.450000,0.060000
1477419460105,13.300000,13.290000,12300,13.300000,5800,0.530000,0.070000
1477419461604,13.300000,13.290000,12300,13.300000,5800,0.530000,0.070000
1477419464615,13.300000,13.290000,14400,13.300000,5700,0.530000,0.070000
1477419466608,13.300000,13.290000,12900,13.300000,5700,0.530000,0.070000
1477419468625,13.300000,13.290000,12900,13.300000,5700,0.530000,0.070000
1477419471611,13.300000,13.290000,12900,13.300000,5700,0.530000,0.070000
1477419473643,13.300000,13.290000,5400,13.300000,11300,0.530000,0.070000
1477419476117,13.290000,13.290000,5400,13.300000,11200,0.450000,0.060000
1477419478111,13.290000,13.290000,8500,13.300000,6700,0.450000,0.060000
1477419480180,13.293500,13.290000,11300,13.300000,6200,0.480000,0.063500
1477419482615,13.300000,13.300000,4400,13.310000,8500,0.530000,0.070000
1477419484120,13.309000,13.300000,6200,13.310000,4700,0.600000,0.079000
1477419487116,13.300000,13.300000,1000,13.310000,14700,0.530000,0.070000
1477419489116,13.300000,13.300000,1200,13.310000,14300,0.530000,0.070000
1477419491625,13.300000,13.300000,1300,13.310000,14300,0.530000,0.070000
1477419493614,13.300000,13.300000,1300,13.310000,14300,0.530000,0.070000
1477419495621,13.306000,13.300000,1200,13.310000,14400,0.570000,0.076000
1477419498143,13.306000,13.300000,1200,13.310000,14400,0.570000,0.076000
1477419499638,13.306000,13.300000,1200,13.310000,14400,0.570000,0.076000
1477419502659,13.306000,13.300000,1200,13.310000,14400,0.570000,0.076000
1477419504625,13.305000,13.300000,7700,13.310000,2200,0.570000,0.075000
1477419507627,13.302000,13.300000,10300,13.310000,1100,0.540000,0.072000
1477419509630,13.305000,13.300000,11000,13.310000,400,0.570000,0.075000
1477419511656,13.328900,13.320000,2100,13.330000,12600,0.750000,0.098900
1477419513623,13.310000,13.310000,800,13.320000,12100,0.600000,0.080000
1477419516134,13.329200,13.310000,1100,13.320000,13200,0.750000,0.099200
1477419518632,13.315000,13.310000,800,13.320000,12900,0.640000,0.085000
1477419520635,13.310000,13.300000,4300,13.310000,2600,0.600000,0.080000
1477419522636,13.310000,13.300000,6500,13.310000,2600,0.600000,0.080000
1477419524655,13.309200,13.300000,4700,13.310000,3200,0.600000,0.079200
1477419526630,13.310000,13.300000,2000,13.310000,8600,0.600000,0.080000
1477419528150,13.310000,13.300000,2000,13.310000,6500,0.600000,0.080000
1477419532177,13.309000,13.300000,2200,13.310000,6300,0.600000,0.079000
1477419535131,13.310000,13.300000,5700,13.310000,4100,0.600000,0.080000
1477419537141,13.310000,13.300000,6600,13.310000,2800,0.600000,0.080000
1477419539663,13.310000,13.300000,6600,13.310000,1700,0.600000,0.080000
1477419541671,13.310000,13.300000,6500,13.310000,2600,0.600000,0.080000
1477419544150,13.310000,13.300000,2200,13.310000,8100,0.600000,0.080000
1477419546152,13.310000,13.300000,7100,13.310000,3100,0.600000,0.080000
1477419548132,13.310000,13.300000,7100,13.310000,2500,0.600000,0.080000
1477419550650,13.300000,13.300000,13000,13.310000,1200,0.530000,0.070000
1477419552666,13.300000,13.300000,12400,13.310000,1900,0.530000,0.070000
1477419555143,13.300000,13.300000,600,13.310000,8800,0.530000,0.070000
1477419557145,13.300000,13.300000,700,13.310000,10500,0.530000,0.070000
1477419559636,13.300000,13.300000,900,13.310000,10500,0.530000,0.070000
1477419562155,13.300000,13.300000,700,13.310000,10900,0.530000,0.070000
1477419564159,13.300000,13.300000,800,13.310000,11300,0.530000,0.070000
1477419567669,13.300000,13.300000,800,13.310000,11300,0.530000,0.070000
1477419570176,13.300000,13.300000,800,13.310000,10900,0.530000,0.070000
1477419572162,13.305100,13.300000,800,13.310000,11000,0.570000,0.075100
1477419574656,13.304900,13.300000,800,13.310000,11300,0.570000,0.074900
1477419576656,13.304900,13.300000,800,13.310000,11300,0.570000,0.074900
1477419579152,13.304900,13.300000,800,13.310000,11000,0.570000,0.074900
1477419581159,13.304900,13.300000,400,13.310000,16200,0.570000,0.074900
1477419583193,13.300000,13.290000,9500,13.300000,3800,0.530000,0.070000
1477419586156,13.300000,13.290000,9400,13.300000,3600,0.530000,0.070000
1477419588167,13.300000,13.290000,12700,13.300000,1200,0.530000,0.070000
1477419590665,13.300000,13.300000,1400,13.310000,7600,0.530000,0.070000
1477419592690,13.300000,13.300000,1400,13.310000,8500,0.530000,0.070000
1477419595169,13.300000,13.300000,1400,13.310000,11900,0.530000,0.070000
1477419596681,13.300000,13.300000,1400,13.310000,11900,0.530000,0.070000
1477419599673,13.305000,13.300000,6400,13.310000,2700,0.570000,0.075000
1477419600666,13.305000,13.300000,7100,13.310000,2700,0.570000,0.075000
1477419603669,13.305000,13.300000,3200,13.310000,5200,0.570000,0.075000
1477419606168,13.300000,13.300000,600,13.310000,15100,0.530000,0.070000
1477419608165,13.300000,13.300000,1100,13.310000,13100,0.530000,0.070000
1477419611167,13.300000,13.300000,2400,13.310000,9000,0.530000,0.070000
1477419613195,13.300000,13.300000,2400,13.310000,8600,0.530000,0.070000
1477419615687,13.309600,13.300000,6600,13.310000,3100,0.600000,0.079600
1477419617162,13.309600,13.300000,8300,13.310000,2000,0.600000,0.079600
1477419619600,13.310000,13.310000,1600,13.320000,19300,0.600000,0.080000
1477419622112,13.310000,13.300000,8300,13.310000,6200,0.600000,0.080000
1477419624603,13.308300,13.300000,4400,13.310000,8600,0.590000,0.078300
1477419626627,13.309900,13.300000,6800,13.310000,6600,0.600000,0.079900
1477419629114,13.309900,13.300000,4300,13.310000,8500,0.600000,0.079900
1477419631608,13.309900,13.300000,4300,13.310000,8500,0.600000,0.079900
1477419634111,13.308500,13.300000,4700,13.310000,8400,0.590000,0.078500
1477419636109,13.305400,13.300000,4700,13.310000,8400,0.570000,0.075400
1477419638609,13.301100,13.300000,4800,13.310000,7700,0.540000,0.071100
1477419640664,13.301100,13.300000,4800,13.310000,7700,0.540000,0.071100
1477419643133,13.301100,13.300000,8100,13.310000,5800,0.540000,0.071100
1477419645113,13.301100,13.300000,8100,13.310000,5800,0.540000,0.071100
1477419647611,13.301100,13.300000,8100,13.310000,5800,0.540000,0.071100
1477419649617,13.303000,13.300000,8100,13.310000,5800,0.550000,0.073000
1477419652116,13.303000,13.300000,5500,13.310000,8600,0.550000,0.073000
1477419654617,13.300000,13.300000,6400,13.310000,5900,0.530000,0.070000
1477419655638,13.300000,13.300000,10300,13.310000,4700,0.530000,0.070000
1477419659621,13.300000,13.300000,9700,13.310000,4700,0.530000,0.070000
1477419662118,13.300000,13.300000,9700,13.310000,4700,0.530000,0.070000
1477419663628,13.300000,13.300000,9700,13.310000,4700,0.530000,0.070000
1477419666632,13.304900,13.300000,6600,13.310000,7000,0.570000,0.074900
1477419667622,13.304900,13.300000,6600,13.310000,7000,0.570000,0.074900
1477419669132,13.310000,13.300000,6600,13.310000,7400,0.600000,0.080000
1477419673144,13.310000,13.300000,4800,13.310000,7400,0.600000,0.080000
1477419674628,13.310000,13.300000,4800,13.310000,7400,0.600000,0.080000
1477419677625,13.300000,13.300000,2500,13.310000,9000,0.530000,0.070000
1477419679629,13.300000,13.300000,2500,13.310000,9000,0.530000,0.070000
1477419682134,13.300100,13.300000,1300,13.310000,10500,0.530000,0.070100
1477419684135,13.300000,13.300000,1600,13.310000,10500,0.530000,0.070000
1477419686163,13.300000,13.300000,2400,13.310000,10500,0.530000,0.070000
1477419688630,13.300000,13.300000,2400,13.310000,9000,0.530000,0.070000
1477419690633,13.300000,13.300000,2400,13.310000,9000,0.530000,0.070000
1477419692638,13.310000,13.300000,4500,13.310000,7500,0.600000,0.080000
1477419694666,13.310000,13.300000,4500,13.310000,7500,0.600000,0.080000
1477419698147,13.310000,13.300000,8400,13.310000,5800,0.600000,0.080000
1477419700135,13.310000,13.300000,4500,13.310000,7900,0.600000,0.080000
1477419702629,13.310000,13.300000,6100,13.310000,6500,0.600000,0.080000
1477419705137,13.310000,13.300000,6100,13.310000,6500,0.600000,0.080000
1477419707141,13.300000,13.300000,3100,13.310000,7900,0.530000,0.070000
1477419709642,13.310000,13.300000,3900,13.310000,7300,0.600000,0.080000
1477419711142,13.310000,13.300000,4200,13.310000,7200,0.600000,0.080000
1477419714181,13.310000,13.300000,4600,13.310000,6900,0.600000,0.080000
1477419715662,13.310000,13.300000,6000,13.310000,6900,0.600000,0.080000
1477419718640,13.310000,13.300000,8600,13.310000,6800,0.600000,0.080000
1477419720636,13.310000,13.300000,8600,13.310000,5900,0.600000,0.080000
1477419722661,13.310000,13.300000,8600,13.310000,5900,0.600000,0.080000
1477419725152,13.310000,13.300000,8600,13.310000,5900,0.600000,0.080000
1477419727150,13.310000,13.310000,8200,13.320000,14500,0.600000,0.080000
1477419729193,13.310000,13.310000,7800,13.320000,14500,0.600000,0.080000
1477419731677,13.310000,13.310000,7800,13.320000,14200,0.600000,0.080000
1477419733641,13.310000,13.310000,3900,13.320000,14400,0.600000,0.080000
1477419736145,13.310000,13.300000,7200,13.310000,4300,0.600000,0.080000
1477419738151,13.310000,13.300000,6700,13.310000,4100,0.600000,0.080000
1477419740165,13.310000,13.300000,6700,13.310000,4000,0.600000,0.080000
1477419742659,13.295000,13.290000,12700,13.300000,4100,0.490000,0.065000
1477419744650,13.300000,13.300000,6000,13.310000,9400,0.530000,0.070000
1477419747655,13.290000,13.290000,6400,13.300000,7700,0.450000,0.060000
1477419749653,13.290000,13.290000,5900,13.300000,7100,0.450000,0.060000
1477419752156,13.299900,13.290000,5600,13.300000,7800,0.530000,0.069900
1477419754157,13.290000,13.290000,4800,13.300000,8600,0.450000,0.060000
1477419756159,13.290000,13.290000,4600,13.300000,6500,0.450000,0.060000
1477419758178,13.290000,13.290000,3600,13.300000,10000,0.450000,0.060000
1477419760159,13.290000,13.290000,3600,13.300000,9800,0.450000,0.060000
1477419763156,13.290000,13.290000,3600,13.300000,8700,0.450000,0.060000
1477419765141,13.290000,13.290000,3600,13.300000,8900,0.450000,0.060000
1477419767676,13.290000,13.280000,15900,13.290000,900,0.450000,0.060000
1477419769661,13.290000,13.290000,2400,13.300000,10800,0.450000,0.060000
1477419772178,13.290000,13.290000,2400,13.300000,11200,0.450000,0.060000
1477419774161,13.290000,13.290000,2400,13.300000,11200,0.450000,0.060000
1477419776671,13.290000,13.290000,2400,13.300000,10800,0.450000,0.060000
1477419779170,13.290000,13.290000,2400,13.300000,10800,0.450000,0.060000
1477419781165,13.290000,13.290000,2400,13.300000,10800,0.450000,0.060000
1477419783177,13.300000,13.290000,2400,13.300000,8400,0.530000,0.070000
1477419786103,13.300000,13.290000,2400,13.300000,12400,0.530000,0.070000
1477419788116,13.300000,13.290000,2400,13.300000,12000,0.530000,0.070000
1477419790629,13.290000,13.290000,2400,13.300000,12700,0.450000,0.060000
1477419792608,13.290000,13.290000,2400,13.300000,12500,0.450000,0.060000
1477419795112,13.290000,13.290000,2400,13.300000,12500,0.450000,0.060000
1477419796612,13.290100,13.290000,2400,13.300000,12500,0.450000,0.060100
1477419800113,13.290100,13.290000,1700,13.300000,14000,0.450000,0.060100
1477419802164,13.290000,13.280000,14700,13.290000,1700,0.450000,0.060000
1477419804636,13.281000,13.280000,14700,13.290000,1700,0.390000,0.051000
1477419805629,13.290000,13.280000,15900,13.290000,1200,0.450000,0.060000
1477419808615,13.290000,13.280000,19600,13.290000,1100,0.450000,0.060000
1477419810621,13.290000,13.280000,21400,13.290000,1100,0.450000,0.060000
1477419813117,13.290000,13.280000,21300,13.290000,900,0.450000,0.060000
1477419815619,13.300000,13.290000,11100,13.300000,6700,0.530000,0.070000
1477419817657,13.300000,13.290000,9900,13.300000,6700,0.530000,0.070000
1477419818124,13.300000,13.290000,9900,13.300000,6700,0.530000,0.070000
1477419822128,13.300000,13.290000,8800,13.300000,6700,0.530000,0.070000
1477419824624,13.300000,13.290000,8800,13.300000,6700,0.530000,0.070000
1477419827626,13.300000,13.290000,7900,13.300000,8400,0.530000,0.070000
1477419829630,13.300000,13.290000,8100,13.300000,7500,0.530000,0.070000
1477419832130,13.300000,13.290000,7900,13.300000,7800,0.530000,0.070000
1477419834146,13.300000,13.290000,7900,13.300000,7800,0.530000,0.070000
1477419836664,13.290000,13.290000,5900,13.300000,8000,0.450000,0.060000
1477419839136,13.300000,13.290000,5700,13.300000,8000,0.530000,0.070000
1477419841142,13.300000,13.290000,2000,13.300000,9400,0.530000,0.070000
1477419843130,13.300000,13.290000,4500,13.300000,9400,0.530000,0.070000
1477419845634,13.300000,13.290000,2000,13.300000,9400,0.530000,0.070000
1477419847624,13.299000,13.290000,2400,13.300000,9400,0.520000,0.069000
1477419849635,13.299000,13.290000,2900,13.300000,9400,0.520000,0.069000
1477419852631,13.299000,13.290000,2400,13.300000,13000,0.520000,0.069000
1477419854641,13.290000,13.290000,2400,13.300000,13000,0.450000,0.060000
1477419857147,13.290000,13.290000,2400,13.300000,13000,0.450000,0.060000
1477419859648,13.290000,13.290000,2400,13.300000,13400,0.450000,0.060000
1477419861637,13.290000,13.290000,2400,13.300000,13400,0.450000,0.060000
1477419864141,13.290000,13.290000,4200,13.300000,13000,0.450000,0.060000
1477419866143,13.290000,13.290000,3500,13.300000,13000,0.450000,0.060000
1477419868643,13.290000,13.290000,3900,13.300000,13000,0.450000,0.060000
1477419870642,13.290000,13.290000,3900,13.300000,13000,0.450000,0.060000
1477419873145,13.290000,13.290000,3900,13.300000,13000,0.450000,0.060000
1477419875153,13.290000,13.290000,3900,13.300000,13000,0.450000,0.060000
1477419877131,13.290000,13.290000,4400,13.300000,13100,0.450000,0.060000
1477419879647,13.290000,13.290000,3000,13.300000,13100,0.450000,0.060000
1477419881653,13.290000,13.290000,5500,13.300000,13100,0.450000,0.060000
1477419883137,13.290100,13.290000,5300,13.300000,12800,0.450000,0.060100
1477419886148,13.290000,13.290000,5000,13.300000,13600,0.450000,0.060000
1477419889678,13.300000,13.300000,1900,13.310000,9300,0.530000,0.070000
1477419891654,13.300000,13.300000,2700,13.310000,7900,0.530000,0.070000
1477419894145,13.300000,13.300000,1900,13.310000,9300,0.530000,0.070000
1477419896146,13.300000,13.300000,1900,13.310000,9300,0.530000,0.070000
1477419898649,13.300000,13.300000,2500,13.310000,8200,0.530000,0.070000
1477419900668,13.300000,13.300000,2600,13.310000,8200,0.530000,0.070000
1477419903178,13.298900,13.290000,8300,13.300000,3800,0.520000,0.068900
1477419905165,13.298900,13.290000,6600,13.300000,5000,0.520000,0.068900
1477419907195,13.298900,13.290000,5800,13.300000,8000,0.520000,0.068900
1477419909651,13.298900,13.290000,5800,13.300000,8000,0.520000,0.068900
1477419911659,13.298900,13.290000,5800,13.300000,8000,0.520000,0.068900
1477419914165,13.298900,13.290000,5800,13.300000,8000,0.520000,0.068900
1477419916163,13.298900,13.290000,5200,13.300000,8000,0.520000,0.068900
1477419918671,13.299000,13.290000,5200,13.300000,8000,0.520000,0.069000
1477419921722,13.298900,13.290000,5400,13.300000,7100,0.520000,0.068900
1477419923673,13.298900,13.290000,5400,13.300000,5700,0.520000,0.068900
1477419926167,13.299200,13.290000,5400,13.300000,5700,0.520000,0.069200
1477419928155,13.299900,13.290000,5500,13.300000,6100,0.530000,0.069900
1477419930673,13.299900,13.290000,6600,13.300000,5900,0.530000,0.069900
1477419932673,13.299900,13.290000,6700,13.300000,5600,0.530000,0.069900
1477419935195,13.299900,13.290000,6600,13.300000,5600,0.530000,0.069900
1477419936750,13.299900,13.290000,6600,13.300000,5600,0.530000,0.069900
1477419939604,13.299900,13.290000,6600,13.300000,5600,0.530000,0.069900
1477419941602,13.299900,13.290000,6600,13.300000,5600,0.530000,0.069900
1477419944103,13.290000,13.280000,7000,13.290000,2000,0.450000,0.060000
1477419946606,13.290000,13.280000,7000,13.290000,3300,0.450000,0.060000
1477419948113,13.290000,13.280000,7000,13.290000,2100,0.450000,0.060000
1477419951109,13.290000,13.280000,7000,13.290000,3400,0.450000,0.060000
1477419953111,13.290000,13.280000,7000,13.290000,3300,0.450000,0.060000
1477419955113,13.290000,13.280000,7000,13.290000,3300,0.450000,0.060000
1477419957113,13.290000,13.280000,7000,13.290000,2400,0.450000,0.060000
1477419959615,13.287700,13.280000,11400,13.290000,700,0.440000,0.057700
1477419961612,13.290000,13.280000,9600,13.290000,1900,0.450000,0.060000
1477419964625,13.290000,13.280000,11400,13.290000,1800,0.450000,0.060000
1477419967119,13.290000,13.280000,11300,13.290000,1800,0.450000,0.060000
1477419969120,13.290000,13.280000,11300,13.290000,1500,0.450000,0.060000
1477419971626,13.300000,13.290000,8300,13.300000,2900,0.530000,0.070000
1477419973621,13.300000,13.290000,7500,13.300000,3500,0.530000,0.070000
1477419976135,13.300000,13.290000,7600,13.300000,2900,0.530000,0.070000
1477419978122,13.300000,13.290000,7600,13.300000,4100,0.530000,0.070000
1477419980154,13.300000,13.290000,5300,13.300000,3600,0.530000,0.070000
1477419982628,13.300000,13.290000,5300,13.300000,3500,0.530000,0.070000
1477419984666,13.300000,13.290000,5000,13.300000,5100,0.530000,0.070000
1477419988150,13.300000,13.290000,5000,13.300000,5100,0.530000,0.070000
1477419990130,13.290000,13.280000,7300,13.290000,2100,0.450000,0.060000
1477419992135,13.290000,13.280000,5500,13.290000,4700,0.450000,0.060000
1477419994630,13.290000,13.280000,4400,13.290000,4500,0.450000,0.060000
1477419996676,13.289900,13.280000,4400,13.290000,4500,0.450000,0.059900
1477419999138,13.289900,13.280000,4400,13.290000,4400,0.450000,0.059900
1477420001130,13.280000,13.280000,4400,13.290000,4400,0.380000,0.050000
1477420003634,13.280000,13.280000,4800,13.290000,4500,0.380000,0.050000
1477420006163,13.280000,13.280000,4400,13.290000,5100,0.380000,0.050000
1477420008139,13.280000,13.280000,4800,13.290000,5000,0.380000,0.050000
1477420010633,13.280000,13.280000,4800,13.290000,4800,0.380000,0.050000
1477420012641,13.280000,13.280000,4800,13.290000,4800,0.380000,0.050000
1477420014640,13.285000,13.280000,4800,13.290000,4200,0.420000,0.055000
1477420017142,13.285000,13.280000,4800,13.290000,4200,0.420000,0.055000
1477420019146,13.282600,13.280000,4800,13.290000,4200,0.400000,0.052600
1477420021143,13.282600,13.280000,4800,13.290000,4200,0.400000,0.052600
1477420023635,13.290000,13.290000,5200,13.300000,6200,0.450000,0.060000
1477420025147,13.290000,13.290000,5400,13.300000,6200,0.450000,0.060000
1477420028161,13.290000,13.290000,5400,13.300000,6200,0.450000,0.060000
1477420030154,13.300000,13.300000,4000,13.310000,7300,0.530000,0.070000
1477420032195,13.300000,13.300000,4000,13.310000,4900,0.530000,0.070000
1477420034159,13.310000,13.310000,5300,13.320000,11900,0.600000,0.080000
1477420037149,13.310000,13.310000,4300,13.320000,12500,0.600000,0.080000
1477420040648,13.310000,13.310000,4300,13.320000,12500,0.600000,0.080000
1477420043650,13.310000,13.310000,4700,13.320000,12100,0.600000,0.080000
1477420046662,13.310000,13.300000,9300,13.310000,1900,0.600000,0.080000
1477420048193,13.310000,13.300000,9300,13.310000,1700,0.600000,0.080000
1477420051660,13.310000,13.300000,8800,13.310000,1400,0.600000,0.080000
1477420054145,13.310000,13.300000,9800,13.310000,1400,0.600000,0.080000
1477420056155,13.310000,13.300000,9600,13.310000,1300,0.600000,0.080000
1477420058655,13.310000,13.300000,5300,13.310000,2400,0.600000,0.080000
1477420060154,13.300000,13.300000,1200,13.310000,10700,0.530000,0.070000
1477420062670,13.290000,13.290000,8300,13.300000,6900,0.450000,0.060000
1477420065149,13.290000,13.290000,8000,13.300000,7000,0.450000,0.060000
1477420067163,13.290000,13.290000,8000,13.300000,7000,0.450000,0.060000
1477420069671,13.290000,13.290000,4600,13.300000,6100,0.450000,0.060000
1477420072176,13.290000,13.290000,4600,13.300000,6100,0.450000,0.060000
1477420074177,13.280100,13.280000,8500,13.290000,4600,0.380000,0.050100
1477420076177,13.290000,13.290000,2600,13.300000,11800,0.450000,0.060000
1477420078670,13.290000,13.290000,3700,13.300000,11000,0.450000,0.060000
1477420080663,13.290000,13.290000,300,13.300000,14900,0.450000,0.060000
1477420083158,13.290000,13.290000,6100,13.300000,3800,0.450000,0.060000
1477420085169,13.290000,13.290000,5800,13.300000,3500,0.450000,0.060000
1477420087676,13.297000,13.290000,5100,13.300000,4400,0.510000,0.067000
1477420089683,13.290000,13.290000,1700,13.300000,9700,0.450000,0.060000
1477420091709,13.290000,13.290000,2400,13.300000,10100,0.450000,0.060000
1477420094183,13.295000,13.290000,2400,13.300000,9800,0.490000,0.065000
1477420096686,13.295000,13.290000,2400,13.300000,13900,0.490000,0.065000
1477420098604,13.295000,13.290000,2400,13.300000,9500,0.490000,0.065000
1477420100607,13.295000,13.290000,2000,13.300000,9500,0.490000,0.065000
1477420102610,13.295000,13.290000,1900,13.300000,9500,0.490000,0.065000
1477420104609,13.295000,13.290000,1900,13.300000,9500,0.490000,0.065000
1477420107123,13.295000,13.290000,1900,13.300000,8800,0.490000,0.065000
1477420110110,13.295000,13.290000,2200,13.300000,9000,0.490000,0.065000
1477420112111,13.295000,13.290000,2200,13.300000,9000,0.490000,0.065000
1477420114107,13.295000,13.290000,2200,13.300000,8800,0.490000,0.065000
1477420116612,13.295000,13.290000,4900,13.300000,4800,0.490000,0.065000
1477420118616,13.295000,13.290000,3800,13.300000,6200,0.490000,0.065000
1477420120614,13.295000,13.290000,1400,13.300000,9000,0.490000,0.065000
1477420123129,13.299900,13.290000,1400,13.300000,9500,0.530000,0.069900
1477420125120,13.290000,13.280000,5800,13.290000,5600,0.450000,0.060000
1477420127122,13.280000,13.280000,5200,13.290000,7000,0.380000,0.050000
1477420129617,13.280000,13.280000,4200,13.290000,10700,0.380000,0.050000
1477420131619,13.280000,13.280000,6900,13.290000,4500,0.380000,0.050000
1477420134116,13.280100,13.280000,6900,13.290000,4500,0.380000,0.050100
1477420136129,13.280100,13.280000,6900,13.290000,4500,0.380000,0.050100
1477420138639,13.290000,13.280000,11400,13.290000,1200,0.450000,0.060000
1477420152652,13.290000,13.290000,3500,13.300000,9700,0.450000,0.060000
1477420156134,13.290000,13.290000,5000,13.300000,7800,0.450000,0.060000
1477420157638,13.290000,13.290000,3800,13.300000,9600,0.450000,0.060000
1477420158638,13.290000,13.290000,3800,13.300000,9600,0.450000,0.060000
1477420162643,13.290000,13.290000,3200,13.300000,9800,0.450000,0.060000
1477420164149,13.290000,13.290000,3200,13.300000,9800,0.450000,0.060000
1477420166644,13.290000,13.290000,3200,13.300000,10100,0.450000,0.060000
1477420169143,13.290000,13.290000,2400,13.300000,10100,0.450000,0.060000
1477420171637,13.296800,13.290000,2900,13.300000,10400,0.500000,0.066800
1477420177641,13.296800,13.290000,2400,13.300000,10600,0.500000,0.066800
1477420180669,13.296800,13.290000,2800,13.300000,7500,0.500000,0.066800
1477420185142,13.290000,13.290000,400,13.300000,14600,0.450000,0.060000
1477420187148,13.290000,13.280000,9500,13.290000,2300,0.450000,0.060000
1477420189649,13.290000,13.280000,15300,13.290000,800,0.450000,0.060000
1477420192179,13.290000,13.280000,16400,13.290000,600,0.450000,0.060000
1477420194150,13.286000,13.280000,17900,13.290000,300,0.420000,0.056000
1477420196142,13.290000,13.280000,15600,13.290000,1000,0.450000,0.060000
1477420198155,13.290000,13.280000,9200,13.290000,2300,0.450000,0.060000
1477420199161,13.290000,13.280000,14200,13.290000,1400,0.450000,0.060000
1477420203164,13.285000,13.280000,3800,13.290000,11400,0.420000,0.055000
1477420205149,13.285000,13.280000,3900,13.290000,10300,0.420000,0.055000
1477420207184,13.285000,13.280000,3800,13.290000,10100,0.420000,0.055000
1477420209669,13.285000,13.280000,3800,13.290000,10100,0.420000,0.055000
1477420212157,13.285000,13.280000,3800,13.290000,10100,0.420000,0.055000
1477420214162,13.285000,13.280000,3800,13.290000,10100,0.420000,0.055000
1477420216218,13.285000,13.280000,3900,13.290000,10100,0.420000,0.055000
1477420218160,13.285000,13.280000,3900,13.290000,10100,0.420000,0.055000
1477420220157,13.280000,13.270000,13900,13.280000,1400,0.380000,0.050000
1477420222672,13.280000,13.270000,13700,13.280000,2300,0.380000,0.050000
1477420225175,13.280000,13.270000,13000,13.280000,1400,0.380000,0.050000
1477420227179,13.279900,13.270000,13000,13.280000,1400,0.380000,0.049900
1477420229667,13.279900,13.270000,13000,13.280000,2200,0.380000,0.049900
1477420231171,13.279900,13.270000,13000,13.280000,1400,0.380000,0.049900
1477420233671,13.279900,13.270000,13000,13.280000,1400,0.380000,0.049900
1477420235698,13.280000,13.270000,12800,13.280000,1400,0.380000,0.050000
1477420237792,13.280000,13.270000,8200,13.280000,2700,0.380000,0.050000
1477420240683,13.280000,13.270000,4100,13.280000,4200,0.380000,0.050000
1477420242645,13.278400,13.270000,4400,13.280000,2500,0.370000,0.048400
1477420245173,13.280000,13.280000,2600,13.290000,11700,0.380000,0.050000
1477420247219,13.280000,13.280000,2600,13.290000,11000,0.380000,0.050000
1477420249214,13.280000,13.280000,4700,13.290000,3600,0.380000,0.050000
1477420251611,13.280000,13.280000,5400,13.290000,2900,0.380000,0.050000
1477420253604,13.290000,13.290000,5100,13.300000,9900,0.450000,0.060000
1477420256110,13.290000,13.290000,300,13.300000,18100,0.450000,0.060000
1477420257604,13.290000,13.290000,700,13.300000,17900,0.450000,0.060000
1477420260143,13.290000,13.290000,100,13.300000,18100,0.450000,0.060000
1477420261612,13.290000,13.290000,1000,13.300000,16700,0.450000,0.060000
1477420264108,13.298600,13.290000,1100,13.300000,16600,0.520000,0.068600
1477420266621,13.290000,13.280000,8200,13.290000,800,0.450000,0.060000
1477420269110,13.290000,13.280000,8200,13.290000,800,0.450000,0.060000
1477420271144,13.290000,13.280000,8400,13.290000,800,0.450000,0.060000
1477420272621,13.300000,13.290000,2400,13.300000,11500,0.530000,0.070000
1477420275618,13.300000,13.290000,2400,13.300000,12600,0.530000,0.070000
1477420277616,13.290000,13.290000,3100,13.300000,10800,0.450000,0.060000
1477420280134,13.290000,13.290000,3100,13.300000,8200,0.450000,0.060000
1477420283150,13.290000,13.290000,2000,13.300000,12400,0.450000,0.060000
1477420284619,13.290000,13.290000,1200,13.300000,15400,0.450000,0.060000
1477420286619,13.290000,13.290000,1200,13.300000,13500,0.450000,0.060000
1477420289120,13.290000,13.290000,1200,13.300000,13500,0.450000,0.060000
1477420291623,13.290000,13.290000,2400,13.300000,12900,0.450000,0.060000
1477420293635,13.290000,13.290000,3200,13.300000,9200,0.450000,0.060000
1477420295130,13.290000,13.290000,2600,13.300000,10500,0.450000,0.060000
1477420297624,13.290000,13.290000,4500,13.300000,7600,0.450000,0.060000
1477420300131,13.290000,13.290000,3400,13.300000,7700,0.450000,0.060000
1477420301632,13.290000,13.290000,3100,13.300000,8900,0.450000,0.060000
1477420304626,13.290000,13.290000,2900,13.300000,9100,0.450000,0.060000
1477420307632,13.300000,13.300000,2400,13.310000,17200,0.530000,0.070000
1477420309652,13.300000,13.300000,2400,13.310000,18300,0.530000,0.070000
1477420312130,13.300000,13.300000,2400,13.310000,18300,0.530000,0.070000
1477420314133,13.300000,13.290000,7000,13.300000,8100,0.530000,0.070000
1477420316143,13.300000,13.290000,6100,13.300000,8100,0.530000,0.070000
1477420319632,13.300000,13.290000,6100,13.300000,5600,0.530000,0.070000
1477420321648,13.299500,13.290000,6100,13.300000,5600,0.530000,0.069500
1477420323663,13.299500,13.290000,3600,13.300000,9200,0.530000,0.069500
1477420325672,13.299900,13.290000,4500,13.300000,8400,0.530000,0.069900
1477420328141,13.299900,13.290000,4500,13.300000,7700,0.530000,0.069900
1477420330134,13.298900,13.290000,3700,13.300000,7700,0.520000,0.068900
1477420332142,13.298900,13.290000,3700,13.300000,7700,0.520000,0.068900
1477420334179,13.299200,13.290000,3100,13.300000,11300,0.520000,0.069200
1477420336662,13.290000,13.290000,3900,13.300000,11100,0.450000,0.060000
1477420338650,13.295900,13.290000,6000,13.300000,6500,0.500000,0.065900
1477420341647,13.297000,13.290000,6000,13.300000,3200,0.510000,0.067000
1477420344190,13.300000,13.300000,700,13.310000,20100,0.530000,0.070000
1477420346648,13.300000,13.300000,2400,13.310000,18200,0.530000,0.070000
1477420348146,13.308600,13.300000,1200,13.310000,18500,0.590000,0.078600
1477420350651,13.300000,13.290000,7000,13.300000,6400,0.530000,0.070000
1477420353650,13.300000,13.290000,5700,13.300000,9900,0.530000,0.070000
1477420355642,13.300000,13.290000,5400,13.300000,8600,0.530000,0.070000
1477420359146,13.300000,13.290000,7900,13.300000,3400,0.530000,0.070000
1477420361162,13.300000,13.290000,11500,13.300000,1200,0.530000,0.070000
1477420363156,13.300000,13.300000,2600,13.310000,18000,0.530000,0.070000
1477420365165,13.300000,13.300000,2900,13.310000,18000,0.530000,0.070000
1477420367660,13.310000,13.300000,3200,13.310000,16600,0.600000,0.080000
1477420369651,13.300000,13.300000,2600,13.310000,16600,0.530000,0.070000
1477420372202,13.300000,13.300000,2700,13.310000,16600,0.530000,0.070000
1477420373650,13.309900,13.300000,2700,13.310000,16600,0.600000,0.079900
1477420375657,13.309200,13.300000,3100,13.310000,16500,0.600000,0.079200
1477420378165,13.309200,13.300000,3100,13.310000,16600,0.600000,0.079200
1477420380659,13.309200,13.300000,3100,13.310000,16600,0.600000,0.079200
1477420382669,13.309200,13.300000,2600,13.310000,16500,0.600000,0.079200
1477420385157,13.300000,13.290000,5400,13.300000,6700,0.530000,0.070000
1477420387178,13.300000,13.290000,5400,13.300000,6700,0.530000,0.070000
1477420389169,13.300000,13.290000,5400,13.300000,6700,0.530000,0.070000
1477420391661,13.300000,13.290000,5400,13.300000,6300,0.530000,0.070000
1477420394187,13.292600,13.290000,7100,13.300000,2800,0.470000,0.062600
1477420396662,13.298000,13.290000,6200,13.300000,2700,0.510000,0.068000
1477420398672,13.298000,13.290000,6200,13.300000,2500,0.510000,0.068000
1477420401167,13.298000,13.290000,6100,13.300000,2500,0.510000,0.068000
1477420404161,13.300000,13.290000,5900,13.300000,2600,0.530000,0.070000
1477420406173,13.300000,13.290000,5900,13.300000,2600,0.530000,0.070000
1477420408173,13.300000,13.300000,2600,13.310000,15400,0.530000,0.070000
1477420410606,13.310000,13.300000,3300,13.310000,12100,0.600000,0.080000
1477420412122,13.300000,13.300000,10400,13.310000,9300,0.530000,0.070000
1477420415141,13.300000,13.300000,2600,13.310000,12900,0.530000,0.070000
1477420415605,13.300000,13.300000,7100,13.310000,12600,0.530000,0.070000
1477420420108,13.300000,13.300000,7100,13.310000,12500,0.530000,0.070000
1477420422108,13.307300,13.300000,7100,13.310000,13100,0.580000,0.077300
1477420423622,13.307300,13.300000,6200,13.310000,13600,0.580000,0.077300
1477420426126,13.300000,13.300000,5000,13.310000,16400,0.530000,0.070000
1477420428112,13.300000,13.290000,6100,13.300000,2800,0.530000,0.070000
1477420431117,13.295000,13.290000,6100,13.300000,3200,0.490000,0.065000
1477420433117,13.295000,13.290000,5700,13.300000,3300,0.490000,0.065000
1477420435615,13.295000,13.290000,3900,13.300000,7500,0.490000,0.065000
1477420439129,13.284000,13.280000,6000,13.290000,4800,0.410000,0.054000
1477420441619,13.290000,13.280000,8000,13.290000,4100,0.450000,0.060000
1477420443619,13.290000,13.280000,10100,13.290000,1700,0.450000,0.060000
1477420445620,13.290000,13.280000,15800,13.290000,1300,0.450000,0.060000
1477420448123,13.290000,13.280000,8800,13.290000,4200,0.450000,0.060000
1477420449621,13.290000,13.280000,8800,13.290000,4200,0.450000,0.060000
1477420452638,13.290000,13.280000,8800,13.290000,4200,0.450000,0.060000
1477420454116,13.290000,13.280000,8800,13.290000,4200,0.450000,0.060000
1477420456624,13.290000,13.280000,8700,13.290000,2100,0.450000,0.060000
1477420459134,13.290000,13.280000,8700,13.290000,3700,0.450000,0.060000
1477420460118,13.290000,13.280000,8700,13.290000,3700,0.450000,0.060000
1477420463627,13.290000,13.280000,14800,13.290000,1500,0.450000,0.060000
1477420465130,13.290000,13.280000,15000,13.290000,1200,0.450000,0.060000
1477420468149,13.290000,13.280000,15000,13.290000,1200,0.450000,0.060000
1477420469625,13.290000,13.290000,10600,13.300000,4800,0.450000,0.060000
1477420472129,13.300000,13.290000,9800,13.300000,4800,0.530000,0.070000
1477420474138,13.300000,13.290000,9800,13.300000,4800,0.530000,0.070000
1477420475635,13.300000,13.290000,9800,13.300000,4800,0.530000,0.070000
1477420478635,13.300000,13.290000,9800,13.300000,3500,0.530000,0.070000
1477420481127,13.300000,13.290000,14000,13.300000,1900,0.530000,0.070000
1477420483146,13.300000,13.290000,13700,13.300000,1800,0.530000,0.070000
1477420485634,13.300000,13.290000,13700,13.300000,2600,0.530000,0.070000
1477420487631,13.300000,13.290000,14800,13.300000,900,0.530000,0.070000
1477420490169,13.300000,13.300000,6200,13.310000,6400,0.530000,0.070000
1477420492642,13.309000,13.300000,4600,13.310000,6600,0.600000,0.079000
1477420494672,13.309000,13.300000,4500,13.310000,6500,0.600000,0.079000
1477420496682,13.309000,13.300000,4500,13.310000,6500,0.600000,0.079000
1477420499639,13.306400,13.300000,2700,13.310000,10900,0.580000,0.076400
1477420502154,13.300000,13.290000,12700,13.300000,3800,0.530000,0.070000
1477420504149,13.300000,13.290000,12700,13.300000,2900,0.530000,0.070000
1477420506647,13.300000,13.300000,3300,13.310000,11200,0.530000,0.070000
1477420508212,13.300000,13.300000,3300,13.310000,11200,0.530000,0.070000
1477420511129,13.300000,13.300000,2500,13.310000,11200,0.530000,0.070000
1477420513151,13.304900,13.300000,3000,13.310000,10500,0.570000,0.074900
1477420515145,13.304900,13.300000,3300,13.310000,6500,0.570000,0.074900
1477420517153,13.304200,13.310000,3300,13.320000,13200,0.560000,0.074200
1477420519648,13.310000,13.310000,4200,13.320000,12100,0.600000,0.080000
1477420521649,13.310000,13.310000,7200,13.320000,6500,0.600000,0.080000
1477420524155,13.310000,13.310000,6500,13.320000,6500,0.600000,0.080000
1477420526201,13.315000,13.310000,8100,13.320000,6200,0.640000,0.085000
1477420528689,13.315000,13.310000,8000,13.320000,6200,0.640000,0.085000
1477420530652,13.315000,13.310000,8100,13.320000,6000,0.640000,0.085000
1477420533154,13.359000,13.350000,5400,13.360000,12100,0.980000,0.129000
1477420535154,13.350100,13.350000,2600,13.360000,12400,0.910000,0.120100
1477420537650,13.360000,13.340000,11400,13.350000,2100,0.980000,0.130000
1477420539672,13.346500,13.340000,17700,13.350000,1100,0.880000,0.116500
1477420542161,13.340000,13.340000,11700,13.350000,1500,0.830000,0.110000
1477420544156,13.350000,13.340000,10700,13.350000,1700,0.910000,0.120000
1477420548204,13.350000,13.340000,10500,13.350000,2500,0.910000,0.120000
1477420550672,13.350000,13.340000,16700,13.350000,2200,0.910000,0.120000
1477420552668,13.349900,13.340000,17000,13.350000,2200,0.910000,0.119900
1477420554680,13.340000,13.340000,11600,13.350000,2600,0.830000,0.110000
1477420557166,13.340000,13.330000,14800,13.340000,2600,0.830000,0.110000
1477420559168,13.340000,13.330000,14600,13.340000,2600,0.830000,0.110000
1477420561164,13.340000,13.330000,14000,13.340000,800,0.830000,0.110000
1477420564174,13.350000,13.340000,7600,13.350000,4200,0.910000,0.120000
1477420566183,13.340000,13.340000,900,13.340000,2700,0.830000,0.110000
1477420568680,13.340000,13.330000,17700,13.340000,1000,0.830000,0.110000
1477420570634,13.335100,13.330000,17700,13.340000,1000,0.790000,0.105100
1477420573099,13.340000,13.340000,15800,13.350000,3000,0.830000,0.110000
1477420575101,13.349900,13.340000,14300,13.350000,4200,0.910000,0.119900
1477420576103,13.340000,13.340000,7200,13.350000,7600,0.830000,0.110000
1477420579102,13.341400,13.340000,8300,13.350000,2600,0.840000,0.111400
1477420581105,13.341100,13.340000,9700,13.350000,1600,0.840000,0.111100
1477420583613,13.341100,13.340000,10100,13.350000,1800,0.840000,0.111100
1477420585607,13.341100,13.340000,10000,13.350000,2400,0.840000,0.111100
1477420588108,13.349900,13.340000,10100,13.350000,2400,0.910000,0.119900
1477420590111,13.349900,13.340000,9700,13.350000,2500,0.910000,0.119900
1477420592110,13.341000,13.340000,9700,13.350000,2500,0.840000,0.111000
1477420594118,13.360000,13.350000,7900,13.360000,4200,0.980000,0.130000
1477420596618,13.360000,13.350000,4400,13.360000,4600,0.980000,0.130000
1477420599119,13.360000,13.350000,6800,13.360000,4300,0.980000,0.130000
1477420601115,13.360000,13.350000,6500,13.360000,4300,0.980000,0.130000
1477420603614,13.360000,13.350000,7200,13.360000,4300,0.980000,0.130000
1477420606121,13.356500,13.350000,5200,13.360000,4300,0.960000,0.126500
1477420607118,13.350000,13.340000,8800,13.350000,2800,0.910000,0.120000
1477420610691,13.350000,13.340000,5800,13.350000,3100,0.910000,0.120000
1477420612619,13.345900,13.340000,6900,13.350000,3100,0.880000,0.115900
1477420615115,13.350000,13.340000,6300,13.350000,2700,0.910000,0.120000
1477420617117,13.340000,13.340000,6900,13.350000,3200,0.830000,0.110000
1477420618622,13.340000,13.340000,5200,13.350000,3200,0.830000,0.110000
1477420621625,13.340000,13.340000,8200,13.350000,3200,0.830000,0.110000
1477420623127,13.349900,13.340000,7600,13.350000,2900,0.910000,0.119900
1477420626124,13.350000,13.350000,4500,13.360000,5500,0.910000,0.120000
1477420628159,13.355000,13.350000,4400,13.360000,5500,0.940000,0.125000
1477420630631,13.360000,13.350000,4400,13.360000,5500,0.980000,0.130000
1477420632635,13.359000,13.350000,4400,13.360000,5500,0.980000,0.129000
1477420635136,13.350000,13.340000,12400,13.350000,2000,0.910000,0.120000
1477420637636,13.350000,13.340000,8400,13.350000,2000,0.910000,0.120000
1477420640133,13.346700,13.340000,8000,13.350000,1900,0.880000,0.116700
1477420642633,13.340100,13.340000,6400,13.350000,1900,0.830000,0.110100
1477420643641,13.340100,13.340000,6400,13.350000,1900,0.830000,0.110100
1477420646635,13.340100,13.340000,7600,13.350000,800,0.830000,0.110100
1477420646635,13.340100,13.340000,7600,13.350000,800,0.830000,0.110100
1477420651138,13.340800,13.340000,8500,13.350000,1800,0.840000,0.110800
1477420653133,13.350000,13.340000,9400,13.350000,1300,0.910000,0.120000
1477420655637,13.350000,13.350000,5400,13.360000,6300,0.910000,0.120000
1477420657643,13.350000,13.350000,5300,13.360000,6300,0.910000,0.120000
1477420660149,13.350000,13.350000,5300,13.360000,6300,0.910000,0.120000
1477420662144,13.350000,13.350000,5000,13.360000,6500,0.910000,0.120000
1477420664650,13.350000,13.350000,5000,13.360000,6500,0.910000,0.120000
1477420667144,13.350000,13.350000,5000,13.360000,6500,0.910000,0.120000
1477420669148,13.350000,13.350000,1700,13.360000,10000,0.910000,0.120000
1477420671659,13.350000,13.340000,15500,13.350000,2800,0.910000,0.120000
1477420673644,13.350000,13.350000,2100,13.360000,8400,0.910000,0.120000
1477420676147,13.350000,13.350000,2100,13.360000,8100,0.910000,0.120000
1477420678154,13.350000,13.350000,1700,13.360000,8100,0.910000,0.120000
1477420680187,13.359000,13.350000,1700,13.360000,7800,0.980000,0.129000
1477420682661,13.359000,13.350000,1700,13.360000,8200,0.980000,0.129000
1477420685165,13.350000,13.350000,2900,13.360000,7300,0.910000,0.120000
1477420687179,13.360000,13.350000,6400,13.360000,2200,0.980000,0.130000
1477420689163,13.360000,13.350000,12400,13.360000,2400,0.980000,0.130000
1477420692151,13.357500,13.360000,1700,13.370000,9100,0.960000,0.127500
1477420694665,13.360000,13.360000,3700,13.370000,9100,0.980000,0.130000
1477420697155,13.360000,13.360000,6000,13.370000,5600,0.980000,0.130000
1477420699152,13.360000,13.360000,6000,13.370000,5300,0.980000,0.130000
1477420701664,13.380000,13.370000,2600,13.380000,10600,1.130000,0.150000
1477420703651,13.380000,13.370000,2600,13.380000,11200,1.130000,0.150000
1477420706165,13.370000,13.360000,6900,13.370000,7000,1.060000,0.140000
1477420708158,13.370000,13.360000,6900,13.370000,7000,1.060000,0.140000
1477420710656,13.360000,13.350000,13200,13.360000,1400,0.980000,0.130000
1477420712656,13.370000,13.360000,4000,13.370000,9600,1.060000,0.140000
1477420715188,13.370000,13.360000,4000,13.370000,9600,1.060000,0.140000
1477420717157,13.370000,13.360000,4000,13.370000,8600,1.060000,0.140000
1477420719204,13.370000,13.360000,1200,13.370000,11100,1.060000,0.140000
1477420721677,13.370000,13.360000,1200,13.370000,11000,1.060000,0.140000
1477420724643,13.358700,13.350000,5800,13.360000,4600,0.970000,0.128700
1477420727674,13.359900,13.350000,4900,13.360000,5600,0.980000,0.129900
1477420730203,13.359900,13.350000,3700,13.360000,5600,0.980000,0.129900
1477420732174,13.355900,13.350000,3500,13.360000,5600,0.950000,0.125900
1477420734172,13.360000,13.360000,6000,13.370000,6000,0.980000,0.130000
1477420736603,13.360000,13.360000,1300,13.370000,9400,0.980000,0.130000
1477420738604,13.360000,13.360000,1300,13.370000,9500,0.980000,0.130000
1477420741158,13.360000,13.360000,1300,13.370000,9500,0.980000,0.130000
1477420742609,13.365000,13.360000,1300,13.370000,10900,1.020000,0.135000
1477420745606,13.351800,13.350000,7100,13.360000,4600,0.920000,0.121800
1477420747610,13.351800,13.350000,9800,13.360000,1500,0.920000,0.121800
1477420749608,13.351800,13.350000,16900,13.360000,1200,0.920000,0.121800
1477420752106,13.351800,13.350000,5600,13.360000,5600,0.920000,0.121800
1477420754115,13.351800,13.350000,5600,13.360000,5600,0.920000,0.121800
1477420756638,13.351800,13.350000,3600,13.360000,5500,0.920000,0.121800
1477420759111,13.351000,13.350000,3300,13.360000,5000,0.910000,0.121000
1477420761125,13.356200,13.350000,3300,13.360000,5800,0.950000,0.126200
1477420763613,13.353500,13.350000,3900,13.360000,5800,0.930000,0.123500
1477420765612,13.353500,13.350000,2800,13.360000,8500,0.930000,0.123500
1477420768113,13.340000,13.340000,15500,13.350000,2300,0.830000,0.110000
1477420770118,13.350000,13.350000,5600,13.360000,5100,0.910000,0.120000
1477420772632,13.350000,13.350000,5200,13.360000,4800,0.910000,0.120000
1477420774157,13.350000,13.350000,5700,13.360000,4200,0.910000,0.120000
1477420776620,13.350000,13.350000,5700,13.360000,4200,0.910000,0.120000
1477420780119,13.350000,13.350000,5700,13.360000,4200,0.910000,0.120000
1477420782122,13.350000,13.350000,5300,13.360000,4900,0.910000,0.120000
1477420783119,13.350100,13.350000,5300,13.360000,4900,0.910000,0.120100
1477420786619,13.350100,13.350000,5200,13.360000,4300,0.910000,0.120100
1477420788660,13.350000,13.340000,15500,13.350000,1700,0.910000,0.120000
1477420790625,13.350000,13.340000,15500,13.350000,2300,0.910000,0.120000
1477420792627,13.340000,13.340000,4400,13.350000,7000,0.830000,0.110000
1477420795134,13.340000,13.340000,4300,13.350000,6400,0.830000,0.110000
1477420797121,13.340000,13.340000,5600,13.350000,6300,0.830000,0.110000
1477420798623,13.340000,13.340000,6400,13.350000,6300,0.830000,0.110000
1477420801669,13.349000,13.340000,8600,13.350000,5800,0.900000,0.119000
1477420804134,13.349000,13.340000,8500,13.350000,5500,0.900000,0.119000
1477420805621,13.349000,13.340000,13300,13.350000,3500,0.900000,0.119000
1477420808130,13.349000,13.340000,11300,13.350000,5600,0.900000,0.119000
1477420810653,13.349000,13.340000,10900,13.350000,4500,0.900000,0.119000
1477420812650,13.349000,13.340000,10900,13.350000,4000,0.900000,0.119000
1477420815129,13.360000,13.350000,3800,13.360000,10600,0.980000,0.130000
1477420817150,13.360000,13.350000,6300,13.360000,10300,0.980000,0.130000
1477420819132,13.360000,13.350000,6900,13.360000,8200,0.980000,0.130000
1477420821637,13.360000,13.350000,9600,13.360000,8200,0.980000,0.130000
1477420824169,13.360000,13.350000,8400,13.360000,8200,0.980000,0.130000
1477420825639,13.360000,13.350000,9900,13.360000,8200,0.980000,0.130000
1477420828134,13.360000,13.350000,9500,13.360000,8200,0.980000,0.130000
1477420830159,13.360000,13.350000,14700,13.360000,400,0.980000,0.130000
1477420832176,13.360000,13.360000,4700,13.370000,5100,0.980000,0.130000
1477420834172,13.360000,13.360000,5000,13.370000,5500,0.980000,0.130000
1477420836144,13.361100,13.360000,5000,13.370000,5300,0.990000,0.131100
1477420839139,13.360000,13.360000,4300,13.370000,5800,0.980000,0.130000
1477420841138,13.360000,13.360000,1200,13.370000,10200,0.980000,0.130000
1477420843674,13.360000,13.360000,1200,13.370000,10200,0.980000,0.130000
1477420846643,13.360000,13.360000,5300,13.370000,7300,0.980000,0.130000
1477420848648,13.360000,13.360000,4800,13.370000,7300,0.980000,0.130000
1477420851158,13.360000,13.360000,5600,13.370000,6300,0.980000,0.130000
1477420853647,13.360000,13.360000,4800,13.370000,6400,0.980000,0.130000
1477420855653,13.360000,13.360000,5900,13.370000,4300,0.980000,0.130000
1477420858152,13.360000,13.360000,5600,13.370000,4300,0.980000,0.130000
1477420860654,13.359500,13.350000,7100,13.360000,2000,0.980000,0.129500
1477420862658,13.359500,13.350000,9800,13.360000,600,0.980000,0.129500
1477420864657,13.360000,13.350000,10100,13.360000,400,0.980000,0.130000
1477420867151,13.360000,13.360000,2000,13.370000,9000,0.980000,0.130000
1477420869660,13.368400,13.360000,2100,13.370000,8900,1.050000,0.138400
1477420871160,13.368400,13.360000,2100,13.370000,9800,1.050000,0.138400
1477420873651,13.368400,13.360000,2900,13.370000,8900,1.050000,0.138400
1477420876208,13.368400,13.360000,5100,13.370000,8500,1.050000,0.138400
1477420878169,13.368400,13.360000,5100,13.370000,8500,1.050000,0.138400
1477420880656,13.364700,13.360000,3800,13.370000,8500,1.020000,0.134700
1477420883155,13.366400,13.360000,3800,13.370000,8500,1.030000,0.136400
1477420887170,13.366400,13.360000,3800,13.370000,8600,1.030000,0.136400
1477420889651,13.360000,13.350000,8300,13.360000,1300,0.980000,0.130000
1477420891656,13.360000,13.350000,8100,13.360000,1500,0.980000,0.130000
1477420894154,13.350000,13.340000,5400,13.350000,2200,0.910000,0.120000
1477420896160,13.350000,13.340000,5400,13.350000,2100,0.910000,0.120000
1477420898683,13.350000,13.340000,9000,13.350000,2000,0.910000,0.120000
1477420900655,13.350000,13.350000,1500,13.360000,7300,0.910000,0.120000
1477420903167,13.350000,13.340000,11900,13.350000,1800,0.910000,0.120000
1477420904191,13.350000,13.340000,11900,13.350000,1800,0.910000,0.120000
1477420907602,13.350000,13.340000,9600,13.350000,3100,0.910000,0.120000
1477420910101,13.350000,13.340000,9400,13.350000,3100,0.910000,0.120000
1477420911602,13.350000,13.340000,9500,13.350000,3100,0.910000,0.120000
1477420914602,13.350000,13.340000,8700,13.350000,3100,0.910000,0.120000
1477420916639,13.350000,13.340000,8700,13.350000,3100,0.910000,0.120000
1477420919106,13.344100,13.340000,8700,13.350000,3100,0.860000,0.114100
1477420921108,13.344100,13.340000,8700,13.350000,2200,0.860000,0.114100
1477420922107,13.350000,13.350000,10900,13.360000,5800,0.910000,0.120000
1477420924110,13.359900,13.350000,5800,13.360000,5000,0.980000,0.129900
1477420927141,13.350000,13.340000,15000,13.350000,1700,0.910000,0.120000
1477420928609,13.350000,13.340000,14500,13.350000,1700,0.910000,0.120000
1477420932629,13.350000,13.340000,12400,13.350000,1900,0.910000,0.120000
1477420934627,13.350000,13.340000,11300,13.350000,2100,0.910000,0.120000
1477420936612,13.350000,13.340000,11300,13.350000,2100,0.910000,0.120000
1477420939114,13.350000,13.340000,11300,13.350000,2100,0.910000,0.120000
1477420941114,13.350000,13.350000,2000,13.360000,13600,0.910000,0.120000
1477420943614,13.350000,13.350000,2000,13.360000,13600,0.910000,0.120000
1477420945123,13.350000,13.350000,2000,13.360000,13600,0.910000,0.120000
1477420947616,13.359900,13.350000,2900,13.360000,7000,0.980000,0.129900
1477420950658,13.359900,13.350000,2900,13.360000,6100,0.980000,0.129900
1477420952120,13.359900,13.350000,2900,13.360000,4900,0.980000,0.129900
1477420955120,13.350000,13.350000,2600,13.360000,7400,0.910000,0.120000
1477420957121,13.350000,13.340000,10900,13.350000,4000,0.910000,0.120000
1477420958627,13.350000,13.340000,14100,13.350000,1800,0.910000,0.120000
1477420961121,13.341100,13.340000,14100,13.350000,1800,0.840000,0.111100
1477420963623,13.341100,13.340000,14500,13.350000,1800,0.840000,0.111100
1477420965622,13.341100,13.340000,14900,13.350000,1900,0.840000,0.111100
1477420967633,13.350000,13.350000,2500,13.360000,6800,0.910000,0.120000
1477420970124,13.350000,13.350000,2500,13.360000,6800,0.910000,0.120000
1477420972631,13.350000,13.350000,2200,13.360000,7200,0.910000,0.120000
1477420975131,13.350000,13.350000,3100,13.360000,5300,0.910000,0.120000
1477420977632,13.360000,13.350000,8900,13.360000,3700,0.980000,0.130000
1477420979628,13.360000,13.350000,9800,13.360000,2600,0.980000,0.130000
1477420981632,13.360000,13.350000,5500,13.360000,3500,0.980000,0.130000
1477420986139,13.360000,13.350000,5400,13.360000,4300,0.980000,0.130000
1477420988677,13.360000,13.350000,5400,13.360000,4000,0.980000,0.130000
1477420990638,13.357000,13.350000,5900,13.360000,2900,0.960000,0.127000
1477420992636,13.357000,13.350000,8400,13.360000,2700,0.960000,0.127000
1477420995144,13.357000,13.350000,6600,13.360000,2700,0.960000,0.127000
1477420997638,13.357000,13.350000,6600,13.360000,2700,0.960000,0.127000
1477420998634,13.357000,13.350000,6600,13.360000,2700,0.960000,0.127000
1477421002635,13.357000,13.350000,4400,13.360000,5400,0.960000,0.127000
1477421004181,13.357000,13.350000,4400,13.360000,5400,0.960000,0.127000
1477421007147,13.355900,13.350000,4400,13.360000,5400,0.950000,0.125900
1477421008676,13.354000,13.350000,4400,13.360000,5400,0.940000,0.124000
1477421011136,13.354000,13.350000,6900,13.360000,2700,0.940000,0.124000
1477421013639,13.360000,13.360000,2600,13.370000,8700,0.980000,0.130000
1477421015681,13.360100,13.360000,1200,13.370000,12900,0.980000,0.130100
1477421017640,13.360100,13.360000,1200,13.370000,12900,0.980000,0.130100
1477421020653,13.364400,13.360000,1200,13.370000,12600,1.020000,0.134400
1477421022643,13.360000,13.360000,5900,13.370000,6000,0.980000,0.130000
1477421025151,13.360000,13.360000,5900,13.370000,7800,0.980000,0.130000
1477421028144,13.370000,13.370000,1800,13.380000,10300,1.060000,0.140000
1477421031146,13.370000,13.360000,9400,13.370000,200,1.060000,0.140000
1477421033145,13.370900,13.370000,2600,13.380000,9700,1.070000,0.140900
1477421035177,13.370000,13.370000,1800,13.380000,9700,1.060000,0.140000
1477421037661,13.370000,13.370000,1800,13.380000,9700,1.060000,0.140000
1477421039698,13.370000,13.370000,1800,13.380000,9800,1.060000,0.140000
1477421042163,13.370000,13.370000,1800,13.380000,9800,1.060000,0.140000
1477421044153,13.370000,13.370000,1800,13.380000,9800,1.060000,0.140000
1477421046153,13.370000,13.370000,1800,13.380000,9800,1.060000,0.140000
1477421048196,13.370000,13.370000,1500,13.380000,11100,1.060000,0.140000
1477421050667,13.370000,13.370000,1500,13.380000,15200,1.060000,0.140000
1477421052660,13.370000,13.370000,1500,13.380000,15200,1.060000,0.140000
1477421055149,13.370000,13.360000,7100,13.370000,5200,1.060000,0.140000
1477421057164,13.360000,13.360000,6400,13.370000,5200,0.980000,0.130000
1477421059164,13.360000,13.360000,6400,13.370000,5200,0.980000,0.130000
1477421061716,13.370000,13.360000,7100,13.370000,5300,1.060000,0.140000
1477421063747,13.370000,13.360000,6500,13.370000,5300,1.060000,0.140000
1477421067201,13.369000,13.360000,5500,13.370000,6900,1.050000,0.139000
1477421069669,13.365000,13.360000,5600,13.370000,5900,1.020000,0.135000
1477421072166,13.365000,13.360000,3200,13.370000,8300,1.020000,0.135000
1477421074168,13.365000,13.360000,3200,13.370000,8100,1.020000,0.135000
1477421076691,13.370000,13.360000,8300,13.370000,1600,1.060000,0.140000
1477421078284,13.370000,13.360000,5300,13.370000,4600,1.060000,0.140000
1477421081637,13.370000,13.360000,4700,13.370000,4700,1.060000,0.140000
1477421084100,13.360000,13.350000,8300,13.360000,2300,0.980000,0.130000
1477421086607,13.360000,13.350000,8600,13.360000,1400,0.980000,0.130000
1477421088640,13.354000,13.350000,8300,13.360000,2300,0.940000,0.124000
1477421090631,13.354000,13.350000,5400,13.360000,2800,0.940000,0.124000
1477421094106,13.360000,13.350000,5100,13.360000,2900,0.980000,0.130000
1477421094106,13.360000,13.350000,5100,13.360000,2900,0.980000,0.130000
1477421096607,13.355000,13.350000,3300,13.360000,6000,0.940000,0.125000
1477421100617,13.350000,13.340000,7900,13.350000,2200,0.910000,0.120000
1477421103126,13.340000,13.340000,4600,13.350000,4400,0.830000,0.110000
1477421104115,13.340000,13.340000,4600,13.350000,4400,0.830000,0.110000
1477421107111,13.350000,13.350000,2400,13.360000,6900,0.910000,0.120000
1477421109110,13.354100,13.350000,2400,13.360000,6400,0.940000,0.124100
1477421111614,13.354100,13.350000,2600,13.360000,6500,0.940000,0.124100
1477421114109,13.354100,13.350000,2600,13.360000,8400,0.940000,0.124100
1477421116115,13.354100,13.350000,2600,13.360000,8400,0.940000,0.124100
1477421118648,13.354100,13.350000,2600,13.360000,8100,0.940000,0.124100
1477421120638,13.350000,13.350000,700,13.360000,12500,0.910000,0.120000
1477421121137,13.350000,13.340000,11400,13.350000,1700,0.910000,0.120000
1477421125119,13.341500,13.340000,9700,13.350000,1700,0.840000,0.111500
1477421127123,13.350000,13.340000,9700,13.350000,1600,0.910000,0.120000
1477421127123,13.350000,13.340000,9700,13.350000,1600,0.910000,0.120000
1477421132141,13.349900,13.340000,10300,13.350000,1600,0.910000,0.119900
1477421134126,13.350000,13.350000,3400,13.360000,5100,0.910000,0.120000
1477421136629,13.350000,13.350000,8400,13.360000,3600,0.910000,0.120000
1477421138622,13.360000,13.350000,8300,13.360000,3700,0.980000,0.130000
1477421141114,13.350000,13.350000,5900,13.360000,3700,0.910000,0.120000
1477421143628,13.360000,13.360000,900,13.370000,11300,0.980000,0.130000
1477421145623,13.360000,13.360000,3000,13.370000,10700,0.980000,0.130000
1477421148124,13.360000,13.360000,4300,13.370000,10300,0.980000,0.130000
1477421150630,13.366200,13.360000,700,13.370000,10700,1.030000,0.136200
1477421153126,13.366200,13.360000,800,13.370000,11400,1.030000,0.136200
1477421155161,13.366200,13.360000,800,13.370000,11400,1.030000,0.136200
1477421157123,13.366200,13.360000,800,13.370000,10200,1.030000,0.136200
1477421159129,13.366200,13.360000,800,13.370000,10200,1.030000,0.136200
1477421162131,13.367200,13.360000,800,13.370000,9700,1.040000,0.137200
1477421163138,13.367200,13.360000,800,13.370000,9700,1.040000,0.137200
1477421166139,13.367200,13.360000,2100,13.370000,6900,1.040000,0.137200
1477421168632,13.367200,13.360000,4200,13.370000,4500,1.040000,0.137200
1477421170629,13.367200,13.360000,4200,13.370000,4500,1.040000,0.137200
1477421172631,13.367200,13.360000,2100,13.370000,7700,1.040000,0.137200
1477421175144,13.361000,13.360000,2700,13.370000,7600,0.990000,0.131000
1477421179151,13.361000,13.360000,1200,13.370000,9400,0.990000,0.131000
1477421182136,13.350000,13.350000,11000,13.360000,2200,0.910000,0.120000
1477421184139,13.360000,13.350000,12000,13.360000,1400,0.980000,0.130000
1477421186140,13.360000,13.350000,11200,13.360000,2100,0.980000,0.130000
1477421188645,13.360000,13.350000,11300,13.360000,2100,0.980000,0.130000
1477421190638,13.351000,13.350000,11300,13.360000,2100,0.910000,0.121000
1477421193144,13.351000,13.350000,11100,13.360000,2000,0.910000,0.121000
1477421195634,13.360000,13.350000,8000,13.360000,2000,0.980000,0.130000
1477421197645,13.360000,13.350000,5800,13.360000,2100,0.980000,0.130000
1477421199646,13.350000,13.350000,4900,13.360000,3100,0.910000,0.120000
1477421203644,13.350000,13.350000,4300,13.360000,3100,0.910000,0.120000
1477421205633,13.350000,13.350000,4200,13.360000,3100,0.910000,0.120000
1477421207645,13.350000,13.350000,4200,13.360000,3100,0.910000,0.120000
1477421210646,13.350000,13.350000,4500,13.360000,4200,0.910000,0.120000
1477421213152,13.350000,13.340000,9900,13.350000,2300,0.910000,0.120000
1477421215145,13.350000,13.340000,9400,13.350000,2300,0.910000,0.120000
1477421217681,13.350000,13.340000,9400,13.350000,2300,0.910000,0.120000
1477421219660,13.350000,13.350000,2200,13.360000,8100,0.910000,0.120000
1477421221641,13.345000,13.340000,12900,13.350000,2400,0.870000,0.115000
1477421224141,13.350000,13.340000,10600,13.350000,3400,0.910000,0.120000
1477421226164,13.350000,13.340000,10600,13.350000,3600,0.910000,0.120000
1477421228660,13.350000,13.340000,10600,13.350000,3600,0.910000,0.120000
1477421231182,13.344600,13.340000,10600,13.350000,3600,0.870000,0.114600
1477421232656,13.344600,13.340000,10600,13.350000,3600,0.870000,0.114600
1477421235656,13.340000,13.340000,10600,13.350000,3600,0.830000,0.110000
1477421237661,13.340000,13.340000,10600,13.350000,3600,0.830000,0.110000
1477421240658,13.341000,13.340000,8000,13.350000,3800,0.840000,0.111000
1477421242661,13.341000,13.340000,7800,13.350000,3800,0.840000,0.111000
1477421245163,13.345000,13.340000,6200,13.350000,5200,0.870000,0.115000
1477421247167,13.345300,13.340000,4100,13.350000,8000,0.870000,0.115300
1477421249204,13.345300,13.340000,4100,13.350000,5700,0.870000,0.115300
1477421252668,13.345300,13.340000,7500,13.350000,3700,0.870000,0.115300
1477421254691,13.341000,13.340000,7000,13.350000,4500,0.840000,0.111000
1477421256798,13.341000,13.340000,5900,13.350000,4700,0.840000,0.111000
1477421259107,13.341000,13.340000,5300,13.350000,4700,0.840000,0.111000
1477421261601,13.341000,13.340000,4000,13.350000,7000,0.840000,0.111000
1477421263104,13.341000,13.340000,4100,13.350000,5700,0.840000,0.111000
1477421265638,13.341000,13.340000,4600,13.350000,5200,0.840000,0.111000
1477421267106,13.341000,13.340000,4700,13.350000,5400,0.840000,0.111000
1477421270146,13.341000,13.340000,5200,13.350000,6300,0.840000,0.111000
1477421275606,13.340000,13.340000,5200,13.350000,6600,0.830000,0.110000
1477421278129,13.340000,13.340000,5200,13.350000,6600,0.830000,0.110000
1477421281111,13.350000,13.340000,10800,13.350000,2500,0.910000,0.120000
1477421281111,13.350000,13.340000,10800,13.350000,2500,0.910000,0.120000
1477421285110,13.350000,13.350000,1800,13.360000,7100,0.910000,0.120000
1477421287109,13.350000,13.350000,1800,13.360000,7100,0.910000,0.120000
1477421288118,13.350000,13.350000,1400,13.360000,7100,0.910000,0.120000
1477421290115,13.350000,13.350000,1300,13.360000,10500,0.910000,0.120000
1477421294139,13.350000,13.340000,13000,13.350000,3400,0.910000,0.120000
1477421296117,13.350000,13.340000,13600,13.350000,3400,0.910000,0.120000
1477421298615,13.350000,13.340000,14200,13.350000,2400,0.910000,0.120000
1477421300654,13.350000,13.340000,14200,13.350000,2400,0.910000,0.120000
1477421303124,13.350000,13.340000,14200,13.350000,2400,0.910000,0.120000
1477421305134,13.350000,13.340000,14200,13.350000,2400,0.910000,0.120000
1477421307661,13.350000,13.340000,14200,13.350000,2400,0.910000,0.120000
1477421310126,13.350000,13.350000,6400,13.360000,10100,0.910000,0.120000
1477421311622,13.350000,13.350000,6100,13.360000,7300,0.910000,0.120000
1477421314625,13.355000,13.350000,6100,13.360000,7300,0.940000,0.125000
1477421315621,13.350000,13.350000,6200,13.360000,8300,0.910000,0.120000
1477421318626,13.350000,13.350000,5800,13.360000,11500,0.910000,0.120000
1477421321184,13.350000,13.350000,5900,13.360000,9600,0.910000,0.120000
1477421323152,13.350000,13.350000,5900,13.360000,8400,0.910000,0.120000
1477421325631,13.350000,13.350000,1400,13.360000,12200,0.910000,0.120000
1477421327136,13.350000,13.340000,13200,13.350000,1800,0.910000,0.120000
1477421330128,13.350000,13.340000,10000,13.350000,2100,0.910000,0.120000
1477421332120,13.350000,13.340000,10000,13.350000,2000,0.910000,0.120000
1477421335129,13.346000,13.340000,10000,13.350000,2000,0.880000,0.116000
1477421338633,13.341000,13.340000,10000,13.350000,2000,0.840000,0.111000
1477421340634,13.341000,13.340000,10000,13.350000,2000,0.840000,0.111000
1477421343132,13.341000,13.340000,9800,13.350000,1800,0.840000,0.111000
1477421345164,13.350000,13.340000,10700,13.350000,1500,0.910000,0.120000
1477421346137,13.350000,13.340000,10700,13.350000,1500,0.910000,0.120000
1477421349658,13.350000,13.350000,4100,13.360000,7300,0.910000,0.120000
1477421350675,13.350000,13.340000,10300,13.350000,2600,0.910000,0.120000
1477421353636,13.350000,13.340000,8100,13.350000,2600,0.910000,0.120000
1477421356142,13.350000,13.340000,8900,13.350000,2600,0.910000,0.120000
1477421358643,13.348700,13.340000,8900,13.350000,2600,0.900000,0.118700
1477421360135,13.348700,13.340000,8200,13.350000,2600,0.900000,0.118700
1477421362658,13.348700,13.340000,8800,13.350000,2600,0.900000,0.118700
1477421365137,13.348700,13.340000,8900,13.350000,2600,0.900000,0.118700
1477421367131,13.350000,13.350000,2900,13.360000,9500,0.910000,0.120000
1477421372142,13.350000,13.350000,2800,13.360000,10200,0.910000,0.120000
1477421374640,13.350000,13.350000,1500,13.360000,10400,0.910000,0.120000
1477421376684,13.360000,13.350000,2400,13.360000,10200,0.980000,0.130000
1477421378658,13.360000,13.350000,2500,13.360000,10200,0.980000,0.130000
1477421381145,13.360000,13.350000,2500,13.360000,10200,0.980000,0.130000
1477421383153,13.355000,13.350000,2400,13.360000,10200,0.940000,0.125000
1477421385145,13.355000,13.350000,2500,13.360000,10200,0.940000,0.125000
1477421387658,13.355000,13.350000,2500,13.360000,10000,0.940000,0.125000
1477421390131,13.355000,13.350000,2500,13.360000,10000,0.940000,0.125000
1477421392143,13.350000,13.350000,2400,13.360000,10000,0.910000,0.120000
1477421394648,13.360000,13.350000,13600,13.360000,1600,0.980000,0.130000
1477421396654,13.360000,13.350000,13500,13.360000,1600,0.980000,0.130000
1477421398149,13.360000,13.350000,16000,13.360000,800,0.980000,0.130000
1477421403160,13.369900,13.360000,1600,13.370000,12000,1.060000,0.139900
1477421405660,13.369000,13.360000,1400,13.370000,12900,1.050000,0.139000
1477421407656,13.369000,13.360000,1400,13.370000,12100,1.050000,0.139000
1477421409166,13.369000,13.360000,1400,13.370000,12100,1.050000,0.139000
1477421412145,13.369000,13.360000,4700,13.370000,10500,1.050000,0.139000
1477421414657,13.369000,13.360000,3800,13.370000,10700,1.050000,0.139000
1477421416655,13.369000,13.360000,3800,13.370000,10700,1.050000,0.139000
1477421419170,13.369000,13.360000,3800,13.370000,10700,1.050000,0.139000
1477421421198,13.360000,13.360000,3800,13.370000,11000,0.980000,0.130000
1477421423158,13.360000,13.360000,3800,13.370000,11000,0.980000,0.130000
1477421425662,13.369000,13.360000,3800,13.370000,10100,1.050000,0.139000
1477421427670,13.360000,13.360000,3800,13.370000,11600,0.980000,0.130000
1477421430165,13.360000,13.360000,3800,13.370000,11700,0.980000,0.130000
1477421432177,13.364100,13.360000,4300,13.370000,11200,1.010000,0.134100
1477421436601,13.360100,13.360000,3900,13.370000,9500,0.980000,0.130100
1477421442102,13.360100,13.360000,4300,13.370000,9500,0.980000,0.130100
1477421444103,13.360100,13.360000,3900,13.370000,9400,0.980000,0.130100
1477421446105,13.360100,13.360000,4500,13.370000,9300,0.980000,0.130100
1477421448605,13.360100,13.360000,5100,13.370000,9300,0.980000,0.130100
1477421451107,13.360100,13.360000,5100,13.370000,9400,0.980000,0.130100
1477421453137,13.364700,13.360000,6900,13.370000,9300,1.020000,0.134700
1477421454141,13.364700,13.360000,6900,13.370000,9300,1.020000,0.134700
1477421457646,13.370000,13.360000,6900,13.370000,9300,1.060000,0.140000
1477421459617,13.379900,13.370000,11200,13.380000,1800,1.130000,0.149900
1477421462606,13.380000,13.370000,2700,13.380000,11200,1.130000,0.150000
1477421467115,13.380000,13.370000,10300,13.380000,2100,1.130000,0.150000
1477421469612,13.377400,13.370000,10500,13.380000,1200,1.110000,0.147400
1477421470619,13.377400,13.370000,9300,13.380000,1200,1.110000,0.147400
1477421473113,13.377400,13.370000,3000,13.380000,8600,1.110000,0.147400
1477421476116,13.370000,13.370000,3600,13.380000,8600,1.060000,0.140000
1477421478140,13.370000,13.370000,3600,13.380000,8600,1.060000,0.140000
1477421480121,13.390000,13.380000,8600,13.390000,8800,1.210000,0.160000
1477421480121,13.390000,13.380000,8600,13.390000,8800,1.210000,0.160000
1477421484621,13.380000,13.380000,4000,13.390000,10100,1.130000,0.150000
1477421486620,13.420000,13.420000,7600,13.430000,5200,1.440000,0.190000
1477421489125,13.430000,13.420000,5800,13.430000,7900,1.510000,0.200000
1477421491625,13.430000,13.420000,7300,13.430000,7600,1.510000,0.200000
1477421494136,13.440000,13.420000,7500,13.430000,10000,1.590000,0.210000
1477421496132,13.416200,13.410000,11600,13.420000,2200,1.410000,0.186200
1477421499127,13.415000,13.410000,11600,13.420000,2900,1.400000,0.185000
1477421501619,13.420100,13.420000,4400,13.430000,9100,1.440000,0.190100
1477421503130,13.420000,13.420000,9800,13.430000,5200,1.440000,0.190000
1477421506130,13.420000,13.420000,2700,13.430000,10100,1.440000,0.190000
1477421508147,13.420000,13.410000,12200,13.420000,4500,1.440000,0.190000
1477421509666,13.418000,13.410000,11600,13.420000,4500,1.420000,0.188000
1477421513124,13.420000,13.410000,19100,13.420000,1400,1.440000,0.190000
1477421514633,13.420000,13.410000,18900,13.420000,1500,1.440000,0.190000
1477421517663,13.420000,13.410000,12600,13.420000,3200,1.440000,0.190000
1477421517663,13.420000,13.410000,12600,13.420000,3200,1.440000,0.190000
1477421520134,13.420000,13.410000,12200,13.420000,4000,1.440000,0.190000
1477421524162,13.420000,13.410000,12000,13.420000,2800,1.440000,0.190000
1477421526640,13.413600,13.410000,10700,13.420000,3600,1.390000,0.183600
1477421530140,13.410000,13.410000,9400,13.420000,3100,1.360000,0.180000
1477421532632,13.410000,13.410000,9400,13.420000,2400,1.360000,0.180000
1477421535140,13.414200,13.410000,9400,13.420000,2100,1.390000,0.184200
1477421537144,13.410000,13.410000,9800,13.420000,2100,1.360000,0.180000
1477421539141,13.410000,13.410000,9300,13.420000,3000,1.360000,0.180000
1477421540637,13.415000,13.410000,2800,13.420000,6500,1.400000,0.185000
1477421543146,13.410000,13.410000,5000,13.420000,7900,1.360000,0.180000
1477421546135,13.415000,13.400000,12400,13.410000,2900,1.400000,0.185000
1477421546135,13.415000,13.400000,12400,13.410000,2900,1.400000,0.185000
1477421550140,13.390000,13.370000,8300,13.380000,2300,1.210000,0.160000
1477421552659,13.390000,13.380000,3600,13.390000,5200,1.210000,0.160000
1477421554191,13.384100,13.380000,2500,13.390000,5200,1.160000,0.154100
1477421568148,13.390000,13.380000,7400,13.390000,4000,1.210000,0.160000
1477421570649,13.410000,13.410000,2400,13.420000,5800,1.360000,0.180000
1477421572644,13.415000,13.400000,6300,13.410000,4600,1.400000,0.185000
1477421574657,13.400000,13.390000,6900,13.400000,3800,1.280000,0.170000
1477421577150,13.400000,13.390000,1800,13.400000,5100,1.280000,0.170000
1477421579154,13.400000,13.390000,1000,13.400000,12700,1.280000,0.170000
1477421581157,13.400000,13.390000,1200,13.400000,12700,1.280000,0.170000
1477421603673,13.390100,13.390000,2400,13.400000,8900,1.210000,0.160100
1477421605668,13.390100,13.390000,2400,13.400000,8800,1.210000,0.160100
1477421608172,13.400000,13.390000,10200,13.400000,1800,1.280000,0.170000
1477421610164,13.400000,13.390000,8100,13.400000,2500,1.280000,0.170000
1477421612707,13.398100,13.390000,14200,13.400000,1000,1.270000,0.168100
1477421614616,13.400000,13.400000,5700,13.410000,2400,1.280000,0.170000
1477421617104,13.400000,13.400000,7900,13.410000,2300,1.280000,0.170000
1477421619104,13.400000,13.400000,3600,13.410000,3500,1.280000,0.170000
1477421620605,13.400000,13.400000,3200,13.410000,3800,1.280000,0.170000
1477421623636,13.405000,13.390000,8900,13.400000,1400,1.320000,0.175000
1477421626111,13.405000,13.390000,8900,13.400000,1400,1.320000,0.175000
1477421629106,13.405000,13.390000,8900,13.400000,1400,1.320000,0.175000
1477421633109,13.390000,13.390000,8900,13.400000,1400,1.210000,0.160000
1477421634612,13.390000,13.390000,8900,13.400000,1400,1.210000,0.160000
1477421637614,13.390000,13.390000,8500,13.400000,1400,1.210000,0.160000
1477421638607,13.390000,13.390000,9300,13.400000,1400,1.210000,0.160000
1477421642119,13.390000,13.390000,9300,13.400000,1400,1.210000,0.160000
1477421644117,13.390000,13.390000,9300,13.400000,1400,1.210000,0.160000
1477421646615,13.390000,13.390000,9300,13.400000,1400,1.210000,0.160000
1477421648114,13.390000,13.390000,9300,13.400000,1900,1.210000,0.160000
1477421650614,13.390000,13.390000,9300,13.400000,1900,1.210000,0.160000
1477421653118,13.420000,13.410000,12900,13.420000,1800,1.440000,0.190000
1477421655130,13.420000,13.410000,13900,13.420000,600,1.440000,0.190000
1477421657642,13.420000,13.410000,14100,13.420000,600,1.440000,0.190000
1477421660624,13.400000,13.390000,9000,13.400000,1800,1.280000,0.170000
1477421662122,13.400000,13.390000,9000,13.400000,1800,1.280000,0.170000
1477421663120,13.410000,13.390000,9000,13.400000,800,1.360000,0.180000
1477421666659,13.400000,13.390000,9000,13.400000,800,1.280000,0.170000
1477421669143,13.409900,13.400000,10100,13.410000,5300,1.360000,0.179900
1477421671162,13.409900,13.400000,9700,13.410000,5300,1.360000,0.179900
1477421672642,13.409900,13.400000,7100,13.410000,5400,1.360000,0.179900
1477421676126,13.405000,13.400000,6400,13.410000,5500,1.320000,0.175000
1477421678128,13.405000,13.400000,5600,13.410000,5500,1.320000,0.175000
1477421680118,13.410000,13.410000,600,13.420000,10400,1.360000,0.180000
1477421682628,13.410000,13.410000,1200,13.420000,9600,1.360000,0.180000
1477421684664,13.414100,13.410000,2200,13.420000,9600,1.390000,0.184100
1477421686628,13.400000,13.400000,1200,13.410000,14000,1.280000,0.170000
1477421689631,13.400000,13.390000,2100,13.400000,8600,1.280000,0.170000
1477421692139,13.395000,13.390000,2100,13.400000,8600,1.250000,0.165000
1477421694636,13.395000,13.390000,2100,13.400000,8600,1.250000,0.165000
1477421696635,13.395000,13.390000,2400,13.400000,8600,1.250000,0.165000
1477421697641,13.395000,13.390000,2400,13.400000,8600,1.250000,0.165000
1477421700657,13.395000,13.390000,2400,13.400000,8800,1.250000,0.165000
1477421702672,13.390000,13.390000,2300,13.400000,11800,1.210000,0.160000
1477421705136,13.400000,13.390000,9700,13.400000,2400,1.280000,0.170000
1477421707643,13.400000,13.390000,8600,13.400000,3000,1.280000,0.170000
1477421709678,13.400000,13.390000,10100,13.400000,1100,1.280000,0.170000
1477421712141,13.410000,13.400000,15700,13.410000,4800,1.360000,0.180000
1477421714181,13.410000,13.400000,6200,13.410000,4600,1.360000,0.180000
1477421716634,13.409000,13.400000,5200,13.410000,4700,1.350000,0.179000
1477421718642,13.410000,13.400000,5200,13.410000,4600,1.360000,0.180000
1477421721147,13.405000,13.400000,2200,13.410000,9600,1.320000,0.175000
1477421723152,13.400000,13.400000,900,13.410000,15800,1.280000,0.170000
1477421728147,13.400000,13.390000,8600,13.400000,2100,1.280000,0.170000
1477421730681,13.399000,13.390000,12700,13.400000,100,1.280000,0.169000
1477421733682,13.400000,13.400000,2600,13.410000,8200,1.280000,0.170000
1477421735647,13.400000,13.400000,2600,13.410000,8600,1.280000,0.170000
1477421752152,13.400000,13.400000,1100,13.410000,7700,1.280000,0.170000
1477421753653,13.400000,13.400000,1100,13.410000,8000,1.280000,0.170000
1477421756158,13.400000,13.400000,1500,13.410000,7900,1.280000,0.170000
1477421758653,13.400000,13.400000,1500,13.410000,7900,1.280000,0.170000
1477421761133,13.400000,13.400000,900,13.410000,14800,1.280000,0.170000
1477421763159,13.400000,13.400000,2000,13.410000,11900,1.280000,0.170000
1477421765661,13.400000,13.400000,2000,13.410000,10700,1.280000,0.170000
1477421767656,13.400000,13.400000,1500,13.410000,10900,1.280000,0.170000
1477421774663,13.400100,13.400000,7900,13.410000,2200,1.290000,0.170100
1477421776166,13.400100,13.400000,11400,13.410000,1400,1.290000,0.170100
1477421779161,13.410000,13.410000,2600,13.420000,6100,1.360000,0.180000
1477421781159,13.410000,13.410000,2600,13.420000,6300,1.360000,0.180000
1477421783691,13.410000,13.410000,2600,13.420000,6300,1.360000,0.180000
1477421786171,13.410000,13.410000,2600,13.420000,5900,1.360000,0.180000
1477421788667,13.410000,13.410000,2600,13.420000,6100,1.360000,0.180000
1477421791172,13.410000,13.410000,2600,13.420000,5800,1.360000,0.180000
1477421800101,13.410000,13.410000,3500,13.420000,5200,1.360000,0.180000
1477421812609,13.426800,13.420000,7200,13.430000,6100,1.490000,0.196800
1477421815608,13.426800,13.420000,14600,13.430000,3100,1.490000,0.196800
1477421818610,13.420000,13.420000,4700,13.430000,8000,1.440000,0.190000
1477421821114,13.429000,13.420000,900,13.430000,11900,1.500000,0.199000
1477421823617,13.420000,13.420000,9200,13.430000,6900,1.440000,0.190000
1477421825113,13.420000,13.420000,13100,13.430000,3600,1.440000,0.190000
1477421856632,13.433200,13.430000,3000,13.440000,6200,1.540000,0.203200
1477421860137,13.431900,13.430000,14700,13.440000,3900,1.530000,0.201900
1477421862162,13.431900,13.430000,17700,13.440000,3400,1.530000,0.201900
1477421864635,13.440000,13.430000,21000,13.440000,3000,1.590000,0.210000
1477421866159,13.440000,13.440000,2500,13.450000,9800,1.590000,0.210000
1477421868626,13.440100,13.440000,2400,13.450000,11300,1.590000,0.210100
1477421870129,13.449000,13.440000,800,13.450000,10900,1.660000,0.219000
1477421873131,13.450000,13.440000,8800,13.450000,3700,1.660000,0.220000
1477421875639,13.450000,13.450000,2300,13.460000,9100,1.660000,0.220000
1477421877630,13.450000,13.450000,2100,13.460000,10500,1.660000,0.220000
1477421880133,13.442300,13.440000,11300,13.450000,3400,1.600000,0.212300
1477421882138,13.445000,13.440000,11300,13.450000,3300,1.630000,0.215000
1477421884635,13.445100,13.440000,2200,13.450000,8300,1.630000,0.215100
1477421887143,13.445100,13.440000,3100,13.450000,8100,1.630000,0.215100
1477421889161,13.449200,13.440000,1100,13.450000,9900,1.660000,0.219200
1477421891139,13.445000,13.440000,500,13.450000,11000,1.630000,0.215000
1477421893637,13.440000,13.430000,21400,13.440000,1800,1.590000,0.210000
1477421896137,13.430000,13.430000,13600,13.440000,8000,1.510000,0.200000
1477421898141,13.430000,13.430000,13600,13.440000,7300,1.510000,0.200000
1477421900647,13.430000,13.430000,11900,13.440000,11100,1.510000,0.200000
1477421902150,13.433500,13.430000,11900,13.440000,9800,1.540000,0.203500
1477421905129,13.430000,13.430000,11500,13.440000,9500,1.510000,0.200000
1477421907141,13.430000,13.430000,11500,13.440000,9500,1.510000,0.200000
1477421909130,13.420000,13.420000,4700,13.430000,6200,1.440000,0.190000
1477421910651,13.420000,13.420000,4700,13.430000,6100,1.440000,0.190000
1477421913643,13.420000,13.420000,3600,13.430000,9600,1.440000,0.190000
1477421916153,13.420000,13.420000,2400,13.430000,10100,1.440000,0.190000
1477421919146,13.420000,13.420000,2400,13.430000,10100,1.440000,0.190000
1477421921140,13.420000,13.420000,2700,13.430000,10100,1.440000,0.190000
1477421923653,13.429900,13.420000,2700,13.430000,10100,1.510000,0.199900
1477421925647,13.430000,13.420000,4400,13.430000,3700,1.510000,0.200000
1477421927658,13.430000,13.420000,4400,13.430000,3700,1.510000,0.200000
1477421930147,13.430000,13.420000,6600,13.430000,3700,1.510000,0.200000
1477421932186,13.430000,13.420000,4600,13.430000,3900,1.510000,0.200000
1477421934163,13.430000,13.420000,8300,13.430000,3700,1.510000,0.200000
1477421936688,13.430000,13.420000,7100,13.430000,3700,1.510000,0.200000
1477421939192,13.430000,13.420000,4200,13.430000,3900,1.510000,0.200000
1477421941663,13.430000,13.430000,21600,13.440000,6700,1.510000,0.200000
1477421944159,13.439900,13.430000,21600,13.440000,6500,1.590000,0.209900
1477421946654,13.440000,13.430000,21600,13.440000,6500,1.590000,0.210000
1477421948688,13.440000,13.430000,22300,13.440000,1400,1.590000,0.210000
1477421952162,13.440000,13.430000,22200,13.440000,1500,1.590000,0.210000
1477421954166,13.440000,13.430000,22300,13.440000,1700,1.590000,0.210000
1477421956170,13.440000,13.440000,3500,13.450000,6800,1.590000,0.210000
1477421958659,13.440000,13.440000,1700,13.450000,11300,1.590000,0.210000
1477421960171,13.445000,13.440000,4800,13.450000,5600,1.630000,0.215000
1477421963259,13.445000,13.440000,7300,13.450000,6300,1.630000,0.215000
1477421965188,13.449000,13.440000,7300,13.450000,8800,1.660000,0.219000
1477421968160,13.449000,13.440000,7300,13.450000,7200,1.660000,0.219000
1477421970212,13.440000,13.440000,6700,13.450000,9900,1.590000,0.210000
1477421972160,13.440000,13.440000,6700,13.450000,9900,1.590000,0.210000
1477421974668,13.440000,13.440000,6700,13.450000,9900,1.590000,0.210000
1477421975603,13.440000,13.440000,6700,13.450000,10000,1.590000,0.210000
1477421979100,13.440000,13.440000,6700,13.450000,10000,1.590000,0.210000
1477421979609,13.440000,13.440000,6700,13.450000,10000,1.590000,0.210000
1477421984610,13.450000,13.440000,16400,13.450000,1800,1.660000,0.220000
1477421988104,13.448900,13.440000,4000,13.450000,10300,1.650000,0.218900
1477421989107,13.448900,13.440000,3500,13.450000,6900,1.650000,0.218900
1477421992607,13.440000,13.430000,6100,13.440000,5500,1.590000,0.210000
1477421994112,13.440000,13.430000,3000,13.440000,5500,1.590000,0.210000
1477421997110,13.430000,13.430000,5000,13.440000,5000,1.510000,0.200000
1477421999109,13.435900,13.430000,3700,13.440000,5800,1.560000,0.205900
1477422001612,13.438900,13.430000,5500,13.440000,5200,1.580000,0.208900
1477422004111,13.440000,13.430000,11700,13.440000,1500,1.590000,0.210000
1477422006608,13.440000,13.440000,2800,13.450000,7000,1.590000,0.210000
1477422007653,13.440000,13.440000,2900,13.450000,7000,1.590000,0.210000
1477422011614,13.440000,13.440000,2600,13.450000,8200,1.590000,0.210000
1477422013617,13.450000,13.440000,2600,13.450000,8600,1.660000,0.220000
1477422016121,13.449900,13.440000,2600,13.450000,8400,1.660000,0.219900
1477422018620,13.449900,13.440000,2800,13.450000,8300,1.660000,0.219900
1477422020115,13.450000,13.450000,3000,13.460000,9500,1.660000,0.220000
1477422022635,13.450000,13.450000,1600,13.460000,8500,1.660000,0.220000
1477422023629,13.455400,13.450000,1400,13.460000,12100,1.700000,0.225400
1477422027620,13.441600,13.440000,3400,13.450000,7300,1.600000,0.211600
1477422029623,13.440000,13.440000,1500,13.450000,11200,1.590000,0.210000
1477422032168,13.440000,13.440000,1000,13.450000,11400,1.590000,0.210000
1477422033621,13.440000,13.440000,800,13.450000,11400,1.590000,0.210000
1477422036633,13.440000,13.440000,1100,13.450000,11400,1.590000,0.210000
1477422038639,13.438700,13.430000,8300,13.440000,2000,1.580000,0.208700
1477422039623,13.430100,13.430000,8600,13.440000,2600,1.510000,0.200100
1477422043135,13.430100,13.430000,1700,13.440000,11300,1.510000,0.200100
1477422044629,13.430100,13.430000,2000,13.440000,10900,1.510000,0.200100
1477422047626,13.430000,13.420000,5200,13.430000,3800,1.510000,0.200000
1477422049159,13.430000,13.420000,5200,13.430000,3800,1.510000,0.200000
1477422052133,13.430000,13.420000,4000,13.430000,5800,1.510000,0.200000
1477422053638,13.430000,13.420000,4100,13.430000,5800,1.510000,0.200000
1477422056630,13.420000,13.420000,1900,13.430000,9900,1.440000,0.190000
1477422058632,13.420000,13.420000,1900,13.430000,9900,1.440000,0.190000
1477422060636,13.420000,13.420000,4400,13.430000,7100,1.440000,0.190000
1477422064161,13.420000,13.420000,3600,13.430000,7100,1.440000,0.190000
1477422067140,13.420000,13.420000,3700,13.430000,8400,1.440000,0.190000
1477422069174,13.430000,13.420000,2600,13.430000,6900,1.510000,0.200000
1477422071191,13.430000,13.420000,3100,13.430000,6800,1.510000,0.200000
1477422073642,13.430000,13.420000,3600,13.430000,6200,1.510000,0.200000
1477422076142,13.430000,13.420000,4900,13.430000,4600,1.510000,0.200000
1477422078138,13.430000,13.420000,5000,13.430000,4500,1.510000,0.200000
1477422079643,13.430000,13.430000,2600,13.440000,7500,1.510000,0.200000
1477422083186,13.430000,13.430000,1400,13.440000,14600,1.510000,0.200000
1477422085653,13.430000,13.430000,2500,13.440000,11100,1.510000,0.200000
1477422088149,13.430000,13.430000,1600,13.440000,11500,1.510000,0.200000
1477422091146,13.420000,13.410000,10300,13.420000,1500,1.440000,0.190000
1477422092650,13.420000,13.420000,9600,13.430000,4200,1.440000,0.190000
1477422095189,13.420000,13.410000,6800,13.420000,5300,1.440000,0.190000
1477422097651,13.420000,13.410000,3900,13.420000,5200,1.440000,0.190000
1477422099670,13.420000,13.410000,3900,13.420000,5200,1.440000,0.190000
1477422102151,13.411900,13.410000,5200,13.420000,6100,1.370000,0.181900
1477422104150,13.410000,13.410000,5200,13.420000,5900,1.360000,0.180000
1477422107145,13.410000,13.410000,5200,13.420000,5900,1.360000,0.180000
1477422109157,13.410000,13.410000,5100,13.420000,7400,1.360000,0.180000
1477422111662,13.410000,13.410000,500,13.420000,16000,1.360000,0.180000
1477422114204,13.410000,13.410000,700,13.420000,16000,1.360000,0.180000
1477422116635,13.410000,13.410000,800,13.420000,16000,1.360000,0.180000
1477422118655,13.381100,13.380000,12600,13.390000,1400,1.140000,0.151100
1477422120661,13.382200,13.380000,12700,13.390000,1100,1.150000,0.152200
1477422123147,13.390000,13.380000,12700,13.390000,1000,1.210000,0.160000
1477422125204,13.390000,13.380000,12700,13.390000,1000,1.210000,0.160000
1477422128209,13.390000,13.380000,13200,13.390000,600,1.210000,0.160000
1477422130662,13.385900,13.380000,11600,13.390000,800,1.180000,0.155900
1477422133158,13.385900,13.380000,14700,13.390000,1100,1.180000,0.155900
1477422135672,13.390000,13.380000,8400,13.390000,4100,1.210000,0.160000
1477422138179,13.390000,13.380000,13900,13.390000,3200,1.210000,0.160000
1477422140162,13.390000,13.380000,13100,13.390000,3200,1.210000,0.160000
1477422142666,13.390000,13.380000,11900,13.390000,3200,1.210000,0.160000
1477422145162,13.390000,13.380000,12200,13.390000,4100,1.210000,0.160000
1477422147156,13.380100,13.380000,7500,13.390000,4900,1.130000,0.150100
1477422149615,13.382500,13.380000,7500,13.390000,4900,1.150000,0.152500
1477422152109,13.382500,13.380000,9100,13.390000,4900,1.150000,0.152500
1477422154101,13.390000,13.390000,3700,13.400000,11300,1.210000,0.160000
1477422156612,13.394600,13.390000,2500,13.400000,11300,1.240000,0.164600
1477422158618,13.394600,13.390000,2500,13.400000,11300,1.240000,0.164600
1477422160106,13.394600,13.390000,1300,13.400000,11300,1.240000,0.164600
1477422162108,13.394600,13.390000,1300,13.400000,10400,1.240000,0.164600
1477422165108,13.390000,13.390000,2400,13.400000,10000,1.210000,0.160000
1477422167615,13.390000,13.390000,2400,13.400000,8900,1.210000,0.160000
1477422169616,13.390000,13.390000,2400,13.400000,8900,1.210000,0.160000
1477422171133,13.390000,13.390000,2400,13.400000,9700,1.210000,0.160000
1477422174112,13.390000,13.390000,2400,13.400000,9100,1.210000,0.160000
1477422179648,13.390000,13.390000,1300,13.400000,10400,1.210000,0.160000
1477422181616,13.410000,13.400000,9800,13.410000,2900,1.360000,0.180000
1477422184117,13.410000,13.400000,16200,13.410000,200,1.360000,0.180000
1477422186117,13.410000,13.400000,14000,13.410000,1600,1.360000,0.180000
1477422188130,13.410000,13.400000,13500,13.410000,2100,1.360000,0.180000
1477422190616,13.410000,13.400000,13300,13.410000,2800,1.360000,0.180000
1477422193156,13.410000,13.400000,6100,13.410000,4300,1.360000,0.180000
1477422194623,13.410000,13.400000,6100,13.410000,4300,1.360000,0.180000
1477422197120,13.410000,13.400000,11500,13.410000,2800,1.360000,0.180000
1477422199118,13.410000,13.400000,11800,13.410000,3700,1.360000,0.180000
1477422202137,13.410000,13.400000,5400,13.410000,3900,1.360000,0.180000
1477422204137,13.410000,13.400000,8100,13.410000,3900,1.360000,0.180000
1477422206138,13.410000,13.400000,8100,13.410000,3900,1.360000,0.180000
1477422209115,13.400700,13.400000,8000,13.410000,3900,1.290000,0.170700
1477422211123,13.400700,13.400000,8000,13.410000,3900,1.290000,0.170700
1477422212636,13.400000,13.390000,14100,13.400000,1800,1.280000,0.170000
1477422215638,13.400000,13.390000,13000,13.400000,1800,1.280000,0.170000
1477422217634,13.410000,13.400000,15800,13.410000,400,1.360000,0.180000
1477422220156,13.410000,13.400000,15700,13.410000,300,1.360000,0.180000
1477422222146,13.410000,13.400000,9200,13.410000,4000,1.360000,0.180000
1477422224132,13.410000,13.400000,13900,13.410000,1300,1.360000,0.180000
1477422226631,13.410100,13.410000,2600,13.420000,6900,1.360000,0.180100
1477422228157,13.410100,13.410000,2600,13.420000,7700,1.360000,0.180100
1477422231132,13.415000,13.410000,2400,13.420000,8200,1.400000,0.185000
1477422233138,13.415000,13.410000,3800,13.420000,5400,1.400000,0.185000
1477422234639,13.420000,13.420000,11800,13.430000,6100,1.440000,0.190000
1477422237640,13.420000,13.420000,11100,13.430000,6700,1.440000,0.190000
1477422239645,13.420000,13.420000,10100,13.430000,6700,1.440000,0.190000
1477422241135,13.420000,13.420000,10100,13.430000,6700,1.440000,0.190000
1477422244160,13.420000,13.420000,23500,13.430000,1200,1.440000,0.190000
1477422246163,13.430000,13.430000,2600,13.440000,9800,1.510000,0.200000
1477422248642,13.430000,13.420000,19200,13.430000,3200,1.510000,0.200000
1477422250645,13.420000,13.420000,9300,13.430000,13500,1.440000,0.190000
1477422252642,13.430000,13.420000,18600,13.430000,2300,1.510000,0.200000
1477422255136,13.420000,13.420000,16300,13.430000,4200,1.440000,0.190000
1477422257140,13.430000,13.430000,6900,13.440000,5500,1.510000,0.200000
1477422259644,13.440000,13.430000,8800,13.440000,3300,1.590000,0.210000
1477422262151,13.430700,13.430000,13300,13.440000,1000,1.520000,0.200700
1477422264187,13.430700,13.430000,13300,13.440000,1000,1.520000,0.200700
1477422266652,13.430700,13.430000,10500,13.440000,1700,1.520000,0.200700
1477422268147,13.440000,13.430000,10400,13.440000,1700,1.590000,0.210000
1477422271153,13.440000,13.430000,10400,13.440000,1700,1.590000,0.210000
1477422273652,13.440000,13.430000,17800,13.440000,1100,1.590000,0.210000
1477422276154,13.440000,13.430000,6400,13.440000,6500,1.590000,0.210000
1477422278148,13.430000,13.420000,5500,13.430000,3000,1.510000,0.200000
1477422280153,13.430000,13.420000,5500,13.430000,3000,1.510000,0.200000
1477422282647,13.440000,13.430000,11100,13.440000,1400,1.590000,0.210000
1477422284156,13.440000,13.440000,4000,13.450000,4900,1.590000,0.210000
1477422285666,13.440000,13.440000,3800,13.450000,4900,1.590000,0.210000
1477422289650,13.430000,13.440000,3700,13.450000,4900,1.510000,0.200000
1477422292150,13.444500,13.440000,3700,13.450000,4900,1.620000,0.214500
1477422294154,13.444500,13.440000,3300,13.450000,4900,1.620000,0.214500
1477422296659,13.440000,13.440000,1800,13.450000,11300,1.590000,0.210000
1477422298196,13.440000,13.430000,10200,13.440000,6900,1.590000,0.210000
1477422299681,13.440000,13.430000,10100,13.440000,2500,1.590000,0.210000
1477422303158,13.440000,13.430000,7300,13.440000,2400,1.590000,0.210000
1477422306161,13.440000,13.430000,10200,13.440000,2300,1.590000,0.210000
1477422307658,13.430000,13.430000,11000,13.440000,2400,1.510000,0.200000
1477422310167,13.430000,13.430000,10300,13.440000,2400,1.510000,0.200000
1477422312173,13.430000,13.430000,11000,13.440000,2400,1.510000,0.200000
1477422317154,13.430000,13.420000,7300,13.430000,2400,1.510000,0.200000
1477422319700,13.430000,13.420000,7300,13.430000,2600,1.510000,0.200000
1477422322174,13.420000,13.420000,2600,13.430000,6200,1.440000,0.190000
1477422324161,13.420000,13.420000,9100,13.430000,2700,1.440000,0.190000
1477422326609,13.420000,13.420000,7800,13.430000,3900,1.440000,0.190000
1477422329100,13.430000,13.430000,12400,13.440000,8900,1.510000,0.200000
1477422331100,13.430000,13.430000,9400,13.440000,11500,1.510000,0.200000
1477422333603,13.430000,13.430000,9400,13.440000,10900,1.510000,0.200000
1477422337603,13.430000,13.430000,10800,13.440000,5000,1.510000,0.200000
1477422340623,13.430000,13.430000,10300,13.440000,6500,1.510000,0.200000
1477422342618,13.430000,13.430000,10700,13.440000,6000,1.510000,0.200000
1477422344609,13.430000,13.430000,10300,13.440000,5800,1.510000,0.200000
1477422346609,13.430000,13.430000,10300,13.440000,9300,1.510000,0.200000
1477422349612,13.430000,13.430000,10300,13.440000,9300,1.510000,0.200000
1477422352111,13.430000,13.430000,10200,13.440000,10300,1.510000,0.200000
1477422354625,13.430000,13.430000,10200,13.440000,10300,1.510000,0.200000
1477422356166,13.430000,13.430000,10200,13.440000,10300,1.510000,0.200000
1477422358629,13.420000,13.420000,10800,13.430000,8000,1.440000,0.190000
1477422360611,13.415000,13.410000,11200,13.420000,1900,1.400000,0.185000
1477422363122,13.419000,13.410000,11200,13.420000,1900,1.430000,0.189000
1477422365616,13.419000,13.410000,11200,13.420000,1900,1.430000,0.189000
1477422368116,13.419000,13.410000,11200,13.420000,1900,1.430000,0.189000
1477422370108,13.410000,13.410000,11200,13.420000,1900,1.360000,0.180000
1477422372620,13.410000,13.410000,11200,13.420000,1900,1.360000,0.180000
1477422374619,13.410000,13.410000,11200,13.420000,1900,1.360000,0.180000
1477422376623,13.410000,13.410000,11700,13.420000,1900,1.360000,0.180000
1477422379156,13.410000,13.410000,11700,13.420000,2000,1.360000,0.180000
1477422381131,13.410000,13.410000,11700,13.420000,2000,1.360000,0.180000
1477422383131,13.420000,13.410000,11700,13.420000,2000,1.440000,0.190000
1477422385661,13.420000,13.410000,16700,13.420000,1600,1.440000,0.190000
1477422388136,13.420000,13.410000,16700,13.420000,1600,1.440000,0.190000
1477422390131,13.420000,13.410000,16700,13.420000,1600,1.440000,0.190000
1477422392130,13.420000,13.410000,16700,13.420000,1600,1.440000,0.190000
1477422394634,13.420000,13.410000,15100,13.420000,1600,1.440000,0.190000
1477422396638,13.420000,13.410000,15100,13.420000,1600,1.440000,0.190000
1477422398634,13.420000,13.410000,15700,13.420000,1600,1.440000,0.190000
1477422401175,13.420000,13.410000,15700,13.420000,1300,1.440000,0.190000
1477422404636,13.420000,13.410000,15700,13.420000,1300,1.440000,0.190000
1477422406635,13.420000,13.410000,15300,13.420000,1300,1.440000,0.190000
1477422409172,13.420000,13.410000,5600,13.420000,3800,1.440000,0.190000
1477422411636,13.420000,13.410000,7800,13.420000,3800,1.440000,0.190000
1477422413131,13.420000,13.410000,5200,13.420000,3800,1.440000,0.190000
1477422416178,13.410000,13.410000,2500,13.420000,12900,1.360000,0.180000
1477422417639,13.410000,13.410000,2500,13.420000,12500,1.360000,0.180000
1477422420634,13.410000,13.410000,12800,13.420000,2200,1.360000,0.180000
1477422422150,13.420000,13.410000,8000,13.420000,1700,1.440000,0.190000
1477422425133,13.424200,13.420000,200,13.430000,12300,1.470000,0.194200
1477422426678,13.424200,13.420000,100,13.430000,12400,1.470000,0.194200
1477422429663,13.420000,13.410000,13000,13.420000,2200,1.440000,0.190000
1477422432141,13.420000,13.410000,7100,13.420000,6300,1.440000,0.190000
1477422434651,13.419900,13.410000,13800,13.420000,1100,1.440000,0.189900
1477422437168,13.419900,13.410000,13800,13.420000,1100,1.440000,0.189900
1477422439643,13.430000,13.430000,4300,13.440000,7000,1.510000,0.200000
1477422441155,13.430000,13.430000,4300,13.440000,6800,1.510000,0.200000
1477422443659,13.430000,13.430000,4300,13.440000,6400,1.510000,0.200000
1477422446141,13.430000,13.430000,4300,13.440000,6400,1.510000,0.200000
1477422448148,13.430000,13.430000,4300,13.440000,7200,1.510000,0.200000
1477422450645,13.440000,13.430000,4300,13.440000,6100,1.590000,0.210000
1477422453151,13.439900,13.430000,4100,13.440000,6100,1.590000,0.209900
1477422455192,13.439900,13.430000,4100,13.440000,6100,1.590000,0.209900
1477422457140,13.439900,13.430000,9700,13.440000,6200,1.590000,0.209900
1477422459660,13.439900,13.430000,8400,13.440000,4100,1.590000,0.209900
1477422461688,13.440000,13.430000,20000,13.440000,2100,1.590000,0.210000
1477422463658,13.440000,13.430000,19700,13.440000,2300,1.590000,0.210000
1477422466653,13.440000,13.430000,22100,13.440000,1300,1.590000,0.210000
1477422469157,13.450000,13.440000,21500,13.450000,1800,1.660000,0.220000
1477422470157,13.450000,13.450000,3700,13.460000,6500,1.660000,0.220000
1477422473687,13.451000,13.450000,10900,13.460000,700,1.670000,0.221000
1477422476159,13.460000,13.450000,3700,13.460000,9400,1.740000,0.230000
1477422478658,13.460000,13.450000,7000,13.460000,4600,1.740000,0.230000
1477422480657,13.454600,13.450000,7600,13.460000,2800,1.700000,0.224600
1477422482687,13.460000,13.450000,7600,13.460000,2700,1.740000,0.230000
1477422485166,13.459900,13.450000,6800,13.460000,3100,1.740000,0.229900
1477422487176,13.450000,13.450000,5500,13.460000,4100,1.660000,0.220000
1477422489163,13.460000,13.460000,10000,13.470000,9200,1.740000,0.230000
1477422492153,13.460000,13.460000,8200,13.470000,11600,1.740000,0.230000
1477422494173,13.460000,13.450000,8900,13.460000,3200,1.740000,0.230000
1477422496166,13.458900,13.450000,8900,13.460000,3100,1.730000,0.228900
1477422498669,13.460000,13.450000,8900,13.460000,3100,1.740000,0.230000
1477422501211,13.460000,13.450000,8600,13.460000,3700,1.740000,0.230000
1477422502660,13.460000,13.450000,8600,13.460000,3100,1.740000,0.230000
1477422505667,13.450000,13.450000,500,13.460000,12900,1.660000,0.220000
1477422507601,13.450000,13.450000,2800,13.460000,9800,1.660000,0.220000
1477422510105,13.450000,13.450000,5300,13.460000,9800,1.660000,0.220000
1477422512104,13.450000,13.450000,5200,13.460000,10200,1.660000,0.220000
1477422514605,13.458300,13.450000,5200,13.460000,9800,1.730000,0.228300
1477422517127,13.455400,13.450000,5200,13.460000,9800,1.700000,0.225400
1477422519608,13.450000,13.450000,5300,13.460000,9700,1.660000,0.220000
1477422523107,13.450100,13.450000,5200,13.460000,15400,1.660000,0.220100
1477422525108,13.450100,13.450000,5200,13.460000,15400,1.660000,0.220100
1477422527609,13.451000,13.450000,7800,13.460000,6800,1.670000,0.221000
1477422529618,13.451000,13.450000,7800,13.460000,6700,1.670000,0.221000
1477422531612,13.451000,13.450000,7700,13.460000,7900,1.670000,0.221000
1477422533612,13.451000,13.450000,7700,13.460000,7900,1.670000,0.221000
1477422536616,13.458600,13.450000,4700,13.460000,21100,1.730000,0.228600
1477422538620,13.459000,13.450000,4700,13.460000,21200,1.730000,0.229000
1477422541149,13.450000,13.450000,400,13.460000,25100,1.660000,0.220000
1477422543634,13.450000,13.440000,10600,13.450000,2600,1.660000,0.220000
1477422546130,13.450000,13.440000,13300,13.450000,2400,1.660000,0.220000
1477422548618,13.450000,13.440000,8900,13.450000,2400,1.660000,0.220000
1477422550625,13.447500,13.440000,8900,13.450000,2800,1.640000,0.217500
1477422553129,13.447500,13.440000,11800,13.450000,3000,1.640000,0.217500
1477422555120,13.440400,13.440000,11800,13.450000,3000,1.590000,0.210400
1477422557653,13.440400,13.440000,11500,13.450000,3000,1.590000,0.210400
1477422559624,13.440400,13.440000,11500,13.450000,3000,1.590000,0.210400
1477422561122,13.440400,13.440000,11500,13.450000,3000,1.590000,0.210400
1477422564623,13.440000,13.440000,500,13.450000,16300,1.590000,0.210000
1477422567623,13.439000,13.430000,13600,13.440000,1300,1.580000,0.209000
1477422568628,13.440000,13.440000,7100,13.450000,4100,1.590000,0.210000
1477422571624,13.440000,13.440000,2600,13.450000,8900,1.590000,0.210000
1477422573638,13.440000,13.440000,2500,13.450000,7400,1.590000,0.210000
1477422575630,13.440000,13.440000,2400,13.450000,8200,1.590000,0.210000
1477422578127,13.440000,13.440000,2400,13.450000,8600,1.590000,0.210000
1477422580666,13.440000,13.440000,2400,13.450000,8200,1.590000,0.210000
1477422584157,13.440000,13.440000,2400,13.450000,7500,1.590000,0.210000
1477422586139,13.440000,13.440000,2400,13.450000,7500,1.590000,0.210000
1477422588631,13.440000,13.440000,4600,13.450000,4600,1.590000,0.210000
1477422590139,13.440000,13.440000,4000,13.450000,6100,1.590000,0.210000
1477422592637,13.440000,13.440000,2700,13.450000,10700,1.590000,0.210000
1477422595626,13.440000,13.440000,3100,13.450000,9100,1.590000,0.210000
1477422597642,13.440000,13.440000,1000,13.450000,12500,1.590000,0.210000
1477422599147,13.440000,13.440000,2600,13.450000,10300,1.590000,0.210000
1477422602134,13.440000,13.440000,2400,13.450000,10100,1.590000,0.210000
1477422604136,13.440000,13.440000,2700,13.450000,9300,1.590000,0.210000
1477422606640,13.440000,13.440000,2500,13.450000,7400,1.590000,0.210000
1477422608640,13.440000,13.440000,2400,13.450000,8400,1.590000,0.210000
1477422611139,13.440000,13.440000,2500,13.450000,7000,1.590000,0.210000
1477422613137,13.450000,13.440000,2400,13.450000,7600,1.660000,0.220000
1477422614642,13.450000,13.440000,2500,13.450000,7100,1.660000,0.220000
1477422617662,13.440000,13.430000,8500,13.440000,2300,1.590000,0.210000
1477422619642,13.440000,13.430000,5500,13.440000,11400,1.590000,0.210000
1477422621803,13.440000,13.430000,3500,13.440000,12100,1.590000,0.210000
1477422624152,13.440000,13.430000,5800,13.440000,11800,1.590000,0.210000
1477422626680,13.431000,13.430000,4900,13.440000,12000,1.520000,0.201000
1477422629180,13.435800,13.430000,3000,13.440000,11100,1.560000,0.205800
1477422631178,13.430000,13.430000,5600,13.440000,11000,1.510000,0.200000
1477422633695,13.430000,13.430000,5700,13.440000,11000,1.510000,0.200000
1477422634649,13.430000,13.430000,5700,13.440000,11000,1.510000,0.200000
1477422638143,13.420000,13.420000,10900,13.430000,3300,1.440000,0.190000
1477422640694,13.430000,13.420000,11300,13.430000,1400,1.510000,0.200000
1477422643171,13.430000,13.420000,19400,13.430000,900,1.510000,0.200000
1477422646154,13.425000,13.420000,19400,13.430000,1100,1.470000,0.195000
1477422648150,13.430000,13.430000,3000,13.440000,13400,1.510000,0.200000
1477422650154,13.430000,13.430000,2600,13.440000,13900,1.510000,0.200000
1477422652656,13.430000,13.430000,6500,13.440000,8000,1.510000,0.200000
1477422655151,13.430000,13.430000,2600,13.440000,8700,1.510000,0.200000
1477422657162,13.430000,13.430000,2600,13.440000,8700,1.510000,0.200000
1477422659174,13.430000,13.430000,3400,13.440000,8600,1.510000,0.200000
1477422661654,13.430000,13.430000,7600,13.440000,8200,1.510000,0.200000
1477422663648,13.430000,13.430000,7600,13.440000,6600,1.510000,0.200000
1477422666152,13.440000,13.430000,11100,13.440000,6000,1.590000,0.210000
1477422668158,13.440000,13.430000,11300,13.440000,6000,1.590000,0.210000
1477422670172,13.440000,13.430000,11300,13.440000,6000,1.590000,0.210000
1477422672643,13.434400,13.430000,11300,13.440000,6000,1.540000,0.204400
1477422674671,13.434400,13.430000,11200,13.440000,6000,1.540000,0.204400
1477422677152,13.434400,13.430000,11200,13.440000,6000,1.540000,0.204400
1477422679207,13.434400,13.430000,11200,13.440000,6000,1.540000,0.204400
1477422681661,13.440000,13.430000,11100,13.440000,6000,1.590000,0.210000
1477422683675,13.440000,13.440000,7400,13.450000,5600,1.590000,0.210000
1477422686151,13.450000,13.440000,9600,13.450000,3200,1.660000,0.220000
1477422688144,13.450000,13.440000,8700,13.450000,3500,1.660000,0.220000
1477422690636,13.442700,13.440000,8700,13.450000,3500,1.610000,0.212700
1477422693098,13.450000,13.440000,7600,13.450000,3800,1.660000,0.220000
1477422695101,13.440000,13.440000,3400,13.450000,13100,1.590000,0.210000
1477422697105,13.450000,13.450000,2600,13.460000,10100,1.660000,0.220000
1477422699603,13.450000,13.440000,15500,13.450000,1600,1.660000,0.220000
1477422701604,13.450000,13.440000,15500,13.450000,1500,1.660000,0.220000
1477422703605,13.450000,13.440000,15200,13.450000,1700,1.660000,0.220000
1477422706105,13.450000,13.440000,12400,13.450000,1700,1.660000,0.220000
1477422708105,13.450000,13.440000,12400,13.450000,1700,1.660000,0.220000
1477422710610,13.450000,13.440000,12400,13.450000,1700,1.660000,0.220000
1477422712605,13.450000,13.440000,12400,13.450000,1300,1.660000,0.220000
1477422714614,13.450000,13.440000,12400,13.450000,1300,1.660000,0.220000
1477422717109,13.450000,13.440000,12400,13.450000,1300,1.660000,0.220000
1477422719112,13.450000,13.440000,12400,13.450000,1300,1.660000,0.220000
1477422721112,13.445000,13.440000,11400,13.450000,1300,1.630000,0.215000
1477422723614,13.440000,13.440000,1300,13.450000,11600,1.590000,0.210000
1477422726114,13.440000,13.440000,1300,13.450000,11400,1.590000,0.210000
1477422728620,13.440000,13.440000,1300,13.450000,11200,1.590000,0.210000
1477422730624,13.440000,13.440000,4000,13.450000,6100,1.590000,0.210000
1477422732119,13.440000,13.440000,4000,13.450000,6100,1.590000,0.210000
1477422735123,13.445100,13.440000,1700,13.450000,6800,1.630000,0.215100
1477422738619,13.440000,13.440000,1200,13.450000,10700,1.590000,0.210000
1477422740126,13.440000,13.440000,1300,13.450000,10700,1.590000,0.210000
1477422743123,13.440000,13.440000,2500,13.450000,8200,1.590000,0.210000
1477422745127,13.440000,13.440000,700,13.450000,10000,1.590000,0.210000
1477422747127,13.440000,13.440000,900,13.450000,9500,1.590000,0.210000
1477422750159,13.440000,13.430000,8300,13.440000,8900,1.590000,0.210000
1477422752128,13.435000,13.430000,8300,13.440000,8900,1.550000,0.205000
1477422753669,13.435000,13.430000,8300,13.440000,8900,1.550000,0.205000
1477422756136,13.430000,13.430000,8300,13.440000,8800,1.510000,0.200000
1477422758134,13.430000,13.430000,2700,13.440000,11300,1.510000,0.200000
1477422761134,13.430000,13.430000,3900,13.440000,10400,1.510000,0.200000
1477422763132,13.430000,13.430000,3900,13.440000,10300,1.510000,0.200000
1477422765635,13.430000,13.430000,3900,13.440000,10100,1.510000,0.200000
1477422768134,13.430100,13.430000,3900,13.440000,10100,1.510000,0.200100
1477422770171,13.430100,13.430000,3900,13.440000,10100,1.510000,0.200100
1477422772636,13.440000,13.430000,6600,13.440000,6200,1.590000,0.210000
1477422775133,13.440000,13.440000,4800,13.450000,4600,1.590000,0.210000
1477422777641,13.436500,13.440000,4500,13.450000,4600,1.560000,0.206500
1477422779640,13.436500,13.440000,3100,13.450000,10700,1.560000,0.206500
1477422782142,13.436500,13.440000,600,13.450000,15700,1.560000,0.206500
1477422783645,13.436500,13.440000,800,13.450000,15700,1.560000,0.206500
1477422785183,13.436500,13.440000,800,13.450000,15700,1.560000,0.206500
1477422788669,13.440100,13.440000,2400,13.450000,9400,1.590000,0.210100
1477422790150,13.440100,13.440000,1700,13.450000,9500,1.590000,0.210100
1477422793146,13.440000,13.430000,6300,13.440000,4100,1.590000,0.210000
1477422795156,13.440000,13.430000,6000,13.440000,4100,1.590000,0.210000
1477422797189,13.440000,13.440000,4300,13.450000,8600,1.590000,0.210000
1477422799650,13.440000,13.440000,2600,13.450000,10000,1.590000,0.210000
1477422801638,13.440000,13.440000,2000,13.450000,10000,1.590000,0.210000
1477422803640,13.440000,13.440000,2000,13.450000,10300,1.590000,0.210000
1477422806148,13.440000,13.440000,2000,13.450000,10300,1.590000,0.210000
1477422808653,13.440000,13.440000,5800,13.450000,4900,1.590000,0.210000
1477422810688,13.450000,13.440000,6700,13.450000,4900,1.660000,0.220000
1477422812643,13.449000,13.440000,6500,13.450000,4900,1.660000,0.219000
1477422815141,13.449900,13.440000,6500,13.450000,4900,1.660000,0.219900
1477422817216,13.446200,13.440000,6500,13.450000,4500,1.630000,0.216200
1477422819157,13.444700,13.440000,6500,13.450000,4700,1.620000,0.214700
1477422821657,13.444700,13.440000,6400,13.450000,4700,1.620000,0.214700
1477422824656,13.444700,13.440000,2500,13.450000,7500,1.620000,0.214700
1477422826656,13.444700,13.440000,2500,13.450000,7600,1.620000,0.214700
1477422829183,13.449900,13.440000,3000,13.450000,7500,1.660000,0.219900
1477422831165,13.449900,13.440000,3300,13.450000,7500,1.660000,0.219900
1477422833156,13.449900,13.440000,6200,13.450000,3600,1.660000,0.219900
1477422835663,13.440000,13.440000,3700,13.450000,6700,1.590000,0.210000
1477422837670,13.440000,13.440000,3700,13.450000,6700,1.590000,0.210000
1477422839660,13.440000,13.440000,6900,13.450000,3200,1.590000,0.210000
1477422842197,13.440000,13.440000,6900,13.450000,3300,1.590000,0.210000
1477422844177,13.440000,13.440000,6900,13.450000,2500,1.590000,0.210000
1477422846670,13.440000,13.440000,7100,13.450000,3800,1.590000,0.210000
1477422848663,13.440000,13.440000,4500,13.450000,8300,1.590000,0.210000
1477422850147,13.440000,13.440000,4500,13.450000,8300,1.590000,0.210000
1477422852679,13.440000,13.440000,4500,13.450000,8300,1.590000,0.210000
1477422855162,13.440000,13.440000,4600,13.450000,7800,1.590000,0.210000
1477422858168,13.440400,13.440000,4100,13.450000,8300,1.590000,0.210400
1477422860696,13.440400,13.440000,3800,13.450000,8000,1.590000,0.210400
1477422862671,13.440400,13.440000,2000,13.450000,9100,1.590000,0.210400
1477422865184,13.440400,13.440000,2500,13.450000,8900,1.590000,0.210400
1477422867213,13.440400,13.440000,4700,13.450000,8000,1.590000,0.210400
1477422869696,13.440400,13.440000,4900,13.450000,8000,1.590000,0.210400
1477422871617,13.440400,13.440000,4500,13.450000,8200,1.590000,0.210400
1477422873605,13.440400,13.440000,4500,13.450000,8100,1.590000,0.210400
1477422876605,13.440400,13.440000,3600,13.450000,8100,1.590000,0.210400
1477422878606,13.445000,13.440000,3600,13.450000,8900,1.630000,0.215000
1477422881106,13.445000,13.440000,2700,13.450000,8300,1.630000,0.215000
1477422883628,13.445000,13.440000,3400,13.450000,7900,1.630000,0.215000
1477422885117,13.445000,13.440000,3400,13.450000,7900,1.630000,0.215000
1477422888108,13.440000,13.430000,9800,13.440000,1600,1.590000,0.210000
1477422890111,13.440000,13.430000,10000,13.440000,900,1.590000,0.210000
1477422893113,13.440000,13.430000,10000,13.440000,1200,1.590000,0.210000
1477422895615,13.430000,13.430000,10500,13.440000,600,1.510000,0.200000
1477422897639,13.430000,13.430000,10300,13.440000,800,1.510000,0.200000
1477422905116,13.442700,13.440000,6100,13.450000,4200,1.610000,0.212700
1477422907134,13.442700,13.440000,6100,13.450000,4100,1.610000,0.212700
1477422909626,13.442700,13.440000,6100,13.450000,4100,1.610000,0.212700
1477422911621,13.450000,13.440000,14100,13.450000,1400,1.660000,0.220000
1477422913121,13.450000,13.440000,14100,13.450000,1200,1.660000,0.220000
1477422916112,13.450000,13.450000,2600,13.460000,9000,1.660000,0.220000
1477422918130,13.450000,13.450000,2600,13.460000,15200,1.660000,0.220000
1477422920631,13.450000,13.440000,12700,13.450000,1900,1.660000,0.220000
1477422922632,13.440700,13.440000,12700,13.450000,1900,1.590000,0.210700
1477422924626,13.440700,13.440000,12700,13.450000,1900,1.590000,0.210700
1477422927132,13.449000,13.440000,12700,13.450000,1900,1.660000,0.219000
1477422929630,13.455600,13.450000,2500,13.460000,14700,1.710000,0.225600
1477422931658,13.460000,13.450000,11100,13.460000,6700,1.740000,0.230000
1477422934134,13.456100,13.450000,9700,13.460000,6800,1.710000,0.226100
1477422936128,13.456100,13.450000,9700,13.460000,6800,1.710000,0.226100
1477422938133,13.460000,13.450000,17000,13.460000,4500,1.740000,0.230000
1477422940135,13.460000,13.450000,17100,13.460000,4500,1.740000,0.230000
1477422942136,13.450000,13.450000,3700,13.460000,6400,1.660000,0.220000
1477422945143,13.460000,13.450000,10600,13.460000,4500,1.740000,0.230000
1477422947632,13.459100,13.450000,4900,13.460000,10600,1.730000,0.229100
1477422950140,13.459100,13.450000,4300,13.460000,11000,1.730000,0.229100
1477422952149,13.459000,13.450000,3900,13.460000,11800,1.730000,0.229000
1477422954129,13.450000,13.450000,4100,13.460000,11800,1.660000,0.220000
1477422956646,13.459900,13.450000,4200,13.460000,10800,1.740000,0.229900
1477422957671,13.459900,13.450000,4300,13.460000,10800,1.740000,0.229900
1477422961141,13.459900,13.450000,4600,13.460000,9900,1.740000,0.229900
1477422963149,13.459000,13.450000,2500,13.460000,8700,1.730000,0.229000
1477422965139,13.459000,13.450000,2500,13.460000,8700,1.730000,0.229000
1477422967640,13.459000,13.450000,10700,13.460000,4500,1.730000,0.229000
1477422969660,13.460000,13.450000,10700,13.460000,4500,1.740000,0.230000
1477422972143,13.460000,13.450000,10700,13.460000,4500,1.740000,0.230000
1477422974146,13.460000,13.450000,6400,13.460000,5500,1.740000,0.230000
1477422976649,13.450000,13.450000,1000,13.460000,12700,1.660000,0.220000
1477422978654,13.450000,13.440000,7900,13.450000,4600,1.660000,0.220000
1477422981156,13.450000,13.440000,7900,13.450000,4200,1.660000,0.220000
1477422983154,13.450000,13.440000,7900,13.450000,4100,1.660000,0.220000
1477422986685,13.450000,13.440000,7900,13.450000,4100,1.660000,0.220000
1477423000695,13.450000,13.440000,12700,13.450000,2200,1.660000,0.220000
1477423003152,13.450000,13.440000,11200,13.450000,2200,1.660000,0.220000
1477423005663,13.450000,13.440000,11200,13.450000,2200,1.660000,0.220000
1477423008658,13.450000,13.440000,11900,13.450000,2100,1.660000,0.220000
1477423011160,13.450000,13.440000,11400,13.450000,2100,1.660000,0.220000
1477423013216,13.450000,13.440000,19000,13.450000,1600,1.660000,0.220000
1477423016166,13.440000,13.440000,2400,13.450000,9800,1.590000,0.210000
1477423018658,13.440000,13.440000,2400,13.450000,9300,1.590000,0.210000
1477423021163,13.440000,13.440000,2400,13.450000,9300,1.590000,0.210000
1477423023158,13.440000,13.440000,2400,13.450000,8900,1.590000,0.210000
1477423025158,13.440000,13.440000,2400,13.450000,8900,1.590000,0.210000
1477423027664,13.440000,13.430000,9600,13.440000,1500,1.590000,0.210000
1477423029194,13.440000,13.430000,9600,13.440000,1800,1.590000,0.210000
1477423031675,13.440000,13.430000,8300,13.440000,2200,1.590000,0.210000
1477423034176,13.440000,13.430000,8300,13.440000,2200,1.590000,0.210000
1477423036174,13.433200,13.430000,10700,13.440000,1900,1.540000,0.203200
1477423038660,13.433200,13.430000,10700,13.440000,1600,1.540000,0.203200
1477423040615,13.433200,13.430000,10700,13.440000,1600,1.540000,0.203200
1477423041634,13.433200,13.430000,10700,13.440000,1600,1.540000,0.203200
1477423044603,13.440000,13.430000,8300,13.440000,6600,1.590000,0.210000
1477423047607,13.440000,13.430000,12200,13.440000,1300,1.590000,0.210000
1477423051607,13.440000,13.430000,10600,13.440000,1000,1.590000,0.210000
1477423067617,13.440000,13.440000,8500,13.450000,4800,1.590000,0.210000
1477423070149,13.440000,13.440000,9900,13.450000,4800,1.590000,0.210000
1477423072114,13.450000,13.450000,4600,13.460000,6100,1.660000,0.220000
1477423074114,13.450000,13.450000,4600,13.460000,5800,1.660000,0.220000
1477423076128,13.450000,13.450000,4600,13.460000,5700,1.660000,0.220000
1477423078619,13.450000,13.450000,2600,13.460000,6500,1.660000,0.220000
1477423081658,13.455000,13.450000,8600,13.460000,5400,1.700000,0.225000
1477423084147,13.450000,13.440000,6700,13.450000,4000,1.660000,0.220000
1477423086161,13.450000,13.440000,6700,13.450000,4300,1.660000,0.220000
1477423088125,13.450000,13.440000,5600,13.450000,3200,1.660000,0.220000
1477423088624,13.450000,13.440000,6200,13.450000,3200,1.660000,0.220000
1477423092626,13.450000,13.440000,5700,13.450000,3200,1.660000,0.220000
1477423095158,13.450000,13.440000,7900,13.450000,2400,1.660000,0.220000
1477423096626,13.450000,13.440000,7300,13.450000,2400,1.660000,0.220000
1477423099643,13.450000,13.440000,10800,13.450000,2000,1.660000,0.220000
1477423102134,13.440000,13.440000,10300,13.450000,2000,1.590000,0.210000
1477423104627,13.440000,13.440000,6700,13.450000,4300,1.590000,0.210000
1477423106630,13.440000,13.440000,6700,13.450000,4200,1.590000,0.210000
1477423109632,13.440000,13.440000,5700,13.450000,4200,1.590000,0.210000
1477423111134,13.440000,13.440000,5700,13.450000,4200,1.590000,0.210000
1477423114135,13.441300,13.440000,7600,13.450000,3600,1.600000,0.211300
1477423116140,13.441300,13.440000,7600,13.450000,3700,1.600000,0.211300
1477423118630,13.441300,13.440000,7600,13.450000,3600,1.600000,0.211300
1477423120635,13.441300,13.440000,4900,13.450000,5200,1.600000,0.211300
1477423122166,13.441300,13.440000,4900,13.450000,5200,1.600000,0.211300
1477423125672,13.449900,13.440000,4900,13.450000,5200,1.660000,0.219900
1477423130149,13.449900,13.440000,5800,13.450000,5200,1.660000,0.219900
1477423132641,13.445800,13.440000,5800,13.450000,5200,1.630000,0.215800
1477423135141,13.445800,13.440000,5800,13.450000,5200,1.630000,0.215800
1477423137144,13.445800,13.440000,5800,13.450000,5200,1.630000,0.215800
1477423139647,13.450000,13.440000,6200,13.450000,5000,1.660000,0.220000
1477423141669,13.450000,13.440000,6200,13.450000,5500,1.660000,0.220000
1477423143147,13.450000,13.440000,5400,13.450000,5100,1.660000,0.220000
1477423146196,13.440000,13.440000,3800,13.450000,5300,1.590000,0.210000
1477423148141,13.445000,13.440000,5600,13.450000,4300,1.630000,0.215000
1477423150150,13.450000,13.440000,19700,13.450000,800,1.660000,0.220000
1477423152653,13.451000,13.450000,3300,13.460000,9500,1.670000,0.221000
1477423155148,13.460000,13.450000,8500,13.460000,4400,1.740000,0.230000
1477423158156,13.460000,13.450000,9700,13.460000,4400,1.740000,0.230000
1477423160177,13.454200,13.450000,9600,13.460000,4400,1.690000,0.224200
1477423161653,13.460000,13.450000,9600,13.460000,4400,1.740000,0.230000
1477423164646,13.460000,13.460000,8300,13.470000,4900,1.740000,0.230000
1477423166646,13.460000,13.460000,7500,13.470000,4900,1.740000,0.230000
1477423169660,13.460000,13.460000,11800,13.470000,1800,1.740000,0.230000
1477423171700,13.470000,13.470000,2200,13.480000,9700,1.810000,0.240000
1477423173656,13.470000,13.460000,12500,13.470000,1400,1.810000,0.240000
1477423178148,13.470000,13.460000,13000,13.470000,1400,1.810000,0.240000
1477423180652,13.470000,13.460000,13000,13.470000,1400,1.810000,0.240000
1477423182665,13.470000,13.460000,13000,13.470000,1400,1.810000,0.240000
1477423185162,13.470000,13.460000,12900,13.470000,1200,1.810000,0.240000
1477423186164,13.470000,13.460000,12900,13.470000,1200,1.810000,0.240000
1477423189664,13.469900,13.460000,13200,13.470000,1300,1.810000,0.239900
1477423191667,13.460100,13.460000,13200,13.470000,1300,1.740000,0.230100
1477423193707,13.470000,13.470000,2500,13.480000,9000,1.810000,0.240000
1477423201693,13.470100,13.470000,3900,13.480000,5800,1.810000,0.240100
1477423205675,13.470000,13.460000,10200,13.470000,1500,1.810000,0.240000
1477423209171,13.460000,13.460000,4500,13.470000,4600,1.740000,0.230000
1477423211170,13.468700,13.460000,4500,13.470000,6200,1.800000,0.238700
1477423213279,13.468700,13.460000,4500,13.470000,6200,1.800000,0.238700
1477423217110,13.464400,13.460000,4500,13.470000,6200,1.770000,0.234400
1477423219107,13.460000,13.460000,4500,13.470000,6200,1.740000,0.230000
1477423221607,13.466200,13.460000,4500,13.470000,6200,1.790000,0.236200
1477423223603,13.466200,13.460000,4500,13.470000,6200,1.790000,0.236200
1477423226110,13.466200,13.460000,8300,13.470000,5100,1.790000,0.236200
1477423228608,13.454600,13.450000,8800,13.460000,8700,1.700000,0.224600
1477423230609,13.454600,13.450000,7800,13.460000,8700,1.700000,0.224600
1477423233110,13.465000,13.450000,7800,13.460000,8700,1.780000,0.235000
1477423234611,13.465000,13.450000,7800,13.460000,8700,1.780000,0.235000
1477423237610,13.450000,13.450000,7600,13.460000,14200,1.660000,0.220000
1477423239613,13.450000,13.450000,6600,13.460000,14200,1.660000,0.220000
1477423242613,13.450000,13.440000,4400,13.450000,6800,1.660000,0.220000
1477423244638,13.440000,13.440000,4400,13.450000,8600,1.590000,0.210000
1477423246616,13.440000,13.440000,4400,13.450000,8400,1.590000,0.210000
1477423248615,13.440000,13.440000,3400,13.450000,7500,1.590000,0.210000
1477423251621,13.440000,13.440000,5300,13.450000,9200,1.590000,0.210000
1477423253124,13.440000,13.440000,3800,13.450000,9000,1.590000,0.210000
1477423255623,13.440000,13.440000,3500,13.450000,9000,1.590000,0.210000
1477423258121,13.440000,13.430000,7400,13.440000,2600,1.590000,0.210000
1477423260672,13.435000,13.430000,2000,13.440000,12900,1.550000,0.205000
1477423263131,13.430800,13.430000,3100,13.440000,8500,1.520000,0.200800
1477423265124,13.430800,13.430000,3900,13.440000,8500,1.520000,0.200800
1477423267122,13.430800,13.430000,3100,13.440000,8500,1.520000,0.200800
1477423269130,13.424000,13.420000,9500,13.430000,2600,1.470000,0.194000
1477423269621,13.424000,13.420000,9500,13.430000,2600,1.470000,0.194000
1477423273627,13.420700,13.420000,9900,13.430000,2400,1.440000,0.190700
1477423276658,13.430000,13.420000,7200,13.430000,3600,1.510000,0.200000
1477423279162,13.430000,13.420000,7200,13.430000,3600,1.510000,0.200000
1477423281630,13.430000,13.420000,7200,13.430000,3600,1.510000,0.200000
1477423284125,13.430000,13.420000,7100,13.430000,2400,1.510000,0.200000
1477423286628,13.430000,13.420000,6300,13.430000,2400,1.510000,0.200000
1477423288666,13.420700,13.420000,6400,13.430000,1900,1.440000,0.190700
1477423290631,13.430000,13.420000,7100,13.430000,3000,1.510000,0.200000
1477423293152,13.420000,13.420000,2400,13.430000,7300,1.440000,0.190000
1477423295166,13.420000,13.420000,2000,13.430000,8600,1.440000,0.190000
1477423297133,13.420000,13.410000,11400,13.420000,2600,1.440000,0.190000
1477423299633,13.410100,13.410000,13500,13.420000,2600,1.360000,0.180100
1477423301637,13.410100,13.410000,13500,13.420000,2600,1.360000,0.180100
1477423304144,13.400000,13.400000,18500,13.410000,2600,1.280000,0.170000
1477423307138,13.411100,13.410000,8300,13.420000,5400,1.370000,0.181100
1477423309637,13.410800,13.410000,7800,13.420000,5400,1.370000,0.180800
1477423311639,13.411100,13.410000,7300,13.420000,6100,1.370000,0.181100
1477423313643,13.425000,13.420000,6900,13.430000,4600,1.470000,0.195000
1477423314638,13.425000,13.420000,2900,13.430000,7400,1.470000,0.195000
1477423318144,13.420000,13.420000,1300,13.430000,14900,1.440000,0.190000
1477423320657,13.410000,13.410000,2600,13.420000,11800,1.360000,0.180000
1477423322641,13.410000,13.410000,2600,13.420000,10900,1.360000,0.180000
1477423324646,13.410000,13.400000,12100,13.410000,4400,1.360000,0.180000
1477423327142,13.420000,13.410000,20200,13.420000,100,1.440000,0.190000
1477423329144,13.420000,13.420000,2600,13.430000,7200,1.440000,0.190000
1477423331208,13.430000,13.420000,6500,13.430000,2500,1.510000,0.200000
1477423333190,13.430000,13.420000,9500,13.430000,2600,1.510000,0.200000
1477423335147,13.430000,13.420000,6000,13.430000,8700,1.510000,0.200000
1477423337648,13.423900,13.420000,5400,13.430000,6100,1.470000,0.193900
1477423339655,13.423900,13.420000,5400,13.430000,6100,1.470000,0.193900
1477423342157,13.420000,13.420000,5600,13.430000,6100,1.440000,0.190000
1477423345654,13.420000,13.420000,1500,13.430000,17000,1.440000,0.190000
1477423347651,13.420000,13.420000,2200,13.430000,17000,1.440000,0.190000
1477423350170,13.410000,13.410000,1600,13.420000,9300,1.360000,0.180000
1477423351684,13.410000,13.410000,2000,13.420000,9800,1.360000,0.180000
1477423354649,13.410000,13.410000,1600,13.420000,11300,1.360000,0.180000
1477423356657,13.412800,13.410000,1600,13.420000,14600,1.380000,0.182800
1477423358664,13.401000,13.400000,12600,13.410000,1400,1.290000,0.171000
1477423361170,13.420000,13.420000,5100,13.430000,5200,1.440000,0.190000
1477423363158,13.420000,13.420000,2100,13.430000,6900,1.440000,0.190000
1477423365650,13.420000,13.420000,2000,13.430000,7100,1.440000,0.190000
1477423367661,13.420000,13.410000,7300,13.420000,6400,1.440000,0.190000
1477423370161,13.420000,13.410000,7300,13.420000,7000,1.440000,0.190000
1477423371679,13.420000,13.410000,7300,13.420000,7000,1.440000,0.190000
1477423374651,13.390000,13.390000,4700,13.400000,6700,1.210000,0.160000
1477423376669,13.390000,13.390000,3200,13.400000,7300,1.210000,0.160000
1477423378656,13.400000,13.390000,7200,13.400000,3300,1.280000,0.170000
1477423381173,13.400000,13.390000,3400,13.400000,5200,1.280000,0.170000
1477423383672,13.400000,13.390000,3400,13.400000,5900,1.280000,0.170000
1477423385672,13.390000,13.390000,3400,13.400000,11800,1.210000,0.160000
1477423387683,13.380000,13.380000,7500,13.390000,4600,1.130000,0.150000
1477423390104,13.380000,13.380000,7500,13.390000,4200,1.130000,0.150000
1477423393108,13.380000,13.380000,5700,13.390000,8500,1.130000,0.150000
1477423395105,13.380500,13.380000,3100,13.390000,13900,1.140000,0.150500
1477423397643,13.375000,13.370000,7600,13.380000,2500,1.100000,0.145000
1477423401108,13.375000,13.370000,7200,13.380000,2500,1.100000,0.145000
1477423405609,13.371100,13.370000,6800,13.380000,2500,1.070000,0.141100
1477423408119,13.390000,13.380000,8500,13.390000,5000,1.210000,0.160000
1477423410113,13.390000,13.380000,11500,13.390000,2600,1.210000,0.160000
1477423411620,13.390000,13.390000,6100,13.400000,5500,1.210000,0.160000
1477423414615,13.394600,13.390000,6600,13.400000,4500,1.240000,0.164600
1477423417119,13.410000,13.400000,5400,13.410000,4100,1.360000,0.180000
1477423419643,13.400000,13.400000,6700,13.410000,3000,1.280000,0.170000
1477423422120,13.403200,13.400000,6100,13.410000,3000,1.310000,0.173200
1477423423616,13.403200,13.400000,6100,13.410000,3000,1.310000,0.173200
1477423426619,13.403200,13.400000,7100,13.410000,2400,1.310000,0.173200
1477423428627,13.403200,13.400000,5900,13.410000,4300,1.310000,0.173200
1477423430625,13.403200,13.400000,5900,13.410000,4300,1.310000,0.173200
1477423432622,13.403200,13.400000,5900,13.410000,4300,1.310000,0.173200
1477423435629,13.400000,13.390000,7800,13.400000,2600,1.280000,0.170000
1477423438120,13.395000,13.390000,7800,13.400000,2600,1.250000,0.165000
1477423440125,13.395000,13.390000,7800,13.400000,2600,1.250000,0.165000
1477423441636,13.400000,13.400000,5200,13.410000,3500,1.280000,0.170000
1477423444615,13.400000,13.400000,4500,13.410000,3200,1.280000,0.170000
1477423446627,13.400000,13.400000,4600,13.410000,3200,1.280000,0.170000
1477423448131,13.405000,13.400000,4000,13.410000,4300,1.320000,0.175000
1477423450649,13.405000,13.400000,4100,13.410000,3800,1.320000,0.175000
1477423453637,13.405000,13.400000,2700,13.410000,4000,1.320000,0.175000
1477423456136,13.402600,13.400000,3500,13.410000,3800,1.300000,0.172600
1477423458128,13.402600,13.400000,3400,13.410000,3800,1.300000,0.172600
1477423460636,13.402600,13.400000,3400,13.410000,3900,1.300000,0.172600
1477423462637,13.402600,13.400000,3200,13.410000,3900,1.300000,0.172600
1477423464174,13.402600,13.400000,3400,13.410000,3900,1.300000,0.172600
1477423465144,13.402600,13.400000,3500,13.410000,3800,1.300000,0.172600
1477423469142,13.400000,13.400000,1900,13.410000,9600,1.280000,0.170000
1477423471638,13.400000,13.400000,1900,13.410000,9600,1.280000,0.170000
1477423473640,13.400000,13.400000,1900,13.410000,9600,1.280000,0.170000
1477423476138,13.400000,13.400000,1900,13.410000,9600,1.280000,0.170000
1477423478643,13.400000,13.400000,2200,13.410000,9600,1.280000,0.170000
1477423480640,13.400000,13.400000,1900,13.410000,9600,1.280000,0.170000
1477423483131,13.400000,13.400000,1900,13.410000,9600,1.280000,0.170000
1477423485148,13.400000,13.400000,2300,13.410000,9600,1.280000,0.170000
1477423487683,13.400700,13.400000,10200,13.410000,1400,1.290000,0.170700
1477423489655,13.399000,13.390000,12100,13.400000,2400,1.280000,0.169000
1477423492149,13.400000,13.390000,6200,13.400000,2500,1.280000,0.170000
1477423494157,13.400000,13.390000,3000,13.400000,3900,1.280000,0.170000
1477423496160,13.400000,13.390000,3000,13.400000,3900,1.280000,0.170000
1477423499158,13.400000,13.390000,8300,13.400000,4500,1.280000,0.170000
1477423501149,13.400000,13.390000,15200,13.400000,2500,1.280000,0.170000
1477423504193,13.406200,13.400000,2900,13.410000,8500,1.330000,0.176200
1477423506147,13.392500,13.380000,4300,13.390000,4500,1.230000,0.162500
1477423507643,13.392500,13.380000,1500,13.390000,8500,1.230000,0.162500
1477423510654,13.382300,13.380000,4900,13.390000,3900,1.150000,0.152300
1477423512655,13.382300,13.380000,4900,13.390000,3900,1.150000,0.152300
1477423515148,13.380000,13.380000,4800,13.390000,3900,1.130000,0.150000
1477423517157,13.385000,13.380000,1600,13.390000,9200,1.170000,0.155000
1477423519654,13.385000,13.380000,1600,13.390000,9200,1.170000,0.155000
1477423521165,13.382500,13.380000,5900,13.390000,7400,1.150000,0.152500
1477423522685,13.389500,13.380000,3900,13.390000,6600,1.210000,0.159500
1477423526168,13.380000,13.380000,3100,13.390000,6000,1.130000,0.150000
1477423528167,13.383400,13.380000,2700,13.390000,6000,1.160000,0.153400
1477423531662,13.383400,13.380000,1100,13.390000,11200,1.160000,0.153400
1477423534664,13.383400,13.380000,1000,13.390000,10700,1.160000,0.153400
1477423536175,13.380000,13.370000,14700,13.380000,2600,1.130000,0.150000
1477423538676,13.380000,13.370000,14700,13.380000,2600,1.130000,0.150000
1477423541169,13.380000,13.370000,14700,13.380000,2600,1.130000,0.150000
1477423543164,13.380000,13.370000,3600,13.380000,3300,1.130000,0.150000
1477423545174,13.370000,13.370000,2300,13.380000,8100,1.060000,0.140000
1477423547672,13.368900,13.360000,9800,13.370000,7500,1.050000,0.138900
1477423549669,13.370000,13.370000,6900,13.380000,3000,1.060000,0.140000
1477423552228,13.370000,13.370000,2200,13.380000,8500,1.060000,0.140000
1477423554165,13.376000,13.370000,2100,13.380000,9000,1.100000,0.146000
1477423556674,13.375000,13.370000,1100,13.380000,10500,1.100000,0.145000
1477423558605,13.375000,13.370000,1400,13.380000,13300,1.100000,0.145000
1477423561105,13.375000,13.370000,1400,13.380000,12300,1.100000,0.145000
1477423563603,13.375000,13.370000,1800,13.380000,10600,1.100000,0.145000
1477423564609,13.375000,13.370000,1800,13.380000,10600,1.100000,0.145000
1477423568108,13.370000,13.370000,1700,13.380000,10900,1.060000,0.140000
1477423570615,13.368400,13.360000,10300,13.370000,2600,1.050000,0.138400
1477423572617,13.360000,13.360000,4500,13.370000,7700,0.980000,0.130000
1477423574613,13.360000,13.360000,4500,13.370000,7600,0.980000,0.130000
1477423576612,13.362400,13.360000,4300,13.370000,7600,1.000000,0.132400
1477423579115,13.370000,13.360000,17700,13.370000,800,1.060000,0.140000
1477423581124,13.369900,13.360000,17700,13.370000,2600,1.060000,0.139900
1477423582605,13.365000,13.360000,15700,13.370000,2600,1.020000,0.135000
1477423585615,13.380000,13.370000,11600,13.380000,2600,1.130000,0.150000
1477423587614,13.380000,13.370000,7400,13.380000,2700,1.130000,0.150000
1477423590114,13.374600,13.370000,3400,13.380000,8100,1.090000,0.144600
1477423593118,13.377700,13.370000,3100,13.380000,8300,1.120000,0.147700
1477423595116,13.370100,13.370000,4200,13.380000,7700,1.060000,0.140100
1477423597621,13.370100,13.370000,4500,13.380000,7300,1.060000,0.140100
1477423599622,13.380000,13.370000,11600,13.380000,2400,1.130000,0.150000
1477423602125,13.371000,13.370000,4500,13.380000,8500,1.070000,0.141000
1477423604627,13.370000,13.370000,4500,13.380000,7500,1.060000,0.140000
1477423606637,13.370000,13.370000,4500,13.380000,7500,1.060000,0.140000
1477423608633,13.370000,13.370000,1500,13.380000,11700,1.060000,0.140000
1477423611123,13.370000,13.360000,7300,13.370000,4900,1.060000,0.140000
1477423613128,13.360000,13.360000,4300,13.370000,14200,0.980000,0.130000
1477423615639,13.360000,13.360000,4300,13.370000,13200,0.980000,0.130000
1477423617672,13.350000,13.350000,10800,13.360000,11100,0.910000,0.120000
1477423620122,13.340000,13.340000,4000,13.350000,7600,0.830000,0.110000
1477423621623,13.340100,13.340000,4000,13.350000,7100,0.830000,0.110100
1477423624145,13.340100,13.340000,4700,13.350000,5600,0.830000,0.110100
1477423626634,13.350000,13.340000,14300,13.350000,1000,0.910000,0.120000
1477423628634,13.349900,13.340000,8300,13.350000,1500,0.910000,0.119900
1477423631159,13.345000,13.340000,7900,13.350000,1800,0.870000,0.115000
1477423633130,13.345000,13.340000,5300,13.350000,4000,0.870000,0.115000
1477423635635,13.344100,13.340000,5200,13.350000,3800,0.860000,0.114100
1477423637155,13.349200,13.340000,7500,13.350000,3100,0.900000,0.119200
1477423640147,13.355000,13.350000,1900,13.360000,12200,0.940000,0.125000
1477423642141,13.350300,13.350000,1800,13.360000,11600,0.910000,0.120300
1477423644637,13.353000,13.350000,1800,13.360000,11600,0.930000,0.123000
1477423646639,13.353000,13.350000,1800,13.360000,11600,0.930000,0.123000
1477423648146,13.353000,13.350000,1400,13.360000,16800,0.930000,0.123000
1477423650140,13.353000,13.350000,2200,13.360000,14500,0.930000,0.123000
1477423654649,13.356600,13.350000,2300,13.360000,14200,0.960000,0.126600
1477423656639,13.356600,13.350000,8500,13.360000,3000,0.960000,0.126600
1477423658641,13.356600,13.350000,8400,13.360000,3000,0.960000,0.126600
1477423661145,13.356600,13.350000,5800,13.360000,2600,0.960000,0.126600
1477423663151,13.356600,13.350000,6800,13.360000,2600,0.960000,0.126600
1477423665654,13.356600,13.350000,6800,13.360000,2500,0.960000,0.126600
1477423668146,13.358400,13.350000,2000,13.360000,7900,0.970000,0.128400
1477423670144,13.350000,13.340000,12400,13.350000,1800,0.910000,0.120000
1477423672648,13.350000,13.340000,16000,13.350000,1400,0.910000,0.120000
1477423674653,13.345000,13.340000,16400,13.350000,1400,0.870000,0.115000
1477423676653,13.350000,13.340000,16400,13.350000,1400,0.910000,0.120000
1477423679153,13.360000,13.350000,4900,13.360000,5100,0.980000,0.130000
1477423681186,13.360000,13.360000,2400,13.370000,12300,0.980000,0.130000
1477423684146,13.360000,13.360000,3500,13.370000,11400,0.980000,0.130000
1477423686665,13.360000,13.360000,3500,13.370000,9700,0.980000,0.130000
1477423688655,13.360000,13.360000,3500,13.370000,9700,0.980000,0.130000
1477423690155,13.360000,13.360000,3500,13.370000,9700,0.980000,0.130000
1477423693165,13.370000,13.360000,5200,13.370000,8600,1.060000,0.140000
1477423695208,13.369900,13.360000,4900,13.370000,9600,1.060000,0.139900
1477423697143,13.360000,13.360000,100,13.370000,20800,0.980000,0.130000
1477423699663,13.360000,13.360000,900,13.370000,15500,0.980000,0.130000
1477423702156,13.360000,13.350000,7900,13.360000,2600,0.980000,0.130000
1477423704160,13.360000,13.350000,7900,13.360000,2600,0.980000,0.130000
1477423706163,13.360000,13.350000,5400,13.360000,2800,0.980000,0.130000
1477423708684,13.350000,13.350000,2200,13.360000,10700,0.910000,0.120000
1477423710156,13.350000,13.350000,2000,13.360000,10700,0.910000,0.120000
1477423713153,13.350000,13.340000,6400,13.350000,2500,0.910000,0.120000
1477423715667,13.346100,13.340000,14000,13.350000,1100,0.880000,0.116100
1477423718187,13.346100,13.340000,6700,13.350000,4600,0.880000,0.116100
1477423720672,13.346100,13.340000,6400,13.350000,4500,0.880000,0.116100
1477423723182,13.346100,13.340000,4500,13.350000,11300,0.880000,0.116100
1477423725159,13.340000,13.340000,4500,13.350000,10300,0.830000,0.110000
1477423727177,13.340000,13.340000,3600,13.350000,9400,0.830000,0.110000
1477423729666,13.348400,13.340000,4500,13.350000,4400,0.890000,0.118400
1477423731603,13.348400,13.340000,4500,13.350000,4800,0.890000,0.118400
1477423735103,13.350000,13.340000,7200,13.350000,3100,0.910000,0.120000
1477423736603,13.350000,13.340000,7200,13.350000,3100,0.910000,0.120000
1477423739640,13.341200,13.340000,7200,13.350000,3100,0.840000,0.111200
1477423741607,13.340000,13.340000,2500,13.350000,9600,0.830000,0.110000
1477423744140,13.340000,13.340000,13400,13.350000,2600,0.830000,0.110000
1477423746104,13.340000,13.340000,13200,13.350000,2800,0.830000,0.110000
1477423748606,13.340000,13.340000,13200,13.350000,2800,0.830000,0.110000
1477423750607,13.350000,13.350000,2600,13.360000,9000,0.910000,0.120000
1477423753111,13.353400,13.350000,2400,13.360000,9000,0.930000,0.123400
1477423754614,13.353400,13.350000,2400,13.360000,8000,0.930000,0.123400
1477423757608,13.353400,13.350000,1800,13.360000,12100,0.930000,0.123400
1477423759123,13.350000,13.350000,8200,13.360000,4500,0.910000,0.120000
1477423761616,13.350000,13.350000,8000,13.360000,4300,0.910000,0.120000
1477423763617,13.350000,13.350000,13400,13.360000,2800,0.910000,0.120000
1477423766118,13.357000,13.350000,12200,13.360000,3700,0.960000,0.127000
1477423768646,13.360000,13.350000,18100,13.360000,2700,0.980000,0.130000
1477423770624,13.360000,13.360000,2100,13.370000,16200,0.980000,0.130000
1477423773118,13.360000,13.360000,400,13.370000,22500,0.980000,0.130000
1477423775158,13.351000,13.350000,14400,13.360000,2200,0.910000,0.121000
1477423777122,13.351000,13.350000,14400,13.360000,2200,0.910000,0.121000
1477423780130,13.360000,13.350000,14800,13.360000,2500,0.980000,0.130000
1477423782150,13.360000,13.350000,16200,13.360000,1000,0.980000,0.130000
1477423784647,13.360000,13.360000,7300,13.370000,6800,0.980000,0.130000
1477423788666,13.366200,13.360000,8500,13.370000,4900,1.030000,0.136200
1477423790625,13.366200,13.360000,8500,13.370000,4900,1.030000,0.136200
1477423793124,13.366200,13.360000,8500,13.370000,4900,1.030000,0.136200
1477423795157,13.366200,13.360000,8500,13.370000,4900,1.030000,0.136200
1477423797148,13.360000,13.360000,2100,13.370000,14300,0.980000,0.130000
1477423799632,13.360000,13.350000,11900,13.360000,1700,0.980000,0.130000
1477423802124,13.360000,13.350000,15900,13.360000,1500,0.980000,0.130000
1477423803629,13.360000,13.360000,2800,13.370000,7200,0.980000,0.130000
1477423806136,13.360000,13.360000,7100,13.370000,5500,0.980000,0.130000
1477423808635,13.360000,13.360000,5900,13.370000,5500,0.980000,0.130000
1477423810634,13.360000,13.360000,6400,13.370000,6300,0.980000,0.130000
1477423813152,13.360000,13.360000,1200,13.370000,17000,0.980000,0.130000
1477423815138,13.360000,13.360000,1200,13.370000,14000,0.980000,0.130000
1477423817639,13.360000,13.350000,12200,13.360000,2600,0.980000,0.130000
1477423819646,13.360000,13.350000,3000,13.360000,13500,0.980000,0.130000
1477423822133,13.350000,13.340000,7400,13.350000,17400,0.910000,0.120000
1477423824176,13.340800,13.340000,3800,13.350000,7000,0.840000,0.110800
1477423826651,13.349900,13.340000,8400,13.350000,3400,0.910000,0.119900
1477423828637,13.349900,13.340000,13000,13.350000,1000,0.910000,0.119900
1477423831145,13.349900,13.340000,11200,13.350000,1300,0.910000,0.119900
1477423833146,13.349900,13.340000,4200,13.350000,4400,0.910000,0.119900
1477423835643,13.349900,13.340000,4200,13.350000,4400,0.910000,0.119900
1477423837178,13.341000,13.340000,4200,13.350000,4300,0.840000,0.111000
1477423840158,13.340000,13.340000,4200,13.350000,4700,0.830000,0.110000
1477423841644,13.340000,13.340000,4200,13.350000,4700,0.830000,0.110000
1477423844190,13.340000,13.340000,6800,13.350000,1700,0.830000,0.110000
1477423846652,13.349900,13.340000,10000,13.350000,1400,0.910000,0.119900
1477423848650,13.349900,13.340000,3100,13.350000,6000,0.910000,0.119900
1477423851148,13.340000,13.340000,4200,13.350000,5800,0.830000,0.110000
1477423853151,13.340000,13.340000,4200,13.350000,5800,0.830000,0.110000
1477423855658,13.340000,13.330000,12300,13.340000,3500,0.830000,0.110000
1477423857655,13.331000,13.330000,13100,13.340000,1600,0.760000,0.101000
1477423858656,13.340000,13.330000,12300,13.340000,2700,0.830000,0.110000
1477423862149,13.330000,13.330000,11400,13.340000,2400,0.760000,0.100000
1477423864199,13.334900,13.330000,11400,13.340000,2400,0.790000,0.104900
1477423866658,13.334900,13.330000,9500,13.340000,7200,0.790000,0.104900
1477423868667,13.335000,13.330000,11400,13.340000,2500,0.790000,0.105000
1477423871656,13.340000,13.330000,12100,13.340000,2400,0.830000,0.110000
1477423873696,13.340000,13.330000,12100,13.340000,2500,0.830000,0.110000
1477423876151,13.340000,13.330000,21200,13.340000,1600,0.830000,0.110000
1477423878159,13.340000,13.340000,3900,13.350000,6900,0.830000,0.110000
1477423880660,13.340000,13.340000,6000,13.350000,5300,0.830000,0.110000
1477423883230,13.341000,13.340000,6000,13.350000,5400,0.840000,0.111000
1477423885156,13.344000,13.340000,4600,13.350000,8300,0.860000,0.114000
1477423893661,13.340000,13.340000,3600,13.350000,8400,0.830000,0.110000
1477423896179,13.340000,13.340000,8200,13.350000,5500,0.830000,0.110000
1477423898682,13.350000,13.340000,14100,13.350000,2200,0.910000,0.120000
1477423901688,13.350000,13.340000,14700,13.350000,2600,0.910000,0.120000
1477423902157,13.350000,13.340000,14700,13.350000,2600,0.910000,0.120000
1477423904169,13.350000,13.340000,14300,13.350000,1700,0.910000,0.120000
1477423904169,13.350000,13.340000,14300,13.350000,1700,0.910000,0.120000
1477423906207,13.350000,13.340000,14700,13.350000,1700,0.910000,0.120000
1477423906670,13.350000,13.340000,14700,13.350000,2600,0.910000,0.120000
1477423908670,13.350000,13.340000,15200,13.350000,1500,0.910000,0.120000
1477423909171,13.350000,13.340000,15200,13.350000,1700,0.910000,0.120000
1477423910164,13.350000,13.340000,15200,13.350000,1700,0.910000,0.120000
1477423912102,13.350000,13.340000,15200,13.350000,3800,0.910000,0.120000
1477423913614,13.350000,13.340000,14700,13.350000,3800,0.910000,0.120000
1477423916102,13.340000,13.340000,6100,13.350000,7200,0.830000,0.110000
1477423916102,13.340000,13.340000,6100,13.350000,7200,0.830000,0.110000
1477423918105,13.350000,13.340000,10600,13.350000,4600,0.910000,0.120000
1477423919103,13.350000,13.340000,10400,13.350000,4600,0.910000,0.120000
1477423920607,13.350000,13.340000,13900,13.350000,1500,0.910000,0.120000
1477423923097,13.347700,13.340000,14300,13.350000,1700,0.890000,0.117700
1477423926110,13.350000,13.350000,4800,13.360000,9700,0.910000,0.120000
1477423928612,13.350000,13.350000,7600,13.360000,6300,0.910000,0.120000
1477423929611,13.350000,13.350000,7200,13.360000,6300,0.910000,0.120000
1477423933610,13.350000,13.350000,2700,13.360000,17300,0.910000,0.120000
1477423936119,13.350000,13.350000,2700,13.360000,17200,0.910000,0.120000
1477423937113,13.360000,13.350000,3600,13.360000,15800,0.980000,0.130000
1477423943118,13.359200,13.350000,2700,13.360000,15800,0.980000,0.129200
1477423945620,13.359200,13.350000,2700,13.360000,15700,0.980000,0.129200
1477423949621,13.359200,13.350000,2800,13.360000,13800,0.980000,0.129200
1477423952127,13.350000,13.350000,1500,13.360000,13600,0.910000,0.120000
1477423955622,13.360000,13.350000,5000,13.360000,6300,0.980000,0.130000
1477423958624,13.360000,13.350000,8500,13.360000,2500,0.980000,0.130000
1477423963669,13.360000,13.350000,7700,13.360000,2500,0.980000,0.130000
1477423963669,13.360000,13.350000,7700,13.360000,2500,0.980000,0.130000
1477423968131,13.360000,13.350000,8000,13.360000,2600,0.980000,0.130000
1477423970628,13.360000,13.350000,11700,13.360000,2500,0.980000,0.130000
1477423972624,13.360000,13.350000,10500,13.360000,2500,0.980000,0.130000
1477423975129,13.360000,13.350000,10100,13.360000,2500,0.980000,0.130000
1477423978632,13.360000,13.350000,12600,13.360000,2500,0.980000,0.130000
1477423981129,13.360100,13.360000,2400,13.370000,14000,0.980000,0.130100
1477423983657,13.360100,13.360000,2400,13.370000,14000,0.980000,0.130100
1477423986669,13.360100,13.360000,2600,13.370000,10200,0.980000,0.130100
1477423989135,13.360100,13.360000,2700,13.370000,10200,0.980000,0.130100
1477423991140,13.360100,13.360000,2700,13.370000,10900,0.980000,0.130100
1477423994173,13.360100,13.360000,2700,13.370000,10800,0.980000,0.130100
1477423996636,13.360100,13.360000,2500,13.370000,15200,0.980000,0.130100
1477423998651,13.360100,13.360000,1200,13.370000,15600,0.980000,0.130100
1477424002148,13.360100,13.360000,1300,13.370000,15600,0.980000,0.130100
1477424004635,13.360100,13.360000,1300,13.370000,16000,0.980000,0.130100
1477424007148,13.353000,13.350000,8400,13.360000,3900,0.930000,0.123000
1477424009154,13.360000,13.350000,9200,13.360000,2600,0.980000,0.130000
1477424012657,13.350000,13.350000,2700,13.360000,8400,0.910000,0.120000
1477424015137,13.350000,13.350000,5800,13.360000,4500,0.910000,0.120000
1477424017140,13.350000,13.350000,5800,13.360000,5900,0.910000,0.120000
1477424020653,13.350000,13.350000,5800,13.360000,5700,0.910000,0.120000
1477424021675,13.360000,13.350000,10100,13.360000,2600,0.980000,0.130000
1477424025145,13.360000,13.350000,8700,13.360000,2600,0.980000,0.130000
1477424027701,13.360000,13.350000,1900,13.360000,8400,0.980000,0.130000
1477424030189,13.360000,13.350000,1900,13.360000,8400,0.980000,0.130000
1477424032650,13.355800,13.350000,1900,13.360000,8400,0.950000,0.125800
1477424035150,13.355800,13.350000,1900,13.360000,8400,0.950000,0.125800
1477424037152,13.355800,13.350000,2800,13.360000,5700,0.950000,0.125800
1477424039643,13.355800,13.350000,2800,13.360000,5700,0.950000,0.125800
1477424042658,13.355800,13.350000,2100,13.360000,7500,0.950000,0.125800
1477424044677,13.355800,13.350000,1900,13.360000,7500,0.950000,0.125800
1477424047157,13.355800,13.350000,2100,13.360000,6100,0.950000,0.125800
1477424049662,13.355800,13.350000,2700,13.360000,4600,0.950000,0.125800
1477424051663,13.355800,13.350000,3100,13.360000,6400,0.950000,0.125800
1477424053653,13.355800,13.350000,7400,13.360000,2600,0.950000,0.125800
1477424056691,13.355800,13.350000,7400,13.360000,2600,0.950000,0.125800
1477424059165,13.355800,13.350000,7400,13.360000,2600,0.950000,0.125800
1477424061168,13.354500,13.350000,7400,13.360000,2600,0.940000,0.124500
1477424063662,13.354500,13.350000,7400,13.360000,2600,0.940000,0.124500
1477424066656,13.354500,13.350000,7400,13.360000,2600,0.940000,0.124500
1477424069158,13.354500,13.350000,7400,13.360000,2600,0.940000,0.124500
1477424071163,13.354500,13.350000,7400,13.360000,2600,0.940000,0.124500
1477424073741,13.350000,13.350000,700,13.360000,14900,0.910000,0.120000
1477424076663,13.350000,13.340000,8700,13.350000,6200,0.910000,0.120000
1477424081162,13.350000,13.350000,2600,13.360000,10300,0.910000,0.120000
1477424083665,13.350000,13.350000,3000,13.360000,8700,0.910000,0.120000
1477424086182,13.350000,13.350000,10000,13.360000,5500,0.910000,0.120000
1477424088176,13.350000,13.350000,10000,13.360000,3700,0.910000,0.120000
1477424088670,13.350000,13.350000,10000,13.360000,3700,0.910000,0.120000
1477424093104,13.350000,13.350000,9900,13.360000,2800,0.910000,0.120000
1477424095603,13.350000,13.350000,9800,13.360000,2800,0.910000,0.120000
1477424097609,13.360000,13.350000,9400,13.360000,2900,0.980000,0.130000
1477424100634,13.350000,13.350000,3100,13.360000,9400,0.910000,0.120000
1477424103108,13.350000,13.350000,11400,13.360000,2400,0.910000,0.120000
1477424105613,13.350000,13.350000,12200,13.360000,2400,0.910000,0.120000
1477424109109,13.355000,13.350000,2400,13.360000,10900,0.940000,0.125000
1477424110612,13.355000,13.350000,2600,13.360000,8300,0.940000,0.125000
1477424112115,13.355000,13.350000,2600,13.360000,8300,0.940000,0.125000
1477424115606,13.355000,13.350000,2700,13.360000,5400,0.940000,0.125000
1477424119117,13.355000,13.350000,5100,13.360000,2500,0.940000,0.125000
1477424121617,13.355000,13.350000,8500,13.360000,2400,0.940000,0.125000
1477424123621,13.355000,13.350000,8500,13.360000,2400,0.940000,0.125000
1477424126119,13.360000,13.360000,9400,13.370000,5300,0.980000,0.130000
1477424128136,13.369900,13.360000,13700,13.370000,2900,1.060000,0.139900
1477424131613,13.370000,13.360000,12400,13.370000,2500,1.060000,0.140000
1477424134120,13.370000,13.360000,10800,13.370000,2500,1.060000,0.140000
1477424136626,13.370000,13.360000,10800,13.370000,2500,1.060000,0.140000
1477424138615,13.361800,13.360000,18600,13.370000,2600,1.000000,0.131800
1477424142643,13.361800,13.360000,18600,13.370000,2600,1.000000,0.131800
1477424145130,13.370000,13.370000,14200,13.380000,4800,1.060000,0.140000
1477424148127,13.372200,13.370000,14200,13.380000,3400,1.070000,0.142200
1477424149123,13.372200,13.370000,15600,13.380000,3400,1.070000,0.142200
1477424152628,13.380000,13.370000,15400,13.380000,2500,1.130000,0.150000
1477424156127,13.380000,13.370000,16900,13.380000,9600,1.130000,0.150000
1477424159191,13.380000,13.370000,16300,13.380000,9600,1.130000,0.150000
1477424162125,13.380000,13.370000,17800,13.380000,9300,1.130000,0.150000
1477424163632,13.380000,13.370000,16400,13.380000,9300,1.130000,0.150000
1477424167142,13.379100,13.370000,16400,13.380000,9300,1.130000,0.149100
1477424168636,13.379100,13.370000,16300,13.380000,9300,1.130000,0.149100
1477424172164,13.380000,13.380000,5800,13.390000,4900,1.130000,0.150000
1477424174709,13.380000,13.380000,6500,13.390000,4900,1.130000,0.150000
1477424177135,13.380000,13.370000,10400,13.380000,2900,1.130000,0.150000
1477424179641,13.380000,13.370000,15000,13.380000,2500,1.130000,0.150000
1477424182144,13.380000,13.370000,14700,13.380000,2500,1.130000,0.150000
1477424185136,13.380000,13.370000,11800,13.380000,2800,1.130000,0.150000
1477424188141,13.370000,13.370000,6400,13.380000,8300,1.060000,0.140000
1477424190655,13.365000,13.360000,13500,13.370000,2600,1.020000,0.135000
1477424192644,13.380000,13.370000,16400,13.380000,2000,1.130000,0.150000
1477424195643,13.380000,13.370000,20500,13.380000,400,1.130000,0.150000
1477424197646,13.380000,13.380000,13400,13.390000,2500,1.130000,0.150000
1477424200178,13.389000,13.380000,17500,13.390000,2400,1.200000,0.159000
1477424202654,13.390000,13.380000,11800,13.390000,2500,1.210000,0.160000
1477424205660,13.390000,13.380000,11800,13.390000,2500,1.210000,0.160000
1477424207661,13.390000,13.380000,11800,13.390000,2500,1.210000,0.160000
1477424210158,13.386100,13.390000,9300,13.400000,10900,1.180000,0.156100
1477424212644,13.400000,13.400000,3800,13.410000,9400,1.280000,0.170000
1477424215158,13.408900,13.400000,4200,13.410000,8300,1.350000,0.178900
1477424218172,13.406200,13.400000,4200,13.410000,8300,1.330000,0.176200
1477424220659,13.408900,13.400000,4600,13.410000,8300,1.350000,0.178900
1477424225162,13.403300,13.400000,2100,13.410000,9000,1.310000,0.173300
1477424227660,13.403300,13.400000,2200,13.410000,8900,1.310000,0.173300
1477424230161,13.400000,13.390000,19800,13.400000,5200,1.280000,0.170000
1477424233174,13.396400,13.390000,19400,13.400000,400,1.260000,0.166400
1477424236159,13.390100,13.390000,19600,13.400000,500,1.210000,0.160100
1477424238660,13.390100,13.390000,20100,13.400000,500,1.210000,0.160100
1477424242153,13.390100,13.390000,19700,13.400000,800,1.210000,0.160100
1477424244668,13.410000,13.400000,15400,13.410000,2500,1.360000,0.180000
1477424247671,13.400000,13.390000,2800,13.400000,14300,1.280000,0.170000
1477424249658,13.400000,13.390000,2800,13.400000,14200,1.280000,0.170000
1477424252661,13.390000,13.390000,2600,13.400000,12300,1.210000,0.160000
1477424255164,13.390000,13.390000,2600,13.400000,12300,1.210000,0.160000
1477424257165,13.390000,13.390000,2600,13.400000,12300,1.210000,0.160000
1477424259680,13.390000,13.390000,2600,13.400000,12400,1.210000,0.160000
1477424262158,13.390000,13.380000,5000,13.390000,8700,1.210000,0.160000
1477424264676,13.390000,13.380000,15600,13.390000,2800,1.210000,0.160000
1477424267172,13.398900,13.390000,2900,13.400000,10600,1.280000,0.168900
1477424269661,13.390000,13.390000,500,13.400000,20700,1.210000,0.160000
1477424272627,13.390000,13.390000,2600,13.400000,16100,1.210000,0.160000
1477424275104,13.400000,13.390000,14600,13.400000,500,1.280000,0.170000
1477424277604,13.400000,13.400000,2900,13.410000,10100,1.280000,0.170000
1477424280112,13.400000,13.400000,2600,13.410000,10400,1.280000,0.170000
1477424282106,13.400000,13.400000,2600,13.410000,7900,1.280000,0.170000
1477424284608,13.402000,13.400000,5400,13.410000,4900,1.300000,0.172000
1477424287106,13.402000,13.400000,6600,13.410000,4500,1.300000,0.172000
1477424289618,13.410000,13.400000,7500,13.410000,1600,1.360000,0.180000
1477424292110,13.410000,13.400000,15700,13.410000,2600,1.360000,0.180000
1477424295115,13.410000,13.410000,12100,13.420000,4000,1.360000,0.180000
1477424297110,13.420000,13.410000,18800,13.420000,1000,1.440000,0.190000
1477424300616,13.421000,13.420000,13600,13.430000,4200,1.440000,0.191000
1477424303646,13.421000,13.420000,18000,13.430000,2000,1.440000,0.191000
1477424305623,13.421000,13.420000,16600,13.430000,2000,1.440000,0.191000
1477424307618,13.421000,13.420000,14400,13.430000,4200,1.440000,0.191000
1477424310118,13.421000,13.420000,14400,13.430000,4200,1.440000,0.191000
1477424313128,13.420100,13.420000,15000,13.430000,1100,1.440000,0.190100
1477424315156,13.425000,13.420000,14700,13.430000,1600,1.470000,0.195000
1477424317624,13.430000,13.420000,19600,13.430000,200,1.510000,0.200000
1477424320147,13.430000,13.430000,8000,13.440000,4200,1.510000,0.200000
1477424323123,13.430000,13.430000,6500,13.440000,6800,1.510000,0.200000
1477424325659,13.430000,13.430000,5500,13.440000,7100,1.510000,0.200000
1477424336169,13.430000,13.430000,5300,13.440000,7100,1.510000,0.200000
1477424338625,13.419500,13.410000,11700,13.420000,3900,1.430000,0.189500
1477424346659,13.415000,13.410000,11600,13.420000,2800,1.400000,0.185000
1477424349631,13.411100,13.410000,11000,13.420000,4100,1.370000,0.181100
1477424355637,13.411100,13.410000,10400,13.420000,3600,1.370000,0.181100
1477424358123,13.420000,13.410000,16900,13.420000,1200,1.440000,0.190000
1477424363638,13.420000,13.410000,13100,13.420000,1300,1.440000,0.190000
1477424369139,13.420000,13.420000,17300,13.430000,2400,1.440000,0.190000
1477424372139,13.425300,13.420000,17300,13.430000,2400,1.480000,0.195300
1477424374642,13.425000,13.420000,5900,13.430000,8500,1.470000,0.195000
1477424376647,13.420000,13.420000,7900,13.430000,8000,1.440000,0.190000
1477424379150,13.420000,13.420000,1800,13.430000,10200,1.440000,0.190000
1477424381643,13.425000,13.420000,6300,13.430000,8900,1.470000,0.195000
1477424383647,13.425000,13.420000,6300,13.430000,9400,1.470000,0.195000
1477424386142,13.425000,13.420000,5000,13.430000,9900,1.470000,0.195000
1477424388682,13.425000,13.420000,5000,13.430000,9900,1.470000,0.195000
1477424390152,13.425000,13.420000,7700,13.430000,9500,1.470000,0.195000
1477424393184,13.420000,13.420000,3400,13.430000,9200,1.440000,0.190000
1477424395694,13.420000,13.420000,3500,13.430000,9200,1.440000,0.190000
1477424398160,13.430000,13.420000,13400,13.430000,2600,1.510000,0.200000
1477424400638,13.430000,13.420000,13300,13.430000,2500,1.510000,0.200000
1477424403139,13.440000,13.430000,16500,13.440000,2200,1.590000,0.210000
1477424405677,13.440000,13.430000,15300,13.440000,2100,1.590000,0.210000
1477424407176,13.440000,13.430000,15300,13.440000,2300,1.590000,0.210000
1477424410153,13.440000,13.430000,14000,13.440000,4200,1.590000,0.210000
1477424413158,13.440000,13.430000,13700,13.440000,4400,1.590000,0.210000
1477424415651,13.440000,13.430000,14200,13.440000,2200,1.590000,0.210000
1477424417660,13.440000,13.440000,500,13.450000,23000,1.590000,0.210000
1477424420149,13.440000,13.440000,900,13.450000,22200,1.590000,0.210000
1477424422204,13.444400,13.440000,400,13.450000,23100,1.620000,0.214400
1477424424661,13.440000,13.440000,300,13.450000,23000,1.590000,0.210000
1477424427160,13.430000,13.430000,2000,13.440000,13400,1.510000,0.200000
1477424434161,13.420000,13.420000,8200,13.430000,9300,1.440000,0.190000
1477424439220,13.420000,13.410000,12300,13.420000,3600,1.440000,0.190000
1477424441165,13.420000,13.410000,12800,13.420000,2800,1.440000,0.190000
1477424443665,13.420000,13.410000,12700,13.420000,2700,1.440000,0.190000
1477424446170,13.418000,13.410000,12700,13.420000,2700,1.420000,0.188000
1477424448178,13.418000,13.410000,15700,13.420000,2700,1.420000,0.188000
1477424451103,13.418000,13.410000,20900,13.420000,2700,1.420000,0.188000
1477424453105,13.418000,13.410000,20900,13.420000,2700,1.420000,0.188000
1477424455601,13.415000,13.410000,23500,13.420000,1000,1.400000,0.185000
1477424458106,13.430000,13.420000,12800,13.430000,2900,1.510000,0.200000
1477424461106,13.430000,13.420000,14700,13.430000,2700,1.510000,0.200000
1477424463606,13.430000,13.420000,20200,13.430000,2700,1.510000,0.200000
1477424466620,13.430000,13.430000,400,13.440000,18800,1.510000,0.200000
1477424468621,13.430000,13.430000,400,13.440000,19400,1.510000,0.200000
1477424471112,13.430000,13.430000,400,13.440000,17900,1.510000,0.200000
1477424474113,13.430000,13.430000,600,13.440000,17900,1.510000,0.200000
1477424476644,13.430000,13.430000,600,13.440000,17700,1.510000,0.200000
1477424479118,13.430000,13.420000,14700,13.430000,5000,1.510000,0.200000
1477424481630,13.440000,13.430000,19600,13.440000,700,1.590000,0.210000
1477424483617,13.430000,13.430000,3900,13.440000,10500,1.510000,0.200000
1477424486127,13.436200,13.430000,2900,13.440000,11300,1.560000,0.206200
1477424488630,13.436200,13.430000,2900,13.440000,11300,1.560000,0.206200
1477424491616,13.440000,13.430000,2900,13.440000,11300,1.590000,0.210000
1477424494621,13.430000,13.430000,2500,13.440000,11000,1.510000,0.200000
1477424498621,13.431100,13.430000,8600,13.440000,7100,1.520000,0.201100
1477424501122,13.430000,13.430000,300,13.430000,5300,1.510000,0.200000
1477424503623,13.429500,13.420000,14000,13.430000,5000,1.510000,0.199500
1477424506652,13.420000,13.420000,2600,13.430000,12500,1.440000,0.190000
1477424510623,13.420000,13.420000,5700,13.430000,5500,1.440000,0.190000
1477424513130,13.420000,13.420000,1800,13.430000,11800,1.440000,0.190000
1477424516632,13.420000,13.410000,5000,13.420000,10400,1.440000,0.190000
1477424518641,13.410000,13.410000,6900,13.420000,9600,1.360000,0.180000
1477424520641,13.420000,13.410000,22300,13.420000,4600,1.440000,0.190000
1477424523636,13.423600,13.420000,4300,13.430000,7600,1.460000,0.193600
1477424525680,13.423600,13.420000,2900,13.430000,10400,1.460000,0.193600
1477424529140,13.423600,13.420000,5800,13.430000,6600,1.460000,0.193600
1477424536138,13.430000,13.420000,16800,13.430000,4300,1.510000,0.200000
1477424538635,13.430000,13.420000,16700,13.430000,4900,1.510000,0.200000
1477424540651,13.421000,13.420000,16700,13.430000,5800,1.440000,0.191000
1477424540651,13.421000,13.420000,16700,13.430000,5800,1.440000,0.191000
1477424545643,13.421000,13.420000,17000,13.430000,4700,1.440000,0.191000
1477424548640,13.421000,13.420000,17000,13.430000,4700,1.440000,0.191000
1477424551154,13.421000,13.420000,17000,13.430000,4700,1.440000,0.191000
1477424553685,13.421000,13.420000,16300,13.430000,5600,1.440000,0.191000
1477424555167,13.429000,13.420000,16500,13.430000,3700,1.500000,0.199000
1477424559146,13.429000,13.420000,12100,13.430000,3700,1.500000,0.199000
1477424562148,13.430000,13.420000,12600,13.430000,2800,1.510000,0.200000
1477424564196,13.430000,13.420000,12800,13.430000,2800,1.510000,0.200000
1477424568177,13.420100,13.420000,13200,13.430000,3800,1.440000,0.190100
1477424570657,13.425000,13.420000,12900,13.430000,3800,1.470000,0.195000
1477424572654,13.425000,13.420000,12900,13.430000,3800,1.470000,0.195000
1477424575649,13.425000,13.420000,12900,13.430000,3800,1.470000,0.195000
1477424578144,13.425000,13.420000,12900,13.430000,3800,1.470000,0.195000
1477424580181,13.425000,13.420000,12900,13.430000,3800,1.470000,0.195000
1477424583675,13.430000,13.430000,3300,13.440000,27500,1.510000,0.200000
1477424586156,13.431100,13.430000,3200,13.440000,27500,1.520000,0.201100
1477424588146,13.438900,13.430000,3200,13.440000,27300,1.580000,0.208900
1477424592158,13.430000,13.430000,8100,13.440000,23300,1.510000,0.200000
1477424594724,13.440000,13.430000,23000,13.440000,19400,1.590000,0.210000
1477424596676,13.449900,13.440000,5100,13.450000,5600,1.660000,0.219900
1477424600155,13.440000,13.440000,2100,13.450000,10800,1.590000,0.210000
1477424602659,13.440000,13.440000,2100,13.450000,10800,1.590000,0.210000
1477424605171,13.440000,13.440000,2100,13.450000,10800,1.590000,0.210000
1477424607167,13.440000,13.440000,2100,13.450000,10800,1.590000,0.210000
1477424609670,13.440000,13.440000,1800,13.450000,13800,1.590000,0.210000
1477424611200,13.440000,13.430000,10500,13.440000,7000,1.590000,0.210000
1477424614170,13.430100,13.430000,11100,13.440000,5700,1.510000,0.200100
1477424616671,13.430100,13.430000,11200,13.440000,5400,1.510000,0.200100
1477424618669,13.430100,13.430000,16900,13.440000,3100,1.510000,0.200100
1477424621681,13.430100,13.430000,17100,13.440000,3100,1.510000,0.200100
1477424624252,13.430100,13.430000,17100,13.440000,3100,1.510000,0.200100
1477424627625,13.446700,13.440000,16200,13.450000,3100,1.640000,0.216700
1477424630603,13.440000,13.440000,16200,13.450000,3100,1.590000,0.210000
1477424632603,13.440800,13.440000,16300,13.450000,3200,1.590000,0.210800
1477424635606,13.450000,13.440000,11500,13.450000,4300,1.660000,0.220000
1477424636606,13.440000,13.440000,16500,13.450000,3300,1.590000,0.210000
1477424640628,13.440000,13.440000,10200,13.450000,8800,1.590000,0.210000
1477424642607,13.449000,13.440000,10000,13.450000,8200,1.660000,0.219000
1477424645110,13.449000,13.440000,9700,13.450000,11000,1.660000,0.219000
1477424647612,13.450000,13.440000,13600,13.450000,3600,1.660000,0.220000
1477424649612,13.440000,13.440000,10900,13.450000,2900,1.590000,0.210000
1477424652115,13.440000,13.440000,10800,13.450000,4400,1.590000,0.210000
1477424654130,13.440000,13.440000,10800,13.450000,4400,1.590000,0.210000
1477424657117,13.450000,13.440000,14800,13.450000,3100,1.660000,0.220000
1477424658617,13.450000,13.440000,14700,13.450000,3100,1.660000,0.220000
1477424661617,13.450000,13.440000,16400,13.450000,3100,1.660000,0.220000
1477424665121,13.450000,13.440000,17500,13.450000,2300,1.660000,0.220000
1477424667121,13.450000,13.440000,18200,13.450000,2300,1.660000,0.220000
1477424669642,13.460000,13.450000,16100,13.460000,4200,1.740000,0.230000
1477424672124,13.460000,13.450000,14000,13.460000,4300,1.740000,0.230000
1477424674130,13.460000,13.450000,14000,13.460000,4300,1.740000,0.230000
1477424676625,13.460000,13.450000,18600,13.460000,3900,1.740000,0.230000
1477424679626,13.460000,13.460000,3300,13.470000,12200,1.740000,0.230000
1477424681629,13.460000,13.460000,5200,13.470000,12000,1.740000,0.230000
1477424685621,13.457200,13.450000,13500,13.460000,21200,1.720000,0.227200
1477424688128,13.450000,13.450000,800,13.460000,32900,1.660000,0.220000
1477424691129,13.453000,13.450000,1700,13.460000,27200,1.690000,0.223000
1477424693139,13.446000,13.440000,9800,13.450000,4600,1.630000,0.216000
1477424694636,13.450000,13.440000,11500,13.450000,4100,1.660000,0.220000
1477424698170,13.440000,13.440000,6700,13.450000,7200,1.590000,0.210000
1477424699636,13.440000,13.440000,7100,13.450000,6600,1.590000,0.210000
1477424702134,13.450000,13.440000,14700,13.450000,3100,1.660000,0.220000
1477424705136,13.445000,13.440000,16800,13.450000,1800,1.630000,0.215000
1477424707138,13.450000,13.440000,14900,13.450000,1900,1.660000,0.220000
1477424709134,13.440100,13.440000,13900,13.450000,1600,1.590000,0.210100
1477424711144,13.440100,13.440000,15200,13.450000,1200,1.590000,0.210100
1477424713678,13.445000,13.440000,17800,13.450000,1200,1.630000,0.215000
1477424717168,13.445000,13.440000,8300,13.450000,6100,1.630000,0.215000
1477424720646,13.440100,13.440000,7100,13.450000,6100,1.590000,0.210100
1477424723140,13.446100,13.440000,7100,13.450000,6100,1.630000,0.216100
1477424725148,13.446100,13.440000,7100,13.450000,6100,1.630000,0.216100
1477424728153,13.445000,13.440000,17200,13.450000,2500,1.630000,0.215000
1477424730651,13.450000,13.440000,18600,13.450000,2100,1.660000,0.220000
1477424733149,13.459900,13.450000,11500,13.460000,21000,1.740000,0.229900
1477424735144,13.457500,13.450000,11600,13.460000,20600,1.720000,0.227500
1477424738656,13.457500,13.450000,11600,13.460000,20600,1.720000,0.227500
1477424740650,13.457500,13.450000,4000,13.460000,28500,1.720000,0.227500
1477424744648,13.450000,13.450000,4300,13.460000,23700,1.660000,0.220000
1477424748650,13.451200,13.450000,12500,13.460000,20400,1.670000,0.221200
1477424752153,13.450000,13.450000,3500,13.460000,26600,1.660000,0.220000
1477424754651,13.460000,13.450000,16900,13.460000,17700,1.740000,0.230000
1477424756676,13.460000,13.450000,13400,13.460000,17900,1.740000,0.230000
1477424760153,13.460000,13.450000,14600,13.460000,17900,1.740000,0.230000
1477424762660,13.470000,13.460000,18400,13.470000,1300,1.810000,0.240000
1477424764665,13.470000,13.460000,14400,13.470000,4400,1.810000,0.240000
1477424767156,13.470000,13.460000,14400,13.470000,4500,1.810000,0.240000
1477424768694,13.460000,13.460000,1900,13.470000,11000,1.740000,0.230000
1477424772675,13.455000,13.450000,12900,13.460000,1400,1.700000,0.225000
1477424775173,13.455000,13.450000,12700,13.460000,1800,1.700000,0.225000
1477424777693,13.455000,13.450000,13800,13.460000,1300,1.700000,0.225000
1477424780158,13.455000,13.450000,12500,13.460000,2300,1.700000,0.225000
1477424782664,13.460000,13.450000,15300,13.460000,1400,1.740000,0.230000
1477424785166,13.451000,13.450000,13000,13.460000,2300,1.670000,0.221000
1477424787675,13.460000,13.450000,13400,13.460000,2100,1.740000,0.230000
1477424790169,13.460000,13.450000,13400,13.460000,1500,1.740000,0.230000
1477424792666,13.460000,13.450000,13400,13.460000,2300,1.740000,0.230000
1477424795178,13.460000,13.450000,21000,13.460000,1400,1.740000,0.230000
1477424797170,13.450000,13.450000,18100,13.460000,1400,1.660000,0.220000
1477424799280,13.455000,13.450000,13000,13.460000,3000,1.700000,0.225000
1477424803601,13.459700,13.450000,10600,13.460000,3700,1.740000,0.229700
1477424805100,13.459700,13.450000,10600,13.460000,3700,1.740000,0.229700
1477424808102,13.459900,13.450000,7600,13.460000,4600,1.740000,0.229900
1477424809605,13.459900,13.450000,7400,13.460000,4600,1.740000,0.229900
1477424813125,13.450000,13.440000,18800,13.450000,400,1.660000,0.220000
1477424814617,13.450000,13.440000,17100,13.450000,1500,1.660000,0.220000
1477424817610,13.441100,13.440000,16500,13.450000,1500,1.600000,0.211100
1477424820115,13.450000,13.440000,16200,13.450000,1500,1.660000,0.220000
1477424822112,13.450000,13.440000,14400,13.450000,1500,1.660000,0.220000
1477424826114,13.445000,13.440000,7100,13.450000,4600,1.630000,0.215000
1477424828626,13.441100,13.440000,7100,13.450000,4900,1.600000,0.211100
1477424831138,13.441100,13.440000,7000,13.450000,4900,1.600000,0.211100
1477424833110,13.443900,13.440000,6600,13.450000,4900,1.620000,0.213900
1477424836116,13.445000,13.440000,6600,13.450000,4900,1.630000,0.215000
1477424838624,13.450000,13.450000,6000,13.450000,200,1.660000,0.220000
1477424841158,13.470000,13.460000,11300,13.470000,3300,1.810000,0.240000
1477424843650,13.480000,13.480000,1300,13.490000,17300,1.890000,0.250000
1477424846624,13.470000,13.490000,1400,13.500000,16300,1.810000,0.240000
1477424850122,13.490000,13.480000,10300,13.490000,7100,1.970000,0.260000
1477424852627,13.481000,13.480000,15200,13.490000,3000,1.900000,0.251000
1477424854623,13.480000,13.480000,12900,13.490000,5400,1.890000,0.250000
1477424857127,13.484600,13.480000,10800,13.490000,6300,1.920000,0.254600
1477424860135,13.484600,13.480000,11100,13.490000,5600,1.920000,0.254600
1477424863127,13.500000,13.490000,15800,13.500000,7100,2.040000,0.270000
1477424865133,13.500000,13.490000,9100,13.500000,9700,2.040000,0.270000
1477424867634,13.490000,13.490000,6100,13.500000,15300,1.970000,0.260000
1477424870165,13.490000,13.490000,7100,13.500000,12500,1.970000,0.260000
1477424871126,13.490000,13.490000,8000,13.500000,12500,1.970000,0.260000
1477424874130,13.490700,13.490000,10300,13.500000,10300,1.970000,0.260700
1477424877132,13.500000,13.490000,10300,13.500000,11000,2.040000,0.270000
1477424880136,13.500000,13.490000,9200,13.500000,11800,2.040000,0.270000
1477424883174,13.490000,13.480000,21600,13.490000,3100,1.970000,0.260000
1477424885157,13.485000,13.480000,23000,13.490000,900,1.930000,0.255000
1477424888155,13.490000,13.490000,20400,13.500000,9500,1.970000,0.260000
1477424890648,13.500000,13.490000,21400,13.500000,6700,2.040000,0.270000
1477424892647,13.500000,13.490000,23400,13.500000,6600,2.040000,0.270000
1477424895149,13.510000,13.500000,7700,13.510000,6300,2.120000,0.280000
1477424897648,13.500100,13.500000,2300,13.510000,13300,2.040000,0.270100
1477424899184,13.500100,13.500000,2300,13.510000,13500,2.040000,0.270100
1477424901675,13.500000,13.500000,2300,13.510000,12900,2.040000,0.270000
1477424904142,13.500000,13.500000,2300,13.510000,12900,2.040000,0.270000
1477424906650,13.500000,13.500000,2300,13.510000,12900,2.040000,0.270000
1477424909147,13.505000,13.500000,4200,13.510000,9300,2.080000,0.275000
1477424910657,13.501000,13.500000,4200,13.510000,9400,2.050000,0.271000
1477424913666,13.502600,13.500000,8800,13.510000,7100,2.060000,0.272600
1477424915647,13.502600,13.500000,7800,13.510000,7100,2.060000,0.272600
1477424918657,13.510000,13.500000,24700,13.510000,600,2.120000,0.280000
1477424920654,13.520000,13.510000,4000,13.520000,6800,2.190000,0.290000
1477424923656,13.510000,13.510000,4700,13.520000,6300,2.120000,0.280000
1477424925651,13.510000,13.510000,4300,13.520000,6300,2.120000,0.280000
1477424928148,13.510000,13.510000,4300,13.520000,5800,2.120000,0.280000
1477424930168,13.510000,13.510000,4700,13.520000,5800,2.120000,0.280000
1477424932658,13.520000,13.510000,4100,13.520000,7600,2.190000,0.290000
1477424935659,13.515500,13.510000,5100,13.520000,6900,2.160000,0.285500
1477424938164,13.515500,13.510000,6700,13.520000,4100,2.160000,0.285500
1477424940703,13.510000,13.510000,3400,13.520000,4300,2.120000,0.280000
1477424943182,13.500000,13.490000,18000,13.500000,3100,2.040000,0.270000
1477424949167,13.490000,13.490000,4300,13.500000,14200,1.970000,0.260000
1477424992110,13.480000,13.480000,16300,13.490000,3100,1.890000,0.250000
1477425013628,13.515000,13.510000,7700,13.520000,8700,2.150000,0.285000
1477425016648,13.510100,13.510000,7900,13.520000,8900,2.120000,0.280100
1477425018620,13.510100,13.510000,6800,13.520000,8900,2.120000,0.280100
1477425021123,13.510100,13.510000,7400,13.520000,8900,2.120000,0.280100
1477425023131,13.510100,13.510000,7500,13.520000,8900,2.120000,0.280100
1477425025633,13.510000,13.510000,3200,13.520000,15600,2.120000,0.280000
1477425028136,13.510000,13.500000,4800,13.510000,9300,2.120000,0.280000
1477425043637,13.512000,13.510000,9300,13.520000,3700,2.130000,0.282000
1477425045627,13.512000,13.510000,4900,13.520000,6900,2.130000,0.282000
1477425049136,13.512100,13.510000,6500,13.520000,6800,2.130000,0.282100
1477425050135,13.512100,13.510000,6300,13.520000,6800,2.130000,0.282100
1477425054167,13.516200,13.510000,14200,13.520000,3300,2.160000,0.286200
1477425056639,13.516200,13.510000,10700,13.520000,3100,2.160000,0.286200
1477425059637,13.520000,13.510000,21400,13.520000,3100,2.190000,0.290000
1477425088659,13.525000,13.520000,3300,13.530000,4700,2.230000,0.295000
1477425091180,13.525000,13.520000,4400,13.530000,3100,2.230000,0.295000
1477425093697,13.530000,13.520000,12400,13.530000,2000,2.270000,0.300000
1477425096158,13.530000,13.520000,11800,13.530000,900,2.270000,0.300000
